START -12560 9148 -2360 -622 -101 -553 527 567 648 460 492 END
START -12684 9088 -2452 -614 -100 -581 527 563 647 459 492 END
START -12700 8816 -2436 -478 111 -642 528 566 645 464 494 END
START -12884 9112 -2548 -506 403 -789 529 565 645 466 496 END
START -13064 9156 -2520 -520 476 -852 529 565 643 467 497 END
START -13272 8948 -2580 -539 643 -680 530 566 641 470 498 END
START -13444 9300 -2652 -566 678 -530 533 567 640 473 495 END
START -13452 9016 -2824 -495 413 -629 536 563 636 473 497 END
START -13728 8988 -2840 -865 -45 -338 533 566 637 477 498 END
START -13988 9596 -2836 -954 -243 -11 532 565 635 478 499 END
START -13432 9864 -2276 -838 -211 142 531 564 634 480 499 END
START -13348 10204 -1860 -789 34 291 533 566 635 482 497 END
START -13868 9512 -1464 -875 -135 385 532 567 637 485 498 END
START -13884 8288 -2092 -1008 -728 44 534 566 635 484 497 END
START -12564 8060 -4100 -713 -206 -253 535 570 634 486 497 END
START -12840 10880 -2232 -697 283 475 535 567 634 488 495 END
START -13924 8036 -1804 -1162 -985 134 533 566 634 488 497 END
START -12204 9964 -4296 -564 283 43 532 566 632 489 494 END
START -13972 8820 -800 -1234 -1042 429 534 565 633 490 496 END
START -12004 10468 -3788 -494 105 48 534 566 634 491 498 END
START -13508 7016 -1312 -1113 -1541 -131 533 565 632 491 497 END
START -13320 11504 -708 -918 -781 504 537 568 633 491 498 END
START -12968 9276 -3660 -231 -406 -586 534 566 633 493 498 END
START -15288 5716 -484 -614 -903 -609 534 566 634 495 498 END
START -14936 11780 884 -742 -235 429 533 567 635 497 498 END
START -12236 7560 -3488 -324 -473 -1196 534 566 632 496 497 END
START -18304 7704 1788 -668 -1368 -348 534 566 633 497 498 END
START -16512 11584 936 63 935 -64 537 569 634 497 499 END
START -18688 6704 2700 -104 -1704 -463 536 567 633 498 498 END
START -9936 10636 -2236 485 779 717 535 566 632 500 499 END
START -15612 5616 924 1189 221 -280 534 563 627 502 499 END
START -11964 9584 856 1732 207 1060 534 560 620 504 501 END
START -13784 8116 0 3725 -562 386 535 559 614 514 502 END
START -17388 8728 5332 3887 -5506 1520 536 557 606 523 502 END
START -9908 11620 -1204 6032 -6710 2440 532 547 593 531 503 END
START -20528 7932 4596 7278 -12226 1823 534 542 579 539 506 END
START -17036 7836 2348 7921 -17308 2001 536 536 564 552 508 END
START -14812 13384 5512 7673 -23046 2290 535 536 559 566 513 END
START -8584 15640 -3536 9009 -27070 1280 534 533 554 581 522 END
START -11384 11620 3656 8301 -32768 350 532 531 552 595 531 END
START -9452 15516 4376 9060 -32768 27 532 533 554 607 542 END
START -3316 11344 -940 7839 -32768 -2620 529 531 550 616 547 END
START 2360 16580 -3876 7057 -32768 -4386 527 531 551 626 555 END
START -10268 13468 6120 4359 -32768 -6099 527 531 550 632 561 END
START -2500 15388 36 3167 -32768 -6302 529 536 553 642 570 END
START -23952 11524 14796 -316 -32768 -6824 532 536 556 649 574 END
START -19488 11800 11080 -1805 -32768 -8475 543 541 559 658 581 END
START -14692 8836 12572 -5252 -32768 -9161 559 538 564 664 586 END
START -5112 10628 7208 -5914 -28801 -8992 568 535 568 667 593 END
START -5496 5632 6648 -7004 -19052 -8900 574 535 570 670 596 END
START -17276 7048 13588 -7083 -9709 -4899 575 533 570 671 598 END
START -15344 228 9028 -7827 -11544 -6950 582 534 573 672 600 END
START -13808 1296 10504 -8211 -14988 -8417 591 532 571 675 603 END
START -8572 5072 10392 -7156 -11254 -7023 597 533 575 675 603 END
START -10320 -4 11276 -7249 -6625 -7092 603 534 576 677 605 END
START -14376 908 14520 -6762 -1552 -3899 603 533 577 676 606 END
START -18044 1076 17044 -4248 -1486 -2391 604 533 578 677 609 END
START -17884 -1092 14596 -2980 -7645 -506 606 531 578 677 610 END
START -9664 -3996 12220 -2149 -10787 -1243 610 536 577 677 609 END
START -9844 1540 16376 1691 -4244 -558 613 538 577 676 609 END
START -7028 5548 9368 2217 -5652 -506 613 537 575 674 608 END
START -2700 1924 12552 1633 -7049 -1157 614 533 575 673 606 END
START -5264 6556 12908 1885 -1410 1165 617 538 575 673 608 END
START -7856 2284 9732 1371 2081 -240 618 538 576 672 606 END
START -16128 6104 15612 1574 806 1021 620 531 577 672 605 END
START -14724 2480 12992 983 -7503 1127 621 529 578 672 602 END
START -5832 6552 10684 508 -13242 1185 622 530 580 672 601 END
START -9904 2748 16604 -18 -12956 570 623 531 581 673 599 END
START -3808 6496 17036 810 -6682 1250 622 534 579 671 598 END
START 548 3136 12960 908 -3189 1293 625 535 582 672 600 END