START -8316 7344 9716 4912 7443 -2163 617 624 632 632 630 END
START -2248 4772 1608 4259 5945 -2666 617 627 632 630 625 END
START -13268 6312 9480 1095 2294 -3448 618 623 632 627 624 END
START -15664 7736 14144 -1511 9660 -3376 636 623 629 632 633 END
START -6936 8208 9312 -4175 8065 -2907 619 619 633 630 620 END
START -9516 7492 11164 -5923 3236 -2082 615 621 631 630 620 END
START -11168 7428 14276 -7537 -1128 -864 618 613 632 621 622 END
START -4492 8932 15640 -10133 -3135 148 607 622 632 632 620 END
START -17748 5796 21628 -10399 -13092 610 615 619 632 632 618 END
START -23888 7620 26760 -11730 -32768 922 621 628 633 629 616 END
START -12396 5936 19452 -14854 -32768 1079 625 619 634 632 617 END
START 10304 264 2896 -533 1818 1008 627 614 635 632 612 END
START -3964 3104 17368 -4265 -5441 -412 624 618 636 634 617 END
START -2972 1844 17988 -202 3976 -336 623 621 645 635 609 END
START -4912 2312 17128 3718 2938 77 627 608 636 634 620 END
START -8288 4368 16760 6429 2358 965 626 616 645 633 616 END
START -8176 5436 15976 7855 2716 1954 629 617 635 634 616 END
START -7732 5676 15324 9652 304 2518 626 615 634 632 615 END
START -7464 5984 14936 11172 448 2953 674 613 633 648 613 END
START -6848 6156 14676 12736 1440 3430 626 609 633 633 611 END
START -5524 6796 12540 13947 2266 3932 624 615 632 633 613 END
START -4712 7044 9896 14924 5287 4225 623 613 580 615 610 END
START -6548 8460 10872 15075 6208 4827 619 610 626 627 594 END
START -6028 8776 9304 15203 6856 5118 619 603 624 625 603 END
START -6024 9208 7960 14307 7489 5486 622 597 622 620 599 END
START -7784 9596 8588 12807 7391 6161 616 592 618 619 598 END
START -8288 9920 7680 12191 6058 7000 616 595 616 615 591 END
START -6496 10320 6056 11388 3308 7624 614 589 612 609 587 END
START -4972 10488 3872 9692 5316 7599 613 589 603 605 589 END
START -6668 11792 7992 8170 7521 8271 672 590 601 613 588 END
START -4636 10664 6996 6799 2060 8458 603 591 573 580 591 END
START -3428 9088 6456 7809 1425 7141 596 597 561 567 593 END
START -1116 11296 5108 6759 684 6308 587 578 550 561 603 END
START -1600 11816 3760 5996 680 5493 584 599 547 551 594 END
START -2140 12472 2064 3166 107 4621 579 596 540 549 595 END
START -1488 12264 3252 5437 -189 3675 588 598 532 543 595 END
START -2232 14140 4584 -275 310 2827 568 598 525 535 596 END
START -2948 11224 5012 -1834 -694 2146 564 597 513 581 605 END
START -2136 10816 6092 -713 -2613 1436 564 598 519 526 605 END
START 972 12244 5920 -2581 316 -142 554 605 515 520 608 END
START -2740 12444 8864 -4058 1111 -1576 608 613 507 513 596 END
START -2356 12004 7164 -4840 1059 -2443 544 617 509 506 618 END
START -1464 11000 6668 -6915 606 -2931 536 605 508 506 615 END
START -624 11272 6688 -7361 3189 -3878 550 599 501 520 613 END
START -4616 12404 10796 -7554 6201 -4465 531 615 502 500 616 END
START -7388 13540 15532 -7784 6603 -5829 531 618 503 505 616 END
START -9008 10376 21640 -8604 -4903 -4489 533 618 503 504 618 END
START -7180 16024 5096 -13840 -29224 -4515 541 621 501 531 623 END
START 12280 10304 -16692 -23219 -14085 -4830 542 619 500 504 623 END
START 5052 -2052 -10320 -16517 11749 -9277 545 624 500 507 623 END
START -11220 6248 22044 -7072 23511 -6721 539 625 499 512 624 END
START -18808 8416 24660 -5707 -3986 -5426 520 622 476 496 595 END
START -8936 8320 15548 -5887 -5489 -4052 546 625 495 506 628 END
START -8152 9576 12472 -5268 -3784 -3522 546 626 499 507 626 END
START -4932 9000 8620 -4282 -1450 -3015 549 629 501 505 626 END
START -8000 8896 12664 -2880 2165 -2613 547 624 504 510 626 END
START -9900 8996 15472 -2034 1090 -1717 546 624 506 507 627 END
START -8840 9092 14048 -2147 -1353 -825 548 622 501 507 627 END
START -7640 8648 12408 -1808 -1855 -180 574 627 471 526 629 END
START -5052 8112 9160 -940 -1776 240 550 627 502 507 631 END
START -5576 8472 10064 234 574 366 547 627 502 507 628 END
START -6448 8300 12264 649 -115 391 546 627 522 510 628 END
START -5636 8584 12148 301 -890 316 548 628 502 509 628 END
START -5140 8516 10784 -385 -682 66 526 629 520 488 598 END
START -5264 8084 8868 -657 -103 -150 553 629 504 507 628 END
START -6296 8060 10308 -229 88 -207 545 631 496 508 628 END
START -5836 8188 10252 -195 -546 -211 548 631 507 496 629 END
START -5720 8092 10280 -345 -247 -202 550 629 504 508 629 END
START -6244 8200 10744 -481 -76 -55 548 608 503 506 655 END
START -6000 8264 9476 -701 -285 -48 551 629 505 507 637 END
START -5652 8628 9524 -860 -129 -107 549 631 507 510 630 END
START -5628 8576 9216 -1127 45 -241 550 629 510 513 631 END
START -5968 8400 9636 -1352 72 -332 549 634 509 511 631 END
START -5952 8256 9752 -1399 -432 -482 554 649 510 522 641 END
START -6192 8216 9928 -1370 -822 -594 550 634 507 519 630 END
START -6556 8400 10688 -1303 -1133 -610 563 633 513 518 633 END
START -6340 8188 10984 -1637 -2076 -604 572 624 556 523 630 END
START -5912 8308 10100 -2085 -2373 -699 583 634 522 520 671 END
START -6752 8040 10668 -3155 -2915 -707 594 638 528 540 637 END
START -6844 7804 11300 -3441 -3659 -620 601 679 541 544 638 END
START -7120 7680 11812 -3212 -4620 -388 606 640 557 566 640 END
START -6076 7740 11248 -3684 -5750 -171 609 644 570 578 644 END
START -4436 7672 10752 -4004 -5513 -94 645 645 607 585 643 END
START -4696 7484 11472 -4124 -3943 -198 616 644 593 591 646 END
START -4164 7744 10616 -4481 -3975 -254 616 653 602 601 647 END
START -5112 7548 9976 -5030 -1827 -266 618 649 613 614 652 END
START -8048 7356 12148 -5223 -4117 203 620 652 623 620 654 END
START -6292 6460 13088 -4621 -7046 456 619 653 628 627 652 END
START -3832 6416 13080 -3982 -6258 400 620 652 633 633 652 END
START -9556 12484 32767 -7427 -8318 -2326 619 678 637 634 651 END
START 3408 7296 7432 -2578 4451 -94 617 655 640 639 629 END
START -6324 7188 12500 -2510 3198 -326 619 652 641 640 653 END
START -1112 7396 9732 -3052 5524 -705 620 654 642 640 648 END
START -8620 6924 16188 -3517 -299 -806 622 651 643 642 652 END
START -7364 5876 14800 -2529 -2229 -135 620 651 642 643 655 END
START -5880 6916 13828 -1971 -1938 -73 621 647 644 643 655 END
START -2744 7600 10960 -1783 1897 -683 619 651 640 643 652 END
START -4068 7316 11156 -2059 -1798 -629 620 650 645 643 657 END
START -5156 7504 12172 -1465 -610 -520 619 642 654 645 578 END
START -5828 8164 13260 -2048 -606 -446 620 650 645 644 651 END
START -9304 7400 16260 -4133 -4910 -809 620 655 645 644 650 END
START -4628 6404 11224 -3167 -6489 -533 621 648 646 646 643 END
START -4216 6948 13052 -1123 -2975 -209 622 648 645 644 646 END
START -2776 6588 11988 -1432 -1557 -201 622 647 645 645 647 END
START -8092 5588 15556 -1866 276 -444 646 645 641 682 648 END
START -9436 5568 15996 -1380 1463 -424 618 647 648 643 649 END
START -3576 4328 8776 -220 1188 -539 621 646 645 641 639 END
START -6616 7132 14668 284 -2027 -523 621 649 645 641 658 END
START -8280 3540 11056 3992 6635 219 621 642 645 644 647 END
START -4288 8304 11384 5889 8868 560 620 646 638 643 651 END
START -4528 7668 11668 480 3884 23 617 646 644 643 649 END
START -8096 5984 12536 1412 3208 -30 618 646 645 644 649 END
START -5400 6832 11844 2345 5209 -315 617 642 646 638 647 END
START -2436 6552 10532 3476 10923 -286 617 645 645 645 649 END
START -5264 6980 11528 2516 8513 -228 619 646 646 645 651 END
START -9868 7592 13976 94 6490 -369 618 643 647 644 625 END
START -7464 7488 12184 -1144 5136 -172 619 647 645 644 645 END
START -7636 7608 12632 -1963 2887 -90 605 613 650 640 646 END
START -7668 7708 13908 -3006 453 155 622 645 645 644 645 END
START -6840 7872 13696 -4120 -1609 154 620 647 645 644 647 END
START -6448 8012 12856 -4516 -3133 298 675 645 688 644 679 END
START -8324 6720 13608 -3959 -6183 539 621 607 646 645 644 END
START -6708 5948 9532 -3501 -9139 701 622 645 645 645 647 END