START 1664 4812 9544 7965 7037 -1103 626 555 631 635 606 END
START -3628 5272 10248 6525 1840 -1453 609 605 620 633 604 END
START -10648 4760 13628 3029 1744 -2328 606 606 635 633 607 END
START 2272 5604 5308 -2 6218 -2099 617 606 631 637 604 END
START -11132 4748 15280 -2108 2098 -2173 614 605 632 634 605 END
START -12756 5176 15808 -3301 1900 -1611 621 605 635 634 586 END
START -9208 5684 14084 -4231 -718 -641 613 597 633 634 605 END
START -9388 5948 15476 -5523 -4447 159 612 604 631 634 605 END
START -7704 5500 15112 -6301 -5950 721 613 559 632 634 606 END
START -11560 3892 19672 -5212 -6577 774 620 603 632 633 594 END
START -23504 3672 29136 -5296 -14561 365 617 607 633 635 606 END
START -9380 4756 19312 -4360 -17336 844 615 606 633 635 605 END
START -5236 2796 17708 -5535 -27124 844 619 604 632 636 618 END
START 26456 668 -15928 8968 20488 2818 631 606 633 634 605 END
START -16736 4800 30108 4581 -102 697 618 606 631 634 604 END
START -3944 2788 12648 7222 5187 1698 617 601 632 633 595 END
START -1588 5028 11944 8000 6958 1719 618 598 629 633 601 END
START -11740 4352 17248 8156 4242 2282 617 591 628 620 591 END
START -10820 4032 16488 8762 1190 3122 617 585 628 629 583 END
START -6340 4364 12632 9128 1011 3733 616 579 624 627 579 END
START -4928 4900 10480 9418 3292 4008 615 568 634 626 571 END
START -7552 5624 12068 10375 4778 4570 616 526 620 622 562 END
START -8020 6444 12520 11027 6465 5288 617 544 615 617 552 END
START -7552 7348 11928 11291 6655 6242 622 489 612 611 540 END
START -9136 7436 11344 11562 6203 6998 617 536 592 599 536 END
START -8252 9012 11684 11027 1850 8188 617 534 579 586 533 END
START -7892 9008 11192 12301 5250 8743 635 531 567 622 520 END
START -10912 5140 14004 14417 -63 10956 616 527 559 575 528 END
START -2520 13504 6276 11718 -6511 9398 616 527 551 571 527 END
START -11148 8272 7804 7966 -593 8765 612 534 544 562 531 END
START -1044 10372 6104 9125 3549 9131 612 534 540 551 536 END
START 908 6776 5124 15731 3085 10003 612 539 532 554 541 END
START -8852 11992 13292 18425 -1969 7931 609 578 527 525 550 END
START -3756 12556 5664 11952 3319 7805 611 561 520 545 559 END
START -1012 11932 2680 9427 1899 7149 611 570 526 540 571 END
START -504 11528 1176 8502 509 6313 606 591 520 540 567 END
START -512 12372 2072 7596 1728 5137 600 605 523 541 630 END
START 2976 14252 264 7456 640 2708 597 609 520 536 608 END
START -740 13592 1768 1985 236 1510 590 612 520 533 614 END
START -420 13368 2148 -1767 -630 -604 583 612 516 527 613 END
START 1940 12344 152 -4302 -554 -2881 590 617 526 524 568 END
START 1492 11956 2272 -6139 -211 -4656 577 619 513 520 621 END
START -1252 12176 4640 -8511 3401 -6679 571 619 511 516 620 END
START -8992 12068 11376 -16570 5666 -8152 564 613 508 491 619 END
START -5368 10136 18132 -11102 2693 -7724 569 615 505 481 617 END
START -8624 12708 14936 -10821 -9917 -7739 569 621 506 512 626 END
START -4296 15644 -4904 -23197 -32226 -6486 572 624 507 515 622 END
START 6400 7292 -9176 -27527 -12945 -7767 576 653 502 536 600 END
START 2372 444 10964 -26902 660 -8343 580 626 506 544 624 END
START -4872 -2772 8436 -21079 2722 -8727 582 624 503 514 626 END
START -8256 672 18684 -9614 7920 -6650 579 627 504 513 627 END
START -11744 5436 17768 -6818 4311 -5342 582 624 502 513 631 END
START -11856 7016 18544 -4718 1804 -4331 581 629 507 517 628 END
START -9928 9364 17100 -4096 -1515 -3759 582 627 497 512 628 END
START -7504 9904 14536 -3748 -1005 -3435 583 623 505 542 628 END
START -6880 9476 13416 -3151 510 -2920 584 628 510 512 627 END
START -7620 8788 13740 -1967 1574 -2125 583 632 504 516 621 END
START -8924 8328 14840 -840 615 -1057 585 617 503 508 630 END
START -8756 8148 15956 34 -1100 25 582 629 501 481 629 END
START -6628 8432 14232 346 -2203 600 581 629 507 515 630 END
START -4448 8200 11000 622 -1494 578 582 626 522 513 631 END
START -4320 7788 9832 1114 -488 283 581 632 506 514 630 END
START -4972 7756 10588 1490 225 -43 585 604 436 512 628 END
START -5700 7968 11004 1100 -9 -319 581 629 511 513 633 END
START -6468 7452 11860 310 -1310 -359 583 630 509 513 631 END
START -5072 7316 10204 -122 -1251 -451 580 607 503 516 632 END
START -4484 6920 8928 -406 -63 -598 587 631 512 517 648 END
START -5728 6884 9992 -111 1149 -638 585 631 509 524 633 END
START -6544 7080 11072 -78 921 -602 583 636 507 514 630 END
START -7256 7020 12324 -433 -153 -392 575 631 508 513 631 END
START -6656 7048 11496 -818 -824 -256 578 634 502 539 630 END
START -5728 7172 10320 -865 -473 -224 584 639 513 517 632 END
START -5876 7384 10244 -725 195 -267 583 633 510 516 629 END
START -6436 7604 11008 -667 201 -279 582 689 512 515 630 END
START -6604 7936 11752 -845 -67 -125 586 632 507 519 632 END
START -6296 7764 11608 -1067 -376 15 583 640 520 511 634 END
START -5712 7704 11080 -1174 -160 46 600 633 514 517 632 END
START -6000 7528 10980 -1114 254 100 583 632 510 517 632 END
START -5964 7612 10696 -831 519 108 560 650 527 518 630 END
START -6908 7796 11760 -627 347 251 583 633 516 518 631 END
START -6760 7960 11700 -629 -501 412 585 631 512 518 632 END
START -6124 8008 11164 -724 -761 512 589 634 515 521 632 END
START -5704 7912 10384 -789 -113 521 584 633 513 518 634 END
START -6224 7812 10228 -846 300 550 587 634 509 504 633 END
START -6116 7540 9924 -706 129 634 586 634 515 524 634 END
START -5776 7396 9176 -587 50 526 608 635 507 522 636 END
START -6220 7380 9600 -610 318 422 590 635 521 528 635 END
START -7340 7216 11016 -975 -499 523 595 637 521 532 637 END
START -8152 6896 12648 -1792 -2636 751 601 637 533 540 637 END
START -7100 6676 12924 -2141 -4833 1119 606 640 537 550 634 END
START -4576 6864 10796 -2355 -3568 1200 609 642 555 567 642 END
START -5508 7108 12040 -3146 -1090 1095 637 647 576 584 674 END
START -5860 7420 12356 -3457 -3166 1045 613 650 594 600 649 END
START -3080 8040 8116 -4085 -863 846 615 655 613 616 653 END
START -8856 7448 12432 -4302 -789 1057 617 655 626 629 653 END
START -8096 6476 13452 -3662 -4596 1541 619 657 636 637 657 END
START -4120 6900 11616 -3011 -4638 1603 620 657 642 639 657 END
START -3168 6868 12008 -3133 -2463 1378 618 653 645 652 656 END
START -3828 6852 12652 -3208 -1209 1129 621 656 648 647 655 END
START -4472 6884 12944 -2977 -823 854 621 655 650 647 656 END
START -4888 6752 12596 -2841 -1121 626 639 649 650 662 695 END
START -2316 6552 11008 -2671 -425 -121 623 652 653 649 657 END
START -3428 6296 12596 -2865 -1012 44 623 653 654 652 655 END
START -4332 5928 12384 -2959 -761 -234 621 654 665 651 683 END
START -3696 5876 12464 -2635 -143 -386 620 654 653 641 660 END
START 8532 -1428 -6900 4051 11590 23 622 654 654 651 653 END
START -9960 6980 20356 -3067 3052 -1949 620 652 655 650 656 END
START -4092 5444 11640 -1265 2423 -1009 621 655 654 648 658 END
START -4784 6828 10856 -741 829 -846 621 655 655 652 652 END
START -7376 6968 11760 -1098 936 -914 620 654 651 651 654 END
START -6612 6068 13004 372 -442 -353 620 654 655 651 653 END
START -6248 7128 12352 579 -1926 -417 627 653 645 651 668 END
START -6156 6428 11260 1760 -885 -257 623 653 655 652 653 END
START -6016 7580 12108 2576 1889 88 620 652 655 651 652 END
START -7336 5068 11116 4197 3483 -471 599 652 656 650 630 END
START -10680 8340 11804 5784 624 -347 621 652 655 651 652 END
START 1280 6624 348 7397 1273 -349 620 651 654 652 651 END
START -4648 9260 9272 3403 3498 -629 622 651 655 651 648 END
START -3256 8156 9372 -721 6747 -1230 619 650 655 652 650 END
START -7436 7824 13008 -950 6494 -1381 622 663 654 667 642 END
START -7356 8192 12392 -1974 7245 -1625 649 648 654 652 649 END
START -8292 7832 12844 -2559 5923 -1010 621 647 654 651 648 END
START -8432 8032 13080 -3510 3068 -81 620 670 656 696 650 END
START -8396 8228 13624 -4357 -276 652 618 649 656 651 645 END
START -7876 8784 14076 -5166 -3287 1345 619 648 654 651 649 END
START -6832 8132 15420 -7278 -7767 1422 657 647 650 651 657 END
START -5744 5300 14164 -5996 -6547 1867 623 649 655 650 651 END
START -7328 4328 11628 -4219 -9293 1235 621 648 655 651 648 END
START -2064 6348 8976 -1826 -6444 1423 626 649 655 651 648 END
START -3232 7376 11504 -3555 -7024 881 627 648 652 651 647 END
START -4936 6584 10524 -3873 -15898 1015 623 649 654 650 648 END
START -5204 5512 10780 -1407 -8058 190 623 645 654 650 647 END
START -3880 6224 13172 -90 -1140 -97 622 645 652 650 646 END
START -5036 6500 11336 -187 -671 -126 623 647 650 651 646 END
START -4768 6244 11436 -485 710 -164 625 657 652 651 647 END
START -4916 6044 11604 -714 558 -61 624 647 654 650 644 END
START -5184 6152 12072 -986 704 -72 620 645 653 650 647 END
START -5420 6212 12396 -1243 460 -10 624 690 654 648 669 END
START -5080 6356 12420 -1230 -272 101 624 645 654 652 648 END
START -3900 6576 12252 -1517 415 89 623 644 654 650 645 END
START -2772 5424 8072 -635 1503 4 623 642 653 649 646 END
START -12060 8168 24788 -3566 -1553 -760 623 645 653 650 647 END
START -4172 5576 9956 -928 1799 -119 632 603 666 590 645 END
START -4912 6532 11852 -846 905 -181 625 646 653 650 648 END
START -5372 6104 11824 -485 1799 -110 623 646 654 650 645 END
START -4752 5980 11832 -113 2947 -87 623 644 653 650 647 END
START -5128 6264 9216 1643 5629 -189 623 645 655 646 645 END
START -7720 7044 12136 2233 5290 -14 639 645 659 649 641 END
START -4832 6704 5148 1726 4426 -97 623 643 653 649 643 END
START -4564 4696 10592 1314 6232 -372 622 647 653 649 640 END
START -10888 7132 16496 964 2949 -211 632 644 658 649 648 END
START -8424 7248 12368 88 6095 246 621 637 653 650 642 END
START -7424 6240 12272 -882 4319 356 624 644 653 652 645 END
START -6420 7940 9680 -1553 4653 81 623 643 652 649 643 END
START -6408 6532 11120 -2766 4253 101 621 645 653 649 644 END
START -8112 6856 13400 -3966 1953 422 619 628 652 639 642 END
START -8868 6708 15544 -4949 -397 875 620 642 652 648 641 END
START -8564 6616 15176 -5456 -3778 1116 621 644 653 651 642 END
START 1152 5540 7004 -4723 -3519 1360 621 624 653 641 643 END
START 4048 5632 6120 -3985 -1409 1465 622 643 652 652 639 END