START 7848 2324 3272 6601 8556 115 623 611 636 637 611 END
START 2660 1392 6620 5074 7552 -774 617 610 635 635 614 END
START -6320 1616 9044 6226 1097 -1328 619 641 633 618 612 END
START 5276 3748 3936 2753 9857 -2220 620 612 655 634 602 END
START -10676 5528 14340 -887 8119 -2818 616 613 635 635 612 END
START -11004 5084 15392 -4075 6807 -2176 616 605 621 634 622 END
START -8736 4796 17044 -6474 3286 -1084 619 591 637 635 612 END
START -8924 4260 19992 -8693 151 -76 617 612 635 636 612 END
START -11616 3588 22348 -10177 -7105 882 614 585 635 620 612 END
START -10156 1972 19944 -6668 -10689 1361 621 610 636 636 629 END
START -1388 88 10376 -6496 -18526 1041 620 613 635 636 614 END
START -13252 528 21420 -4596 -24223 893 625 613 638 637 612 END
START -3268 3452 -1532 772 -18208 1908 623 616 635 635 612 END
START -5024 1260 23600 4038 -1079 459 622 612 635 636 612 END
START -2292 1564 15788 6184 2270 968 607 610 621 636 609 END
START -2864 3016 16908 6650 -992 1010 625 611 635 637 592 END
START -4176 2144 16844 7421 6871 975 624 611 637 636 614 END
START -6500 1964 16648 8538 5231 1784 600 606 668 633 608 END
START -9116 1916 17420 10008 4259 2863 624 605 634 634 605 END
START -9332 2928 17012 11538 3895 4054 619 601 633 634 601 END
START -8744 4072 17276 12551 1592 4971 617 606 623 632 602 END
START -5812 4388 15516 12903 518 5375 618 599 632 633 602 END
START -4388 4060 14468 13420 1612 5507 620 596 632 631 594 END
START -4124 4576 11164 14180 3709 5632 616 597 617 626 591 END
START -6920 6320 8456 15336 8523 5672 582 581 622 622 586 END
START -4420 5792 9248 15501 3653 6913 614 575 619 617 576 END
START -7356 8488 10132 15402 6153 7209 613 568 612 581 569 END
START -5476 8620 9540 14675 4774 7895 615 556 607 606 560 END
START -5156 9600 8084 14589 7145 8345 613 557 594 599 551 END
START -6356 10660 9000 14271 6081 9020 615 544 580 591 543 END
START -5460 10424 8740 14233 5175 9159 614 537 569 581 537 END
START -4884 9072 7740 13708 1747 9129 613 534 561 574 533 END
START -4316 13324 7848 13343 -6957 10156 612 528 556 571 531 END
START 28340 15356 -11084 8894 7548 2496 615 531 546 559 528 END
START -7860 6824 9608 8711 -3848 8524 611 528 536 552 536 END
START 2288 9020 2384 18913 4716 7817 612 528 528 545 528 END
START 3096 16252 3576 15330 658 5944 609 533 522 542 529 END
START -2608 13192 4640 8715 2512 5012 610 532 521 526 533 END
START 2828 12180 -408 7081 3151 3941 612 552 519 540 526 END
START -88 10928 1360 7272 413 2496 614 547 519 538 548 END
START 2240 13160 592 3956 1142 800 611 561 517 534 562 END
START -1336 12608 3348 -850 974 -1399 610 576 516 535 575 END
START -2448 11944 4396 -5799 -489 -3735 607 588 531 525 590 END
START -1232 11572 4512 -9215 81 -6107 605 602 514 529 599 END
START -1196 10644 4728 -11333 216 -8517 588 605 512 524 601 END
START -1336 9248 6288 -11404 24 -7482 588 622 512 534 609 END
START 184 10348 7016 -15720 5275 -7191 584 614 511 524 615 END
START -3784 9552 14408 -13156 -2133 -7896 585 619 513 520 618 END
START -16788 11132 18924 -14315 -8280 -6759 585 654 512 521 616 END
START -8728 10924 13124 -19551 -22848 -5512 586 620 526 546 617 END
START -2516 11136 672 -26513 -21804 -4883 590 620 513 517 620 END
START -536 3868 4688 -27343 -7001 -5778 594 623 514 520 623 END
START 1564 -236 4908 -26262 -7133 -5691 597 624 512 517 625 END
START 3036 -2828 4084 -16191 9371 -5864 603 627 509 520 626 END
START -9556 340 18696 -5903 13777 -4611 596 626 513 526 623 END
START -16960 6324 27612 -1278 6518 -3683 596 626 513 519 627 END
START -12584 7980 22364 -3015 -4353 -3569 605 627 491 517 637 END
START -4256 9560 14032 -2654 -3093 -3590 593 631 517 506 630 END
START -2880 9028 10212 -1731 2186 -3473 599 630 514 521 629 END
START -7556 9756 13972 -312 3171 -2825 599 624 512 509 628 END
START -9172 9796 16652 305 974 -1894 599 635 509 518 632 END
START -8080 8904 16760 -72 -2611 -877 598 633 515 517 632 END
START -4020 8468 12352 -131 -2707 -440 599 636 524 520 634 END
START -2860 8100 9944 330 203 -304 597 630 515 518 630 END
START -4520 7808 10904 913 1652 -344 599 632 514 520 631 END
START -7136 7364 12000 1592 550 -374 596 631 516 520 638 END
START -7360 7476 13284 1591 -1711 -289 597 632 515 520 632 END
START -5604 6936 12368 928 -2955 -268 621 633 524 518 638 END
START -3828 7036 9512 377 -1054 -447 598 632 520 521 632 END
START -4932 6804 10180 507 1214 -558 598 633 515 519 633 END
START -6716 6424 10688 658 1154 -516 595 633 514 519 684 END
START -7748 6360 11484 648 162 -401 595 635 503 514 634 END
START -7348 6208 12792 619 -748 -79 581 634 516 519 631 END
START -5584 6584 11356 221 -1215 -42 594 633 519 519 635 END
START -4968 6832 10132 -126 175 -46 592 633 517 520 632 END
START -5852 7140 10092 -265 719 -13 587 633 516 496 596 END
START -5716 7340 10628 -334 421 98 595 633 503 512 635 END
START -6036 7536 11516 -664 157 213 595 697 520 519 635 END
START -6312 7560 12092 -921 -100 367 594 633 521 520 636 END
START -5868 7548 11368 -1197 -492 543 595 636 515 519 634 END
START -5296 7612 10892 -1091 -197 602 593 637 494 520 617 END
START -5560 7824 11216 -1098 144 671 598 638 515 520 637 END
START -4732 7864 10360 -884 285 572 593 634 517 521 635 END
START -4660 7660 10192 -539 1375 365 596 638 520 518 657 END
START -4924 7412 10524 17 1793 100 595 635 520 523 634 END
START -4892 7424 10180 556 2265 -79 595 641 521 522 666 END
START -5024 7292 10316 854 3344 -233 597 636 524 529 631 END
START -6364 7568 11004 304 3654 -367 580 639 529 534 636 END
START -6852 7416 11196 -493 2405 -324 588 635 534 523 638 END
START -6924 6644 11568 -1391 1077 -142 604 633 540 547 633 END
START -6392 6592 10940 -1722 -83 -96 640 632 578 557 657 END
START -6116 6576 10304 -2207 114 -127 607 629 560 565 630 END
START -5736 6644 10700 -2751 600 -242 610 623 572 575 622 END
START -5804 6556 11624 -3364 780 -243 613 605 577 584 615 END
START -5272 6988 11200 -3891 602 -412 618 608 579 592 607 END
START -6572 7660 10892 -4471 1940 -431 616 601 589 601 602 END
START -9492 7040 12216 -4856 -1166 -125 540 599 585 627 594 END
START -6220 6824 10368 -4769 -4255 -257 614 592 600 611 595 END
START -4384 6520 10568 -5008 -3553 -515 617 593 605 616 589 END
START -4520 6096 11152 -5307 -2361 -830 652 583 601 620 610 END
START -4748 6144 10872 -5518 -2347 -1065 645 578 612 622 579 END
START -5080 5892 10984 -5613 -1642 -1377 618 577 615 624 576 END
START -6392 5640 11492 -5673 -1569 -1552 618 573 627 624 574 END
START -7304 5160 12836 -5796 -2557 -1506 618 569 618 626 569 END
START -6956 5020 13076 -5541 -3931 -1252 619 564 620 627 563 END
START -7464 5192 13456 -5615 -4948 -888 618 560 621 628 560 END
START -6756 5176 13108 -5478 -5860 -408 618 560 616 612 558 END
START -4600 5096 12920 -5389 -5318 113 619 554 623 629 549 END
START -3228 4844 13008 -5263 -2859 119 620 550 622 629 551 END
START -4100 4764 14000 -4760 -163 88 619 570 624 612 551 END
START -5724 5056 13192 -4601 -81 -152 619 548 623 628 548 END
START -6336 5260 13444 -4411 -1617 -245 620 546 624 630 546 END
START -7196 5108 15164 -3607 -3070 173 643 548 623 617 569 END
START 2660 912 2900 5973 10832 1379 618 548 624 632 550 END
START -9832 6512 17428 -187 -4478 -81 620 537 625 632 551 END
START -2876 5400 13528 -2477 -135 -147 619 554 624 631 554 END
START -4136 5568 12812 -2655 552 -234 616 553 625 631 553 END
START -7268 5452 14240 -2568 43 11 614 556 664 631 558 END
START -7672 5076 12540 -3540 -5468 47 616 556 626 633 554 END
START -8536 4928 15424 -2716 -3595 187 616 556 628 631 557 END
START -2220 4784 11724 -2580 -1960 131 620 558 647 631 534 END
START -3980 4500 12580 -2444 -1907 -60 616 562 627 633 558 END
START -6564 6608 17528 -2311 6484 -567 617 559 626 631 561 END
START -5132 3636 11476 -1614 3816 -145 615 558 627 632 561 END
START -4308 3520 10084 -126 8271 250 618 561 626 633 543 END
START -7908 3632 17096 -715 4759 -228 620 562 627 635 562 END
START -6700 3956 13612 -572 2472 -8 614 573 626 650 562 END
START -5800 3616 13264 -611 3023 -22 616 564 626 631 566 END
START -6276 3896 13044 -97 3121 -57 593 565 625 564 561 END
START -6944 4316 12756 -191 1854 31 615 568 627 630 568 END
START -5036 3408 11884 1261 4381 372 617 566 627 632 568 END
START -7732 4048 14384 2721 7280 345 615 570 627 632 568 END
START -12028 4076 17568 4577 4377 305 613 572 627 630 571 END
START -7008 4216 10860 4208 1541 -384 614 578 620 629 574 END
START -88 5724 9224 3613 5848 -925 626 574 627 632 560 END
START -8952 5140 11224 3357 4295 -1082 613 576 628 632 572 END
START -6764 5336 11016 1015 5094 -979 590 573 596 649 572 END
START -9652 6268 12660 -820 3667 -959 609 551 628 631 574 END
START -8860 5952 12768 -2552 2517 -578 610 574 628 632 575 END
START -8568 5676 13156 -3986 1132 -143 612 574 616 632 585 END
START -8292 5808 13448 -5637 -378 196 612 577 628 626 575 END
START -7716 5312 13336 -6659 -1386 307 611 577 628 634 578 END
START -10088 2692 11012 -5378 -3844 501 604 606 628 601 611 END
START -5200 3328 11308 -4421 -3571 774 612 580 630 636 580 END