START -11804 8176 16208 2576 2128 -680 623 637 650 648 638 END
START -9676 8864 16388 1074 1742 -954 621 639 646 649 639 END
START -1904 7236 10828 -1137 3706 -1331 622 637 650 648 637 END
START -4936 6268 11100 -1592 7288 -1401 621 636 648 646 637 END
START -6844 6512 12696 -3843 4149 -1777 625 636 650 646 636 END
START -8000 6716 12884 -4957 1400 -1449 621 636 649 648 636 END
START -8268 6460 14464 -5906 -2323 -998 621 636 649 648 637 END
START -8248 7664 17868 -8531 -7220 -663 619 636 648 649 637 END
START -32768 7716 32767 -12351 -26456 -944 624 636 652 647 635 END
START -20168 4560 28048 -9682 -32084 -45 622 635 649 647 636 END
START 10388 -380 -10448 51 9330 1991 622 620 651 647 614 END
START -5188 2180 22656 294 2776 -1212 622 633 646 645 633 END
START -5840 3372 18700 3409 4830 -1113 618 629 647 649 629 END
START -8752 3968 19424 5173 4811 -659 623 632 650 645 630 END
START -8664 5540 17172 6897 7092 -46 622 625 644 644 623 END
START -9120 5292 17368 7993 2731 1073 622 618 644 643 622 END
START -10472 5248 17812 9292 -496 2183 620 616 642 644 576 END
START -7576 5248 15424 10913 -51 2873 621 614 640 640 617 END
START -5612 5892 12468 12231 2018 3426 619 613 639 638 613 END
START -7172 6460 12536 13167 4834 3965 617 609 637 636 627 END
START -8256 7244 13968 13572 5434 4922 618 608 633 635 606 END
START -8568 7460 12344 14353 5002 5847 615 601 631 630 604 END
START -8736 8292 12136 14715 4659 6900 617 599 626 629 600 END
START -7368 8800 9596 14775 3336 7929 616 598 625 624 598 END
START -6276 9492 7804 14369 2616 8426 610 604 623 619 596 END
START -6020 9880 6564 13782 3362 8860 616 586 619 617 589 END
START -5868 10268 6112 13190 4131 9233 618 590 616 615 590 END
START -5720 11192 7128 12602 3764 9826 642 626 610 615 588 END
START -4288 10816 6376 12753 3084 10016 617 587 605 606 592 END
START -3948 9072 4588 12503 1959 10324 618 590 594 594 585 END
START -3600 12576 3400 11067 700 9426 614 601 569 585 601 END
START -2284 14320 4392 9524 -1040 9950 614 592 568 575 594 END
START -1284 13184 292 7011 -5284 8226 613 597 556 562 597 END
START 3092 12492 3412 6359 889 6757 608 595 546 544 602 END
START 1720 12388 1332 6162 1935 4920 603 604 518 533 603 END
START -1328 12336 3152 4561 4201 3913 601 603 521 523 611 END
START 532 11980 -1336 3231 1474 2876 598 610 516 518 569 END
START -788 11480 652 1672 504 1566 589 612 517 511 611 END
START 3600 12916 1664 -311 -21 -565 584 607 513 575 615 END
START -928 11652 5096 -5580 -2308 -2496 578 617 511 505 620 END
START 1460 11644 2784 -7990 -2961 -3562 573 619 511 510 619 END
START 2208 12532 3288 -11670 -1464 -4887 567 618 505 504 623 END
START 4168 11824 5572 -12386 4171 -6751 566 616 513 505 617 END
START -1880 13104 7612 -14696 4499 -8394 561 617 514 504 617 END
START -6872 13044 18700 -17404 497 -8451 560 620 511 504 618 END
START -7784 15448 13588 -19896 -22197 -8086 563 618 505 504 680 END
START 14144 13560 -23036 -32525 -13542 -9094 569 626 500 504 621 END
START 5328 -524 -2272 -32768 7944 -11188 574 625 502 507 622 END
START -10244 -7204 6452 -23790 17163 -11768 573 625 505 507 623 END
START -18432 2392 26912 -6206 10394 -7509 571 613 507 492 624 END
START -21964 7356 31760 -5788 -1284 -5294 563 626 509 510 626 END
START -9620 7056 16384 -6609 -4311 -4198 570 624 507 508 630 END
START -10084 9508 15052 -2960 555 -2874 571 627 505 508 627 END
START -9492 10700 14864 -2103 95 -1794 570 629 515 511 630 END
START -9128 10556 15580 -1601 -1450 -949 570 629 505 510 630 END
START -6572 9628 13660 -1268 -1192 -66 570 628 508 508 628 END
START -5420 9128 11884 -986 504 655 569 692 511 545 655 END
START -5744 8252 11184 -509 1815 1049 572 629 508 509 628 END
START -7260 7752 12108 210 1295 1148 575 629 508 515 629 END
START -7600 7356 13128 617 -2010 1111 571 629 503 512 626 END
START -3740 7344 10760 671 -3665 712 571 627 509 509 629 END
START -1884 7240 8704 442 -1363 45 571 641 510 410 622 END
START -3416 7576 8180 105 2203 -491 572 616 512 509 629 END
START -5964 7424 9312 193 2235 -864 573 629 516 507 630 END
START -8308 7464 11820 -2 933 -853 571 634 506 509 628 END
START -8356 7284 13204 -462 -1843 -646 571 629 511 510 629 END
START -5916 7436 11176 -861 -2232 -466 570 675 512 497 627 END
START -4736 7312 9676 -828 31 -401 571 629 515 513 630 END
START -5672 7380 10208 -442 1317 -317 572 628 514 512 630 END
START -7156 7684 11608 -172 761 -226 569 627 511 513 635 END
START -7872 7836 13188 -280 -853 -92 571 630 512 511 629 END
START -5764 7912 11632 -504 -1881 -57 600 633 460 527 642 END
START -4780 8016 9448 -572 -26 -148 572 628 515 512 626 END
START -6092 8132 10308 -174 920 -97 572 631 512 512 630 END
START -6952 8200 11204 -19 -9 87 568 637 507 523 626 END
START -6568 8520 11176 -137 -555 262 579 631 512 513 632 END
START -5908 8284 10436 -247 -555 411 598 619 517 539 622 END
START -5780 8080 10140 -156 -14 553 575 633 518 511 633 END
START -5740 8196 10024 226 304 563 577 631 511 516 632 END
START -5404 8216 9756 433 439 507 577 634 514 518 633 END
START -5712 8356 9140 263 604 408 581 634 519 521 634 END
START -6236 8344 9768 71 807 504 587 637 525 524 664 END
START -6624 8480 10236 -727 214 617 593 638 526 531 639 END
START -7680 7700 10732 -1911 -936 690 598 638 521 543 626 END
START -6536 7612 10660 -1574 -2370 703 604 638 547 555 637 END
START -5696 7492 10504 -2148 -1298 502 607 637 565 571 637 END
START -6732 7284 13240 -2595 -1433 459 609 628 565 584 633 END
START -4316 8012 11044 -3018 -4123 411 613 633 592 599 633 END
START -3112 8520 7480 -3618 166 181 615 630 608 613 630 END
START -8428 7524 10396 -4965 -646 466 617 624 616 622 623 END
START -7096 6816 11264 -3594 -3361 401 616 619 623 628 617 END
START -11472 7248 11780 -3771 -2989 269 636 610 629 632 614 END
START -4352 7124 9876 -2803 -5748 186 617 589 628 633 607 END
START -4504 7260 12256 -3560 -5115 154 619 606 631 634 606 END
START -4584 7464 11548 -3732 -4048 65 603 596 631 636 558 END
START -3772 7576 10292 -4042 -2795 -62 613 600 632 634 603 END
START -3440 7164 10440 -4084 -1183 -187 617 597 631 634 599 END
START -5120 6620 12500 -4038 -1030 -215 615 596 631 636 592 END
START -5828 6240 13508 -3641 -1804 -171 617 593 630 635 594 END
START -6320 6352 13752 -3315 -2701 -17 618 596 631 635 594 END
START -6348 6996 12748 -3010 -3265 157 617 594 631 635 598 END
START -5092 6880 12164 -3315 -3074 306 617 601 632 636 601 END
START -4136 6808 12264 -3214 -2087 362 617 595 631 634 594 END
START -3664 6696 13016 -3045 -826 361 657 597 630 635 596 END
START -4052 6640 13096 -2749 639 358 616 595 632 653 598 END
START -4980 6828 13396 -2465 1246 395 618 598 630 639 598 END
START -6020 6888 13180 -2255 964 524 665 599 629 635 572 END
START -5544 6128 12556 -1864 -913 384 618 603 634 634 604 END
START -1368 4108 6488 619 1527 1097 616 600 632 639 600 END
START -6464 8008 17548 1545 8016 897 611 606 632 647 600 END
START -2232 6464 9140 -955 3626 223 619 603 632 636 603 END
START -6784 6676 14668 -150 1603 -88 632 608 631 639 605 END
START -6320 6864 12956 -485 1050 34 619 604 632 634 606 END
START -5852 6656 12632 -341 539 197 621 601 633 636 606 END
START -5588 6592 12120 -255 -203 163 618 608 636 635 611 END
START -5412 6736 11548 787 -1016 -183 616 607 632 636 603 END
START -4888 6464 11196 1765 521 -68 677 608 655 637 607 END
START -4572 6068 10748 4768 5825 121 616 607 633 634 608 END
START -7160 7068 12332 5633 5333 55 614 607 631 636 609 END
START -6748 6384 11152 6080 2420 -220 640 608 618 636 659 END
START -6176 9264 9140 6067 1295 -468 614 637 632 635 605 END
START -6448 9036 11800 2404 1355 -629 613 608 633 637 608 END
START -940 8096 7912 1413 6641 120 614 607 634 636 608 END
START -13096 7408 15268 303 1461 -411 611 608 632 637 607 END
START -5644 8056 11636 -623 6652 -334 606 600 633 661 608 END
START -5276 7364 11064 -1268 5319 -441 612 608 632 636 606 END
START -6784 7356 11684 -1999 5371 -404 612 608 632 635 609 END
START -7132 7576 11524 -2769 5609 -421 600 608 628 636 634 END
START -7876 7444 12524 -3348 4250 -124 611 611 633 635 609 END
START -8092 7936 13928 -3779 1875 227 606 609 633 636 609 END
START -8628 8640 14536 -4753 -962 497 610 641 617 636 597 END
START -5052 7816 11848 -4551 -3186 1039 613 609 633 636 607 END
START -14556 8028 20500 -4415 -5902 1270 613 610 634 636 609 END
START -1684 6728 10084 -2890 -6647 1247 612 579 635 649 600 END