START -1076 6284 13216 3272 8070 -432 611 610 602 629 581 END
START -9700 4920 14652 1771 748 -885 613 607 627 629 608 END
START 5712 2656 1348 2793 9299 -213 616 603 627 611 607 END
START -9432 3356 16696 222 2960 -933 612 607 629 630 610 END
START -5752 4780 13520 -1218 2930 -919 610 609 626 629 606 END
START -6444 4516 14408 -1988 -754 -619 609 609 630 626 587 END
START -6360 4028 15560 -2732 -3072 -431 610 608 626 630 608 END
START -8884 4184 19628 -3685 -7024 -199 613 605 625 628 607 END
START -12384 2360 21460 -3417 -10554 133 609 606 660 629 607 END
START -21072 2616 26780 -1731 -19359 717 613 608 625 627 602 END
START -3708 3504 20496 -3471 -32768 1186 614 605 628 629 605 END
START 12580 -2900 3828 6089 18986 705 617 582 626 635 639 END
START -15928 2296 29328 6466 8761 532 614 605 626 637 604 END
START -3148 2528 15892 9450 7643 1520 616 604 628 628 605 END
START -9336 3612 19660 10814 7549 2198 614 606 638 629 597 END
START -12604 3504 19856 12596 3990 3806 618 604 626 629 604 END
START -9240 4796 15892 14301 1015 5268 615 599 625 626 607 END
START -5328 5724 12752 15464 2732 6208 618 603 643 623 625 END
START -5296 6716 11796 15853 6712 6726 614 597 619 618 599 END
START -8960 7280 14740 16728 9976 7772 614 596 611 612 596 END
START -10748 7272 15456 16888 5483 9316 605 607 603 594 622 END
START -7644 8504 11204 18483 1526 10704 612 593 597 600 601 END
START -4440 10108 7308 18617 787 10699 614 592 584 590 596 END
START -8596 8332 8784 18071 -841 12770 606 596 580 579 660 END
START -5600 12608 6216 15872 -1444 11571 603 596 559 575 597 END
START -1752 11856 3884 11965 87 10728 603 596 554 569 596 END
START -164 11464 3920 10933 -1329 10476 615 595 533 561 659 END
START 3680 4592 288 19253 4576 10594 591 599 541 556 598 END
START -5956 12608 10764 17806 -792 8187 585 599 532 551 595 END
START 260 11700 2140 15178 2333 7313 576 604 524 466 597 END
START 2068 11580 -396 12216 1919 6029 573 599 505 542 599 END
START 720 11216 -516 10192 1497 4448 568 597 523 534 599 END
START 1236 12164 -608 6904 932 2427 459 602 518 537 599 END
START 1928 13728 -208 2900 1232 429 560 604 517 529 612 END
START 836 13936 -44 -2615 -71 -1685 624 607 511 525 607 END
START 1044 14204 -392 -7947 -1487 -3982 557 609 512 526 607 END
START 3248 13732 -736 -13435 -1164 -7046 557 600 511 518 613 END
START 2776 14040 3240 -15864 2247 -10103 527 610 508 511 612 END
START -2868 10688 6968 -19763 8423 -11490 551 611 506 511 611 END
START 212 10992 14828 -18897 10088 -14704 552 614 508 511 611 END
START -12240 11180 17868 -20733 -3544 -12944 554 615 509 515 615 END
START -12316 11176 5904 -32110 -20102 -9982 554 615 508 516 614 END
START -6788 3256 13164 -30787 -18765 -8095 567 599 506 542 618 END
START 2928 -3544 9832 -24932 -18445 -5106 570 649 511 517 622 END
START 7196 -6196 3980 -17644 5277 -5493 570 621 510 517 624 END
START -6192 -3504 15208 -4002 17336 -4630 569 629 515 520 623 END
START -21844 1320 29744 -1022 12161 -3367 569 630 504 514 636 END
START -19564 3380 26520 -382 -8216 -981 569 622 505 511 625 END
START -3872 5156 14124 1651 -13157 -973 568 624 506 516 624 END
START 2644 7100 7376 1653 -1244 -1974 551 624 502 540 619 END
START -2612 8264 9652 1864 5755 -2452 569 623 512 516 626 END
START -7752 8908 12744 1809 6297 -2176 568 627 507 516 627 END
START -11788 9700 16740 480 -1895 -890 567 616 505 508 599 END
START -4560 9372 12088 -171 -5714 36 573 629 507 517 625 END
START -1008 8880 9560 -1104 -2310 230 567 626 509 515 626 END
START -1676 8480 8948 -902 2098 75 531 624 519 516 624 END
START -4676 8164 11012 -637 3195 33 568 626 510 518 627 END
START -7924 7992 13036 -639 124 223 599 620 506 586 627 END
START -7444 7524 13824 -610 -4003 554 570 627 507 516 632 END
START -3752 7744 12308 -795 -4932 559 569 627 510 516 626 END
START -2300 7636 10264 -1350 -1981 283 570 628 511 507 656 END
START -3848 7376 10452 -1200 1889 19 567 627 545 516 629 END
START -6416 7148 11348 -631 1330 25 566 628 506 518 628 END
START -7068 6944 12496 -192 200 181 567 626 497 515 630 END
START -7352 7028 14296 -153 -1943 468 571 624 509 516 630 END
START -4868 7068 12140 -416 -2672 592 564 610 510 539 629 END
START -3388 7116 10184 -474 -210 411 564 632 511 515 629 END
START -4860 7132 10848 -489 736 446 565 623 508 516 628 END
START -5292 7312 10672 -406 823 540 563 627 506 517 628 END
START -5548 7248 10812 -399 464 498 565 627 507 518 627 END
START -5872 6996 11720 -512 -952 637 566 677 509 528 646 END
START -4948 6796 11832 -745 -1115 764 564 630 509 516 628 END
START -4400 7056 11480 -1084 -734 777 566 629 510 517 626 END
START -3824 6696 10904 -1220 573 643 562 622 504 512 628 END
START -5100 6460 11720 -1295 952 562 565 628 510 516 628 END
START -5280 6368 11580 -1131 560 527 613 627 546 513 626 END
START -5268 6180 12092 -1046 22 590 600 631 519 519 630 END
START -4856 6048 11988 -809 17 653 566 630 511 521 623 END
START -4832 5948 11864 -442 34 674 570 629 511 524 633 END
START -4656 6108 11040 -156 101 647 570 633 513 524 632 END
START -4600 6180 11376 75 215 642 577 671 467 526 640 END
START -4780 6224 11316 -86 148 617 588 636 519 530 636 END
START -5296 6256 11340 -675 -175 787 571 634 531 535 634 END
START -5676 6192 10972 -1081 -845 1044 595 639 529 542 635 END
START -4320 6980 10584 -1530 -600 1279 601 639 543 553 637 END
START -5196 6948 11128 -2291 -809 1026 606 644 560 565 675 END
START -6380 6880 12252 -2607 -2220 1225 609 639 571 574 639 END
START -5696 7120 12900 -3142 -4091 1544 613 639 584 585 639 END
START -3244 8140 9728 -3934 -4014 1783 613 616 594 598 643 END
START -5008 8628 10760 -4877 -1753 1809 615 639 608 609 645 END
START -5300 7740 11304 -5227 -3630 2073 616 642 616 617 642 END
START -3668 7112 11488 -4805 -4094 1772 616 619 624 625 641 END
START -2784 7164 12260 -4462 -3286 1448 617 640 630 628 639 END
START -2324 7020 12820 -3942 -2019 1105 619 639 634 632 638 END
START -2552 7220 13056 -3640 -898 812 620 639 637 635 643 END
START -3380 7132 13420 -3454 133 633 619 638 641 639 641 END
START -4296 7020 14368 -3200 120 651 619 639 641 639 640 END
START -4396 6616 14428 -3177 -662 590 627 637 642 638 631 END
START -4152 6632 13988 -2499 -1428 560 620 664 642 640 636 END
START -7860 9208 23120 -3675 -1292 -34 620 631 644 643 639 END
START 4552 8680 6144 -1295 -1310 91 623 559 655 644 628 END
START -2820 5488 13616 -2984 -1935 54 620 634 645 643 638 END
START -2916 5988 13668 -2149 267 19 620 639 644 642 638 END
START -3084 6600 13100 -2304 522 200 622 577 644 645 634 END
START -3960 6896 13484 -2792 1435 29 620 637 645 645 637 END
START -3592 6572 13420 -2345 -91 222 615 633 646 667 636 END
START -3400 7264 13480 -2146 -885 320 622 638 646 644 637 END
START -2980 7652 12712 -2184 -672 224 620 636 647 640 636 END
START 10092 4260 -9768 8259 23562 284 618 637 641 645 652 END
START -4056 8540 14176 -1243 1636 -628 620 637 645 644 634 END
START -3456 5092 10412 2107 5985 -791 619 636 645 645 636 END
START -5592 7540 15324 3436 9566 -842 622 645 646 647 624 END
START -4580 7064 12316 1691 6560 -935 620 638 645 645 635 END
START -2640 5452 12736 3381 9526 -1094 618 638 648 644 633 END
START -3952 5188 11596 4026 10444 -1770 617 634 647 646 636 END
START -10416 5628 13964 5021 12611 -2402 617 636 646 645 637 END
START -7124 6396 8236 4168 8454 -2319 616 636 645 641 638 END
START -11340 5536 15352 4004 8560 -2846 616 640 646 656 614 END
START -12412 7408 13448 882 9315 -2281 615 635 646 633 637 END
START -6948 8252 9820 -1222 8947 -2032 615 635 645 644 636 END
START -9024 8684 11152 -3051 7417 -1895 614 630 634 645 613 END
START -9424 8108 11932 -4539 6140 -1644 615 633 645 642 636 END
START -9044 7572 13096 -5437 4310 -883 614 631 646 645 636 END
START -7684 7184 13504 -6262 2584 -476 624 636 643 656 637 END
START -9376 6960 14172 -7090 -2760 -138 616 637 646 645 635 END
START -8844 6668 14272 -6539 -787 472 617 634 647 644 636 END
START -3120 5312 7664 -4941 -3236 477 604 620 644 644 610 END