START -3588 7468 5828 7134 9111 -2424 613 630 631 633 592 END
START -2612 7356 9200 5031 4764 -3482 614 611 632 635 611 END
START -3936 10644 5476 3113 19076 -4112 601 643 634 622 612 END
START 2556 6260 2432 -1416 17015 -5817 611 605 631 636 612 END
START -10964 7236 11944 -4664 11819 -6101 609 611 630 633 609 END
START -17160 7052 17016 -6558 5424 -4673 585 600 636 631 621 END
START -16692 7956 18784 -8687 -3712 -2460 610 613 631 632 609 END
START -15376 9004 20160 -11533 -13486 -147 609 611 630 635 618 END
START -32768 7948 32767 -17184 -32768 889 611 611 630 635 614 END
START -21864 3892 27192 -15322 -32768 1161 614 640 633 636 607 END
START 5444 -4212 -8160 2361 421 2463 616 604 630 634 608 END
START -3744 5176 23168 3492 -4511 915 615 605 629 634 604 END
START -7512 3736 18656 5794 3933 1254 621 601 643 631 602 END
START -9296 5568 19264 8222 3678 1855 617 604 629 632 583 END
START -6860 6436 16504 9471 4044 2592 615 605 630 632 603 END
START -8144 5576 15236 10510 2520 3420 616 619 628 632 584 END
START -7944 6024 14240 12680 3562 4084 618 594 626 631 567 END
START -8464 6572 13524 13187 5005 4583 615 584 624 626 590 END
START -8252 6268 13180 14054 4885 5456 614 487 626 620 601 END
START -7284 6980 11644 14013 4007 6321 614 583 616 615 582 END
START -7152 7508 10576 14281 4882 7098 607 578 607 608 580 END
START -7316 7632 9436 14166 5265 7877 613 572 593 609 587 END
START -6212 8120 6528 13703 6366 8481 615 572 589 589 569 END
START -6884 9248 5596 12932 7369 9092 616 566 579 581 565 END
START -8324 9900 8536 11941 5798 9662 599 563 568 574 564 END
START -6280 10896 6872 12470 2546 10202 616 565 557 566 567 END
START -6328 8956 6768 13405 -973 10795 662 568 544 555 567 END
START 440 12072 2472 8909 1824 9081 623 569 531 547 570 END
START -5740 10976 8648 8877 -1212 8600 615 575 522 536 573 END
START 316 9816 5108 14367 479 7601 563 579 516 530 581 END
START -300 14388 776 11143 -2011 6129 604 585 544 527 581 END
START 92 12184 -1352 5572 3756 5247 593 596 519 522 598 END
START -244 12752 1128 3644 2576 3548 582 601 512 558 600 END
START -288 12464 788 1482 2199 2094 570 605 517 519 606 END
START 480 12552 484 -969 484 406 587 602 501 519 599 END
START -416 12528 2084 -3269 -1549 -1454 562 610 516 530 611 END
START 708 12648 1424 -6021 -1750 -3648 561 617 514 516 616 END
START 1988 12440 240 -8601 -1452 -5593 550 616 484 497 613 END
START -1372 11376 5224 -10309 505 -7042 566 615 517 515 617 END
START -3280 10920 8512 -14227 699 -7955 555 620 516 516 610 END
START -6168 10080 15408 -17353 4637 -9780 557 614 514 567 617 END
START -11044 13064 24312 -13646 632 -9470 551 598 516 512 619 END
START -17344 10296 20804 -15310 -16652 -6225 561 621 509 512 620 END
START -2860 15452 -9016 -29516 -32768 -3804 565 622 505 512 622 END
START 7760 6416 -2008 -30938 -9772 -6463 579 625 501 511 629 END
START 7292 -5508 -3800 -28725 2684 -8026 575 624 475 514 626 END
START -6536 -684 16924 -12101 16068 -6698 577 626 505 513 631 END
START -16224 4716 23932 -5473 9412 -5160 573 629 501 510 627 END
START -13424 6224 20456 -5937 1606 -4507 571 657 507 559 628 END
START -11252 7608 15556 -4281 -1770 -3946 574 628 512 511 627 END
START -8092 8276 13464 -2815 -2668 -3285 572 629 504 511 629 END
START -7136 9152 14212 -1548 -785 -2561 575 629 506 511 630 END
START -8120 9052 15920 -885 471 -1691 575 637 506 514 623 END
START -8536 8612 15420 -967 -661 -653 575 629 508 510 628 END
START -7060 8016 13924 -640 -979 196 600 631 526 542 624 END
START -6104 7464 11956 -198 -1022 606 571 629 512 511 630 END
START -5584 7288 10352 731 -499 707 575 630 508 513 631 END
START -6132 6704 12028 1627 -1292 542 603 632 500 534 662 END
START -5192 7396 12468 1526 -2034 300 573 629 508 513 627 END
START -3984 7124 11060 610 -644 -12 575 633 509 512 632 END
START -4152 6812 9304 -103 1190 -314 575 630 514 511 660 END
START -6220 6592 9368 62 1695 -436 575 631 509 513 630 END
START -7572 6736 10680 260 358 -400 574 627 500 512 686 END
START -7312 6768 12268 165 -1125 -151 577 632 508 512 634 END
START -5736 6596 12000 -342 -1349 54 575 631 511 514 633 END
START -5052 6904 10512 -720 165 222 575 632 517 514 557 END
START -5620 7060 10116 -645 1210 264 575 635 511 514 635 END
START -6308 7236 10204 -564 1445 255 584 631 503 514 620 END
START -6756 7344 10796 -468 995 289 548 632 508 514 632 END
START -6272 7436 10604 -254 627 371 574 632 512 514 631 END
START -5268 7292 10028 210 1583 353 577 635 516 517 636 END
START -5660 7628 10284 419 2670 219 581 633 512 520 633 END
START -6712 7764 10876 301 2742 97 588 634 517 522 687 END
START -7176 7332 10968 276 1857 42 591 636 515 527 635 END
START -7452 7296 11488 -242 1134 120 579 636 521 532 637 END
START -8208 7264 12684 -890 168 374 600 636 529 540 636 END
START -7452 7440 12508 -997 -1705 592 605 636 530 548 637 END
START -6208 7256 11872 -1306 -1128 898 637 632 549 560 630 END
START -6420 7032 12468 -1959 -546 1007 610 637 558 571 635 END
START -6808 6836 11992 -2078 -420 1148 612 637 574 580 635 END
START -6468 6948 12048 -2138 -1795 1065 613 670 584 590 644 END
START -4448 7976 9348 -2844 -2133 886 615 639 596 610 639 END
START -6000 7208 10612 -3560 -1232 671 616 636 604 608 639 END
START -6408 6376 11360 -3270 -3282 601 617 614 610 618 641 END
START -4764 5792 11324 -2829 -2912 348 615 634 615 614 638 END
START -4956 6092 11568 -2585 -1493 155 618 635 618 619 634 END
START -5740 6328 11792 -2405 -1011 135 598 594 621 603 633 END
START -5932 6564 11680 -2363 -1044 240 620 615 624 622 628 END
START -6040 6828 12016 -2374 -1165 291 618 633 624 623 629 END
START -6384 6920 12476 -2274 -1671 347 651 626 616 626 638 END
START -6256 6984 12784 -2216 -2457 438 619 632 627 624 629 END
START -5872 7116 11896 -2157 -3236 506 618 629 627 624 629 END
START -4932 7060 11700 -2093 -3273 408 618 612 627 623 627 END
START 6172 304 -8396 6172 7853 1655 634 629 627 625 629 END
START -13312 9032 24228 5 2521 -433 618 626 628 625 628 END
START -6888 6372 12244 -1320 2284 -50 616 630 630 626 630 END
START -7640 7220 12332 678 -1754 -474 618 628 629 626 630 END
START -7028 8124 11792 821 -2546 -138 571 628 630 649 663 END
START -5920 7400 11304 1906 -359 330 608 628 630 648 629 END
START -5272 7620 9960 3335 1620 120 618 622 631 628 628 END
START -4084 8008 12032 7168 3683 -143 636 628 631 647 628 END
START -5584 9148 11592 555 2898 306 617 629 633 629 614 END
START -2336 7212 8212 975 7153 319 608 628 630 627 629 END
START -756 6888 4544 3617 10824 697 617 631 640 629 629 END
START -10840 7008 13096 2446 4600 -474 616 629 632 628 629 END
START -3900 7256 7948 2098 5598 -443 591 630 625 628 616 END
START -10228 7048 12972 1358 4174 -92 616 629 630 628 627 END
START -7116 7532 11380 -98 5674 -268 618 628 632 629 626 END
START -7436 7728 10604 -1243 4410 -293 615 628 637 630 640 END
START -8604 8272 11696 -2492 2514 7 619 629 632 628 629 END
START -9040 8048 12852 -3489 -349 370 594 629 631 635 628 END
START -13860 9140 17776 -4552 -5340 738 614 628 630 628 629 END
START -5488 8344 11288 -5447 -3351 998 616 627 633 630 628 END
START 7744 7856 2788 -5413 -4784 1013 618 606 632 632 637 END