START -8476 6560 16156 8885 8116 439 628 609 673 671 622 END
START -11088 5228 15556 7968 -2776 -403 630 631 671 673 630 END
START -26580 10240 28472 9161 2926 363 638 655 671 689 631 END
START 3648 8468 4160 3032 9576 -534 622 634 670 671 631 END
START -6468 7372 11208 -1078 3224 -1269 627 630 706 672 653 END
START -11684 7292 14848 -3780 3805 -1323 625 629 669 671 630 END
START -10168 6572 15160 -5688 706 -818 625 629 670 671 630 END
START -8168 5360 17576 -7291 -5615 -458 605 628 660 670 623 END
START -4860 6332 14392 -9362 -13904 -608 626 630 669 671 652 END
START -16736 7640 23588 -11321 -22443 -936 628 630 670 673 629 END
START -17116 13144 27576 -25327 -32768 1360 631 629 669 672 629 END
START 32767 -14684 -32768 -15278 25696 4691 651 627 679 668 618 END
START 880 4688 14032 4902 32767 4415 635 628 668 669 605 END
START -25128 4452 32380 -6511 14488 1941 634 628 667 670 627 END
START -9496 500 16560 -6225 10967 2291 632 628 667 669 628 END
START -9952 1912 17844 -5010 9907 3410 633 628 665 668 628 END
START -8540 2032 15732 -5186 2151 4011 632 625 662 660 627 END
START -6592 1132 14704 -4815 -1620 4705 634 623 660 662 623 END
START -4492 1384 13368 -4382 1996 5371 625 606 655 662 618 END
START -4220 1116 14612 -4551 6066 5832 632 618 653 656 616 END
START -5932 1068 15320 -4389 7966 6444 632 613 649 651 614 END
START -8032 1480 17112 -3875 5975 7169 629 612 647 650 613 END
START -10828 2636 18924 -2569 2968 7866 627 601 642 643 606 END
START -10844 4632 18036 -469 -642 8800 621 596 637 638 597 END
START -8380 5908 16216 2125 -1289 9497 620 601 631 635 616 END
START -5140 6572 15204 5390 2968 9602 613 574 628 633 573 END
START -2068 7888 12760 9212 11277 8854 612 562 623 631 564 END
START -3916 9056 13736 9813 21244 7411 609 553 617 625 583 END
START -4652 10908 9984 8394 24921 7562 606 546 610 619 547 END
START -6696 11668 8612 12196 27670 7901 606 537 604 612 535 END
START -7960 12464 7488 14608 26408 8878 605 504 595 602 527 END
START -5516 12180 5448 15293 26017 9327 604 523 595 606 521 END
START -4032 12596 4768 15939 26365 10005 594 517 590 600 521 END
START -4428 13288 1532 16020 27987 10499 594 510 575 598 488 END
START -4444 13144 1016 15533 27162 10613 601 502 580 593 507 END
START -3284 12748 -272 15300 24476 10140 601 503 573 590 503 END
START -2416 12168 -1512 14091 20737 9011 603 524 568 589 503 END
START 40 12028 -2888 12960 18350 6944 608 492 564 582 513 END
START 516 12380 -4244 11434 17138 4465 609 493 559 579 493 END
START 1228 11860 -3700 9516 13529 1185 685 493 549 573 485 END
START 3704 11956 -2736 8190 7210 -2860 641 480 532 558 479 END
START 14916 13060 -4572 7127 -2601 -9095 639 474 518 541 469 END
START 32767 14844 -13400 3420 3174 -20854 642 462 504 526 462 END
START 32767 4968 1832 -3714 18903 -32768 634 434 509 509 451 END
START 14196 -9260 -5520 1706 29837 -32768 631 461 499 507 462 END
START -32768 -18088 -23044 3917 32767 -32768 630 459 499 507 461 END
START -32768 -17204 7704 -22169 -32768 -32768 635 454 499 507 461 END
START -32768 -21144 -10568 3039 -9425 -9827 638 444 508 522 461 END
START -32768 -7392 -9400 -12301 20172 -1760 647 466 505 513 463 END
START -32768 -984 13160 -4533 -3920 6099 638 465 506 508 470 END
START -14640 7160 6224 -1538 -30322 6472 638 463 502 509 463 END
START 3560 4900 -7584 -2985 -14097 3115 617 461 502 546 466 END
START -5440 5600 3860 -30 15228 -940 641 467 502 508 463 END
START -15584 4280 11860 657 6783 -1905 643 465 507 511 473 END
START -15444 3608 4876 1648 -1714 -1925 622 465 488 512 452 END
START -18320 2388 4588 1440 -3079 -963 645 468 513 523 468 END
START -15148 2740 2996 492 -9186 -627 643 465 510 513 472 END
START -9336 3900 -2484 -60 -1944 -1202 645 519 509 516 467 END
START -14080 5172 880 -398 7222 -2116 646 476 505 509 469 END
START -20160 4176 4068 -51 -16 -1871 645 469 512 514 474 END
START -18200 4308 1784 460 -7202 -1441 642 469 498 519 496 END
START -14776 4432 588 732 -7338 -1505 677 469 515 515 473 END
START -12568 4860 -2352 663 -2411 -2195 647 473 512 518 471 END
START -16392 5236 196 514 834 -2433 645 471 510 523 470 END
START -18052 4940 372 331 -2508 -1737 641 471 512 515 471 END
START -19260 4720 1540 54 -5170 -653 648 472 515 516 472 END
START -16536 4612 284 -31 -8348 298 641 475 507 517 472 END
START -12964 4260 -716 -617 -6077 519 652 474 514 517 472 END
START -13212 4880 -208 -1222 1274 -18 651 478 524 542 459 END
START -16704 5116 384 -894 -925 304 645 475 509 515 472 END
START -14512 4664 212 -837 -3250 368 648 475 517 517 460 END
START -14432 4412 68 -561 -2310 256 620 478 520 509 478 END
START -15452 4412 220 -428 -2637 403 648 473 517 519 475 END
START -16244 4720 924 -713 -4467 817 658 476 507 535 478 END
START -16136 4080 1444 -1188 -7591 1289 650 471 513 519 474 END
START -15584 2940 1384 -1329 -9695 1676 650 476 512 518 476 END
START -15952 2172 1932 -997 -11044 1981 668 477 530 522 475 END
START -16524 2268 3028 -401 -13960 2425 651 481 520 520 486 END
START -14568 2652 4872 -57 -17238 2530 658 482 519 516 481 END
START -12736 2820 5640 103 -18618 2318 666 475 517 517 483 END
START -17376 2808 5072 -265 -18234 2941 629 485 518 525 489 END
START -18416 2632 6168 -772 -26505 3863 657 486 520 529 485 END
START -18224 3328 4396 -627 -32768 4964 687 495 524 536 492 END
START -15384 3992 4604 -1019 -32768 6168 652 498 532 545 498 END
START -8556 4612 5244 -865 -32768 6569 651 509 543 555 508 END
START -6688 6120 7412 -232 -32768 6450 648 521 555 566 522 END
START -7316 6020 8672 -2522 -27283 6192 590 539 568 610 520 END
START -8216 4756 8852 -4443 -24770 6190 646 558 587 598 558 END
START -7428 5172 9268 -3426 -26333 6106 645 582 609 613 583 END
START -5520 6076 8124 -4183 -22460 6020 634 599 617 592 602 END
START -4632 5196 9716 -4964 -20564 5677 644 615 642 637 612 END
START -4160 4284 11324 -3843 -19030 5397 644 619 645 644 618 END
START -4512 4284 11380 -2540 -16962 5089 644 645 608 650 652 END
START -2500 5124 10700 -2187 -15602 4541 645 623 650 652 624 END
START -2780 5988 12260 -2424 -13363 3872 636 626 655 655 627 END
START -1964 5728 12904 -2179 -11579 3242 639 626 657 657 628 END
START -2112 5872 12692 -1405 -8039 2342 638 630 618 659 628 END
START -4432 6344 13616 -1047 -7404 1895 638 629 661 660 632 END
START -2480 6248 12620 -450 -7659 1479 638 631 661 661 632 END
START -660 6836 11624 -142 -5083 484 654 632 671 662 653 END
START -536 7108 12324 -175 -1009 -550 639 632 665 659 630 END
START -2128 7216 13160 92 1410 -1375 637 631 662 662 636 END
START 9212 5260 -9592 3895 2641 -650 633 630 661 662 633 END
START -9868 6332 16156 1271 -15336 -1065 634 632 662 663 631 END
START -4528 7244 13528 1884 -438 -618 638 632 663 663 633 END
START -3092 6976 13528 925 2399 21 637 631 663 663 630 END
START -3184 7036 14536 215 3155 415 636 631 663 663 631 END
START -1724 6072 17660 -549 3244 890 636 608 663 672 630 END
START -5364 7036 14804 -1086 1652 905 636 632 664 663 631 END
START -4484 4576 14020 157 1299 1401 636 631 663 663 629 END
START -2760 5868 12176 565 5743 1623 635 630 662 663 634 END
START -4272 5972 15392 -1080 1899 1604 634 632 663 663 630 END
START -4264 5072 15356 -1105 -13 1379 626 630 675 663 630 END
START -3952 5976 15084 -1170 -1664 1241 635 628 663 663 630 END
START -3040 5736 15096 -1374 -2676 914 635 630 663 662 630 END
START -2152 5520 13064 -343 -2091 767 635 657 661 664 625 END
START -2988 6992 11004 -585 -333 605 636 633 653 664 633 END
START -5208 3148 12804 -2824 -3687 335 632 629 663 663 630 END
START -3720 5268 13464 23 -1823 637 644 630 678 662 641 END
START -3020 4908 13108 -775 -3241 526 636 630 660 671 622 END
START -2016 4352 14176 -572 -3264 162 634 629 663 663 630 END
START 1944 9208 9768 -5997 -28406 -1645 637 613 663 641 654 END
START -10368 7480 32767 -8242 16909 -3849 634 627 662 665 630 END
START -6748 4812 11880 3458 4759 -739 637 625 663 662 630 END
START -5432 6668 14228 2570 2016 -283 634 607 663 659 629 END
START -1836 6764 9792 -541 3229 234 637 630 663 667 629 END
START -6000 6320 14564 -1296 -9 459 636 628 663 663 629 END
START -1728 6392 11560 -1630 2638 429 632 629 664 663 634 END
START -1848 6216 10464 -2353 6522 -85 636 629 663 664 629 END
START -5216 6244 12672 -3202 6769 -23 634 615 663 650 628 END
START -7116 6140 14956 -2807 3601 782 633 629 664 664 629 END
START -5700 6416 14912 -3153 1038 1241 636 629 660 662 628 END
START -6372 6504 15844 -3376 -355 1258 656 629 663 649 630 END
START -5048 6256 15432 -2915 789 1387 637 621 663 664 631 END
START -4404 5620 13952 -1818 367 1743 635 629 663 663 629 END
START -3984 5552 14468 -1290 -1182 2171 635 593 655 660 630 END
START -4144 4896 15036 -2356 -2512 1921 636 627 663 665 631 END
START -884 5472 13956 -2673 -648 1568 637 629 663 663 629 END
START -5044 5512 17016 -2604 -3436 1075 635 633 661 610 606 END
START -4000 4944 16116 -2190 -6658 722 637 629 664 665 628 END
START -760 4468 12444 -158 -3241 824 638 631 662 663 629 END
START -3044 5040 12548 1535 -2115 449 660 616 664 668 628 END
START -2808 5732 12188 327 -2801 249 638 627 663 662 628 END
START -1880 5388 12992 -1240 -2861 50 642 629 663 663 629 END
START -892 5572 13724 -2202 -1448 -264 641 630 663 665 631 END
START -952 6000 13756 -3679 403 -550 640 629 663 663 628 END
START -928 4976 14956 -5001 1007 -872 636 627 665 663 633 END
START -3000 5076 17960 -5251 -3027 -962 641 629 663 664 623 END
START -6752 4132 17316 -5303 -7709 -398 641 629 663 663 628 END
START 19436 6288 -12856 -870 18931 -182 638 628 665 663 632 END
START -4892 4580 19524 -1989 6183 -1880 640 629 664 666 629 END
START -10380 4368 16812 -333 -4626 -1209 641 630 663 663 628 END
START -8228 4308 17276 -116 -8404 -818 641 627 662 663 629 END
START -5532 9348 17068 6803 5332 -591 641 627 663 661 637 END
START 800 7584 8860 2704 -2538 -492 640 628 660 662 627 END
START -3260 5752 11568 -498 -2208 -931 620 628 660 674 607 END
START -2632 4296 12608 -411 2467 -1065 640 626 662 662 620 END
START -3672 4008 13716 572 5728 -1433 641 627 662 663 627 END
START -4104 5092 12336 -537 1596 -1090 630 625 661 662 627 END
START -2692 5068 12248 -2005 1977 -818 638 628 663 661 628 END
START -4232 5616 13796 -2498 3969 -657 641 627 662 661 627 END
START -6584 5544 14520 -3559 4333 -290 643 630 660 648 627 END
START -676 4668 12256 -4546 8856 -313 640 628 664 662 630 END
START -5080 4472 16788 -3997 11043 -261 640 627 662 662 627 END
START -1232 4540 12956 -2757 12516 -449 691 627 662 661 611 END
START -3488 4796 14448 -2284 9192 -693 640 627 664 663 609 END
START -7792 5052 16260 -2587 4091 -545 639 627 662 662 629 END
START -9104 4136 17740 -1823 -3341 -149 631 644 663 654 630 END
START -8304 3432 16456 -1340 -11124 -218 639 630 662 662 633 END
START 5584 4976 8252 -1692 -14559 -331 638 628 663 663 627 END