START -9924 9200 16756 1753 3312 -502 629 653 656 655 619 END
START -292 6216 964 3482 7065 -403 629 616 657 658 615 END
START -29300 9968 23540 2875 -1872 -357 628 615 652 659 617 END
START -17096 8572 15756 -29 8275 -571 632 617 656 658 617 END
START 220 8500 5056 -2181 5181 -718 626 616 656 658 620 END
START -11356 8180 13040 -3431 347 -774 625 615 656 656 617 END
START -7600 7640 12424 -4520 -884 -525 630 616 656 657 616 END
START -7340 6400 17896 -6448 -4588 -697 643 615 656 656 615 END
START 1844 8084 9832 -7988 -4804 -733 627 617 656 653 617 END
START 6796 6952 5552 -8429 -10847 -913 624 616 656 657 617 END
START -14004 7756 24636 -9675 -26524 -147 652 623 656 656 615 END
START 6568 4896 512 -7501 6410 1076 630 638 652 656 618 END
START -9724 4984 20988 -1163 10550 703 629 615 654 654 614 END
START 708 7360 8988 -40 5003 -117 633 613 652 654 614 END
START -8212 7096 15372 849 3253 -296 633 599 652 653 612 END
START -3124 7680 11784 1023 3868 -439 631 613 651 652 616 END
START -4740 7604 12568 1091 691 -559 623 573 659 634 615 END
START -7432 7492 13440 1164 -929 -573 629 612 648 650 611 END
START -5228 7212 11304 1214 -1288 -650 630 613 647 649 607 END
START -3848 6916 10228 1304 121 -860 629 612 646 649 610 END
START -5420 6516 11120 1322 951 -919 630 610 645 646 610 END
START -6736 6456 11952 1319 1211 -839 603 610 649 647 607 END
START -7136 6392 12852 1280 486 -618 626 608 645 646 614 END
START -7112 6724 12808 1337 614 -282 626 609 644 646 608 END
START -7512 7592 11932 1015 1503 142 627 616 651 626 608 END
START -7344 8044 11844 360 2229 702 630 610 644 632 610 END
START -7872 8148 12764 -273 2676 1450 611 606 643 645 608 END
START -7520 7876 13220 -918 2846 2423 629 606 644 645 605 END
START -7084 7928 12752 -1153 3780 3430 631 607 641 643 603 END
START -8344 8352 13332 -1509 4718 4889 627 614 640 658 596 END
START -8968 8012 14188 -1913 4000 7045 637 598 639 654 597 END
START -8096 8140 13736 -2099 2880 9268 625 597 638 641 589 END
START -7124 7748 13376 -2229 3153 10952 624 646 638 660 594 END
START -5968 7632 13196 -1775 4804 11911 625 589 637 638 591 END
START -6064 7600 12416 -496 8481 12688 622 587 635 638 586 END
START -7628 7120 13340 1062 11215 13597 599 582 641 636 586 END
START -7072 7764 13732 2720 12727 14148 620 576 630 633 579 END
START -5044 8156 12708 3913 14740 14491 610 577 627 633 569 END
START -4652 9208 10012 4692 18356 14633 613 574 625 630 575 END
START -7176 11232 10252 3106 16988 12839 605 580 619 626 568 END
START -6600 9588 7668 5273 21865 13615 602 557 613 618 560 END
START -6972 9736 8864 7391 21512 13479 598 550 608 615 551 END
START -4360 10144 7132 8776 21241 13151 505 581 603 529 557 END
START -864 10744 2708 10126 24807 12173 593 533 596 599 539 END
START -1516 11444 800 11253 30691 10931 584 529 589 597 530 END
START -4736 12268 1408 10949 32767 10005 620 522 579 591 500 END
START -8188 11948 4220 10911 32767 9740 571 519 576 585 519 END
START -7488 11280 3720 11043 27022 9188 565 513 570 583 515 END
START -4656 12324 3900 10830 19448 8506 566 444 565 586 510 END
START -1772 11920 1588 10318 14350 7270 559 505 559 572 512 END
START -672 12548 668 8925 11162 5326 563 501 552 572 500 END
START 164 11936 -964 8706 8447 3043 557 512 545 570 495 END
START 1092 11684 -2492 7522 5429 621 573 490 540 559 488 END
START 4248 11972 -3684 6394 4230 -2729 588 482 535 553 485 END
START 6332 11840 -4180 4625 6357 -7338 598 510 527 547 518 END
START 7824 12052 -2116 2945 8645 -12213 623 475 518 523 474 END
START 6060 10140 -1692 501 8687 -17484 630 473 511 529 467 END
START 7052 7436 1740 -1647 5817 -23314 580 466 497 514 471 END
START 12656 5304 1044 -3707 6302 -30924 631 467 502 509 460 END
START 18880 3468 448 -5333 15299 -32768 628 464 502 507 462 END
START 7012 -4484 -12904 -7449 32154 -32768 623 464 484 510 447 END
START -32768 -9408 -25832 4122 32767 -32768 634 463 507 508 462 END
START -32768 716 32767 -14654 -32768 -32768 637 467 506 508 437 END
START -23024 -5352 -8848 5352 -21486 -22008 639 465 504 511 465 END
START -25708 3384 -18900 1955 11221 -16066 639 465 512 510 463 END
START -32768 4716 -8356 -1868 19942 -10688 639 468 502 492 463 END
START -32768 8104 -3440 909 10984 -5720 634 466 500 511 467 END
START -29688 9348 -2344 3008 2866 -1278 643 469 512 511 466 END
START -23960 10104 -2956 2130 -3527 326 567 499 424 511 461 END
START -19796 9832 -3276 1128 -3932 1348 645 469 514 511 468 END
START -16484 8484 -2876 -816 -3625 1738 643 474 508 516 470 END
START -14868 6488 -2836 -2030 -1527 1949 643 466 506 514 469 END
START -14000 4676 -688 -2476 -362 2033 645 471 508 505 471 END
START -15276 3712 -708 -1827 -868 2277 647 471 506 512 468 END
START -14624 3056 -952 -999 -3712 2516 647 469 513 515 470 END
START -12688 3012 -1312 -84 -3699 2292 646 469 512 545 465 END
START -11508 3672 -2936 670 -2602 1615 647 472 528 516 442 END
START -11772 3856 -2636 968 -770 572 650 472 511 517 472 END
START -12852 4052 -3156 1462 172 -288 641 477 508 514 473 END
START -14860 4152 -3364 1688 440 -764 643 472 512 517 469 END
START -16396 4364 -3172 1580 -1711 -660 639 474 525 517 483 END
START -15240 4916 -3872 1511 -2319 -480 643 473 501 517 474 END
START -15328 5180 -3224 974 -1414 -424 648 475 513 516 474 END
START -15588 5500 -3660 382 -1338 -233 695 480 513 520 474 END
START -15596 5664 -3476 255 -1599 12 651 478 511 517 476 END
START -15728 5940 -3152 -143 -1373 339 640 478 515 517 468 END
START -15164 6108 -3588 -246 -1400 572 640 474 433 517 546 END
START -15396 6236 -3088 -353 -1320 599 638 475 520 511 479 END
START -15036 5884 -2288 -113 -1964 600 649 474 516 518 475 END
START -14116 5960 -2848 -73 -1905 527 625 478 507 494 473 END
START -14272 5788 -2984 64 -462 515 645 475 513 522 475 END
START -13960 5900 -2924 -30 331 514 637 475 518 519 473 END
START -14296 6056 -3020 -103 2453 574 642 476 503 511 473 END
START -16816 6064 -2240 -360 1835 751 641 476 495 518 472 END
START -15720 5984 -2284 -255 -1518 906 643 476 516 519 476 END
START -14524 5960 -2844 -306 -2548 812 644 476 514 518 474 END
START -14476 5848 -2936 -466 -3067 645 644 476 515 522 473 END
START -13656 5544 -3528 -443 -2303 460 645 476 517 517 476 END
START -13560 5444 -3228 -729 -691 214 645 474 510 522 475 END
START -14972 5144 -2748 -835 305 141 644 477 517 520 476 END
START -16068 5156 -2472 -937 -782 293 657 476 514 520 532 END
START -16124 5180 -1940 -727 -3016 541 646 478 512 523 478 END
START -14952 5416 -2304 -516 -4045 648 645 477 516 520 480 END
START -14832 5500 -2360 -561 -4578 653 634 361 520 559 476 END
START -15012 5512 -2340 -689 -5359 694 645 480 522 548 478 END
START -14968 5492 -2432 -542 -6501 766 646 478 518 522 477 END
START -14380 5400 -2676 -73 -7654 837 671 479 514 523 475 END
START -14080 5532 -1664 617 -8721 806 645 480 516 522 483 END
START -14968 5824 -724 1216 -9693 633 650 480 520 523 481 END
START -16492 5728 940 895 -12848 510 607 428 522 524 525 END
START -16876 5740 1316 1037 -15752 686 652 485 549 527 486 END
START -16072 5976 1348 1305 -17303 846 656 488 523 529 487 END
START -14848 5664 1264 1577 -16296 941 680 492 527 543 491 END
START -14024 5372 2288 1148 -15587 694 662 486 534 546 497 END
START -15268 6088 896 546 -15727 702 660 505 543 554 507 END
START -14208 6168 1396 -208 -16102 921 658 516 564 564 517 END
START -13616 5964 1536 -325 -15079 878 666 529 565 574 531 END
START -14592 6072 2336 -725 -15033 852 674 537 575 583 538 END
START -14824 5856 3252 -522 -16310 877 668 547 587 592 546 END
START -13912 5832 3864 -434 -17130 874 670 560 598 598 564 END
START -14632 5992 4048 -1007 -18522 907 668 574 608 602 573 END
START -15324 6548 5768 -1914 -22015 1304 662 587 621 618 586 END
START -15516 6644 5716 -2245 -25691 1843 660 599 631 627 609 END
START -16356 6168 5880 -2911 -30065 2393 654 606 640 635 608 END
START -13896 6060 5484 -2922 -32768 2526 635 642 627 642 593 END
START -11128 6208 5700 -3748 -32768 2393 647 616 653 649 610 END
START -9432 6136 6996 -3672 -32768 2203 647 622 657 654 624 END
START -8312 6100 7448 -3482 -32768 1983 649 628 660 659 627 END
START -5336 6012 8596 -3632 -32768 1509 644 628 663 663 630 END
START -4148 5688 9376 -3413 -31002 1076 645 632 666 665 618 END
START -2488 5944 10628 -3396 -26581 858 639 634 667 668 634 END
START 528 6024 10028 -3165 -18327 663 641 635 694 669 646 END
START 500 5964 11160 -2480 -8890 565 638 636 670 670 635 END
START -2340 6116 12360 -2511 -2524 657 637 637 671 671 639 END
START -3920 6004 13796 -2350 179 856 637 638 670 672 637 END
START -5332 6096 14340 -1866 175 956 634 638 672 673 638 END
START -5636 5896 14632 -1579 -1497 984 664 638 670 671 663 END
START -4624 5944 14432 -1334 -2720 1084 635 639 673 673 641 END
START 4936 -2520 -6744 7562 3961 1995 638 639 673 673 639 END
START -8148 8104 16244 2048 -1084 1559 656 638 664 673 634 END
START -5904 4624 14996 737 2872 952 635 640 673 673 638 END
START -3308 5144 10952 238 3131 993 635 639 673 673 643 END
START -3832 5972 11580 1551 2170 1464 633 639 673 673 680 END
START -4512 7856 11968 -2420 -1884 789 629 641 672 673 639 END
START -3172 7888 12828 -9154 -8985 87 637 638 674 675 637 END
START -696 3468 9936 -2399 207 870 632 639 673 674 640 END
START -5664 6340 13700 580 2570 1115 634 638 673 673 639 END
START -4264 5820 12212 -962 -43 773 647 639 667 674 637 END
START -5412 5356 13304 -938 -985 695 636 641 671 672 639 END
START -4288 5476 12980 -199 -1279 759 635 637 673 673 637 END
START 7136 32 -7612 7912 7612 702 634 637 670 674 640 END
START -6872 5680 14232 10423 5328 2014 628 639 673 674 638 END
START -3872 5864 7128 7281 2746 607 628 607 672 671 638 END
START 1084 7620 7076 5539 5431 984 631 637 671 672 641 END
START -8332 6100 12276 2857 -61 542 628 637 672 673 638 END
START -9084 7956 19032 3212 2861 537 627 636 673 673 637 END
START -6560 7600 12616 994 5573 59 622 637 673 673 639 END
START -4984 7452 10584 9 5846 47 621 641 673 667 625 END
START -5724 7324 12220 -370 6097 -83 624 635 673 673 636 END
START -5864 7924 12188 -1980 4935 -36 619 630 672 665 639 END
START -7860 7480 13900 -3227 1314 341 623 637 672 668 638 END
START -8504 7496 15348 -3609 -2554 807 620 636 674 673 636 END
START -7752 7884 16468 -4288 -5837 1009 606 636 671 673 651 END
START -7840 7144 16608 -5120 -10377 991 625 637 672 671 599 END
START -3008 6164 12664 -2687 -7611 1132 631 635 673 672 635 END
START 2612 7256 9388 -2141 -5199 372 628 638 664 672 632 END