START 300 7176 15852 3609 7255 -417 589 623 649 661 648 END
START 12252 3032 -5888 4674 5879 -318 635 624 660 662 621 END
START -24296 5612 29816 2598 10903 -1355 596 624 666 678 620 END
START 11832 6008 2016 890 18783 -503 635 624 661 661 622 END
START -18348 4908 22580 -297 1718 -845 627 625 660 661 624 END
START -13012 5248 18812 -541 3765 -225 638 627 660 686 625 END
START -6240 5404 17108 -1600 -1238 -117 633 627 660 660 593 END
START -13464 4292 25324 -4376 -14905 -162 633 624 661 662 626 END
START -32768 1640 32767 -6090 -32768 -904 555 623 664 648 625 END
START -31280 3764 32767 -2127 -32768 994 634 623 660 659 621 END
START 3384 1680 16368 -2474 -24451 -943 636 621 658 657 623 END
START -1884 -2564 23748 9326 25603 341 635 621 657 657 620 END
START -13512 2260 23632 6090 3326 1294 638 620 656 639 618 END
START -7832 2492 19608 8848 8789 2646 642 622 654 653 616 END
START -4044 4052 14048 9783 6657 4583 633 613 648 649 613 END
START -7308 4868 16712 10696 4769 6381 623 606 646 645 609 END
START -5528 5068 16376 11402 3943 7904 628 597 638 641 597 END
START -2412 5976 14772 12283 5223 8324 622 580 635 636 587 END
START 588 7184 12820 13280 6541 8054 619 577 627 630 572 END
START 860 9660 10004 14498 14142 6902 603 561 619 622 563 END
START -1112 10072 8352 15606 19662 6571 608 580 611 666 551 END
START -2100 10916 5084 16688 23924 6594 606 540 602 607 542 END
START -4552 12132 5676 16645 26730 7094 595 537 596 602 533 END
START -4256 13496 5020 16435 25601 7812 591 526 588 597 526 END
START -1480 14372 2080 17154 25083 8287 583 515 577 614 517 END
START -52 14036 -2632 15970 28349 7621 579 510 565 578 484 END
START -1752 13468 -1828 14795 31135 6930 575 497 556 570 499 END
START -3724 13276 -2204 13299 32193 6277 564 497 541 563 522 END
START -5120 13576 1708 11762 27475 6158 584 486 541 560 490 END
START -2792 13052 1804 11469 18492 5726 554 483 531 552 483 END
START -184 11712 -504 10163 11992 4193 555 504 526 545 476 END
START 1632 11164 -484 8915 7573 1712 553 473 518 540 475 END
START 3340 10632 -4140 8180 5338 -1368 556 471 517 537 472 END
START 6152 11028 -5712 6299 8745 -5759 577 480 514 512 467 END
START 5880 10992 -2104 5084 12271 -10650 591 472 511 532 471 END
START 5764 9436 124 4594 9041 -15498 593 466 510 528 468 END
START 8852 8948 -4240 3673 6035 -21004 576 504 480 525 460 END
START 11524 8692 -7540 1284 8040 -27939 623 464 505 522 466 END
START 14348 6516 -7164 -1830 14343 -32768 620 462 504 518 470 END
START 8864 3380 -268 -4096 16268 -32768 694 463 503 514 481 END
START 6964 -1884 2012 -4831 13823 -32768 622 461 504 510 463 END
START -23644 -11288 -13760 1074 26333 -32768 624 455 502 512 465 END
START -32768 -7216 24972 -13571 -6000 -32768 628 465 503 515 466 END
START -32768 -20584 9872 -1155 -26643 -22274 642 471 508 529 503 END
START -32768 -7572 -7564 -3917 -10623 -12588 630 507 460 487 466 END
START -27400 -3616 -304 -3286 11080 -7950 635 466 502 513 474 END
START -32768 3104 4900 -1753 2948 -3088 636 467 508 513 467 END
START -25716 3264 5428 1468 -9253 -167 636 466 508 514 468 END
START -14972 5904 -1608 1695 -9241 144 636 466 513 518 466 END
START -10236 6824 -3772 -70 401 -1198 635 469 508 515 469 END
START -17300 6088 1844 -1357 2254 -1398 633 472 506 516 471 END
START -17708 4588 2140 -1814 -1077 -664 629 473 504 518 470 END
START -17728 3732 3072 -2199 -4437 203 641 460 510 515 466 END
START -15604 3248 1504 -1825 -5849 816 642 470 507 516 471 END
START -12668 3284 264 -2030 -4807 559 642 471 516 532 472 END
START -12896 2700 676 -1526 -747 -285 636 472 511 516 472 END
START -15588 2556 1476 -912 -968 -641 633 416 519 518 471 END
START -16484 2728 1980 -528 -3204 -471 636 474 506 518 473 END
START -16388 2624 1952 -171 -4212 -104 638 475 511 518 473 END
START -14496 2932 1368 -318 -3077 -16 621 473 520 525 474 END
START -13860 2664 -1316 -81 361 -169 632 473 517 519 488 END
START -16724 2320 344 -422 486 2 639 471 515 518 470 END
START -16076 2368 508 -230 -1129 349 640 470 498 542 480 END
START -15416 2496 8 -162 -367 426 633 475 512 519 474 END
START -16484 2608 1200 -403 -1141 678 637 484 516 567 473 END
START -16008 2768 860 -751 -2783 923 634 476 520 518 477 END
START -14648 2452 180 -1174 -2269 776 635 476 513 519 475 END
START -14968 2600 -316 -1892 -1687 702 619 506 508 506 529 END
START -15960 2424 696 -2361 -2314 817 644 477 515 520 456 END
START -16352 2368 1320 -2624 -3329 1191 635 476 516 521 474 END
START -17024 2280 1308 -3008 -4973 1823 623 477 474 518 477 END
START -16936 2380 1784 -3380 -8121 2489 644 477 519 520 485 END
START -15964 2260 528 -3966 -8673 3019 638 480 517 523 481 END
START -16132 2368 1784 -4343 -9616 3468 625 482 499 520 463 END
START -16320 2464 1296 -4534 -9551 3954 639 487 515 522 460 END
START -16996 2448 1732 -4575 -11003 4557 638 482 518 524 482 END
START -16488 2864 3388 -4369 -13586 5260 634 484 559 525 510 END
START -16452 3216 6000 -3798 -15181 5950 641 485 520 527 484 END
START -16832 3112 7712 -2592 -17027 6834 640 487 520 530 486 END
START -17304 3544 6956 -1378 -19700 7894 642 490 523 536 495 END
START -16100 3504 6048 -697 -23413 8591 645 468 527 544 496 END
START -13576 4652 6204 169 -26755 9111 646 506 542 555 502 END
START -11636 5248 5256 241 -27209 9075 639 517 556 567 508 END
START -11524 5648 7496 -220 -28038 9076 641 513 571 577 524 END
START -11176 5644 9536 8 -30688 9116 637 549 590 594 550 END
START -8300 5868 8420 525 -32768 8549 634 572 606 607 573 END
START -4156 7300 6040 298 -30185 7414 630 647 621 593 605 END
START -2332 7928 5892 -858 -24112 5746 637 601 634 629 605 END
START -2420 6940 7464 -1869 -18403 4329 637 601 640 637 610 END
START -3360 6400 8084 -1524 -12920 3431 649 611 646 647 610 END
START -4244 5964 9652 -1116 -9938 2785 632 617 648 645 618 END
START -3976 6164 11104 -386 -8986 2490 633 619 652 647 620 END
START -4356 6608 11184 -224 -7666 2006 628 614 651 646 627 END
START -4520 6968 11712 -547 -6833 1564 633 620 651 650 621 END
START -5668 7256 11924 -922 -7570 1428 630 620 654 651 622 END
START -6004 7568 12496 -1373 -9854 1587 635 606 653 665 621 END
START -4316 7524 9980 -3400 -15150 1232 632 623 653 659 621 END
START -4328 8708 16048 -3642 -3904 406 627 621 653 650 621 END
START -6316 8076 11172 -2706 1264 481 627 538 665 651 691 END
START 1672 8332 10280 -4590 -2765 -741 621 622 653 651 618 END
START -12344 6224 16104 -1802 -4279 -370 631 620 653 649 622 END
START -9772 7456 18524 -1162 -486 -390 626 608 653 635 595 END
START -4464 7372 11404 -2196 -2039 -634 629 620 651 651 619 END
START -1536 5936 11132 -2210 -3206 -444 627 621 653 651 619 END
START -2204 5428 9824 -1865 -2150 -198 632 639 653 649 619 END
START -5000 5220 12924 -1362 131 -251 628 620 651 651 619 END
START -4756 4480 12116 879 8442 -219 623 617 652 650 618 END
START -5392 7016 15708 940 8148 -76 620 618 664 650 614 END
START -7532 7012 14976 -1619 624 -418 623 619 653 650 615 END
START -8880 7620 16168 -2300 -4109 -87 655 619 652 649 619 END
START -2420 5388 10632 -2184 -4540 198 621 619 652 657 620 END
START -1820 5388 10740 -892 -289 112 623 620 652 650 621 END
START -4144 4156 10156 1039 3280 -176 621 535 653 653 620 END
START -6844 5872 13736 1218 3039 -450 615 618 653 651 617 END
START -5316 5728 12220 420 726 -479 622 619 652 650 619 END
START -4124 5004 10260 -448 544 -444 623 610 653 635 615 END
START -6784 5144 13068 165 3405 -368 619 617 653 650 619 END
START -4344 5516 11188 369 2707 -290 619 618 652 650 617 END
START -2528 6216 11180 -592 1622 -337 617 617 652 650 617 END
START -6568 6572 13636 -1730 -898 -279 622 617 652 650 619 END
START -5232 6136 13192 -2424 797 -178 611 619 653 649 618 END
START -5324 5804 13688 -2863 1645 41 622 618 653 650 614 END
START -6892 6460 14380 -3277 518 335 617 616 653 649 618 END
START -5820 5264 14172 -2381 -621 681 621 617 654 675 618 END
START -4808 6060 14436 -2420 -2097 630 623 626 667 650 616 END
START -4052 5576 15032 -2373 -2731 370 625 618 653 650 618 END
START -2812 6624 16872 -2468 -1106 44 626 555 653 634 618 END
START -2540 5712 13608 -2161 -777 -72 623 617 653 653 616 END
START -9208 5484 16732 -1981 -7580 -265 622 618 653 651 615 END