START -11868 11124 15952 5768 3166 260 654 604 642 645 602 END
START -14756 9740 12832 4177 -2500 118 635 601 641 643 602 END
START -22716 11596 26468 2200 1814 -42 638 598 641 681 602 END
START 2472 9020 5932 -368 10046 247 639 636 642 644 601 END
START -7888 8972 12996 -1424 9284 224 631 603 641 642 602 END
START -4244 8716 10536 -2340 9558 491 629 570 642 641 606 END
START -8872 8636 13140 -3258 5844 750 631 601 642 642 605 END
START -8920 8796 15120 -4984 547 1227 648 668 643 629 562 END
START -9984 8908 17700 -6655 -8248 1641 631 599 642 645 602 END
START 5388 13408 26160 -8255 -9151 2259 636 602 642 644 602 END
START -17100 6592 25780 -3840 -22621 1882 628 600 634 660 602 END
START -8536 6692 12328 -3933 -6864 3598 637 603 642 646 606 END
START -636 6076 14420 -3803 2028 1234 635 605 643 645 608 END
START -10404 5560 17900 1327 -1925 1379 630 605 643 645 605 END
START -5440 7020 15908 4200 560 2304 635 604 642 644 603 END
START -7296 6948 16496 4671 -2296 2751 636 605 642 645 596 END
START -9936 7148 18044 5791 -3446 3659 625 610 642 659 613 END
START -6312 7988 15460 7396 -3580 4541 637 602 642 644 607 END
START -3756 8904 14320 9122 -4127 5305 636 603 641 643 606 END
START -2732 9476 12456 10788 -1514 5496 601 620 640 643 607 END
START -3908 10008 10316 12618 3533 5697 642 612 640 642 624 END
START -1308 8692 11900 13236 679 5712 637 603 639 642 604 END
START 1524 10460 8284 14987 8828 6102 631 606 640 641 605 END
START -3660 10592 9064 14106 10871 5662 609 602 638 640 606 END
START -3140 10720 6796 14232 10131 5984 636 604 639 640 604 END
START -2036 11540 5144 13786 10689 6341 639 603 635 636 603 END
START -3736 11628 6024 12332 10979 6610 643 606 639 639 641 END
START -4728 11704 5692 10956 8927 6825 636 605 638 642 604 END
START -5012 11092 6240 10535 5088 6593 638 605 638 640 606 END
START -860 12624 1980 8689 2421 6481 639 605 650 638 604 END
START -1056 12860 2160 7532 5726 5934 638 604 638 640 606 END
START -1636 12996 2576 6804 6922 5459 632 605 639 639 608 END
START -2264 13316 3500 5743 7410 5080 639 606 638 640 603 END
START -2480 13440 3784 4964 6530 4807 635 605 638 639 605 END
START -1592 13832 2920 4282 5643 4669 660 607 632 644 605 END
START -1088 13828 2872 3708 6797 4307 635 607 618 640 606 END
START 476 13936 2444 3538 8600 3763 639 604 638 640 606 END
START 260 14460 1896 3283 12624 3094 641 641 635 655 605 END
START -1964 14464 3272 2948 15752 2775 634 604 637 639 580 END
START -3480 15060 4456 2895 14657 2751 643 606 637 639 606 END
START -3368 15596 3688 2912 13568 3013 641 603 636 640 603 END
START -4140 15692 3252 2613 12801 3324 638 602 636 636 603 END
START -4096 15200 3820 2452 10165 3541 642 601 635 641 593 END
START -2744 14640 3652 2471 7654 3386 637 603 634 649 599 END
START -1240 14456 2636 2646 7416 3009 638 600 634 636 600 END
START -1264 14472 2584 3039 8135 2527 638 595 632 635 600 END
START -744 14380 2248 3345 7935 1839 638 601 633 636 597 END
START -832 14292 3500 4135 7451 1278 636 600 632 634 598 END
START 2136 14144 -2204 3627 9187 112 661 599 668 632 586 END
START -328 14076 -520 3981 11560 -951 635 594 628 630 593 END
START -424 14052 -1512 3971 14098 -1950 631 592 625 628 589 END
START -2500 14276 -112 3662 15778 -2464 635 533 621 605 611 END
START -3112 14384 -752 3544 15504 -2814 638 579 618 622 577 END
START -3484 14984 -1500 3140 15018 -3061 630 571 614 621 571 END
START -2888 15016 -4120 2592 14507 -3664 627 562 617 624 560 END
START -3484 14632 -3804 1634 13833 -4496 634 550 587 630 550 END
START -2280 14236 -3756 673 12375 -5433 636 539 588 604 539 END
START 232 13712 -3904 -432 10921 -7291 637 532 580 599 533 END
START 4184 12512 -3892 -949 10259 -10206 640 522 570 588 520 END
START 9928 11084 -6684 -1520 9351 -15525 642 507 555 575 504 END
START 12516 11568 -10308 -2972 9785 -22067 640 501 537 559 496 END
START 18448 7976 -8028 -7112 7560 -31173 649 482 522 542 485 END
START 19668 1348 -2324 -8677 8602 -32768 644 468 510 519 471 END
START 16168 -7236 2684 -11181 14605 -32768 646 463 497 507 464 END
START -8476 -6396 10924 -11075 31648 -32768 646 463 495 504 465 END
START -32768 -15348 -25404 -11865 19303 -32768 647 569 496 531 452 END
START -32768 -8348 16000 -26945 -3008 -32768 650 475 505 503 532 END
START -27604 -18516 980 -2015 -6531 -15563 650 465 497 513 466 END
START -32768 10076 -5636 9448 1110 -5436 652 463 502 507 452 END
START -24504 9560 608 499 7992 -4537 653 462 503 508 464 END
START -26208 10552 1448 4993 9261 -3277 651 491 511 510 462 END
START -18872 11220 844 3306 1889 -3312 651 465 505 511 466 END
START -19552 10816 1592 5673 2275 -2382 654 464 512 512 467 END
START -17700 10304 -1016 3550 -2497 -1942 651 483 499 510 468 END
START -17244 8272 -1416 -254 166 -1143 651 470 505 517 467 END
START -17732 6564 136 -2738 -1199 -22 655 467 508 513 469 END
START -16648 5440 316 -3186 -2949 809 651 474 513 509 488 END
START -14636 4984 -532 -2758 -4316 1035 649 470 508 511 472 END
START -12364 4816 -724 -2286 -3193 447 653 471 508 515 470 END
START -12984 4796 -1664 -2069 -1751 -557 653 483 479 514 522 END
START -14168 4092 -1108 -1656 -1204 -1243 655 471 505 517 471 END
START -15032 3672 -3264 -578 -1640 -1416 652 472 510 518 470 END
START -15644 3804 -1548 -278 -1623 -1005 652 492 512 490 467 END
START -15356 4524 -2536 94 606 -608 652 473 513 516 470 END
START -16020 4476 -1648 -155 369 -301 655 474 514 517 473 END
START -15828 4932 -1648 -84 -667 -2 628 428 509 526 493 END
START -16752 4976 -1896 -212 -2319 209 652 419 509 519 481 END
START -16096 5088 -1352 -271 -4999 467 653 482 512 517 472 END
START -13128 5464 -2572 -484 -3259 298 652 455 519 519 523 END
START -13220 5768 -1908 -1299 1254 -147 654 477 514 519 475 END
START -16680 5808 -1400 -2099 1736 -275 663 476 512 516 481 END
START -16636 5236 -36 -1097 -824 57 653 490 507 500 473 END
START -15724 5540 -1312 -720 -1268 297 656 477 512 517 475 END
START -16172 5716 -372 -906 -1219 563 650 476 514 520 477 END
START -16076 5216 -720 -815 -1970 855 653 476 520 517 418 END
START -16212 5540 -340 -748 -3238 1104 651 474 515 519 477 END
START -15748 5616 -872 -824 -4143 1279 662 471 515 519 480 END
START -16088 5668 -736 -1173 -5567 1436 658 477 511 519 477 END
START -16632 5264 -1032 -1132 -7489 1763 656 478 517 516 476 END
START -17068 5048 -548 -958 -9761 2177 657 479 517 519 480 END
START -17320 5036 1516 -530 -12555 2677 660 474 482 540 482 END
START -20192 5004 3392 -208 -17472 3513 665 479 516 520 481 END
START -19784 4624 3172 528 -24706 4509 656 480 518 518 483 END
START -18436 4812 1584 924 -30996 5191 668 517 520 512 485 END
START -16612 4644 2384 379 -32768 5722 663 486 522 537 491 END
START -14316 4932 4108 722 -32768 6153 660 491 530 543 499 END
START -12204 5776 3132 774 -32768 6354 664 506 528 554 490 END
START -9936 6508 4032 66 -32768 6076 656 526 558 572 528 END
START -9592 6668 5608 -866 -30982 5587 654 542 575 587 545 END
START -9224 6880 7348 -1985 -28795 4852 651 564 608 602 591 END
START -7716 7708 8232 -2147 -28161 4044 655 583 607 614 585 END
START -7524 8100 7676 -2304 -26259 3590 650 593 621 624 595 END
START -8324 7456 8528 -3001 -27638 3094 664 603 628 667 601 END
START -4852 6940 6504 -2277 -27101 2336 648 604 635 631 605 END
START -3008 7452 7868 -947 -23417 2008 650 608 638 639 607 END
START -804 7376 7052 -763 -16362 967 638 606 639 643 610 END
START 5428 4668 2264 4005 -2891 1317 643 610 639 641 610 END
START -8480 10680 18296 -627 -4009 -1 640 610 640 642 609 END
START -5196 8712 13264 -3365 -2754 -711 645 614 642 640 612 END
START -6244 7672 12388 -2567 -3275 -433 647 612 639 643 611 END
START -6900 6572 12244 79 -3208 178 643 605 643 644 610 END
START -6600 8092 12020 -437 -5152 236 645 611 645 647 610 END
START -5104 7420 11784 -904 -5894 207 643 615 644 645 610 END
START -4048 6888 12024 164 -4577 126 620 612 645 647 610 END
START -3880 7764 12108 520 -2653 29 639 609 645 644 609 END
START -4248 7484 11748 353 -1149 -19 643 610 645 646 609 END
START -4352 7516 11420 300 -23 -41 620 614 646 630 609 END
START 7148 4468 -11396 9699 17803 247 643 610 645 645 610 END
START -8016 6556 7680 2117 -6533 -506 642 642 645 647 611 END
START -5740 6152 11456 4928 -9136 386 666 611 645 647 611 END
START -2804 9100 10460 4947 -5860 497 643 612 645 646 611 END
START -3328 8376 9824 977 -2309 270 671 602 646 644 611 END
START -2740 7164 9804 1637 2943 107 643 609 646 648 610 END
START -3008 7632 6700 4922 10750 261 643 610 646 647 609 END
START 6092 9812 -112 4551 22204 868 642 605 647 646 629 END
START -14700 8104 17344 56 5242 -492 641 611 646 647 611 END
START -3120 8060 9196 -1354 6196 -208 629 610 635 646 654 END
START -8612 7664 14268 -916 2691 -625 632 615 646 650 610 END
START -5516 8232 11252 -301 4079 -518 636 610 646 646 612 END
START -6380 9760 10736 85 3548 -498 658 612 645 661 611 END
START -6892 9296 11412 -1915 1386 -283 638 636 646 646 610 END
START -5324 8748 12024 -2482 1719 -186 644 610 646 647 610 END
START -6804 9832 14632 -3375 1191 -311 643 609 646 647 646 END
START -4160 9236 12780 -4916 -731 -523 643 610 646 648 612 END
START -8716 8116 16744 -6079 -6760 -741 641 609 646 648 609 END
START -6396 8072 14284 -6337 -9877 -843 641 638 647 646 618 END
START -2480 6456 9388 -5216 -17454 -1257 645 608 646 647 609 END