START 15232 4168 2544 4650 13023 396 613 634 675 672 630 END
START 7848 1268 4012 5479 13487 -364 613 634 675 672 632 END
START -13180 7784 26580 331 7818 -281 614 634 675 672 634 END
START -4856 3388 17348 -2262 10205 -324 609 627 673 672 633 END
START -2076 2832 16384 -3526 6906 -61 614 634 677 670 633 END
START -4732 2740 19140 -3840 2933 215 608 635 675 672 634 END
START -3672 3524 17900 -5142 1918 325 610 633 675 671 634 END
START -3568 2808 15928 -6414 -590 515 608 635 675 671 635 END
START -7940 5996 32767 -7917 -2160 700 560 634 673 663 633 END
START 6392 1160 12664 -3831 -9395 792 611 635 675 674 634 END
START -10596 2592 26384 -4993 -21359 395 610 634 675 672 633 END
START 2404 2320 11352 3555 -16556 284 666 620 674 672 637 END
START 4676 3552 13480 2182 1780 -701 615 633 675 671 634 END
START 2392 2204 12888 2200 2957 -936 614 633 674 672 635 END
START -1640 2352 14764 1989 4219 -1007 613 624 683 671 637 END
START 2092 2972 10900 1231 6357 -1295 614 635 674 671 636 END
START -312 2564 11944 198 7385 -1257 611 633 675 672 633 END
START -2416 2080 13484 -343 6388 -913 613 606 661 671 662 END
START -1056 1920 13360 -803 7337 -487 614 632 674 672 636 END
START -1716 1876 13996 -1496 9192 -28 612 623 676 672 633 END
START -2896 1640 15772 -1631 9537 795 614 634 673 670 631 END
START -2264 1636 17544 -1003 12316 1510 612 627 671 671 630 END
START -4076 1620 20300 -194 15506 2529 612 629 672 669 626 END
START -7196 1288 23860 2313 16752 3778 612 624 663 669 623 END
START -8828 2608 25708 5995 16681 5343 613 622 669 668 621 END
START -9988 4140 25436 9497 17552 7220 608 621 667 666 622 END
START -12596 6040 26292 12542 19539 9556 610 620 668 665 616 END
START -14688 5968 25528 15542 17311 12827 610 618 670 664 619 END
START -18560 6788 25088 18923 13219 16702 610 616 665 662 617 END
START -19208 7384 24524 21491 6074 20904 612 618 669 663 667 END
START -13940 6732 20572 24528 -859 24444 609 620 666 675 632 END
START -11116 6976 15176 26154 -4307 26661 603 620 666 663 620 END
START -9760 5984 11056 26518 -9010 28330 610 622 668 663 622 END
START -6388 3884 8820 27625 -15479 29183 590 621 673 664 636 END
START -984 4140 4560 28910 -17223 28915 607 624 671 666 628 END
START 5616 4812 -1400 26902 -12818 27470 610 624 671 664 625 END
START 5544 6932 20 22725 -5043 25954 548 624 681 676 620 END
START 1292 7012 2120 19049 -5703 24924 613 626 673 666 628 END
START 1652 6316 24 16134 -8800 23653 611 631 673 662 629 END
START 6812 7440 -4568 14661 -9565 21695 608 650 675 632 630 END
START 9032 8572 -7880 10070 -4407 18848 608 630 674 667 630 END
START 6384 9304 -3440 5582 -213 15942 611 632 676 669 632 END
START 4704 9656 -340 2389 -2512 13548 617 648 675 682 633 END
START 5332 9220 -836 -602 -5120 11512 606 645 676 671 638 END
START 6556 9904 -2064 -2803 -5109 9535 611 632 677 672 634 END
START 7624 10540 -2700 -4834 -2524 7481 634 629 665 672 639 END
START 5644 11148 40 -6526 1130 5846 612 630 677 670 634 END
START 4896 10740 2736 -7186 1922 4785 610 634 678 672 634 END
START 5848 10388 3500 -7136 915 3867 611 635 676 672 637 END
START 5024 10688 4336 -7012 1136 3090 610 635 678 672 634 END
START 4236 11104 6204 -6298 117 2654 605 669 678 674 636 END
START 4816 11620 7164 -5496 -1754 2582 607 632 680 672 629 END
START 6120 11544 6408 -4454 -2583 2454 605 634 678 672 638 END
START 6932 11832 6376 -3325 -623 2062 607 636 680 671 621 END
START 6780 12208 7860 -2151 251 1752 608 634 678 672 636 END
START 7116 12300 8020 -1272 103 1519 611 634 677 676 634 END
START 7056 12396 7484 -665 -325 1323 610 634 681 672 629 END
START 7640 12392 7048 -428 -2272 1137 608 635 678 667 635 END
START 8876 12316 6224 -50 -4969 654 611 633 678 672 636 END
START 11284 12616 4924 -298 -7391 -309 609 634 678 673 647 END
START 14536 12212 4008 -246 -9497 -2091 610 635 677 672 635 END
START 17768 12552 1268 -723 -8613 -5144 600 633 664 674 635 END
START 20436 12532 -84 -2594 -4165 -9020 609 635 666 674 634 END
START 20612 11888 2196 -4538 707 -13344 610 635 678 676 635 END
START 17924 11656 3264 -5970 3894 -17299 635 635 678 673 635 END
START 15488 10392 3928 -7554 4450 -20450 612 634 679 714 635 END
START 13896 9888 4108 -7750 6997 -23239 635 636 679 673 638 END
START 11360 9384 4988 -8511 6868 -25823 613 638 680 675 639 END
START 8628 8436 4556 -9218 7960 -27516 614 638 693 678 655 END
START 5520 7472 7292 -9114 10220 -28837 615 640 677 678 641 END
START 2288 9456 5784 -9585 11490 -28444 616 642 683 680 642 END
START -9484 5792 832 -11810 12798 -26887 617 657 686 676 644 END
START -29100 5428 13592 -12571 10056 -22066 615 643 686 681 643 END
START -29976 3088 19548 -7460 -18854 -13726 615 644 701 683 646 END
START -12816 7668 12808 529 -23897 -8522 615 642 687 682 644 END
START -1244 9884 6068 -1294 -6512 -6552 628 645 676 684 663 END
START -3968 9276 6656 -240 14634 -5523 616 645 686 683 644 END
START -14684 10856 11320 659 12484 -3476 618 645 686 683 643 END
START -12556 11848 11644 2261 -185 -1013 629 644 687 685 645 END
START -3464 13348 9016 2874 -4685 0 615 644 687 683 650 END
START 3240 13556 6640 2470 484 -227 616 646 684 683 645 END
START -504 13776 6664 727 10175 -769 639 645 689 682 646 END
START -8552 12984 10800 -55 6387 -51 615 648 687 684 646 END
START -8052 12860 10236 555 -3703 932 613 646 686 682 645 END
START -2284 12904 7916 488 -7917 1110 609 645 687 690 644 END
START 2716 12360 5276 247 -4207 369 613 645 686 686 645 END
START 892 12284 5892 -872 2888 -698 626 645 688 681 648 END
START -4052 11432 7768 -1430 4200 -900 614 644 687 681 646 END
START -5536 10996 7232 -1338 1619 -577 617 644 686 682 646 END
START -4160 10756 6056 -1428 -110 -336 585 645 680 680 622 END
START -3492 10488 5536 -1933 -291 -290 618 625 686 682 642 END
START -3892 10444 4816 -2618 -104 -322 619 647 684 681 644 END
START -4776 10156 6068 -3715 -1270 -267 619 637 684 684 643 END
START -5112 9564 6356 -4244 -4137 -62 617 642 683 681 643 END
START -4452 9920 5144 -4974 -6751 19 616 642 683 679 642 END
START -3428 10336 2132 -6304 -8092 1 626 642 693 677 647 END
START -3192 10080 904 -8471 -8213 -195 596 641 683 675 644 END
START -4220 9772 4448 -10493 -8911 -148 620 642 682 678 642 END
START -4836 8508 7712 -11928 -12688 290 620 642 631 678 620 END
START -3744 8144 6228 -12778 -15567 881 618 641 682 677 642 END
START -1736 9104 5488 -13844 -15351 1393 616 642 682 674 642 END
START -1492 8636 8912 -14960 -14289 1850 622 642 690 678 641 END
START -1244 8296 9004 -15200 -14961 2156 618 632 684 677 640 END
START 1144 7576 6764 -15387 -13358 1830 617 642 681 678 642 END
START 3820 6936 7120 -14372 -9311 1028 617 642 681 679 642 END
START 3100 7536 12392 -15571 -4187 371 620 640 681 680 643 END
START 188 6536 14972 -15502 -4878 319 619 641 681 678 643 END
START -108 6160 13032 -14115 -6186 392 619 642 680 678 644 END
START 1976 6100 9828 -14538 -4568 302 616 644 682 677 634 END
START 3192 4416 14936 -15394 -2851 -109 614 643 681 678 642 END
START 1484 3332 18656 -14078 -4222 -797 669 642 680 678 643 END
START 1224 3704 17596 -12400 -6201 -1208 611 642 681 676 641 END
START 2092 4096 15068 -11015 -5693 -1494 619 647 682 680 641 END
START 3420 4316 14948 -10902 -4138 -1547 615 642 682 677 642 END
START 3404 3380 17852 -10772 -3021 -1426 633 641 692 678 649 END
START 2628 3344 18736 -9651 -3726 -1469 615 642 681 678 641 END
START 3448 4508 17092 -8363 -2742 -1510 615 641 682 678 641 END
START 664 5656 16540 -9197 -1884 -797 614 635 681 699 642 END
START 2028 4748 19260 -11059 -5364 65 612 642 680 678 642 END
START 4844 3324 18664 -7686 -8170 608 611 642 680 678 642 END
START 8060 4340 16276 -6039 -3107 514 611 645 685 686 642 END
START 7680 4600 15496 -7442 4191 87 612 642 681 677 624 END
START 31596 -488 -20312 4436 32767 2866 613 641 681 678 644 END
START -3768 3044 22224 -7575 5116 -1147 611 623 681 665 639 END
START -2224 3184 23176 -5066 6519 207 613 643 681 676 643 END
START -3868 2540 18852 -5047 -1320 656 610 642 681 678 643 END
START -5464 2400 21808 -3788 -4364 816 604 617 681 691 609 END
START 7976 2408 14076 -2628 -1446 633 618 642 680 678 641 END
START 7980 2088 12380 -991 91 302 610 642 683 678 642 END
START 2836 3216 16392 -1268 3121 -105 608 644 681 677 635 END
START 1612 2812 15964 -1495 2842 -130 613 643 681 678 642 END
START -580 2440 16320 -2067 40 113 591 641 677 673 642 END
START 328 2364 16300 -1857 -723 283 612 642 677 680 644 END
START 664 2796 15724 -1538 -2244 335 613 641 680 679 641 END
START 2748 2692 14640 -1168 -396 406 610 642 680 676 641 END
START 2996 2012 13424 5 3745 252 606 641 681 680 642 END
START 1756 1016 15216 2267 4926 -141 618 641 697 677 636 END
START -3112 2736 14852 3801 2308 -198 612 642 682 678 655 END
START -1812 3312 16044 2274 4567 442 609 642 680 679 641 END
START -188 2580 17812 1100 -7 851 607 640 679 677 644 END
START 4876 3200 9636 1160 6994 592 611 641 681 677 642 END
START 1688 2164 14528 -34 6222 -314 635 639 673 676 690 END
START -308 2096 15124 -887 5217 -636 610 642 680 678 641 END
START -2852 1896 16444 -1397 2655 -514 621 633 680 678 645 END
START -1860 1496 16248 -1922 -221 -311 612 642 680 678 643 END
START -660 1828 16356 -3016 -2167 -358 611 641 680 677 640 END
START -1212 2844 17120 -4662 -2809 -624 600 641 691 673 641 END
START -4600 2284 19192 -5601 -1445 -783 609 622 679 673 642 END
START 3876 240 12648 -3473 -6299 -991 613 640 680 677 640 END