START -136 2488 13508 5115 4800 18 616 639 678 674 637 END
START 3244 1920 8688 4127 2615 -196 587 641 685 680 639 END
START 3732 2868 9352 1098 6823 -477 608 644 678 678 639 END
START -240 2068 10932 -1188 10054 -432 610 632 678 656 619 END
START 172 2096 12308 -4612 7815 -1712 607 633 677 676 637 END
START -3948 396 15544 -4301 7216 -1163 605 639 677 675 638 END
START -3332 1280 18012 -6575 4854 -840 606 633 677 671 614 END
START -6004 1664 23812 -10272 1622 -1095 608 639 676 678 638 END
START -1864 -1224 22820 -10569 -9473 -1828 608 639 677 674 637 END
START 6068 -968 7224 -12076 -27660 -1115 611 637 676 674 637 END
START 14968 252 7112 3831 32767 1093 609 634 671 673 631 END
START -8412 804 30772 -656 14446 -313 609 634 672 673 637 END
START -3236 -1216 20644 2093 30820 1122 610 633 674 672 633 END
START -12996 1008 27600 1616 26617 2387 608 633 672 665 636 END
START -19724 -736 30388 5081 7929 5731 611 637 672 672 629 END
START -15412 -40 26588 9158 -8621 8662 610 629 672 670 629 END
START -8156 760 22980 12210 -11599 10158 609 629 669 676 658 END
START -4444 1856 22224 14354 -6892 11152 605 628 670 670 625 END
START -5724 2220 23884 15813 -715 12438 609 626 671 668 626 END
START -5804 2196 23832 17946 -3094 13972 643 627 668 607 611 END
START -7900 3004 21212 19436 -423 15854 623 627 669 669 626 END
START -6188 3792 17612 21512 42 17232 612 627 672 669 627 END
START -6972 5044 17920 23024 759 18670 630 631 703 668 644 END
START -9096 4500 18212 22639 -2805 20521 612 624 671 669 628 END
START -7564 4840 16336 25605 -10098 21829 611 628 672 669 628 END
START -2052 5584 10692 26457 -9871 21897 611 628 672 670 630 END
START -1788 5952 9824 25098 -6254 22029 611 625 673 686 632 END
START -3904 3972 9660 25696 -7959 22884 607 631 673 689 633 END
START -1140 5592 5124 24867 -9101 22579 611 631 673 670 632 END
START 2312 5456 2080 24033 -10373 21958 613 577 663 672 635 END
START 4516 5996 24 21798 -7265 20706 602 633 675 673 635 END
START 2752 6764 2668 18259 -6028 19654 611 634 675 672 635 END
START 884 5468 1920 16013 -9408 18083 638 635 680 687 636 END
START 5032 5980 -3712 13802 -10975 16570 612 637 676 672 637 END
START 9852 7212 -8464 10531 -5877 14015 612 636 677 672 637 END
START 9940 8208 -7160 6298 614 11153 611 636 677 677 638 END
START 6728 8332 -2212 2716 2275 8848 612 637 677 673 636 END
START 5788 8548 772 213 88 7211 611 636 677 673 638 END
START 6404 9176 1624 -1357 -1458 5758 612 638 678 667 639 END
START 7492 9592 1772 -2369 -2581 4115 612 637 679 675 637 END
START 7624 10188 2156 -3204 -869 2657 654 637 684 674 641 END
START 7380 10728 3492 -3658 1082 1654 611 637 678 674 635 END
START 6152 11020 5604 -4060 2288 1121 612 636 679 673 638 END
START 5316 11312 6852 -3747 1682 1000 614 646 678 698 610 END
START 5764 11556 6896 -3247 695 903 612 638 678 673 635 END
START 6372 11804 6560 -2588 536 898 607 637 678 675 637 END
START 7176 12040 6212 -2208 652 897 612 638 678 676 608 END
START 6536 12108 7096 -1644 609 942 614 635 678 674 635 END
START 6580 12476 8824 -873 -1562 1116 623 634 670 674 662 END
START 7544 12336 9416 110 -4923 978 614 637 678 673 645 END
START 9572 12564 8216 766 -7075 321 602 592 678 672 639 END
START 12440 12588 6552 1298 -6765 -912 612 641 680 674 638 END
START 14608 12656 4608 1137 -4952 -2744 612 637 677 674 639 END
START 16104 13096 2812 928 -3283 -5158 594 638 679 673 639 END
START 15388 13396 1192 -664 -608 -7764 611 639 679 674 638 END
START 13644 12916 3244 -2273 -1175 -9995 612 638 679 675 638 END
START 13300 12128 4772 -3853 -4571 -12177 612 638 679 675 639 END
START 14424 11552 2900 -5684 -6401 -14502 612 664 676 675 642 END
START 16748 10784 1044 -7483 -4254 -17481 613 636 678 672 640 END
START 16668 10140 60 -8340 2780 -20547 613 639 679 675 637 END
START 12808 9720 4052 -9954 7116 -22985 538 663 679 679 639 END
START 9584 8184 5364 -10591 8980 -24993 614 641 681 679 642 END
START 6380 7612 6460 -10474 9779 -26459 616 642 680 673 641 END
START 2948 6948 6088 -11091 9626 -27074 640 644 675 681 650 END
START -3692 6780 5544 -10021 9879 -26411 617 614 684 679 645 END
START -11560 6976 9868 -11237 5476 -24222 622 644 686 682 643 END
START -18672 5520 14244 -10511 -1708 -20214 620 644 685 681 645 END
START -19000 4956 18432 -5552 -14281 -15923 617 621 684 682 636 END
START -10116 8292 11564 -2515 -12188 -12296 616 646 686 681 644 END
START -5840 7024 9088 -2017 3499 -10112 616 645 685 681 644 END
START -14472 8336 12728 -230 7393 -7563 616 644 685 682 637 END
START -14832 9984 11556 734 540 -4475 615 624 685 680 646 END
START -8236 11328 9648 1546 -3894 -2633 617 649 684 683 638 END
START -2092 12876 7928 1572 -1331 -1950 617 644 684 682 643 END
START -772 13300 7736 393 4512 -2071 560 672 684 667 645 END
START -5764 12872 9376 -498 5063 -1738 619 646 686 682 645 END
START -7288 12140 9564 -631 -455 -835 610 645 684 681 644 END
START -4864 12136 8752 -876 -3968 -312 612 624 685 624 634 END
START -1952 11756 7296 -1338 -3290 -310 619 624 687 682 645 END
START -1904 11196 7232 -2146 -387 -653 617 643 684 685 637 END
START -2884 10280 7672 -2543 627 -931 651 645 687 677 645 END
START -3504 9532 6784 -2781 325 -1219 620 644 684 681 646 END
START -3728 9204 5768 -3319 -178 -1502 621 644 684 681 644 END
START -3896 9032 5340 -4321 -1573 -1713 591 644 681 695 643 END
START -4364 9004 5064 -5461 -3522 -1782 618 647 682 679 647 END
START -3420 8348 3944 -6799 -4872 -1857 618 642 681 678 641 END
START -3632 7864 2148 -8586 -4463 -2085 616 642 678 678 631 END
START -4800 7308 3288 -11138 -4592 -2142 618 641 681 677 640 END
START -5300 6716 6332 -12819 -7546 -1736 618 642 681 678 641 END
START -4328 6800 6372 -13672 -9864 -1157 618 638 681 678 642 END
START -2888 6680 4792 -15254 -9304 -864 617 643 681 676 642 END
START -1288 5956 4692 -16962 -6052 -888 617 643 682 677 641 END
START -3736 6400 9036 -18269 -3803 -790 618 641 681 682 641 END
START -4728 4852 11052 -18524 -4486 -630 620 634 681 677 641 END
START -3356 5376 9960 -17713 -7633 -74 619 641 681 678 642 END
START -1456 5428 9632 -18828 -6681 144 618 641 681 678 646 END
START -2444 4508 14832 -17742 -5534 497 616 645 688 678 648 END
START -3916 3948 16752 -18043 -6905 761 618 641 681 679 644 END
START -2852 3276 14852 -17020 -8476 1054 618 641 681 677 641 END
START 340 3740 13916 -15933 -6615 900 640 642 685 677 631 END
START 772 3480 17524 -15475 -4176 698 616 641 681 678 640 END
START -1688 3028 19536 -14985 -4427 986 615 641 681 677 641 END
START -2820 1600 19796 -13474 -6783 1474 623 645 681 682 642 END
START -584 1684 18092 -11450 -8769 1873 615 645 680 678 640 END
START 2900 2232 18652 -10260 -7709 1946 618 640 680 678 642 END
START 5364 3388 17740 -11414 -1470 1765 616 641 680 681 642 END
START 2476 820 18308 -11766 1790 1360 619 639 681 678 635 END
START -1116 448 19964 -6954 411 1499 615 641 681 678 639 END
START -200 1648 19888 -6994 -1712 1496 597 641 687 678 644 END
START 2568 828 19228 -8746 -2377 1906 614 639 680 677 634 END
START 3844 416 18924 -7656 -860 1675 615 639 680 678 635 END
START 3808 376 18064 -6085 2020 1040 614 655 679 694 634 END
START 2112 116 18340 -5357 3012 444 614 643 680 680 641 END
START 1496 -168 19556 -4291 1767 180 615 643 680 678 642 END
START 2860 1232 16172 -4202 918 -194 615 641 679 676 642 END
START 1888 112 18088 -3739 911 -232 614 640 680 678 642 END
START 4784 2188 17260 370 18939 359 584 640 710 678 666 END
START 2008 504 14284 -2780 999 -517 612 641 680 678 642 END
START -3360 280 18872 -2591 3104 -329 613 640 680 678 640 END
START -3568 312 20144 -2747 -1469 -213 613 640 680 677 642 END
START 304 -212 17040 -2372 -1832 157 615 643 681 677 642 END
START 280 156 15152 -2167 439 303 614 640 681 677 646 END
START 416 136 15048 -1416 1887 397 612 641 680 678 641 END
START -1336 928 16576 -1938 893 490 614 641 680 674 641 END
START -3656 1756 17784 -4065 -5984 342 618 642 665 682 641 END
START -2024 80 16376 -3319 -7564 726 613 641 679 677 639 END
START 192 -568 13676 -1482 -4760 1110 616 630 679 692 641 END
START 2224 540 14612 -2569 -3232 917 615 640 679 678 641 END
START 3060 -532 13824 -3573 -432 647 613 643 680 679 640 END
START -1932 -2304 16296 -867 1591 535 600 560 679 677 621 END
START -2508 -540 17636 3567 3100 845 597 641 680 679 639 END
START -1352 -384 14296 3333 -896 803 613 638 680 678 640 END
START 1556 812 12668 3218 5357 1274 614 646 680 680 641 END
START 656 1120 14536 1578 5929 1450 613 640 680 678 642 END
START 1568 664 14484 -1303 7700 1137 616 652 680 673 640 END
START 3524 -1868 13004 150 7987 576 612 644 679 677 638 END
START -6152 -392 16832 -137 3215 700 613 632 675 678 639 END
START -3976 292 20024 2004 3691 1521 608 640 684 678 640 END
START -2356 -672 16844 1928 4383 846 611 641 680 678 640 END
START 936 -332 15044 720 2673 -83 609 634 680 673 641 END
START -3384 -180 17280 -263 1484 -596 608 639 678 678 639 END
START -1208 -244 16200 -661 823 -807 611 640 680 678 639 END
START -2592 -608 16320 -933 -985 -842 612 640 685 677 640 END
START -3008 -252 16320 -1378 -3310 -853 613 640 680 678 640 END
START -8100 128 19568 -2459 -7319 -1093 613 643 680 678 641 END
START -4852 976 21300 -2981 -5248 -705 613 643 635 681 623 END
START 7892 -1248 7624 -1259 -2043 -698 614 640 680 678 644 END