START -2256 5808 15432 5029 8719 -614 613 620 659 657 620 END
START 5264 5556 7904 3671 7599 -680 612 625 659 653 616 END
START -1324 5708 11300 351 11857 -785 611 618 659 657 619 END
START -524 5792 12368 -2202 9050 -1019 592 618 660 644 620 END
START -1500 5248 12516 -3312 9620 -827 609 619 659 658 619 END
START -7356 5188 17796 -4492 5987 -561 610 621 659 657 619 END
START -6380 4668 18176 -7685 -1243 483 606 621 654 658 645 END
START -17764 3968 29852 -11424 -19064 1675 611 610 661 658 618 END
START -17420 2552 32767 -12341 -32768 3219 612 618 660 658 620 END
START -3420 832 21504 7694 27102 4419 611 613 660 658 614 END
START -7548 4828 31888 4139 8972 5812 616 606 659 668 615 END
START -4388 2536 26088 7693 17908 7962 610 613 659 657 614 END
START -9148 4228 28512 11582 13685 10512 602 612 659 656 612 END
START -9088 8600 26904 14840 17678 13373 609 564 659 658 605 END
START -9660 10180 25308 17636 19437 16565 608 612 660 657 612 END
START -13144 11484 23468 19400 14823 20052 609 615 660 656 614 END
START -17604 9972 22844 20732 6246 23665 608 615 660 656 612 END
START -11744 6844 16832 23294 -8148 26420 546 617 660 655 621 END
START -2348 6504 9816 26155 -13710 27083 608 581 662 633 616 END
START 5740 6044 4708 26129 -9532 25652 609 618 663 658 619 END
START 6320 7924 3444 23904 2126 23757 612 683 665 657 621 END
START 16 7704 6012 21538 5985 23722 610 622 680 661 622 END
START -2076 6504 3520 20538 4538 23436 611 624 666 661 625 END
START -2440 7356 684 18078 252 23504 611 620 661 662 624 END
START -1940 7212 572 14823 -3415 22996 610 624 668 663 620 END
START -408 6868 200 12591 -6323 21752 611 626 667 663 626 END
START 1432 7160 -280 10696 -11436 19642 610 627 662 664 629 END
START 4980 8088 -3160 7777 -10790 17200 611 629 672 659 630 END
START 7760 8276 -6264 3763 -9215 14381 610 630 673 667 633 END
START 7672 9000 -5760 803 -4449 11397 613 625 674 668 626 END
START 6052 9344 -1492 -1907 -2257 9079 610 631 674 667 633 END
START 6036 10156 508 -4303 -195 7008 607 633 675 668 632 END
START 5652 10664 2220 -5580 -539 5554 637 633 676 669 631 END
START 6260 10968 1296 -6229 921 4321 607 633 675 669 634 END
START 5444 11132 2720 -6396 3379 3226 630 634 686 666 633 END
START 4164 11408 5200 -6009 3794 2684 612 633 677 669 632 END
START 3276 11616 8428 -5777 1416 2630 608 633 676 670 637 END
START 4564 11672 9416 -4656 -2123 2776 588 632 709 669 612 END
START 5756 12460 9480 -3611 -3800 2701 608 633 675 672 635 END
START 7732 12664 9192 -2940 -4792 2492 608 634 676 670 634 END
START 10016 12760 7972 -2613 -4527 1849 586 632 674 672 638 END
START 9644 12928 7820 -2440 -4132 641 610 635 675 668 634 END
START 9656 13040 7620 -2034 -6009 -417 610 634 678 670 633 END
START 12308 13096 6928 -1323 -7709 -2048 608 675 676 658 632 END
START 15192 12924 4344 -1244 -6065 -4523 609 633 676 672 636 END
START 15396 12824 3960 -2858 -3351 -7173 611 634 676 671 633 END
START 14268 11760 5404 -3888 -2640 -9898 606 654 675 672 634 END
START 14064 11620 4148 -4674 -2933 -12643 607 635 678 669 637 END
START 16428 10496 2988 -6306 210 -15333 611 635 677 671 636 END
START 18800 9436 1684 -6290 10153 -19135 610 635 680 672 636 END
START 10916 8840 8044 -7268 17259 -22498 608 627 680 671 636 END
START 4916 7512 10880 -6474 14184 -24136 614 638 683 677 641 END
START 2620 8032 9328 -4962 8313 -24535 615 641 686 679 643 END
START 1048 8912 2048 -5430 6381 -23947 616 704 687 690 643 END
START -8088 7976 1212 -7458 10313 -22583 614 642 688 684 644 END
START -24640 8472 15252 -8605 521 -17956 607 643 688 683 640 END
START -19376 7484 12660 -4381 -18169 -12161 613 643 688 682 645 END
START -6272 10056 10520 -533 -16170 -8586 614 649 701 684 611 END
START -1232 10452 5244 -1272 -212 -7131 614 644 688 685 643 END
START -10120 10832 7796 -287 8173 -5348 617 644 688 684 643 END
START -13016 11748 10172 358 -150 -2612 614 638 678 684 636 END
START -5864 12660 7688 1096 -5430 -1004 614 647 687 684 643 END
START 1344 13312 6364 1124 -2828 -856 615 644 687 684 645 END
START 1848 13644 6624 350 3768 -1349 619 639 687 684 642 END
START -2724 13164 8020 -57 5221 -1316 613 642 687 685 644 END
START -5396 12892 8984 164 432 -587 615 644 687 683 645 END
START -2604 12968 7508 285 -2646 -117 589 644 684 683 663 END
START -716 13108 7020 -81 -1338 -90 611 644 683 683 644 END
START -1172 12808 7484 -430 944 -150 614 644 688 683 645 END
START -2280 12584 7584 -656 1959 -165 614 644 687 683 647 END
START -3692 11964 7100 -954 1106 78 615 645 688 682 645 END
START -2828 11476 6088 -1102 -509 205 617 672 691 683 642 END
START -1380 11280 4824 -1580 -1096 -27 617 645 687 682 646 END
START -792 10800 3236 -2293 -1000 -533 614 644 687 684 644 END
START -708 10476 2012 -3613 -405 -1201 605 643 696 681 646 END
START -2632 9828 4964 -4626 -2508 -1529 614 641 685 681 643 END
START -2700 9452 4892 -5085 -5548 -1842 614 637 684 681 643 END
START -1380 9256 2584 -5636 -7192 -2384 610 663 683 672 641 END
START -840 9388 120 -6944 -6755 -3158 606 640 685 678 640 END
START -1284 9612 644 -8989 -5296 -3604 616 641 684 679 641 END
START -4920 9480 7616 -10888 -7326 -3196 616 662 682 680 663 END
START -5168 8564 8792 -10907 -13211 -2321 617 640 682 682 639 END
START -3024 8432 7104 -11230 -15985 -2094 617 640 683 677 641 END
START 328 8464 3644 -11530 -14845 -2539 616 638 679 679 638 END
START 652 10276 6240 -13033 -9649 -2570 616 633 687 677 635 END
START -3188 9268 12500 -15851 -10360 -1912 615 636 678 675 635 END
START -4980 7220 13116 -15703 -15580 -815 614 635 678 675 634 END
START -3552 7132 10760 -14925 -19833 -153 615 637 679 675 636 END
START 460 8292 11156 -13340 -20166 621 617 637 679 688 636 END
START 1720 8684 14228 -13834 -20027 1449 613 638 675 683 635 END
START 2668 7516 13340 -13873 -18374 2430 611 637 678 671 636 END
START 5264 7060 12000 -14522 -15788 3163 612 636 663 675 640 END
START 7804 5492 14824 -15123 -11670 3110 612 636 678 674 638 END
START 9492 5772 15320 -13464 -5307 2611 614 636 677 677 638 END
START 5556 5856 16364 -12695 234 2554 589 664 667 674 639 END
START 2828 5936 17260 -12775 -1059 3336 612 638 679 676 639 END
START 5040 3684 19324 -11896 -3680 3847 613 640 679 676 640 END
START 8176 3488 18172 -10042 -4091 3407 609 640 680 677 653 END
START 9112 3952 16400 -8760 -761 2199 611 639 679 675 647 END
START 6060 4320 16424 -7912 2172 1346 612 640 679 676 640 END
START 5408 4184 18176 -7228 1016 1446 620 618 677 686 635 END
START 6968 3416 18140 -6126 -140 1675 613 639 679 675 640 END
START 7756 3820 16740 -5861 1531 1524 610 641 679 676 640 END
START 7580 3144 15872 -4270 4261 919 597 662 679 672 633 END
START 5392 4172 16296 -3952 4775 379 612 641 679 675 639 END
START -12760 12240 32767 -8693 18875 -3264 611 640 679 671 640 END
START 32767 -1936 -13864 -2966 15238 -449 617 640 678 676 651 END
START 9356 4228 13420 -3847 4351 -287 611 639 678 682 640 END
START -308 3324 19200 -3498 228 -241 612 638 679 676 640 END
START 4364 3940 15452 -3731 1143 -135 616 618 679 656 640 END
START 5144 3696 14920 -3776 -969 -129 613 612 679 677 642 END
START 3708 3676 14292 -2721 -1827 -135 612 639 679 676 640 END
START 3088 3224 14592 -2297 -57 -139 634 618 679 671 657 END
START 4752 2988 13676 43 5187 -79 613 639 678 676 640 END
START 3572 3960 15200 973 6975 -11 596 642 679 677 640 END
START 3400 4380 16512 722 6397 -195 609 641 680 674 640 END
START 1164 3828 15924 608 4696 -853 611 640 679 677 640 END
START 10884 3124 5436 2836 4801 -769 610 628 679 675 641 END
START -1308 4224 17588 -276 1488 -842 608 641 680 672 641 END
START -208 4340 17432 -1455 185 -481 608 556 678 662 639 END
START 1904 3276 16728 144 3599 -604 610 638 672 674 640 END
START 3900 2836 14976 -704 4405 -1101 609 640 679 675 640 END
START 1564 2536 15948 -1340 4110 -1417 611 692 678 677 637 END
START 384 2828 16268 -1529 3518 -1463 611 650 679 676 642 END
START 740 2432 16184 -1831 2188 -1365 607 640 679 679 640 END
START 616 2272 15476 -1860 410 -1175 612 633 676 676 672 END
START -316 1888 14524 -1188 -750 -950 613 638 678 675 639 END
START 764 1628 11028 -824 -2942 -587 608 640 678 677 639 END
START 3184 2504 13184 -1217 -3530 -541 609 638 677 675 638 END