START 2356 5200 17600 -2238 -2432 -1392 614 632 678 675 639 END
START 10668 -4092 -3536 950 2323 -1882 613 638 677 675 639 END
START -14392 1760 20756 -543 8666 -2082 634 635 683 674 633 END
START 7288 1128 6168 -2640 16730 -1902 611 667 676 675 639 END
START -1444 -1404 12684 -3552 12466 -2505 610 634 675 674 636 END
START -9188 -216 19604 -4217 7878 -3053 636 635 671 674 636 END
START -7924 -756 21832 -5657 4205 -2633 608 637 675 674 635 END
START 2564 -1088 15200 -8410 -2268 -3859 610 636 675 673 636 END
START -11036 -744 22856 -9796 -18860 -3938 619 634 677 674 628 END
START -9320 2260 27292 -15907 -32768 -4286 611 633 662 674 630 END
START 21648 -6424 -25324 -1141 21694 -803 614 629 676 672 630 END
START -8840 -1652 31188 85 32767 -3365 613 633 673 671 631 END
START -9556 -2884 23032 -816 1576 -2768 592 632 672 670 636 END
START -4308 -2048 23160 3995 4023 -1743 611 632 673 671 629 END
START -4252 8 20648 4290 -1494 -1521 613 630 673 671 631 END
START -2724 124 20580 5342 -2476 -1303 590 586 673 675 631 END
START -176 -100 19076 6952 1025 -1123 614 632 673 671 630 END
START -1996 -684 21284 8830 6652 -906 613 630 673 671 630 END
START -6920 -1948 24108 10538 11174 220 609 627 661 669 653 END
START -13380 -2448 25232 13135 10499 2481 612 630 671 673 628 END
START -17572 -2108 24924 15439 3876 4959 612 630 670 669 627 END
START -17572 -2784 23452 18092 -2004 8157 612 624 664 668 624 END
START -15804 -2448 22120 21540 -5995 10959 614 623 676 668 655 END
START -13352 -1844 20792 23686 -8087 13412 611 623 668 682 623 END
START -11532 -2176 19336 26261 -8011 15264 613 626 669 668 624 END
START -8372 -1032 15808 28250 -7413 16675 613 623 668 668 623 END
START -5980 -104 12584 29261 -3818 17771 606 636 667 667 622 END
START -7240 992 13388 29774 -1249 19207 614 620 667 666 624 END
START -7344 -104 13492 30353 -3855 20312 613 623 668 667 621 END
START -2696 1836 9820 31107 -5922 21337 614 623 669 662 621 END
START -292 3412 5372 31441 -3739 21034 623 623 668 667 620 END
START 1464 4500 3544 28200 -1253 20963 614 626 669 667 625 END
START 844 5184 4968 26082 1855 21295 664 625 671 668 627 END
START 2112 5656 4352 26291 -371 21340 612 627 671 667 629 END
START 4444 6888 2108 24445 -1048 20833 617 629 672 668 629 END
START 6532 7876 -780 20726 2735 19873 570 629 671 669 629 END
START 5260 8288 -812 16402 5791 18843 607 632 674 671 631 END
START 5780 9184 -1384 13150 6448 17825 616 633 675 671 631 END
START 6184 10996 -124 9369 6592 16457 617 647 666 671 619 END
START 6420 11008 -360 5336 5304 15084 614 637 676 672 636 END
START 7144 9896 -1564 2245 4357 13006 616 638 678 674 637 END
START 7276 10092 -2080 395 3275 11059 616 632 677 681 638 END
START 5504 11128 188 -1544 2178 9381 614 639 678 677 639 END
START 5864 11824 1396 -4438 74 8183 616 638 680 674 643 END
START 8232 11108 2456 -5355 -1311 6644 617 639 679 677 641 END
START 8024 11608 4324 -6157 -1391 5000 615 633 681 677 640 END
START 8764 11868 2796 -6280 -284 3483 639 640 686 679 631 END
START 7924 12140 3508 -5852 2122 2551 614 641 682 677 639 END
START 5860 12740 3968 -5656 2985 1912 615 640 682 677 640 END
START 4704 12512 6716 -5613 1140 1672 615 620 683 678 597 END
START 5780 12028 7724 -5009 -982 1518 614 639 682 678 638 END
START 6784 12596 6504 -4338 6 1326 616 641 682 677 638 END
START 6568 12416 6728 -3721 1296 1317 613 639 682 681 642 END
START 5384 12540 6852 -3043 1497 1482 614 641 682 678 643 END
START 5104 12396 6980 -2794 1064 1587 612 642 681 677 641 END
START 5512 12348 7120 -2156 -72 1620 614 638 683 673 641 END
START 6036 12548 7128 -1901 -1485 1589 608 638 682 678 640 END
START 7772 12176 5896 -1468 -486 1320 622 643 683 679 561 END
START 7552 12112 6216 -899 728 876 614 643 682 675 649 END
START 6628 12104 6352 -841 717 460 616 641 682 679 641 END
START 6348 12212 5804 -694 588 131 613 642 683 680 641 END
START 5728 12412 5912 -836 223 138 614 641 683 678 641 END
START 5104 12264 6488 -821 -592 279 654 641 672 680 655 END
START 5888 12260 6116 -904 -930 414 615 641 683 679 642 END
START 5908 12296 6180 -951 -306 433 615 640 691 679 639 END
START 5892 12332 6752 -939 153 460 598 642 674 677 641 END
START 5964 12400 6808 -780 702 512 614 639 683 678 639 END
START 5792 12580 6632 -585 896 535 611 640 683 678 642 END
START 5352 12388 7292 -562 47 567 614 641 683 679 641 END
START 5664 12152 7632 -380 -1723 530 614 585 683 675 668 END
START 7044 12060 7092 -300 -2354 254 614 641 682 677 641 END
START 7544 12324 6880 1 -2384 -184 620 639 682 679 640 END
START 9196 12520 6024 41 -2759 -664 615 642 682 678 642 END
START 10376 13092 4252 121 -1136 -1522 614 641 683 678 641 END
START 8564 13556 6492 -608 -398 -2274 616 642 672 678 644 END
START 9028 13528 7808 -820 -4282 -2741 614 640 667 678 642 END
START 12524 13576 6628 -1235 -7334 -3891 614 640 684 678 640 END
START 16260 13828 3860 -1581 -9043 -6065 590 639 671 678 621 END
START 19260 14112 352 -2725 -6333 -9425 614 642 682 678 641 END
START 20532 13200 3188 -5146 -4124 -13217 615 641 681 676 641 END
START 23328 11532 3780 -7084 -1993 -17452 614 644 654 676 640 END
START 25044 10380 3636 -7394 2496 -23032 618 645 685 677 642 END
START 20800 9156 3520 -8555 9729 -28587 616 643 682 679 639 END
START 16604 8104 4544 -9742 14734 -32768 617 638 683 678 643 END
START 9840 4152 7564 -8870 15002 -32768 641 645 684 670 641 END
START -872 4476 4056 -7156 14997 -32768 620 646 685 681 643 END
START -17688 3684 2732 -9340 12388 -32768 618 646 686 682 651 END
START -32768 1488 16204 -14333 -3782 -28304 594 646 686 683 645 END
START -32768 -1884 16752 -10513 -23933 -18919 617 626 687 683 643 END
START -13904 1576 12756 -120 -21803 -12716 619 645 688 682 646 END
START -5316 7096 5440 -840 945 -9847 618 646 686 681 642 END
START -16564 6860 11268 -1845 16388 -7421 617 645 686 682 645 END
START -22364 8168 14576 1973 1219 -3099 626 644 677 700 645 END
START -9600 10168 8700 4357 -8648 -758 618 645 685 681 646 END
START 1136 12000 5420 4208 -5347 -736 619 647 684 682 645 END
START 3372 13284 3172 2455 7575 -1930 620 641 637 665 646 END
START -6452 12816 9780 394 11382 -2100 618 616 685 658 645 END
START -9824 12224 10996 353 2915 -978 619 645 685 682 645 END
START -5668 11620 8412 302 -3272 -386 618 662 685 684 645 END
START -2128 11468 7260 -377 -3054 -567 617 645 685 681 644 END
START -1460 11176 6652 -1022 596 -1193 621 645 684 683 645 END
START -4296 10348 7460 -1294 2265 -1505 618 646 686 680 644 END
START -5268 9908 7160 -1635 1173 -1588 618 644 684 682 643 END
START -5952 9716 6328 -2104 14 -1616 624 643 684 681 642 END
START -5952 9412 5760 -2890 -1368 -1530 610 643 684 683 644 END
START -5800 9204 4824 -3887 -3674 -1451 617 643 685 680 645 END
START -4980 8596 3532 -5163 -5195 -1559 618 643 683 681 640 END
START -4532 7776 3784 -6298 -6416 -1933 618 643 685 678 667 END
START -3120 8088 2712 -7523 -5608 -2306 618 643 683 680 643 END
START -3060 8080 3240 -9492 -3340 -2435 615 642 682 680 641 END
START -5252 8052 5988 -11587 -3013 -2120 621 633 682 672 619 END
START -6256 7340 6880 -12934 -5413 -1568 619 641 682 679 659 END
START -6156 6480 6412 -13911 -8708 -1215 620 642 682 680 641 END
START -5960 6684 5756 -14515 -11128 -1000 619 596 675 680 643 END
START -5140 6768 7384 -15767 -12849 -515 617 639 681 679 659 END
START -3872 5936 9608 -16735 -13219 188 623 640 680 681 641 END
START -3576 6092 10936 -17288 -14616 855 618 639 681 678 639 END
START -1948 5808 9592 -17531 -12838 1116 620 640 670 677 660 END
START -76 4736 9776 -19560 -8340 982 619 642 681 679 634 END
START -3752 4056 16004 -16970 -9826 1189 617 640 681 677 640 END
START -4172 4904 15448 -16633 -15091 1768 623 636 684 695 641 END
START -228 4036 13476 -16154 -15331 2273 617 623 680 681 640 END
START 1884 3700 14280 -15850 -11170 2601 617 639 680 678 640 END
START -592 3012 19292 -15818 -10615 2886 617 640 680 679 639 END
START -724 1972 19916 -14265 -13817 3353 622 640 713 679 642 END
START 2888 2336 16392 -12676 -13813 3387 631 643 681 678 641 END
START 5972 2204 16208 -11913 -10000 3230 617 641 680 680 641 END
START 6180 1500 18192 -12044 -4951 3109 616 642 677 678 638 END
START 3552 1176 20060 -10189 -2734 2826 590 639 679 678 640 END
START 2856 1112 19568 -9860 -694 2683 614 641 680 678 640 END
START 1904 860 20788 -9823 -4069 2783 635 641 691 678 642 END
START 3556 44 19480 -7409 -5826 3064 628 642 680 678 639 END
START 6168 -320 17956 -6163 -4527 2755 614 641 679 678 637 END
START 10432 -1384 -11536 10496 32767 18525 625 639 681 683 642 END
START -12336 -7480 16608 -5844 31098 3850 614 640 680 677 640 END
START -8292 -52 21016 -7033 14494 -444 615 641 680 678 641 END
START 7768 488 15196 -3359 3646 -49 614 641 680 678 641 END
START -2460 -332 21004 -4065 -2527 -484 614 642 680 677 641 END
START -2260 660 19544 -5485 -4727 -1000 612 641 680 678 642 END
START 1572 -1992 13440 -6800 -8048 -1507 615 639 680 678 640 END
START 7104 492 11632 -6451 -5969 -2732 615 645 680 680 667 END
START -6348 -8896 21572 -1084 -14154 -2436 613 640 679 678 639 END
START 4260 1528 11408 -1399 -5832 -60 615 640 679 678 639 END
START 396 412 16544 -2863 -961 516 617 640 693 677 632 END
START 2088 164 14280 -3348 -1685 861 612 640 680 678 641 END
START 1464 0 15164 -2876 -1614 1063 619 641 680 678 642 END
START 3180 -264 15012 -2999 167 1095 612 646 680 676 642 END
START 2584 -508 15668 -2833 715 903 615 639 678 678 640 END
START 1248 -692 16092 -2513 842 612 645 637 694 675 648 END
START 1024 -748 16148 -2296 -1288 473 615 640 679 677 640 END
START 10140 -9460 -9152 18095 11551 1299 616 642 679 677 642 END
START -1260 2688 14600 -377 1120 -400 615 643 677 684 642 END
START 2312 -2304 16652 -1636 4484 -566 617 641 680 679 641 END
START 2612 -516 15624 -572 1421 -917 615 640 680 677 640 END
START -780 -432 16652 -1987 606 -791 614 641 679 677 640 END
START 596 -1112 13364 692 2391 -393 615 641 680 677 642 END
START -1096 184 16812 1554 -491 -371 596 642 678 697 642 END
START -1300 752 17456 378 -144 -144 614 619 679 679 641 END
START 2516 -396 14552 -223 71 -67 614 641 679 677 640 END
START -660 -144 16124 605 818 172 616 637 679 677 639 END
START 2832 -1200 7700 4241 -242 581 614 640 679 676 639 END
START -552 676 13996 1804 2120 654 616 638 685 678 629 END
START -52 1296 13980 1078 2927 1273 614 640 679 677 639 END
START 1560 512 14020 -847 2471 1321 611 637 679 693 638 END
START 616 -80 15592 -1243 4041 1016 627 640 679 677 641 END
START 1080 -364 15720 -1743 4951 669 613 639 679 676 643 END
START 600 -568 17488 -2278 3006 355 611 640 679 678 641 END
START 2288 -1224 17884 -3354 -2031 -503 612 639 679 677 640 END
START -1016 -292 19612 -3383 -5818 -1187 633 638 681 677 636 END
START -14864 -1828 22148 -2709 -14116 -1824 611 639 678 677 638 END