START 6748 1572 2168 5493 7944 -2571 610 603 619 650 614 END
START -1072 4300 10272 3844 2788 -3239 612 619 653 651 618 END
START -18896 8244 27312 611 2887 -4672 606 618 647 650 639 END
START -17176 2792 22716 -1193 12665 -3252 612 620 652 651 617 END
START -12788 3076 22284 -3216 9825 -2637 610 616 653 651 618 END
START -7472 4428 18964 -3457 5805 -2056 608 612 653 650 616 END
START -6944 6816 17508 -6143 520 -1101 610 627 654 639 625 END
START -8652 4708 17040 -9622 -3673 -308 608 615 652 652 617 END
START -3448 1364 14532 -9695 -12797 533 611 618 654 652 617 END
START -15632 2556 27388 -6963 -23441 16 614 617 678 653 614 END
START 1056 5124 10044 3958 3334 905 602 617 661 653 608 END
START 1080 5036 16548 207 -540 473 613 619 655 653 621 END
START -7212 2964 19840 1905 -542 1039 614 614 655 652 619 END
START 1760 3820 13804 1734 -863 1287 613 618 655 653 617 END
START -508 3624 14708 1334 2018 1376 645 618 654 661 617 END
START -1032 3436 14304 1500 5125 1609 615 619 657 653 618 END
START -220 4032 13432 1313 9087 1519 614 618 657 654 617 END
START -4608 4096 14808 802 9484 1894 613 622 658 649 643 END
START -7832 3748 16988 921 7215 2482 616 620 658 654 618 END
START -7456 3388 16768 1103 3702 3300 614 619 658 656 619 END
START -6632 3324 15628 1418 1014 4059 614 616 657 654 610 END
START -4688 4040 13392 1866 1122 4446 614 620 658 654 619 END
START -3748 4648 12264 1893 3078 4443 610 619 652 655 617 END
START -5548 4728 14200 1832 4770 4542 618 619 658 655 622 END
START -7212 4564 15396 2083 4625 5175 616 619 658 654 619 END
START -9184 4652 16668 2833 2826 6363 614 635 657 656 620 END
START -10884 4612 16856 3903 1027 7944 616 650 657 652 617 END
START -10988 4488 15744 5107 -2629 9806 615 616 655 652 614 END
START -11368 4108 19712 7184 -3248 11657 614 635 653 635 607 END
START -12656 3620 26200 9908 -3137 13787 613 607 651 649 606 END
START -9940 2936 25396 14873 -7082 17197 614 604 649 647 602 END
START -472 6156 19080 20342 -1792 18501 626 598 646 645 599 END
START 1972 9392 14328 23670 10439 18886 610 599 643 641 624 END
START 1328 10144 14028 24520 15528 19605 611 599 647 640 597 END
START -1484 10856 13192 25673 18630 21050 611 602 645 640 603 END
START -5684 8868 13500 26330 10372 23162 624 599 643 624 588 END
START -5732 7336 11396 29732 -3277 24124 612 596 644 645 600 END
START 1936 6080 3460 31306 -15160 23839 612 600 644 641 602 END
START 10336 7048 -6360 28844 -14131 21235 614 602 643 638 599 END
START 12504 9992 -7264 21338 -5605 17619 606 601 646 644 599 END
START 7848 9564 -2668 15865 -2614 14750 605 606 647 639 601 END
START 4792 9880 696 13180 -6145 12288 603 605 647 643 605 END
START 5456 10236 -1724 8848 -9136 9794 600 598 648 631 605 END
START 7460 10380 -5004 4912 -7396 7125 603 606 649 641 606 END
START 7328 11024 -5504 515 -2161 4717 603 603 647 643 596 END
START 5284 10816 -3136 -2619 3191 3007 605 602 646 638 581 END
START 2204 11932 1836 -4010 6770 2345 602 599 644 640 579 END
START -1052 14304 7744 -5321 4737 2921 603 602 643 640 600 END
START -640 15456 7212 -4300 -652 4458 602 600 643 639 599 END
START 24 16632 5596 -3554 -3371 5691 600 595 639 637 593 END
START 1100 15684 7024 -2401 -5877 6661 602 614 637 642 593 END
START 3860 16492 7440 -710 -8103 7710 601 594 635 636 593 END
START 6740 16348 7264 1237 -10249 7654 602 593 637 638 592 END
START 11064 15408 5900 3812 -11863 6960 628 592 671 635 639 END
START 15252 16500 2576 5049 -9209 4727 600 594 634 633 595 END
START 14392 16304 3548 4200 -4590 1921 604 592 636 634 591 END
START 13472 15748 4368 4594 -2766 -528 652 592 634 649 558 END
START 14112 15256 2684 4081 -1055 -3205 600 614 637 634 592 END
START 14728 14132 1572 2360 2176 -6260 602 592 639 636 593 END
START 14400 13612 820 950 6640 -9472 605 586 631 638 592 END
START 13428 12864 68 -771 10396 -12469 604 565 644 641 596 END
START 11092 11300 -568 -1906 14168 -15570 608 602 647 643 600 END
START 7708 10616 -1076 -2551 15467 -18243 611 604 654 649 604 END
START 7392 10492 1360 -4298 14148 -20813 617 610 658 653 607 END
START 9296 9384 2560 -7099 14053 -23268 615 615 666 658 613 END
START 7664 7152 5040 -6897 14654 -26132 614 620 672 664 622 END
START 3112 6928 5204 -6421 12525 -28090 593 625 678 674 626 END
START 212 6632 2268 -6501 11635 -29282 615 628 680 671 628 END
START -5000 5040 988 -5948 14634 -29752 617 632 684 677 636 END
START -12832 5688 5920 -5868 11067 -28113 618 636 687 662 634 END
START -20636 3560 6764 -5883 1496 -24309 620 638 687 682 636 END
START -27104 4260 9328 -4226 -5405 -19219 620 637 688 684 636 END
START -24364 5004 9264 -1425 -14202 -13225 621 642 687 681 638 END
START -15596 8412 5516 223 -11609 -9079 617 637 678 682 667 END
START -12460 9296 2852 -880 -1316 -6232 620 641 687 685 637 END
START -13764 9968 5908 658 3021 -3769 624 643 688 684 639 END
START -12956 11812 4756 1470 3188 -1968 624 640 687 719 641 END
START -11364 12528 5428 1170 892 -624 622 640 688 683 640 END
START -9720 13320 6200 1250 -1671 138 622 641 688 684 640 END
START -6380 14012 5212 873 -2336 330 619 646 690 681 641 END
START -4268 14208 4440 72 682 -70 626 640 688 683 640 END
START -4956 13540 5144 -736 3176 -493 622 638 688 683 642 END
START -7944 13016 5660 -1115 3024 -550 623 623 688 683 640 END
START -10400 12264 6516 -1428 -136 -122 623 644 687 686 642 END
START -9100 11716 5804 -1271 -3476 357 588 646 685 684 642 END
START -7840 11656 5224 -1587 -4610 559 625 642 687 684 641 END
START -5608 11816 4600 -1877 -3464 447 623 641 688 683 642 END
START -5444 11460 4908 -2378 -1263 147 620 677 686 683 639 END
START -6312 10996 4544 -2636 -358 -82 620 641 688 683 652 END
START -6748 10452 3896 -3019 -1093 -270 623 641 688 683 642 END
START -7220 10200 2640 -3652 -2432 -422 621 640 685 683 644 END
START -8024 10124 3504 -4829 -4702 -302 614 639 686 683 639 END
START -8096 10044 3976 -5814 -7558 43 618 641 690 682 642 END
START -7108 9476 3492 -6940 -9192 250 614 641 687 683 633 END
START -6852 9012 2468 -8146 -9659 317 601 642 687 682 642 END
START -8176 8416 4880 -9478 -10136 485 617 643 687 682 643 END
START -9276 8084 7572 -9804 -14036 1041 599 645 685 683 644 END
START -8104 8420 6536 -9619 -18142 1600 618 643 687 680 642 END
START -5952 8976 4152 -10171 -20048 1861 616 645 686 682 642 END
START -3140 9456 2540 -11055 -18593 1806 616 643 686 682 642 END
START -4328 9804 8132 -12248 -17218 2173 616 632 687 682 637 END
START -6392 9292 11704 -12744 -20535 2740 614 643 686 681 644 END
START -5080 9620 10020 -12182 -24317 3542 615 644 686 679 643 END
START -2364 9940 7616 -11831 -26338 3846 616 643 687 683 644 END
START -152 8860 9692 -11120 -25121 3853 615 645 685 682 652 END
START -368 9392 11680 -10628 -25583 4288 616 646 686 677 643 END
START 688 9068 10908 -11495 -26597 4336 614 644 685 682 644 END
START 3244 8332 9520 -9904 -25421 4122 612 620 687 684 654 END
START 6864 9056 10284 -10466 -20041 3816 605 646 687 683 644 END
START 5940 8272 12572 -11150 -14379 3381 612 644 685 681 645 END
START 6228 6860 12968 -11095 -10061 2896 611 664 666 681 642 END
START 5720 6664 13864 -10251 -5913 2436 616 643 685 681 644 END
START 5064 6300 15756 -9586 -4327 2046 610 644 685 680 642 END
START 6172 6308 15528 -8861 -2944 1680 611 639 687 689 643 END
START 3684 6620 15276 -8181 -2040 1599 606 636 685 681 642 END
START 2348 6688 16188 -7439 -4835 1951 608 643 684 679 643 END
START 5828 5944 16212 -6353 -7216 2054 610 645 685 679 644 END
START 8992 5912 15288 -5594 -4413 1670 604 642 685 678 642 END
START 9588 5756 14196 -5368 1152 1009 608 635 683 675 642 END
START 6192 5808 14924 -5103 5229 445 610 684 684 680 640 END
START 3020 5944 16200 -4802 4091 689 610 642 683 681 641 END
START 4724 5512 16928 -4220 976 1162 610 642 683 681 642 END
START 9872 6924 15492 -4068 -2395 710 610 616 672 679 661 END
START 8300 4828 15304 -4084 4262 133 611 643 667 679 645 END
START 7056 4888 14220 -3449 7751 -370 610 641 684 679 641 END
START 3916 4520 16032 -3180 7199 -801 610 642 678 678 642 END
START -6172 7440 29324 -2361 1270 -1223 610 644 683 679 642 END
START 4188 4356 13964 -2714 -1799 -485 613 640 682 684 642 END
START 3336 5696 14060 -1734 -589 -564 613 644 683 680 642 END
START 2920 5320 14396 -3052 203 -618 609 642 683 679 642 END
START 3180 5164 14608 -3197 -418 -698 631 640 683 665 645 END
START 2996 5072 14328 -3780 -954 -649 631 641 682 678 638 END
START 5456 2896 10316 -1862 3816 -664 611 643 682 678 641 END
START 644 4532 16744 -2087 1752 -1142 609 633 674 678 656 END
START 2672 4120 14120 -1806 961 -1090 612 638 683 679 644 END
START 2696 4544 13348 -1284 5606 -1047 611 639 683 677 633 END
START 1612 3348 12988 184 3440 -1073 551 651 682 678 661 END
START 3960 2424 9440 3738 13341 -1797 613 643 682 679 640 END
START 2692 4840 15360 3844 6007 -1245 611 641 682 679 640 END
START 1464 5772 14132 3147 9261 -1805 579 642 683 677 637 END
START 3304 6308 12636 -445 8030 -1497 604 640 682 677 641 END
START -6588 5520 20884 -1019 6736 -1283 610 703 682 682 638 END
START 4320 4660 9216 -596 11128 -1085 634 624 681 678 640 END
START 1252 5256 14480 -1817 9459 -1772 610 641 682 679 640 END
START -520 4392 16060 -2515 5812 -1802 632 636 682 682 618 END
START -1140 4400 17548 -2936 2082 -1671 611 643 681 678 641 END
START -1984 4096 17540 -3054 -1343 -1523 611 640 682 678 640 END
START -444 4020 13504 -2448 -2760 -1149 609 641 682 678 640 END
START 3308 3400 9540 -2710 -5349 -1277 611 638 681 686 639 END
START -6136 4276 17960 -2664 -6227 -1205 612 639 681 670 640 END