START 2440 3384 9168 2157 6704 -310 616 638 654 656 641 END
START 1548 4188 11868 1996 6368 -323 615 606 666 655 618 END
START 7964 5276 9048 43 8255 530 614 639 655 656 636 END
START 23520 4060 -4472 -264 12400 -797 615 639 655 656 657 END
START -12464 3920 20500 -1434 5725 -1330 617 636 655 654 635 END
START -620 3200 13864 -2246 2608 -1255 615 638 654 655 639 END
START -5428 2692 18008 -2095 493 -827 616 675 654 641 637 END
START -3516 3352 16648 -2104 -4167 -725 614 641 655 655 635 END
START -7936 2888 19872 -2248 -3032 -484 617 637 654 653 637 END
START -3168 2112 16968 -3640 -4606 -694 608 635 652 679 639 END
START -6136 3656 24340 -4767 -20978 -864 618 626 654 649 638 END
START 11620 -832 2620 2334 8490 -364 616 637 655 655 637 END
START -8720 3148 25064 2863 5773 -1740 617 641 654 705 637 END
START 7360 1780 9480 3364 13945 -1748 620 635 654 655 635 END
START -1696 1848 15624 4055 16997 -2312 620 633 653 653 635 END
START -1432 1992 12708 4620 19883 -2418 618 637 663 649 633 END
START -4972 3212 12996 5283 20943 -2028 617 636 649 649 632 END
START -5404 4288 12524 5351 20637 -1399 623 628 647 647 630 END
START -8468 5232 13424 4965 20012 -624 613 618 643 648 620 END
START -7724 5952 11992 4442 17973 262 618 624 639 636 624 END
START -7508 6384 10992 4154 16949 922 617 623 636 634 623 END
START -8492 6588 10992 3460 15736 1508 617 626 636 630 651 END
START -7456 6864 9356 3342 15522 2164 618 623 630 626 620 END
START -8468 7364 10024 2948 15439 2597 616 617 627 624 617 END
START -9128 7380 10232 2019 14896 3055 622 613 628 619 649 END
START -10140 7288 11352 1329 11529 3494 618 615 624 625 616 END
START -9384 7000 10716 590 8207 3705 618 611 623 620 620 END
START -9236 6724 10468 159 5646 3758 617 616 623 618 613 END
START -8808 6532 10360 -166 3654 3785 619 606 620 616 614 END
START -8248 6452 10428 -273 2496 3637 617 607 616 584 614 END
START -7644 6360 10376 -385 1722 3359 617 614 614 608 611 END
START -7172 6452 10200 -654 1971 2946 619 610 612 607 613 END
START -6256 6120 9668 -946 2897 2558 618 589 611 625 612 END
START -6544 6012 9508 -970 5370 2033 616 613 619 614 614 END
START -7968 5996 10124 -997 6827 1759 616 613 605 600 619 END
START -8532 6092 9812 -801 7641 1600 603 612 599 599 612 END
START -9272 6436 10096 -812 8304 1565 615 608 597 591 610 END
START -9108 6300 10536 -821 9062 1633 612 608 608 585 609 END
START -7516 6668 9620 -412 12062 1540 614 610 588 587 608 END
START -7464 7640 8584 -53 16747 1314 615 608 577 576 609 END
START -10316 7756 9184 -98 19985 1448 563 619 572 564 606 END
START -12708 8172 9156 -230 20081 2102 609 606 564 565 602 END
START -12028 9088 8720 406 19846 2727 611 604 559 560 605 END
START -10132 9932 7580 963 21711 2907 608 602 548 552 643 END
START -10468 10400 6068 623 25339 2837 606 603 542 547 603 END
START -13752 10400 5740 183 26179 3379 608 603 535 542 603 END
START -16000 10240 5724 -404 23634 4526 605 603 535 538 608 END
START -14856 10440 5792 -497 20027 5636 603 602 525 533 600 END
START -12420 10588 4360 -142 17265 6123 603 600 520 526 601 END
START -9992 9448 2664 -1037 17803 5598 581 600 501 524 571 END
START -10672 9836 2484 -1916 18383 5054 598 603 517 525 604 END
START -10308 11076 332 -2848 18766 4356 599 603 516 520 607 END
START -11468 9600 260 -3349 17997 3717 597 602 514 505 606 END
START -12920 8656 -1236 -4692 16683 3352 595 605 513 519 607 END
START -15684 8212 88 -7458 13902 3259 594 608 513 516 608 END
START -17360 6592 1980 -6240 7966 3825 590 601 513 535 608 END
START -14960 7264 340 -5124 1838 4098 594 622 514 514 611 END
START -11764 7088 -784 -5456 171 3616 595 611 513 516 611 END
START -9976 6412 -572 -5271 1427 2509 544 611 510 503 610 END
START -9696 6268 -1000 -4952 4159 1241 595 613 514 518 579 END
START -12468 5752 564 -4613 6453 274 595 611 514 516 617 END
START -15256 5684 1376 -3861 5119 218 591 616 515 529 614 END
START -17700 5736 2252 -3127 1051 729 591 614 515 507 614 END
START -16668 6188 2080 -1993 -3330 1285 596 614 515 532 615 END
START -13028 6744 948 -1141 -3305 1331 600 614 515 517 621 END
START -12240 6928 388 -899 253 972 596 617 516 517 616 END
START -13764 6872 860 -600 2622 747 592 621 503 514 607 END
START -15216 7164 984 -128 2312 739 589 616 515 520 616 END
START -15832 7348 660 128 -153 870 596 608 516 519 617 END
START -14588 7648 -116 282 -2604 911 593 620 517 519 619 END
START -13316 7832 -792 49 -3605 763 594 615 516 517 615 END
START -11572 7768 -940 -161 -2744 366 598 615 521 518 620 END
START -10788 7488 -648 -421 -266 -341 595 616 516 518 612 END
START -11732 7152 -560 -713 1335 -1060 597 615 516 518 613 END
START -13248 6968 176 -887 485 -1455 594 614 518 519 615 END
START -13160 7012 -212 -842 -1651 -1692 594 615 517 518 615 END
START -11564 6992 -460 -739 -2844 -2189 599 644 522 514 615 END
START -9968 6564 192 -507 -1825 -3159 596 616 518 514 616 END
START -9544 5988 376 -109 312 -4234 596 617 518 522 618 END
START -10452 5912 644 240 2248 -5167 572 618 515 519 596 END
START -12408 5780 328 850 2972 -5857 592 621 514 517 617 END
START -14104 5528 1064 1315 1383 -6340 595 623 510 517 617 END
START -13344 5336 -132 1544 -1853 -6944 596 619 517 518 616 END
START -10492 4820 -1980 1178 -3205 -7896 597 614 516 517 617 END
START -8776 4560 -3320 459 21 -9137 587 617 514 517 618 END
START -10348 5192 -3064 9 6346 -10158 594 618 512 514 613 END
START -14216 4424 -1040 -529 7821 -10589 590 616 511 514 618 END
START -17412 4568 -1264 -595 5402 -10071 594 613 512 513 615 END
START -18016 3864 -500 -941 217 -9513 593 639 509 524 526 END
START -15592 3880 -1616 -1418 -3427 -9096 593 614 511 513 614 END
START -13192 3352 -1656 -1942 -2641 -9220 595 614 511 511 614 END
START -12460 3164 -2004 -2192 519 -9702 597 614 509 496 597 END
START -13376 3504 -2052 -2205 3923 -10157 599 611 510 516 611 END
START -16600 3508 -576 -2213 4861 -10183 593 615 512 516 612 END
START -19048 3248 72 -1760 1931 -9346 594 613 512 515 616 END
START -18220 3428 -496 -1214 -649 -8483 591 610 516 514 611 END
START -17316 4212 -692 -958 -1181 -7806 593 613 512 514 614 END
START -17168 4104 -664 -871 -221 -7133 595 609 513 514 611 END
START -18232 3960 -472 -696 749 -6310 596 606 511 514 599 END
START -19084 4152 -900 -424 1018 -5392 594 613 511 514 611 END
START -19648 4084 -364 -275 588 -4334 594 612 514 510 613 END
START -20256 4288 -148 -108 -454 -3110 591 611 514 515 612 END
START -19136 4128 -556 28 -1440 -2017 594 619 514 515 613 END
START -17640 4076 -768 86 -1076 -1319 594 692 515 516 633 END
START -17020 3920 -1060 26 384 -830 591 616 511 514 613 END
START -17912 3700 -276 41 1056 -287 592 613 514 517 614 END
START -18376 3356 -404 145 361 364 591 620 509 518 605 END
START -17964 3176 -568 138 -763 927 593 613 517 516 613 END
START -16672 2936 -800 22 -1384 1214 587 612 537 514 648 END
START -15572 2708 -1336 -49 -1107 1300 597 612 514 511 611 END
START -15228 2324 -1160 -136 -203 1172 595 616 518 515 612 END
START -15896 2212 -636 -218 -224 1144 569 613 517 515 613 END
START -16100 1992 -1048 -285 -902 1136 594 613 515 516 614 END
START -15912 1784 -1040 -351 -1675 1106 596 614 518 512 613 END
START -14876 1600 -1480 -376 -1793 960 631 605 516 517 642 END
START -14436 1676 -1648 -511 -718 647 592 614 517 514 605 END
START -15240 1488 -1300 -559 -49 363 595 615 516 516 614 END
START -15940 1380 -1512 -562 17 314 593 614 516 516 614 END
START -16092 1376 -1176 -524 -291 384 595 613 515 518 613 END
START -16240 1464 -856 -488 -884 483 584 614 517 520 615 END
START -16220 1948 -1100 -556 -1602 562 592 613 514 519 614 END
START -16356 2244 -628 -717 -2618 619 596 615 516 518 612 END
START -16024 2348 -104 -798 -4003 675 573 615 494 518 609 END
START -15620 2372 -168 -797 -4596 523 594 616 516 518 616 END
START -15912 2324 132 -661 -5152 355 596 614 518 519 613 END
START -16880 2676 800 -399 -6251 381 601 614 523 521 614 END
START -17884 2756 1376 -139 -8291 618 599 613 520 525 611 END
START -18924 2836 1652 47 -11411 1065 601 584 545 530 614 END
START -19516 2712 2544 254 -15573 1805 603 605 533 535 614 END
START -19444 2676 2588 320 -20075 2551 606 614 535 538 614 END
START -17508 3128 2492 611 -23656 3110 627 616 541 537 613 END
START -16016 3232 2016 169 -24782 3361 609 614 550 561 613 END
START -15476 3236 3320 -209 -25186 3400 611 616 562 567 616 END
START -14772 3164 3924 -585 -25216 3393 612 564 573 622 616 END
START -15408 2852 5256 -831 -26910 3496 612 616 586 586 609 END
START -15972 3072 6052 -999 -29426 3770 613 619 594 599 615 END
START -16388 3220 6596 -1305 -32768 4195 612 617 609 606 622 END
START -14144 2892 7020 -1317 -32768 4538 614 623 619 614 623 END
START -11544 3168 6156 -1641 -32768 4431 613 624 624 620 627 END
START -9696 2880 7564 -2192 -32768 4207 611 626 629 627 626 END
START -7824 2864 8452 -2149 -32768 3907 606 626 633 654 554 END
START -5800 2792 8752 -1815 -32768 3313 616 627 632 635 628 END
START -4708 2696 9988 -1593 -31922 2736 614 629 638 638 629 END
START -2840 2756 10420 -1555 -29026 2022 619 661 597 639 632 END
START -856 2872 10692 -633 -24349 1086 613 630 642 641 630 END
START -1324 3612 11192 -1867 -18748 222 615 632 642 642 631 END
START -3040 3296 12516 -2648 -16437 -63 625 632 646 642 630 END
START -3736 2740 13764 -2515 -16228 31 614 632 644 644 634 END
START -2396 2556 13448 -1832 -15798 -11 616 633 645 644 637 END
START -328 3020 12848 -1985 -13259 -177 614 632 646 587 636 END
START 312 3028 13056 -2094 -9087 -500 616 632 646 647 635 END
START -556 2976 14116 -2172 -6092 -702 613 625 646 646 635 END
START -2100 2968 14708 -2107 -5221 -643 531 646 647 644 637 END
START -2008 3024 14652 -1774 -5840 -381 637 645 646 646 646 END
START -1564 3340 14296 -1577 -5790 -187 614 633 647 650 633 END
START -1316 3240 14644 -1723 -6204 88 613 634 647 647 633 END
START 5592 3904 9740 4626 7401 1212 611 631 647 647 634 END
START 488 5068 11808 -2865 -8709 253 613 633 647 647 633 END
START 1764 2076 14960 -2765 -1689 -22 614 620 648 664 632 END
START -1804 2736 15232 -1905 -3481 17 616 635 647 648 634 END
START -700 3420 14704 -2036 -1962 -1 614 633 647 647 633 END
START 404 3528 13832 -1798 -831 161 614 629 658 649 653 END
START -516 3452 14424 -1617 -701 177 615 628 648 648 634 END
START -224 3368 14440 -1622 -1174 271 634 631 611 648 628 END
START 792 3336 14176 -1368 -633 303 615 640 648 648 634 END
START 872 3424 14472 -1213 546 180 614 634 648 649 636 END
START 1072 3468 14780 -1124 1822 43 615 635 648 648 633 END
START -728 3564 15496 -1064 1867 -117 614 633 649 648 634 END
START -420 2620 11176 559 2670 -426 612 640 648 648 631 END
START -2184 2876 15576 31 -2154 -95 615 636 649 648 632 END
START -8 3108 14436 52 1147 207 615 635 644 649 634 END
START 180 2928 14896 316 588 223 611 633 648 648 637 END
START 1352 3164 13036 265 3835 232 614 634 648 648 634 END
START 84 2912 14700 205 6078 133 614 643 649 648 642 END
START -1200 2784 14000 601 5224 58 616 634 648 648 634 END
START -2040 3136 15216 791 3305 241 616 632 648 649 639 END
START -2224 2748 14744 1154 -58 200 611 634 648 648 634 END
START -1400 3324 14428 3148 -1151 207 620 661 648 648 615 END
START 888 3404 13248 3299 3912 474 615 634 648 648 634 END
START 1500 3380 10264 3406 7099 455 615 634 648 649 636 END
START 1856 3224 13192 3481 7478 -20 615 638 648 649 635 END
START -4648 3656 16072 3195 604 -422 614 635 648 646 634 END
START -2424 5084 14664 467 -1115 -492 613 628 645 650 656 END
START -1924 4104 13688 -350 -207 -593 615 634 648 646 616 END
START -1284 3992 14260 -1218 904 -618 614 635 649 648 635 END
START 764 4092 14152 -2079 4426 -1006 614 633 647 647 634 END
START 112 3408 14728 -2336 7101 -1460 613 635 648 648 627 END
START -1872 3456 15432 -2332 8166 -1615 615 635 648 648 635 END
START -5428 3920 17076 -2749 4855 -1424 618 634 648 648 632 END
START -8296 3928 17780 -3725 -4481 -598 615 635 648 648 635 END
START -3024 3864 16856 -4514 -9488 195 622 628 650 640 641 END
START -2712 3600 18912 -3945 -8998 567 616 635 648 626 636 END
START 4156 1696 9840 -1984 -8039 732 615 635 648 648 638 END