START -2912 4516 17884 2804 7203 -288 612 636 637 639 561 END
START -5524 4872 17736 2394 7729 -79 614 621 637 638 621 END
START -5324 3944 15288 1439 4959 129 637 619 638 664 617 END
START 2400 4292 11280 1597 16283 49 613 632 638 638 636 END
START -11896 3840 20492 -1159 8905 -818 613 623 638 639 618 END
START -956 4240 12404 -1862 8458 -531 670 620 635 638 666 END
START -6680 4244 15608 -2411 6622 -545 613 623 637 640 621 END
START -8644 3852 16548 -3081 747 -342 613 621 638 636 620 END
START -7068 3048 16948 -3302 -4661 -16 613 620 646 638 638 END
START -5736 1856 14728 -3397 -10399 -115 614 621 639 639 624 END
START 5900 7328 24744 -4874 -7863 -115 615 620 638 640 620 END
START -15832 1960 25700 -3219 -25265 -736 615 645 637 632 607 END
START 27820 3960 -13936 -1581 -2153 1367 580 619 636 640 620 END
START -4792 736 21424 3393 5866 -2344 614 618 638 640 619 END
START 7548 2524 8480 3747 11920 -1957 615 622 644 637 608 END
START -6820 1720 18640 4476 12506 -2388 617 609 639 639 619 END
START 340 2488 12880 5367 14388 -2624 614 619 637 639 620 END
START -2704 2688 14400 6063 16555 -2565 615 632 637 637 618 END
START -3124 3300 13224 7330 20670 -2765 617 617 636 639 616 END
START -5828 4828 13492 8325 25648 -2274 614 615 635 639 615 END
START -8124 6236 12508 9172 27508 -1206 615 614 629 633 651 END
START -9280 7696 11704 9784 29375 252 615 611 631 630 609 END
START -10380 8780 10612 9968 29627 1776 615 610 629 627 609 END
START -11352 10292 9184 9909 30058 3377 627 607 661 623 601 END
START -11020 11760 7992 9572 29853 4866 616 606 622 621 603 END
START -10472 12696 6308 8665 30321 6354 619 606 616 610 610 END
START -11244 13196 4512 6959 30089 7777 632 603 621 609 606 END
START -11244 12744 4064 5221 29059 8842 614 606 602 602 607 END
START -9796 12668 2736 3632 28501 9301 615 607 591 593 610 END
START -9240 12300 1936 2186 29244 9152 613 609 585 588 612 END
START -11048 11864 2004 226 27960 8909 611 605 577 579 604 END
START -12372 10616 2932 -601 24165 8627 608 608 571 575 607 END
START -11616 9520 2824 -1701 19593 7931 608 610 565 568 609 END
START -8648 9004 2000 -1805 18014 6493 606 608 556 561 607 END
START -8356 8280 2168 -2513 17574 4469 611 608 546 552 607 END
START -10500 6016 1908 -3187 17133 2939 632 607 538 545 607 END
START -14740 4548 2464 -3534 13055 2431 604 610 530 539 539 END
START -16920 5624 4696 -1623 6122 2561 601 609 529 534 608 END
START -13432 4840 4284 -1039 3305 2181 600 611 526 531 613 END
START -11860 5600 2448 -97 4194 1373 599 608 518 535 605 END
START -13232 6244 1380 -52 6270 556 597 608 518 525 609 END
START -13096 7200 188 148 8373 -204 592 609 511 504 613 END
START -14624 8740 -412 -176 9193 -677 600 609 518 522 610 END
START -16220 9372 -236 -1164 7112 -495 600 611 517 520 608 END
START -16748 9176 712 -1825 3429 45 594 611 526 520 615 END
START -15980 9204 1532 -2079 -463 345 595 612 516 511 615 END
START -14432 9736 -92 -2760 -1958 506 601 572 516 520 614 END
START -12936 9556 696 -2195 -1500 335 600 618 512 519 615 END
START -12008 9612 120 -2538 1018 -136 602 615 516 518 615 END
START -12792 9416 576 -2697 2914 -501 600 617 510 517 623 END
START -16212 9572 2128 -3438 1281 -298 601 618 522 518 620 END
START -15224 8420 2588 -3283 -2902 266 602 617 515 518 617 END
START -13744 9316 1520 -1632 -5833 491 598 615 549 518 567 END
START -10216 8712 308 -1885 -4950 118 600 618 514 519 618 END
START -8684 8588 -988 -1650 -1897 -669 605 618 515 516 618 END
START -9568 8244 -1036 -1852 1424 -1627 604 591 516 569 618 END
START -12064 7748 -716 -1523 2141 -2217 603 615 518 518 620 END
START -14412 7276 820 -1229 -590 -1971 602 618 516 517 621 END
START -12708 6700 -140 -666 -3249 -1791 602 620 518 519 618 END
START -10380 6560 -2120 -605 -2269 -2167 601 617 513 519 622 END
START -8508 6320 -3088 -609 1795 -3119 608 620 519 518 620 END
START -9084 6412 -2996 -969 6356 -4281 607 646 516 545 622 END
START -13720 6268 -1020 -907 6868 -4609 603 621 517 517 621 END
START -15784 6032 300 -562 2765 -4101 605 622 516 517 621 END
START -14808 5816 -444 -134 -707 -3643 603 629 516 515 597 END
START -13028 6064 -1520 27 -1474 -3551 604 620 515 520 623 END
START -12828 5620 -60 -127 -1594 -3906 603 623 518 517 623 END
START -13216 5580 1348 -143 -4337 -4517 598 635 518 512 622 END
START -9884 6108 -440 -596 -9194 -5633 601 622 520 517 622 END
START -6160 5780 -2020 -1868 -8011 -7346 607 622 518 519 628 END
START -4424 5028 -3680 -2219 -23 -9968 602 610 516 508 625 END
START -8372 4172 -1972 -2701 4846 -11905 603 626 514 517 620 END
START -14840 5252 572 -2524 6959 -12959 602 622 518 519 620 END
START -18844 5272 824 -2618 -1190 -12216 604 622 519 519 621 END
START -16888 5880 -20 -2264 -7621 -11295 609 620 520 517 643 END
START -10812 5092 -2764 -2197 -5363 -11565 604 621 518 519 620 END
START -12132 5320 -228 -2202 -953 -11873 602 621 519 518 619 END
START -15884 5332 536 -2038 3159 -11691 584 622 523 517 663 END
START -20240 5172 1268 -1864 2855 -10545 598 618 482 520 611 END
START -23288 4948 2116 -1073 -1018 -8375 602 622 521 517 621 END
START -21708 5216 1288 -172 -4307 -6193 602 620 519 519 622 END
START -18684 5252 1072 203 -3760 -4636 599 618 527 526 620 END
START -17052 5112 836 149 210 -3701 603 621 528 519 621 END
START -18964 4792 832 79 3243 -2822 600 593 519 484 621 END
START -20868 4556 1604 145 3063 -1539 577 622 511 519 622 END
START -21060 4572 1184 304 1170 -167 599 621 519 514 618 END
START -19280 4560 1084 317 -657 853 629 619 546 518 639 END
START -17240 4316 900 144 -1202 1389 602 622 519 522 621 END
START -15684 3916 540 75 -469 1496 601 622 519 520 621 END
START -15172 3556 688 -15 556 1406 599 621 518 494 619 END
START -15152 3360 328 -66 1439 1256 597 620 520 519 620 END
START -16008 3196 500 -122 1301 1274 600 622 523 523 621 END
START -16220 3152 724 -173 59 1382 597 620 520 520 622 END
START -15420 2860 468 -198 -1058 1425 600 653 583 521 620 END
START -14348 2820 -336 -318 -1094 1118 600 617 519 520 580 END
START -14288 3088 -140 -408 -562 721 599 622 525 519 621 END
START -14484 3084 -204 -513 -290 441 616 621 518 547 623 END
START -14984 2972 40 -561 -268 244 599 621 522 519 621 END
START -15316 2864 -196 -623 -598 144 601 619 531 518 616 END
START -15468 3008 -120 -637 -1029 67 600 621 518 520 619 END
START -15420 3008 -108 -622 -1380 79 599 619 522 520 622 END
START -15480 3280 -16 -691 -1508 76 605 621 431 520 581 END
START -15548 3320 72 -805 -1656 78 605 621 521 520 622 END
START -16500 3396 808 -842 -2299 219 601 621 527 523 621 END
START -17520 3524 988 -774 -4209 575 600 624 520 521 617 END
START -18716 3672 1436 -675 -7304 1095 603 619 524 521 621 END
START -19504 3836 1264 -528 -11554 1821 659 621 565 523 628 END
START -19760 4044 1292 -457 -15812 2671 600 622 526 526 641 END
START -19732 4148 2456 -529 -20212 3659 604 623 527 530 621 END
START -19068 4500 3000 -782 -24669 4612 607 654 457 535 628 END
START -18812 4480 3772 -1167 -29312 5486 608 619 535 544 626 END
START -17720 4368 4136 -1205 -32768 6170 608 624 543 551 625 END
START -15788 4664 3852 -1415 -32768 6600 531 624 552 561 692 END
START -13596 4556 3960 -1960 -32768 6846 610 625 565 572 613 END
START -12844 4632 5196 -2887 -32768 7045 611 625 579 581 625 END
START -11916 4492 6608 -3383 -32768 7259 611 629 592 592 626 END
START -10348 4392 7548 -3532 -32768 7345 573 625 588 595 627 END
START -7608 4252 7584 -3534 -32768 7043 611 629 612 602 629 END
START -4276 4468 7060 -4214 -32768 6734 614 630 620 616 631 END
START -2672 4348 8008 -4688 -32768 6089 614 641 627 629 632 END
START -1744 4072 9728 -4359 -32768 5358 614 634 633 629 634 END
START -1776 4004 10360 -4778 -30392 4715 615 636 636 634 634 END
START 1544 3664 10472 -4718 -27886 4078 637 638 638 637 638 END
START 3140 3596 10692 -4597 -21827 3329 616 635 640 639 637 END
START 2908 3588 11908 -5005 -16780 2545 613 637 642 641 638 END
START 1284 3456 13160 -5382 -13405 2044 615 637 645 643 637 END
START 1328 3136 14428 -5157 -12084 1934 613 662 647 644 635 END
START 1380 2964 14800 -4714 -10501 1841 614 638 647 645 643 END
START 1128 2780 14912 -4404 -9526 1742 614 637 646 646 638 END
START 2092 2720 14356 -3695 -9017 1612 611 659 647 633 638 END
START 3152 2804 14084 -3071 -6920 1279 617 633 648 647 638 END
START 3432 3048 14264 -2778 -4734 949 615 636 646 647 638 END
START 3048 3152 14512 -2366 -2925 668 614 640 648 647 651 END
START 2708 3208 14704 -2177 -2145 570 613 636 648 649 638 END
START 3184 3260 14484 -2401 -1728 202 617 636 649 652 639 END
START 3520 3468 14376 -2365 -371 88 615 640 649 647 644 END
START 9968 3024 6560 -4263 3604 -1559 613 639 649 648 639 END
START 1576 3404 16340 -2430 3780 -631 616 625 649 648 587 END
START 436 2720 15380 -125 1643 -641 614 640 649 647 641 END
START 844 4364 15948 -1336 -1674 -464 614 639 649 651 640 END
START 2292 2884 14684 -519 -1670 -14 614 639 651 650 641 END
START 2836 4192 14320 -555 -1423 -64 614 639 649 647 639 END
START 3028 3724 14108 -1765 -128 -63 578 640 673 649 642 END
START 2592 3504 14640 -1329 144 -135 614 640 650 646 641 END
START 2712 3764 14996 -1275 1403 148 614 639 652 648 639 END
START 1120 3796 16388 -555 2052 58 622 636 650 650 635 END
START 2304 3820 14460 209 461 33 614 637 649 648 637 END
START 1948 3760 14504 -738 223 128 614 616 650 648 613 END
START 1300 2928 14964 -592 -525 152 614 639 650 648 639 END
START 1828 3148 14656 -407 -1211 95 587 639 650 653 634 END
START 3460 7848 17920 4954 21175 905 616 638 651 649 638 END
START 1788 5172 12012 2433 3851 129 614 640 650 648 639 END
START -68 3864 15668 860 2090 199 613 659 649 692 641 END
START -808 4292 14564 295 629 358 615 640 649 651 636 END
START -252 3020 10412 -73 -205 344 616 633 650 649 647 END
START 3728 3536 12396 841 1684 488 614 640 649 648 639 END
START 4144 3736 12412 668 4975 465 613 587 650 649 637 END
START -3064 3104 19064 2227 8811 288 614 629 650 650 639 END
START -3728 3372 18480 841 4258 -622 613 640 650 647 641 END
START 5544 3296 12672 516 8426 -892 609 642 651 648 654 END
START -968 3632 16420 238 8010 -1455 615 639 650 648 639 END
START -2936 3572 17436 -775 4410 -1742 612 640 685 649 635 END
START -4556 3328 19620 -1537 1515 -1553 615 646 651 648 639 END
START -1684 4712 16528 -3161 -3215 -1763 615 640 650 648 640 END
START -7280 3248 19104 -3564 -8055 -1953 623 636 650 684 641 END
START 13600 3928 4628 -2419 -3438 -1733 617 642 650 648 640 END