START 32767 10964 -14388 1134 -3807 -1413 618 629 645 643 630 END
START 32576 2860 -12784 27 4797 -2534 619 635 645 649 607 END
START -28872 3612 32767 286 -1943 -2570 614 629 646 645 629 END
START 2844 1736 10252 769 597 -2217 619 629 646 643 630 END
START 3764 3116 10308 -893 6917 -1555 619 629 644 643 625 END
START -11060 2128 21628 -2041 2352 -1129 617 628 645 643 628 END
START -5024 2384 18376 -1933 825 -271 622 629 645 643 629 END
START -7848 2292 21360 -2749 -513 775 615 594 646 644 629 END
START -8448 2740 25244 -3530 -536 1665 619 626 645 644 628 END
START -2116 3620 22424 -4382 -11525 2947 619 658 645 597 627 END
START -15660 1600 32720 -10814 -32768 2621 618 612 645 640 625 END
START -9424 -1480 18180 15796 32767 2778 615 625 644 642 619 END
START -2420 2556 29324 8794 17415 3041 617 624 643 640 615 END
START -8816 264 19308 11604 20363 3364 616 619 641 650 622 END
START -1636 2808 15656 14036 21523 4696 616 622 639 638 622 END
START -10372 4680 17144 15159 22870 6144 617 619 636 633 620 END
START -3860 7040 10948 15792 25079 7557 615 589 632 617 619 END
START -7144 8284 11732 16005 27291 8629 619 614 625 618 615 END
START -3200 10132 6804 15479 32291 9572 616 619 617 612 613 END
START -5840 11012 5608 14360 32767 9973 618 601 608 622 590 END
START -4880 11876 2464 12519 32767 10094 615 612 601 593 614 END
START -7620 12524 1828 9783 32767 10274 612 610 586 582 614 END
START -8144 11284 760 7066 32767 10045 618 576 575 572 568 END
START -9976 10612 820 3621 32767 9360 611 625 566 567 611 END
START -9016 9140 860 1618 32767 8454 606 611 558 559 612 END
START -7328 8576 1776 278 29064 6468 632 613 535 549 616 END
START -6156 8260 984 -1722 26568 3922 606 613 544 544 617 END
START -7752 7104 592 -3684 23714 1349 607 611 540 548 610 END
START -13404 5996 1908 -5175 17254 -100 609 610 589 542 613 END
START -14036 4164 3756 -4721 7477 -1001 609 613 551 536 613 END
START -12476 4020 2676 -1946 2828 -1700 607 616 528 531 616 END
START -12788 4068 2716 -1618 3670 -2308 602 626 529 489 600 END
START -15720 4052 3808 -356 2877 -2114 605 617 527 528 616 END
START -14116 4576 1456 116 4140 -1947 607 618 528 526 618 END
START -12804 5712 -796 1025 7539 -2142 609 618 564 525 613 END
START -15864 7180 -612 638 10135 -2164 605 620 541 525 620 END
START -19192 7032 748 238 6475 -1159 606 619 527 524 620 END
START -18604 6588 1488 210 561 48 607 625 525 508 627 END
START -15108 6524 392 495 -2625 479 605 622 525 524 620 END
START -12408 6784 -972 395 -2766 260 597 620 534 524 597 END
START -9456 6472 -1736 165 -609 -697 607 623 526 524 622 END
START -7556 6212 -1056 214 3025 -2271 607 619 526 525 622 END
START -7716 5388 -688 290 7296 -3989 603 622 527 525 606 END
START -11256 5208 940 212 9073 -5086 603 626 526 523 623 END
START -14564 4516 1812 892 7040 -5296 580 619 509 521 620 END
START -13020 3964 352 1443 5753 -5665 606 639 525 520 605 END
START -11644 3712 -184 1940 5347 -6521 603 623 526 523 623 END
START -10556 3384 -760 1596 5161 -7856 636 600 552 520 655 END
START -9300 2320 -3484 1411 5782 -9580 599 627 523 521 624 END
START -13304 2372 -1880 334 6090 -11045 602 625 522 521 622 END
START -10032 4188 -4468 -2361 6254 -11869 578 623 580 519 651 END
START -12504 -708 -3544 -3038 8802 -13201 600 622 524 523 625 END
START -14716 1432 -800 831 8930 -14542 603 622 523 520 622 END
START -15068 2004 -4080 -385 5772 -14913 603 566 525 517 620 END
START -18628 2648 -2668 -468 2371 -14596 602 621 524 519 613 END
START -19608 3452 -2900 -332 -1590 -13454 598 620 524 519 619 END
START -17972 3760 -3368 -433 -3131 -12413 601 621 518 517 620 END
START -17152 4284 -3564 -426 -359 -11583 601 617 523 535 621 END
START -19136 4424 -2548 -274 1640 -10479 601 617 529 521 620 END
START -22696 4424 -2456 176 621 -8474 602 619 524 521 621 END
START -23072 4324 -2032 664 -2799 -6005 608 605 522 502 622 END
START -20492 4380 -2432 897 -3925 -4048 604 620 521 521 620 END
START -18060 4020 -2644 1224 -2067 -2793 603 620 523 520 620 END
START -17304 3876 -2536 1415 1119 -1973 610 622 525 520 619 END
START -18540 3772 -2308 1488 2704 -1282 600 618 526 521 611 END
START -20096 3536 -2520 1457 1193 -299 599 620 525 540 621 END
START -19556 3124 -2716 1382 -1288 701 603 621 524 521 621 END
START -17716 2904 -2568 1157 -2704 1348 616 620 522 520 620 END
START -15224 2652 -3284 910 -1960 1364 601 621 524 520 621 END
START -14900 2280 -2820 647 345 1054 600 621 525 520 621 END
START -16228 1964 -2720 373 984 954 626 620 527 550 621 END
START -17076 1740 -2696 204 131 1054 601 621 524 522 622 END
START -17036 1668 -2812 159 -1476 1251 595 653 525 516 606 END
START -15596 1556 -3004 54 -2549 1256 603 625 522 521 621 END
START -14656 1572 -2888 -164 -2172 1016 601 621 526 522 623 END
START -13904 1452 -3176 -313 -815 637 635 625 523 545 622 END
START -15064 1140 -3164 -396 205 381 604 620 529 521 621 END
START -16084 964 -3172 -352 -242 414 602 625 525 521 622 END
START -15888 988 -2972 -259 -1014 575 601 620 527 522 619 END
START -15332 1148 -2900 -250 -951 615 601 619 526 521 620 END
START -15208 1184 -3024 -200 -420 537 608 624 528 518 620 END
START -15204 1280 -2808 -197 -118 401 600 619 522 520 621 END
START -15416 1364 -2812 -223 -42 342 601 623 526 525 621 END
START -15784 1312 -3132 -230 -86 308 516 635 525 519 622 END
START -16216 1436 -2988 -246 -521 324 601 624 515 524 624 END
START -15428 1488 -3032 -315 -341 311 602 618 526 521 619 END
START -15144 1516 -3048 -418 648 209 601 619 526 478 619 END
START -16112 1596 -2540 -510 748 270 602 622 527 520 621 END
START -16712 1588 -2496 -583 6 435 599 650 553 511 623 END
START -16784 1644 -2692 -536 -1081 610 601 620 524 521 622 END
START -16728 1868 -2792 -526 -1962 776 600 620 529 522 621 END
START -15888 1824 -2836 -577 -2344 842 601 648 527 502 618 END
START -15544 1784 -2952 -636 -1701 716 604 620 529 522 621 END
START -16600 2068 -2488 -862 -1516 801 604 621 527 523 621 END
START -17836 2016 -2064 -1001 -2679 1225 586 620 503 518 622 END
START -18520 2224 -1744 -961 -5090 1850 602 620 526 519 621 END
START -18720 2168 -1596 -974 -8037 2539 604 623 529 524 617 END
START -18668 2284 -1588 -808 -11266 3237 603 612 531 579 615 END
START -18484 2308 -1260 -500 -14464 3842 604 618 534 524 619 END
START -19404 2760 -576 -360 -18180 4613 604 620 532 534 618 END
START -21556 2864 1340 -387 -24123 5753 606 622 533 538 618 END
START -20824 2516 1500 99 -31791 6886 607 624 540 540 619 END
START -17828 2556 496 355 -32768 7477 605 622 547 549 621 END
START -14960 2728 384 191 -32768 7436 579 618 554 559 625 END
START -13156 3060 1340 -166 -32768 7049 614 612 564 565 623 END
START -13356 3276 2336 -833 -32768 6665 612 625 575 574 626 END
START -14448 3264 4312 -1431 -32768 6429 607 586 586 588 628 END
START -13512 2708 5752 -1680 -32768 6356 613 631 596 595 624 END
START -10392 2832 6320 -919 -32768 6005 612 630 606 600 631 END
START -6596 2948 6544 -201 -32768 5418 614 630 614 609 632 END
START -3148 4052 6124 -1377 -32768 4408 615 633 620 602 632 END
START -1756 4476 5620 -3036 -32768 3330 615 636 626 621 634 END
START -2884 4564 8892 -4373 -29454 2380 615 636 631 629 636 END
START -2180 3360 11536 -4698 -26942 1677 616 630 636 652 635 END
START -972 2636 12244 -3866 -22750 877 616 641 638 639 629 END
START 412 2632 12964 -2485 -19048 180 614 638 640 638 638 END
START 60 3908 12400 -2829 -13982 -256 609 638 654 642 653 END
START -1084 3528 13444 -3757 -10818 -506 614 638 643 643 638 END
START -1284 3236 14236 -3067 -9729 -465 615 641 644 642 639 END
START 140 3164 13896 -2905 -8334 -486 600 664 646 647 628 END
START 8520 5508 10952 1200 14155 -1024 617 645 645 638 639 END
START -4768 6892 13652 -5795 -11689 -903 616 640 646 645 639 END
START -2044 2324 15564 -3698 -5952 -538 611 670 650 645 684 END
START -708 3368 14676 -2703 -5187 -194 616 640 647 647 640 END
START 1572 3724 14956 -3566 -7707 -185 615 639 648 650 639 END
START 10340 1044 4544 316 8848 -78 615 651 650 647 626 END
START -4472 4324 16708 -3910 -6777 -722 615 636 649 648 641 END
START -1224 2804 16100 -3099 -1027 -201 616 639 650 647 639 END
START -960 3104 15412 -3169 -2498 190 624 640 646 647 637 END
START 632 2796 15040 -3101 -1795 319 613 640 648 648 638 END
START 964 2724 14196 -1815 1209 347 621 640 649 648 640 END
START -1280 3784 15820 -2059 1160 268 615 639 649 647 640 END
START -932 3140 15084 -2859 -613 410 615 640 649 648 640 END
START -264 2572 14092 -2127 -2317 574 614 661 649 648 627 END
START -2052 2660 15104 -900 -2959 531 613 643 649 649 640 END
START 384 3192 14092 -2850 -3577 591 614 640 649 647 639 END
START 1784 3252 12100 -2633 2731 749 622 637 648 648 591 END
START -900 2296 15752 -1434 9783 842 612 640 649 649 640 END
START -2564 2452 16284 86 4378 768 632 641 608 651 640 END
START -520 3436 14388 -568 3852 727 613 640 649 649 640 END
START 1964 2988 11188 -422 6689 881 614 640 649 648 640 END
START -3164 1388 14688 1154 5510 1034 614 640 650 647 640 END
START -11360 452 13984 2741 326 961 613 642 649 648 637 END
START -916 1888 14264 2673 5119 1400 600 639 638 651 637 END
START -632 3768 14904 629 5442 1177 613 657 649 656 640 END
START -1004 3188 15572 -267 3682 630 614 640 649 648 641 END
START -1160 3268 14408 -966 1889 -39 606 643 649 648 639 END
START -3104 3396 14884 -1919 323 -648 614 640 649 648 640 END
START -5072 2904 15716 -2626 -3462 -400 611 642 650 642 636 END
START -2464 2820 16308 -3159 -6606 137 614 639 650 648 639 END
START -1248 2892 15760 -4066 -8933 -174 614 640 648 648 640 END
START -3832 2788 19056 -4223 -10750 -416 618 639 649 606 640 END
START -2372 1296 14212 -3499 -13880 -923 614 638 649 647 642 END
START 2008 2448 12160 -2099 -1110 -35 614 637 649 644 638 END