START -5676 3960 15264 3432 5035 75 616 636 651 649 636 END
START -12844 4012 23748 2335 3911 -76 619 632 651 651 636 END
START -16388 -3120 9524 4668 1247 -897 613 647 639 647 634 END
START 17164 4288 1968 -148 1573 -1129 631 636 666 648 637 END
START 7968 2504 8752 -1062 11935 -1013 619 636 650 647 636 END
START -9280 2916 20020 -1494 3685 -1750 615 558 661 649 668 END
START -60 2944 13716 -1968 3996 -1468 616 636 650 648 635 END
START -4736 3040 16712 -2484 832 -1357 615 635 651 647 635 END
START -3916 2624 17900 -3316 -2935 -1133 614 636 649 666 640 END
START -2624 2488 18708 -3377 -5038 -711 608 664 650 650 637 END
START -5072 1144 16872 -2677 -9212 -790 616 636 647 651 635 END
START -10772 2636 24640 -3385 -11561 -301 616 634 683 648 636 END
START 5460 1652 10580 -4942 -29414 221 617 635 651 646 633 END
START 6532 1296 10372 5347 20385 -270 616 633 650 647 629 END
START -7488 2860 21228 2987 2963 -834 617 633 650 648 626 END
START 6364 992 11732 4047 13923 -1096 618 631 648 645 631 END
START -1884 1608 15940 4965 15747 -1288 618 631 648 646 630 END
START -3364 1636 15912 5878 16821 -1101 616 595 658 645 627 END
START -5600 2384 15816 6873 16562 -466 612 628 648 645 629 END
START -4792 3020 14380 7781 16592 186 616 624 643 643 624 END
START -5664 3820 13944 8685 19988 698 611 621 639 641 619 END
START -7920 4784 15324 9662 21202 1529 616 619 642 634 617 END
START -6876 6252 12816 10833 22932 2298 616 616 640 639 617 END
START -8060 8252 11708 11219 24354 3162 533 585 638 637 614 END
START -7764 9272 9588 11004 26257 4299 620 615 635 633 614 END
START -8312 9908 7932 10547 26633 5362 615 607 633 630 609 END
START -9120 10176 7416 9375 26036 6295 615 594 639 621 600 END
START -10000 9980 8384 7953 22008 6996 614 592 623 642 591 END
START -6772 8244 8496 6956 17549 7368 615 591 619 614 591 END
START -5092 9184 4324 5853 19081 7055 610 594 615 608 597 END
START -8424 10304 4844 3648 22524 6690 615 597 609 602 604 END
START -11152 8504 8768 3457 19009 6757 613 599 603 599 599 END
START -9244 8036 7688 2869 14515 6595 651 598 597 593 572 END
START -7620 8928 5896 2476 11934 5868 615 586 589 586 602 END
START -5328 9104 4864 1908 11607 4479 612 599 578 579 591 END
START -3196 8644 3796 1318 13905 2627 615 636 571 593 602 END
START -4912 8804 2624 -85 17850 863 611 604 568 567 603 END
START -8216 8044 3632 -581 18920 -252 572 603 564 568 604 END
START -10728 8288 5352 -1399 17074 -1000 609 602 556 560 604 END
START -11024 8348 7232 -362 14958 -1674 608 604 544 551 604 END
START -11492 8184 6600 267 14918 -2137 611 585 538 539 604 END
START -12220 7796 4660 723 15424 -2319 606 603 515 538 602 END
START -15200 8580 3788 981 14865 -1952 603 604 519 530 604 END
START -17120 9608 5032 691 11008 -1187 607 604 518 526 611 END
START -15484 9960 5308 1126 6089 -453 605 605 516 522 606 END
START -13376 10696 3352 1191 5491 -345 604 605 512 522 605 END
START -12888 10428 2400 68 6834 -133 604 580 510 515 605 END
START -15144 10032 2252 -514 6789 472 594 607 500 516 569 END
START -17676 10256 2704 -843 3865 1652 603 606 511 513 607 END
START -15568 10132 2888 -837 727 2548 607 580 512 525 608 END
START -13116 9652 2288 -872 -47 2640 604 608 510 512 610 END
START -12028 9592 900 -1088 600 2454 604 612 510 514 608 END
START -13220 9744 584 -1987 2008 2494 603 610 504 516 609 END
START -14884 8352 2356 -1092 295 2748 602 610 510 512 609 END
START -13788 8700 1084 -1323 -940 2821 612 610 512 511 611 END
START -13160 8628 1268 -1370 -1620 2745 604 611 506 534 610 END
START -11220 7928 424 -1701 -1077 2329 604 603 510 512 613 END
START -9804 7480 -840 -1798 1039 1584 608 613 509 512 610 END
START -11500 7684 304 -2023 2563 974 603 611 509 512 612 END
START -11992 7720 1220 -2463 2416 496 602 612 511 509 612 END
START -12352 7464 1380 -1426 1627 159 613 604 511 555 612 END
START -12084 7352 912 -1805 1112 -205 603 615 512 500 614 END
START -12368 7184 260 -1576 844 -350 603 612 511 513 615 END
START -12624 7284 212 -1352 476 -341 604 616 524 511 606 END
START -12316 7928 268 -878 191 -375 603 616 512 514 617 END
START -11616 8084 868 -694 858 -600 604 616 516 514 615 END
START -11616 8268 1284 -596 1405 -819 604 616 542 515 612 END
START -11724 8100 1168 -310 1608 -996 603 618 514 513 619 END
START -12136 8236 1240 -38 1334 -1206 600 646 508 490 617 END
START -11960 8356 824 284 681 -1407 600 619 516 512 619 END
START -11592 8484 720 276 441 -1717 604 619 516 511 619 END
START -10968 8420 964 114 663 -2068 603 619 516 517 617 END
START -10668 8264 112 -11 1931 -2504 605 620 516 508 618 END
START -10808 8416 -220 -123 3818 -3061 604 648 504 517 593 END
START -12036 8120 144 -181 5400 -3397 571 625 514 517 621 END
START -13284 8248 -192 -131 5864 -3513 604 626 518 515 614 END
START -13760 8288 -612 -164 5609 -3454 600 650 511 547 610 END
START -14720 8016 368 -525 4169 -3367 597 622 516 498 622 END
START -15044 7464 1304 -430 1521 -3216 604 621 517 516 628 END
START -13928 7280 -224 -1021 -479 -3340 602 628 519 515 610 END
START -12976 6096 612 -2830 -1575 -3984 606 624 517 517 624 END
START -10492 6364 204 238 -4153 -5026 603 624 516 517 624 END
START -8372 6516 -2516 -1741 -2700 -6403 598 628 523 517 625 END
START -10128 5744 -772 -2055 1092 -7864 602 627 515 516 627 END
START -10068 4500 -4676 -2980 1288 -9141 601 625 514 515 624 END
START -12284 4500 -3516 -3426 7169 -9647 603 625 501 456 622 END
START -18252 4368 2660 -3238 6691 -9805 600 627 513 507 624 END
START -18168 4580 92 -3238 -915 -8947 598 622 513 516 623 END
START -15200 4460 -356 -4142 -6842 -8902 605 623 511 533 625 END
START -12072 5184 -3580 -4444 -5863 -9302 599 622 515 514 622 END
START -11616 4424 -2008 -5002 -1242 -10122 600 621 515 520 622 END
START -15252 5176 844 -4595 1969 -10041 600 618 516 515 619 END
START -18456 5608 1680 -3711 2747 -9268 601 657 512 505 650 END
START -21440 6156 2960 -3007 364 -7680 603 622 512 513 620 END
START -21388 6216 2448 -1972 -2567 -5713 600 620 512 514 621 END
START -19588 6532 2296 -1129 -3550 -3991 600 649 513 575 621 END
START -18080 6648 2084 -276 -2345 -2703 602 620 517 518 621 END
START -17388 6356 1840 375 -120 -1808 601 623 515 515 621 END
START -18244 6196 1548 763 1278 -853 617 622 471 515 637 END
START -18888 5704 1568 891 648 161 603 617 512 515 621 END
START -18588 5520 1308 972 -921 989 600 621 515 515 621 END
START -16708 5164 908 993 -1873 1540 600 624 516 516 622 END
START -15268 5008 636 930 -1452 1690 600 622 515 517 625 END
START -14836 4636 376 658 -992 1610 583 622 514 517 620 END
START -14728 4212 -176 361 -618 1505 600 623 513 477 620 END
START -14852 3960 -184 118 -391 1422 600 623 516 518 621 END
START -15052 3924 -284 -124 -620 1347 602 622 514 516 624 END
START -14848 3852 -252 -343 -1258 1236 605 621 522 516 621 END
START -14420 3776 -320 -516 -1353 987 600 676 511 515 674 END
START -14136 3652 -264 -731 -1039 714 598 620 513 519 624 END
START -14256 3724 20 -857 -848 466 600 620 515 516 621 END
START -14676 3672 112 -945 -748 269 582 622 521 516 646 END
START -15176 3916 688 -929 -1319 165 591 622 519 509 622 END
START -15728 3928 1060 -859 -2260 143 551 630 516 517 608 END
START -16592 3988 1740 -706 -4061 305 603 625 516 516 621 END
START -16704 4164 1396 -373 -6239 540 601 622 520 517 620 END
START -17056 4364 1760 -208 -8357 816 601 637 521 568 621 END
START -17580 4496 2464 79 -10945 1275 602 622 519 525 622 END
START -17712 4840 3108 192 -13857 1827 602 625 521 527 623 END
START -17516 4752 3776 284 -17340 2311 599 596 522 521 647 END
START -17172 4680 3764 426 -20993 2811 606 620 525 527 626 END
START -18248 4680 4124 302 -25344 3342 605 620 530 534 620 END
START -19688 4700 4772 -40 -31783 4135 612 619 539 543 618 END
START -18448 4428 4940 119 -32768 4862 607 620 544 551 622 END
START -15288 4704 4896 -22 -32768 5388 606 619 556 560 621 END
START -11760 4772 4932 -867 -32768 5368 614 589 569 569 624 END
START -10232 4808 5356 -1752 -32768 5159 607 620 580 585 620 END
START -8004 4760 6576 -2344 -32768 4795 609 620 594 592 619 END
START -5036 4620 7912 -2600 -32768 4069 612 625 604 598 610 END
START -1936 4344 8528 -2741 -30780 3235 617 621 613 613 621 END
START -2072 5476 8252 -3580 -23630 2426 611 626 623 621 625 END
START -5816 5416 10248 -5068 -19836 2136 595 626 628 628 637 END
START -7120 4536 12572 -4246 -22257 2186 610 628 636 634 627 END
START -5952 4412 11948 -3368 -25295 2154 612 632 640 637 633 END
START -3420 4812 11460 -3682 -26623 2095 613 632 645 641 635 END
START -684 4540 11776 -4425 -25222 1880 630 631 669 644 631 END
START 1900 3984 11768 -4344 -20870 1307 614 636 648 647 638 END
START 1780 4136 12688 -4007 -15801 770 614 638 649 650 637 END
START 540 4044 12736 -3849 -11949 466 613 638 646 649 627 END
START -12 4052 13000 -3787 -10932 574 616 633 652 649 640 END
START 604 4032 13240 -3711 -10010 674 613 637 652 652 640 END
START 1712 4136 13840 -3769 -8469 633 635 684 651 652 652 END
START 2736 3616 14376 -3617 -6247 449 616 638 655 654 639 END
START 3212 3816 14504 -3220 -3271 120 617 639 655 654 640 END
START 3380 3652 14144 -2941 108 -232 614 642 655 655 641 END
START 2504 3848 14160 -2792 2960 -551 611 640 655 654 640 END
START -256 3980 15064 -2913 3097 -715 609 659 666 656 678 END
START 13364 -3696 -10548 6586 9381 456 614 642 655 656 641 END
START -5920 4136 18960 -1114 -3342 -442 616 641 655 656 640 END
START 120 3056 16780 -2752 483 -564 611 662 654 681 641 END
START 1352 4064 14396 -1742 -218 -541 615 640 657 656 640 END
START 356 4308 15400 -2666 -824 -591 615 641 655 655 641 END
START 364 3968 14496 -2782 -974 -556 615 642 656 656 641 END
START -1904 3808 14852 -2199 -6736 -393 615 644 656 656 638 END
START 3396 3792 13048 -1075 338 -290 615 660 656 644 642 END
START -308 4228 15224 -1324 -479 -367 612 641 656 658 642 END
START 924 3736 14444 -1823 -1803 -481 615 641 656 657 641 END
START 384 3748 15048 -879 605 -399 625 641 646 659 639 END
START -452 3876 15028 -1054 -733 -291 614 640 656 656 640 END
START 1072 3796 14268 -943 -1032 -157 615 645 656 656 643 END
START 1588 3612 12996 -415 696 -144 614 642 656 656 648 END
START 616 4084 15628 540 7025 -145 614 640 658 656 641 END
START 576 4152 13188 -966 2842 -91 605 641 655 655 627 END
START -612 3392 15620 -538 2937 -4 617 640 656 656 641 END
START -232 3848 14588 -639 1210 175 617 666 656 654 641 END
START 68 3388 14588 -763 -440 53 615 640 656 654 642 END
START 464 3564 14260 -542 -500 -12 614 641 656 655 641 END
START 380 3888 13968 -964 -187 -8 617 641 657 655 640 END
START 384 3508 14120 -1083 708 70 616 641 656 655 642 END
START 220 3748 14608 -1167 677 55 608 639 657 658 641 END
START 76 3480 14488 -1248 794 155 615 642 656 655 646 END
START 464 3752 14852 -1481 427 190 611 643 656 657 640 END
START 280 3664 14932 -1895 52 53 614 642 656 656 642 END
START -420 3368 15316 -1907 -838 29 597 643 655 672 640 END
START -2720 3816 17892 -2702 -4755 -85 614 641 655 655 644 END
START -1976 3328 16184 -3577 -11572 268 614 642 656 655 641 END
START 4728 2312 10324 -1800 -6156 235 615 640 656 658 634 END
START 1856 3232 14776 -1207 -858 39 614 641 656 655 640 END
START 2028 1336 7936 1247 1865 -209 607 668 648 654 641 END
START -1172 2748 14888 3208 6044 -472 617 639 649 656 642 END
START 660 4420 14400 3301 8346 511 615 641 652 655 647 END
START -5916 4860 17412 1967 8253 833 616 643 655 599 643 END
START -4904 3420 19064 40 -31 211 613 640 656 656 642 END
START -3520 4816 20772 -395 159 -222 615 650 656 654 639 END
START 2316 3152 15452 -399 7031 -373 615 642 657 654 642 END
START 696 2996 16668 -354 5452 -1205 614 641 656 656 640 END
START -44 3600 15232 -168 4844 -2126 613 640 656 654 644 END
START -1588 3748 15480 -237 2358 -2486 616 642 656 655 642 END
START -1492 3428 17464 -775 -1403 -2444 592 634 656 634 654 END
START -2108 3844 18132 -1118 -5847 -2654 617 640 658 655 641 END
START -1032 2892 15364 -1260 -6692 -2817 615 637 656 655 642 END
START 7544 4416 16416 -2286 -7596 -2999 615 642 657 655 641 END
START -9360 4900 26748 -2416 -7248 -2666 613 655 657 672 640 END