START 2764 1568 12544 1974 7325 -638 643 626 640 682 628 END
START -6668 1168 16672 1683 3397 -952 617 628 641 639 628 END
START 972 1644 13164 1223 5041 -1069 626 624 653 628 627 END
START 3464 788 11092 1646 9724 -1313 615 629 641 639 626 END
START -3092 1776 13740 1294 10395 -1735 616 625 641 639 619 END
START -3356 1624 14196 294 7862 -2268 616 631 631 654 630 END
START -3948 1444 14592 -337 6527 -2440 616 626 633 636 627 END
START -5772 1736 17080 -674 3121 -2401 616 629 640 637 627 END
START -6100 1516 19028 -1127 504 -2362 615 623 640 631 625 END
START -8580 1844 22304 -2313 -6725 -2603 615 629 640 638 660 END
START -13260 1776 29280 -3620 -12224 -2855 618 627 640 638 627 END
START 16932 3300 9688 -10668 -29985 -1062 615 607 641 634 626 END
START 2388 -2508 7100 13360 30528 -3103 620 623 640 639 630 END
START 972 3904 22252 8069 28600 -4489 615 622 639 639 625 END
START -5340 1116 16264 10242 26144 -4016 617 621 638 637 544 END
START -2324 3660 14584 12606 31608 -3223 616 621 637 637 620 END
START -11904 5516 17392 13585 29706 -1560 615 619 636 635 630 END
START -10480 7332 14776 15183 28923 754 615 616 632 634 615 END
START -7712 9752 11276 15792 28085 2282 617 630 613 629 533 END
START -8244 10996 10704 15382 29953 3820 616 606 617 618 613 END
START -7220 11140 7420 15550 31172 5043 612 607 605 606 610 END
START -8288 11736 5876 14895 32767 6001 611 613 592 584 590 END
START -7808 12000 4292 13415 32767 6842 612 607 576 579 600 END
START -9460 12640 1908 10594 32767 7114 608 608 566 569 607 END
START -10984 13328 1968 6967 32767 7407 608 582 550 561 601 END
START -11484 12452 1528 3834 31552 7580 603 606 540 553 606 END
START -9172 10820 1952 193 27242 6946 607 609 535 542 609 END
START -9240 9440 1608 -345 24192 5159 582 612 458 524 604 END
START -10760 9088 416 -1563 20763 3702 605 612 526 538 612 END
START -13064 6828 2668 -2866 15510 2659 604 614 523 532 618 END
START -13392 5908 2932 -2457 10651 1843 601 614 492 529 595 END
START -13480 5788 576 -3080 6820 1311 595 616 519 526 613 END
START -14044 3768 1028 -3172 4772 897 603 617 518 524 618 END
START -14280 3912 2124 -2902 3499 597 606 617 522 524 613 END
START -14024 3308 2508 -1601 3784 66 602 618 519 523 610 END
START -14956 3408 1560 -1701 3293 -294 603 620 517 522 621 END
START -15176 3544 340 -786 2719 -459 604 614 525 520 607 END
START -16012 4000 1024 -545 2249 -370 601 621 519 525 624 END
START -15732 4988 520 -443 238 -336 603 621 519 523 623 END
START -12456 5616 -1028 -2646 153 -603 604 621 522 524 622 END
START -12804 4820 1156 -635 -370 -1116 604 628 519 528 623 END
START -10760 5400 -2152 -1881 1141 -1955 605 623 518 528 630 END
START -10864 5128 -364 -1789 1816 -2902 609 590 523 523 632 END
START -9136 4948 -1696 -1545 5105 -4060 604 624 521 522 624 END
START -8952 5076 -2020 -1464 9207 -5651 604 626 521 525 627 END
START -13064 4964 -356 -1641 11973 -6651 607 624 523 527 624 END
START -18180 4040 1928 -1139 7832 -6163 606 626 523 525 625 END
START -17352 3748 816 -147 2614 -5424 604 626 525 525 626 END
START -14448 3916 792 273 -793 -5470 604 623 525 532 604 END
START -11616 3840 1036 237 -2602 -6379 601 624 523 525 627 END
START -7752 4024 -3416 -1180 648 -8002 603 625 525 512 625 END
START -7576 912 -1396 -4056 5510 -10358 601 625 523 497 658 END
START -8300 -152 -4296 -2019 11933 -12480 602 626 522 525 624 END
START -13680 -192 -3700 -2178 15266 -14445 601 624 522 524 624 END
START -17808 1488 -1088 -3350 7868 -14579 603 619 531 525 633 END
START -15840 580 -2520 -7108 1381 -14753 601 584 523 523 625 END
START -12920 -152 -3860 -4688 -835 -15542 602 622 523 527 620 END
START -12960 1616 -5040 -3694 -230 -15948 601 611 524 525 620 END
START -14416 1216 -3908 -4165 3233 -15925 601 594 552 475 625 END
START -19560 2220 -2160 -3449 4754 -15022 602 609 524 526 621 END
START -23260 2564 -140 -2581 1578 -12686 600 623 524 526 624 END
START -23528 2772 -300 -1298 -2505 -10285 602 622 524 492 622 END
START -22372 3476 -1116 -442 -4499 -7930 613 630 523 468 622 END
START -20012 3672 -2540 -22 -3001 -6138 602 620 526 526 621 END
START -20292 3184 -1360 309 -984 -4582 603 623 525 525 620 END
START -20664 2912 -1288 698 508 -3035 604 627 526 530 606 END
START -21388 2336 -1056 1082 302 -1513 603 623 524 523 621 END
START -21000 1984 -1240 1587 -700 -157 604 621 525 526 622 END
START -19392 1984 -2204 1721 -1551 882 603 615 546 524 626 END
START -17240 1784 -2396 1485 -681 1438 611 623 523 525 617 END
START -16596 1420 -2108 1148 732 1590 603 622 517 525 623 END
START -17252 892 -2004 919 910 1714 602 621 525 525 678 END
START -17684 600 -2008 751 -257 1949 602 624 524 525 623 END
START -16920 196 -2096 500 -1983 2046 602 614 523 536 621 END
START -15484 -36 -2404 251 -2799 1969 602 621 526 524 624 END
START -13604 -188 -2900 24 -1351 1525 602 622 526 526 621 END
START -14508 -88 -2056 -343 283 1037 523 623 542 527 633 END
START -15552 -396 -1940 -367 -21 775 602 625 527 523 625 END
START -15904 -440 -1776 -311 -937 652 605 622 526 527 623 END
START -16444 -448 -2064 -242 -2147 704 603 620 526 530 620 END
START -15476 -320 -2356 -189 -2935 749 603 624 527 531 622 END
START -14144 -216 -2344 -272 -1892 547 602 611 526 527 642 END
START -14744 -148 -2100 -514 38 223 602 622 534 528 624 END
START -16680 -160 -1824 -529 302 270 594 622 527 527 623 END
START -17852 -72 -1496 -440 -1070 666 592 621 520 529 624 END
START -18672 324 -1372 -354 -3140 1201 602 623 525 527 623 END
START -19160 472 -1268 -255 -5886 1855 603 621 529 529 621 END
START -19416 820 -1336 -193 -8906 2615 583 640 531 539 620 END
START -19204 1064 -1204 -99 -11706 3412 604 621 556 535 624 END
START -18780 1228 -528 -12 -14232 4115 604 621 533 537 621 END
START -18660 1144 -280 -1 -16105 4736 632 621 582 541 624 END
START -19664 1736 992 34 -18925 5491 608 620 545 548 620 END
START -20548 2240 1688 -115 -24447 6387 608 623 547 555 624 END
START -20328 2148 1968 -203 -30935 7183 611 624 559 566 624 END
START -18132 1924 2176 78 -32768 7723 611 602 571 577 624 END
START -15552 2132 2184 -297 -32768 7836 614 628 589 586 628 END
START -13984 2148 3376 -991 -32768 7696 649 629 597 607 629 END
START -13212 2228 4528 -1347 -32768 7414 614 631 606 602 631 END
START -12356 2624 6004 -1737 -32768 7006 615 633 614 614 633 END
START -10092 2524 5348 -1049 -32768 6557 639 629 621 622 635 END
START -8440 2740 6352 -1471 -32768 6068 617 635 628 625 634 END
START -6976 2328 7540 -1690 -32768 5573 618 638 632 629 638 END
START -3480 2168 7784 -1234 -32768 4512 613 638 628 631 633 END
START -612 2420 8992 -1399 -32768 3326 618 636 636 633 636 END
START 900 1936 10420 -2154 -29321 2203 617 638 638 634 639 END
START 1100 1468 12524 -2497 -22551 1250 602 640 647 636 648 END
START 172 1568 12640 -2626 -16560 510 617 628 640 638 642 END
START -900 1784 12980 -2418 -11884 91 618 639 641 639 641 END
START -1172 1756 14444 -2105 -9567 -118 618 672 643 637 647 END
START -1792 -14768 3420 5801 -10705 500 618 639 643 642 639 END
START -17928 804 24936 -1632 -21370 -2142 617 639 644 641 634 END
START -10020 -2680 16896 -5400 -6828 -422 619 638 644 643 639 END
START 4496 2124 11596 2166 903 -439 616 640 649 642 641 END
START 4 4852 12608 -2437 -268 -166 622 639 645 643 639 END
START -6504 1716 18268 -3434 -6189 -458 616 646 645 632 638 END
START 2300 3060 12808 -1611 -1208 -243 621 639 648 643 643 END
START -4340 2848 15884 -4063 -8503 -356 618 638 645 642 639 END
START 1596 2188 12340 -2086 -4963 -43 640 639 650 642 651 END
START -724 2948 14532 -1129 -2826 -53 617 621 645 644 637 END
START 588 2876 13972 -763 -1580 -60 614 639 646 644 640 END
START -208 3496 14840 -1120 -950 -34 617 633 636 642 632 END
START 364 2728 14020 -1266 642 -13 621 638 645 644 638 END
START -208 3904 14776 -2434 3784 176 595 599 646 642 638 END
START -10636 2520 22248 -6192 -13947 -578 618 637 645 643 638 END
START 2052 1136 11068 -2521 -3060 555 617 640 646 644 639 END
START -2180 2056 16840 -1030 -3775 97 613 632 647 649 664 END
START 1352 2244 13944 -1820 -2050 56 616 637 646 643 642 END
START -1128 1880 15564 -1500 -2350 -160 617 643 646 643 640 END
START 528 1912 14660 -1463 -3079 -280 617 655 646 687 637 END
START 4264 2824 13756 5665 20181 -456 618 639 648 645 638 END
START 1288 2724 12628 2943 -849 -777 617 639 648 643 638 END
START -680 3024 15540 1920 2067 -1052 614 637 654 644 640 END
START 648 2708 12592 610 4728 -775 615 645 647 644 639 END
START -852 2520 15188 1160 5780 -933 607 638 657 643 646 END
START -672 2908 13200 1085 5842 -796 617 637 646 644 640 END
START -2816 2368 14416 554 3585 -877 617 640 647 644 638 END
START 3204 6012 13940 1202 12854 17 632 589 645 661 635 END
START -6944 2752 17716 -420 7152 -896 617 639 646 643 638 END
START 2284 3072 11648 -1855 9111 -1106 631 636 638 650 639 END
START -4360 2596 16460 -2541 7003 -1477 617 646 647 645 639 END
START -2988 2876 15364 -3102 5165 -1426 618 638 647 644 640 END
START -4456 2580 16660 -3889 2751 -1147 619 639 647 647 639 END
START -2904 2300 16280 -4692 617 -1016 620 638 647 644 637 END
START -2740 1816 16320 -4822 -1111 -1156 617 638 646 644 638 END
START -4244 1596 16380 -4700 -3849 -1291 618 636 645 644 640 END
START -8992 612 15156 -3994 -2016 -1187 646 651 648 643 663 END