START -11496 3156 22344 -193 3168 -130 613 597 635 641 598 END
START 3500 -2584 2736 3396 9298 -94 632 600 632 637 598 END
START 5204 6152 13276 2185 23026 950 610 599 636 632 601 END
START -11060 1408 19500 -446 4185 -845 610 599 635 640 599 END
START -12400 1944 19608 -1750 7076 -1212 612 601 635 640 598 END
START -2688 2152 13944 -2573 5343 -890 608 598 636 625 599 END
START -5036 2008 17112 -3643 652 -1625 608 598 634 640 599 END
START -8196 1636 23816 -4463 -5445 -1194 615 598 639 642 622 END
START -5760 392 21676 -2261 -10521 -884 610 599 633 639 576 END
START -1060 1960 21568 -373 -22190 -800 608 593 632 639 595 END
START -7704 -924 9476 1057 -32768 573 647 593 628 637 602 END
START 1584 1648 10596 15499 32767 1721 614 590 629 637 593 END
START -19388 -1220 32767 11498 -2429 3145 613 594 628 635 590 END
START -5424 2108 20908 16626 9669 4057 615 593 625 632 614 END
START -13244 3444 20872 19321 11831 5357 613 583 620 631 584 END
START -13836 3520 18828 22039 9987 6698 613 577 618 627 574 END
START -11512 6088 16264 22533 8884 8928 614 567 613 588 572 END
START -9440 5884 14108 23539 8234 11163 612 569 608 620 566 END
START -10084 6296 13012 24651 9689 12990 613 553 602 616 554 END
START -15024 8440 20848 23740 -6803 15773 613 541 593 610 543 END
START -16540 7364 16100 28815 7911 19674 611 535 598 608 534 END
START -14668 6484 12176 26768 1580 22192 611 529 577 599 554 END
START -6428 7700 5976 29715 1054 23697 601 522 570 593 522 END
START -1328 8108 1524 25888 7601 24306 594 513 570 590 507 END
START -2904 7608 3256 24930 9218 25014 581 508 555 585 510 END
START -4588 8552 6064 23140 4573 25867 569 506 548 581 501 END
START 2560 6912 512 20956 2898 25178 564 405 544 529 486 END
START 5200 9964 -1520 18010 6818 23898 557 494 541 574 493 END
START 5988 8700 -1272 14429 11090 21737 552 490 543 572 490 END
START 4400 9072 -364 10336 9827 19218 545 514 542 574 526 END
START 6268 8060 1852 10496 4805 17525 544 483 543 575 480 END
START 8404 10104 872 8823 2261 14478 540 480 546 574 471 END
START 9608 10680 -500 6561 5022 11265 540 483 546 575 479 END
START 6472 10460 1460 5947 6751 8102 539 480 545 575 479 END
START 5620 11864 1836 3093 6384 5397 540 504 544 575 478 END
START 2720 12512 3156 1508 4219 3993 496 476 548 573 476 END
START 764 12924 4724 140 2 3305 537 476 547 574 478 END
START 2224 13028 3484 -178 -1846 2617 537 478 548 574 475 END
START 2636 13476 2984 -1017 -2550 1909 538 476 548 577 477 END
START 3120 13748 2688 -1950 -1353 1248 537 496 531 574 480 END
START 2728 14028 2536 -2469 737 851 542 479 547 576 476 END
START 2588 14692 3000 -2237 1655 713 537 476 549 575 478 END
START 1008 15284 5120 -1848 -1166 1185 536 459 550 576 392 END
START 3460 16128 4460 -1728 -5436 1730 539 499 549 576 476 END
START 7316 18156 3832 -1186 -9137 2092 536 477 549 576 477 END
START 10256 19480 2280 -402 -9593 1952 536 383 548 588 478 END
START 13208 20352 1904 472 -7548 741 538 477 549 580 476 END
START 9580 19048 4040 1222 -7992 -545 537 477 549 576 477 END
START 8592 18948 4064 1532 -9221 -1650 538 477 549 576 476 END
START 7816 17960 2716 1935 -9678 -2654 537 479 550 576 478 END
START 7520 16816 1068 1680 -7141 -3911 537 480 551 576 479 END
START 8620 15300 -1712 1154 -1128 -6131 536 480 551 579 480 END
START 8496 14040 -3136 265 8285 -8690 537 479 551 578 474 END
START 4848 12276 -1836 -694 14978 -10916 537 481 552 578 478 END
START 2156 10992 -120 -1715 16311 -13247 540 483 552 501 480 END
START -884 8952 2568 -2851 11824 -14797 539 481 552 578 478 END
START -2044 7700 1516 -3618 4307 -15742 539 480 554 578 481 END
START -372 6444 -1140 -4236 542 -16786 536 496 549 595 480 END
START -1180 6588 -60 -5200 2284 -17686 538 482 554 578 464 END
START -4284 7420 1060 -5752 3989 -18145 537 482 555 579 482 END
START -8540 8784 4084 -6081 4429 -17402 527 484 490 579 488 END
START -13460 10484 6828 -6075 -22 -14852 538 482 556 580 481 END
START -13512 12516 6660 -5382 -5691 -11576 539 482 555 578 483 END
START -10676 14356 4612 -4271 -7592 -8960 538 482 556 581 482 END
START -8820 15708 4892 -3607 -4214 -7696 536 482 558 603 466 END
START -9412 16136 5684 -2910 -79 -6625 540 484 556 578 481 END
START -10660 16112 6152 -1806 1608 -5073 539 483 557 579 484 END
START -10600 16404 5788 -382 895 -3098 539 483 541 584 483 END
START -9124 17072 6068 210 -279 -1545 541 485 563 580 506 END
START -7528 16840 5188 304 -1199 -407 538 490 557 581 486 END
START -5188 16456 4152 168 -464 216 557 488 545 592 475 END
START -4968 15740 3540 -98 651 669 539 485 557 580 484 END
START -5332 15576 4256 -170 255 1156 540 473 570 579 498 END
START -5652 14588 4484 -228 -1085 1746 540 484 560 583 485 END
START -4768 13948 4072 -757 -2286 2097 541 486 559 580 485 END
START -3912 13304 3324 -1419 -2506 2022 569 483 604 581 510 END
START -3540 12776 3180 -2230 -2178 1491 543 488 558 578 484 END
START -3264 12344 3208 -3318 -1943 714 545 489 558 583 488 END
START -3396 11956 2992 -4463 -1975 49 543 490 559 503 490 END
START -4684 11376 2472 -5804 -2821 -161 549 492 558 583 492 END
START -5616 10396 2592 -7260 -6853 -190 558 496 558 584 497 END
START -2936 10156 2244 -7620 -11517 -695 566 497 565 585 504 END
START -596 10760 728 -8672 -10696 -1662 575 508 560 587 511 END
START -1252 11180 2164 -10292 -7548 -2592 583 512 561 591 515 END
START -3544 10836 5004 -11595 -6743 -3000 588 519 567 594 521 END
START -4596 10532 6492 -12799 -7840 -3093 593 578 578 597 588 END
START -6348 10040 7320 -13454 -11828 -3107 595 538 586 605 539 END
START -4876 11504 6868 -12783 -16490 -2636 598 553 598 610 551 END
START -3312 12768 5804 -14548 -16909 -2593 596 565 607 616 560 END
START -4756 7860 15868 -13258 -17142 -3113 627 572 617 606 573 END
START -3004 11144 7004 -14363 -15178 -2303 603 579 620 624 576 END
START -4244 11420 9724 -16535 -15094 -2377 604 582 624 630 583 END
START -3552 10536 12092 -16769 -16767 -1766 607 586 627 628 586 END
START 108 9848 10932 -15818 -16926 -1423 608 591 641 633 500 END
START 1716 10000 9628 -14192 -11358 -1509 609 593 632 636 590 END
START -504 9840 10856 -12752 -7811 -1700 611 592 633 637 592 END
START -976 9388 13716 -11646 -7118 -1620 609 593 633 638 593 END
START -652 9204 15980 -10247 -6683 -1333 610 595 634 676 593 END
START -224 9812 15124 -9240 -5945 -1104 608 595 635 643 592 END
START 1312 9992 11880 -8438 -3729 -1088 609 594 636 639 594 END
START -80 8552 12004 -8044 -3635 -1631 609 586 642 637 627 END
START -1804 8212 14472 -7843 -855 -1381 609 595 636 642 591 END
START -1568 7124 15144 -6865 -2730 -1282 609 599 637 641 586 END
START 12848 9168 9748 -9919 24208 -2965 608 590 637 641 598 END
START 1156 7052 13340 -6116 -49 -2799 609 594 637 642 596 END
START -6516 8088 17880 -5462 1055 -2128 609 594 637 642 593 END
START -1604 8148 13640 -4936 1768 -1850 554 596 637 642 594 END
START -220 7060 11516 -4955 -1522 -1550 608 595 637 642 637 END
START -2148 7840 13476 -4105 -1936 -1119 609 596 637 643 596 END
START 1112 7552 12388 -3716 -1870 -1040 614 596 637 642 595 END
START -20 7288 13072 -3828 169 -1043 603 601 625 642 576 END
START -2696 6948 15500 -5255 272 -1155 611 597 637 643 596 END
START -600 5528 11708 -5108 85 -1000 609 597 637 643 596 END
START -3000 6288 15928 -3794 1601 -1096 608 592 640 643 594 END
START -1696 6536 13676 -3735 281 -988 609 595 638 639 595 END
START -1808 6292 14136 -3574 852 -1089 604 596 637 646 596 END
START 4372 7360 3572 3426 16041 -502 612 596 638 642 592 END
START -2220 5500 12832 -1465 -210 -1675 610 596 637 644 593 END
START -3420 5244 14284 -756 3625 -1531 635 595 640 645 598 END
START -2548 6848 13300 -272 4360 -1022 611 594 636 638 597 END
START -600 6156 12676 -1240 6494 -972 609 599 638 643 595 END
START -3704 5808 13956 -46 5448 -1458 584 592 629 645 592 END
START 728 6628 11192 -265 7384 -1565 605 596 638 644 598 END
START -4560 4832 14364 -1276 2943 -1592 606 595 638 644 597 END
START 4448 6132 16656 2077 17966 -2299 560 598 636 637 592 END
START -7328 7772 14848 -2238 12267 -3062 604 592 636 634 626 END
START -10152 7300 16480 -3438 5513 -2054 605 596 637 645 596 END
START -7712 7096 16260 -4768 1477 -860 604 595 637 635 592 END
START -7336 6500 16404 -5374 -2263 -11 604 596 638 645 596 END
START -6300 6048 16048 -5485 -5230 614 605 596 638 645 597 END
START -4800 5760 15616 -5460 -5861 730 603 591 637 636 597 END
START -3368 4744 15080 -4666 -4739 545 604 595 638 644 596 END
START -884 4972 15668 -3625 -2105 185 605 600 637 644 597 END
START -7736 2544 13128 -2997 -6286 -302 626 594 638 650 596 END