START 9524 2628 5392 -1603 9804 -3846 615 593 637 641 594 END
START -2204 -3484 2800 613 6955 -4900 614 592 648 637 643 END
START -5948 8388 20432 -1802 3229 -6226 611 594 637 642 595 END
START -12284 4564 14608 -2631 17835 -7393 604 594 636 641 595 END
START -3204 3468 11252 -5494 16322 -7146 588 596 638 628 593 END
START -8344 4348 15456 -6178 13134 -7232 595 593 635 642 594 END
START -11108 5260 19768 -7331 8482 -6411 609 594 637 641 594 END
START -11740 3656 23596 -8361 -2138 -4969 612 586 636 625 633 END
START -18224 3132 22748 -5743 -15504 -3648 612 592 640 641 591 END
START -26144 4836 32396 -7700 -31162 -2405 614 592 634 634 594 END
START -14824 148 20604 -5267 -22468 59 614 591 634 638 591 END
START -5900 2072 20820 3453 23997 -800 616 616 634 679 589 END
START -17084 880 24752 3565 3423 -131 615 594 634 636 590 END
START -11712 2056 23272 4919 15950 267 615 590 633 635 590 END
START -9272 2236 17276 5437 10873 2371 622 600 628 629 584 END
START -15328 760 18580 7494 4488 4454 617 581 624 626 578 END
START -14808 1772 15840 8961 3978 6656 615 575 623 622 575 END
START -10036 2604 11504 9461 7163 8460 608 566 616 618 572 END
START -9972 2792 11372 10414 10267 9864 617 568 604 616 536 END
START -10484 3272 12372 10779 14399 11048 614 556 598 608 553 END
START -11584 4512 11180 10896 20512 12389 614 543 595 639 549 END
START -18928 5496 12492 9496 20340 15029 612 549 591 598 544 END
START -24864 5536 13996 8995 10346 19348 617 543 589 598 534 END
START -16376 5828 9732 10534 736 23054 613 540 585 595 541 END
START -8368 7196 5752 10982 3849 24393 613 538 580 590 495 END
START -7024 8952 7560 10889 10266 25257 612 536 577 588 533 END
START -4208 10132 4436 11596 14218 25659 610 536 577 588 534 END
START -2288 11196 1164 11720 16827 25471 613 527 575 573 530 END
START -912 10428 2076 9187 19164 25259 606 529 573 585 529 END
START -3784 12592 8304 15773 11866 24706 602 526 571 583 526 END
START 6384 7872 5420 2539 14387 23193 601 496 571 578 526 END
START -8084 7080 19336 11271 441 23343 597 526 573 587 524 END
START 4188 12984 4160 12164 -5838 21359 594 525 574 587 525 END
START 11452 13380 116 9992 -1982 18210 582 500 577 598 518 END
START 8788 12892 492 9436 1517 14726 590 522 575 587 521 END
START 5592 13452 1300 6241 3350 11348 588 526 575 585 518 END
START 3648 12804 3348 4140 -13 9122 600 518 577 587 544 END
START 2852 12152 5128 2964 -4032 6964 585 518 573 587 517 END
START 1304 11976 4324 1303 -6307 5225 584 516 576 589 517 END
START 436 11656 4164 661 -7544 3475 585 516 576 589 517 END
START 1580 13012 3508 374 -2712 1810 586 516 576 590 515 END
START -536 12896 3660 -379 2783 856 543 490 576 574 515 END
START -3884 13180 4796 -734 2999 761 582 512 574 592 514 END
START -3864 13876 5332 -716 1305 1468 580 511 575 592 512 END
START -5048 14432 5704 -376 -913 2037 570 513 575 591 569 END
START -2128 15948 3936 306 -3293 2555 580 511 574 590 511 END
START -420 15968 3624 448 -3704 3134 581 505 574 588 508 END
START -752 16680 4832 361 -1948 4014 580 509 571 590 506 END
START 188 17528 5732 543 -3090 5040 579 508 572 585 512 END
START 1740 18632 5996 1059 -5755 5819 576 555 570 584 506 END
START 3148 18352 5988 1879 -10457 6389 575 504 569 590 506 END
START 6404 17852 4708 2653 -14798 6621 575 494 569 591 504 END
START 9420 18592 3612 2921 -15966 5890 574 505 569 571 500 END
START 9688 19284 3424 3062 -15051 4209 577 509 567 592 504 END
START 10924 19368 764 3035 -11252 2334 572 499 567 590 504 END
START 7948 18516 1288 2864 -7944 550 570 500 576 591 507 END
START 3856 18924 3996 2988 -4621 -432 574 500 567 589 499 END
START 312 18552 6352 3480 -6106 -602 566 502 573 591 501 END
START -4020 17324 5944 4080 -11980 277 573 499 567 593 502 END
START -3060 15804 3504 4158 -19816 1486 569 499 565 588 501 END
START 2416 15716 -264 2645 -20688 1014 547 500 565 588 501 END
START 5604 14720 -4896 690 -14868 -1189 570 498 564 580 498 END
START 9692 13408 -6556 -1455 -4755 -4662 566 496 565 589 497 END
START 6196 11440 -4744 -3072 3670 -7833 565 497 564 588 495 END
START 7496 10356 -3416 -5198 6983 -11090 565 496 565 588 496 END
START 6920 8448 -2756 -7698 12436 -14682 570 494 561 589 495 END
START 5656 6904 -672 -9115 15448 -18652 563 494 562 590 494 END
START 5036 5708 -1024 -9243 20344 -21779 565 506 560 602 492 END
START -1580 4276 -904 -9075 23124 -23929 577 493 564 588 494 END
START -10872 3560 9228 -7678 14128 -23534 561 493 564 589 494 END
START -15332 6456 10924 -5950 920 -20357 558 494 563 588 494 END
START -16092 7876 7796 -5531 -8358 -17089 561 495 563 616 493 END
START -11944 8332 4744 -4831 -6190 -14313 558 493 562 588 469 END
START -14828 9920 5384 -3368 1645 -12097 558 493 563 586 493 END
START -18904 10772 8632 -2297 3496 -9073 557 391 563 596 490 END
START -18596 13556 7896 -506 -2464 -5733 561 492 556 585 492 END
START -12884 14964 5240 488 -5129 -3356 557 493 563 588 492 END
START -8916 15828 2840 -183 -1417 -2245 559 491 563 588 492 END
START -7932 15964 1844 -833 2736 -1710 557 492 564 566 492 END
START -8356 15548 3964 -1182 3379 -1092 556 495 566 587 491 END
START -8508 15124 4752 -1905 1021 -259 559 493 564 587 494 END
START -7464 14288 4888 -2028 -2990 633 558 445 570 587 495 END
START -5472 13184 4284 -2791 -5042 832 559 497 563 588 492 END
START -3796 11820 3996 -3709 -5323 366 559 495 565 588 495 END
START -4360 11268 3308 -4624 -5215 -191 562 419 554 588 478 END
START -3832 10948 3124 -5785 -7605 -403 565 499 563 586 503 END
START -5748 10296 2736 -7639 -9380 -616 572 503 564 588 502 END
START -6764 9072 4188 -9250 -13215 -667 570 523 566 589 507 END
START -6256 8688 4432 -9822 -15964 -628 614 511 569 592 511 END
START -4516 9884 3960 -10539 -16747 -903 585 517 575 594 515 END
START -3796 10432 4744 -12357 -15511 -1232 591 529 581 598 501 END
START -4504 9928 6148 -14044 -14515 -1467 597 534 589 610 536 END
START -6020 9348 7896 -15472 -15751 -1147 601 543 598 607 549 END
START -7548 10012 6052 -15917 -18553 -366 604 555 607 615 557 END
START -6652 10848 6540 -16586 -21328 695 583 600 614 626 566 END
START -4000 10512 9444 -16688 -23309 1353 608 577 621 626 573 END
START -1360 9380 10260 -16900 -23445 1553 608 585 627 631 580 END
START 400 9280 11160 -17447 -22028 1190 611 585 631 634 584 END
START 2096 8988 9964 -16917 -17463 1119 613 574 635 651 588 END
START 712 9248 10160 -16515 -12848 835 611 591 638 638 592 END
START 292 8144 11148 -16256 -9388 693 614 592 641 642 592 END
START 2248 6656 12716 -14979 -6809 301 635 594 657 644 618 END
START 1564 7164 13760 -13701 -3060 -339 613 596 645 647 594 END
START -1540 7508 16696 -12703 -3091 -163 614 597 645 651 593 END
START -284 6636 17556 -11139 -5687 161 617 621 646 650 620 END
START 2096 6720 15312 -10316 -3704 -122 617 601 648 652 596 END
START 2972 6480 14204 -9541 726 -720 613 598 646 654 597 END
START 12780 8068 23392 -11359 32767 -4111 612 582 647 639 600 END
START 15652 4124 348 -8416 8574 -1686 612 596 647 652 592 END
START -27096 5016 31524 -7691 -6439 -2271 606 598 647 652 600 END
START -7920 5248 20848 -6868 -5583 -1608 641 608 645 653 587 END
START -3496 5588 16552 -7505 -10668 -1300 615 598 648 652 600 END
START 12036 7348 7620 -7981 -18141 -1881 616 597 648 633 598 END
START 4588 5184 10988 -6464 2754 -1382 614 600 648 650 599 END
START -2372 4368 16460 -5625 1603 -1272 614 598 661 660 598 END
START -2592 4788 16364 -5399 239 -1310 624 600 648 653 599 END
START -272 4872 14812 -5347 -1081 -1023 614 599 647 653 599 END
START -3348 11024 26260 -4718 10612 -1882 613 598 650 639 599 END
START 1752 4388 9904 -4479 5005 -644 609 602 648 654 599 END
START -2536 4284 17168 -1862 6568 -962 611 599 648 653 598 END
START -1064 4588 15036 -2557 6245 -684 608 600 640 661 600 END
START -1560 3952 15856 -2823 8065 -834 615 599 648 653 590 END
START -1832 4592 15088 -1604 5590 -842 614 599 649 653 600 END
START -696 3872 9412 -1180 5317 -757 614 600 646 657 599 END
START -2152 4768 12312 -966 -4347 -1736 613 596 648 653 601 END
START 900 2896 13004 -56 9286 -2517 610 599 647 653 601 END
START -4268 3104 15424 -657 14068 -2007 607 600 649 654 599 END
START -608 3900 14300 -1895 11168 -2156 607 597 647 654 599 END
START -4704 4212 15924 -2671 8539 -2455 607 598 648 653 599 END
START -4904 3412 16712 -3393 6020 -2465 605 600 644 653 576 END
START -6108 3508 18724 -4108 -245 -2410 607 598 650 653 600 END
START -3516 3940 18348 -5120 -4755 -2874 608 597 648 653 599 END
START -5452 24 17980 -2989 -12549 -2329 634 603 648 668 600 END
START -16412 960 22972 -2148 -19977 -2729 611 598 648 651 600 END