START -8488 1700 14424 -14 6704 -555 616 595 631 630 596 END
START -12380 240 16612 -32 2691 -839 613 596 632 629 595 END
START 31044 3760 -584 376 12156 525 612 595 633 628 598 END
START -13932 72 22172 -1026 4530 -548 613 597 631 627 594 END
START -1084 752 14876 -2178 4368 -1042 613 596 631 627 655 END
START -2904 1052 16648 -2278 -992 -1226 613 595 631 628 595 END
START -8008 884 22092 -3557 -4448 -1186 612 594 630 628 593 END
START -2376 -1932 14276 -2011 -2734 -549 611 593 643 627 632 END
START -16748 728 28944 -260 -16527 -354 618 588 622 626 587 END
START 592 -5212 2420 9792 -327 1514 615 590 627 626 589 END
START -6400 548 30296 8195 14169 2631 617 588 630 626 610 END
START -1104 -960 16580 12378 12805 4931 615 590 627 626 589 END
START -12420 1548 24640 15302 10187 6566 617 588 629 628 588 END
START -12460 4240 21240 17704 5512 8033 618 533 633 624 582 END
START -14444 4104 21060 20220 7058 8829 617 583 620 621 581 END
START -13752 5404 19876 22597 8262 11725 617 578 617 620 578 END
START -12352 5324 18056 23525 9439 14462 618 575 603 618 608 END
START -12056 5532 14556 25480 9567 17303 617 574 619 618 573 END
START -12468 5836 12348 27451 8615 19899 620 566 613 619 571 END
START -10832 6344 9840 29904 2281 22359 617 566 610 615 566 END
START -7968 6336 5640 28214 3493 23584 619 553 606 611 557 END
START -5680 6288 5276 26473 3477 24724 618 550 595 606 546 END
START -1880 4904 3240 26805 2794 25127 617 539 584 604 538 END
START -112 5676 -140 24684 4723 24675 614 532 578 600 531 END
START -1304 5668 284 22817 5677 23780 606 525 570 592 524 END
START -1064 6844 924 20425 6130 23340 603 520 588 591 519 END
START 2772 7536 -1404 17526 6623 22086 579 512 553 584 510 END
START 2804 8584 -2092 13696 9665 20300 567 504 546 573 504 END
START 1760 8476 -1436 9479 8908 18396 573 491 548 568 500 END
START 3820 9100 -220 7015 7075 16458 551 527 538 565 500 END
START 5772 10152 -200 5037 5754 14071 546 491 538 563 492 END
START 6684 11164 664 2667 5122 11525 531 490 515 563 475 END
START 6788 11540 1328 1246 6621 8470 538 486 537 560 486 END
START 7380 12568 2560 -9 7815 5282 541 483 536 563 485 END
START 6752 12372 3204 -1112 9093 2821 538 483 536 560 484 END
START 1596 12220 6624 -730 6447 1649 534 482 537 560 482 END
START 1308 14496 6728 -653 2494 968 532 499 537 581 479 END
START 2728 15700 6324 -924 1704 312 540 481 537 556 479 END
START 756 15524 7128 -900 2748 -90 534 481 537 559 482 END
START 696 15656 6364 -579 2928 -55 532 480 539 560 478 END
START -484 16076 7172 -280 2507 725 534 479 538 562 480 END
START -988 15864 7188 -180 1052 1498 532 480 545 561 515 END
START 1512 16208 5480 -167 261 1940 534 480 544 561 480 END
START 1596 16224 5580 -309 34 2260 537 486 545 561 452 END
START 520 15160 4560 115 -140 2925 536 480 541 562 481 END
START 3416 16672 4568 711 -1375 3543 534 481 541 560 481 END
START 3148 17496 5044 437 -1688 4519 533 484 542 560 482 END
START 5148 17396 3760 45 -3762 4922 533 480 540 565 480 END
START 6616 16536 3204 94 -6991 5216 511 476 546 561 478 END
START 6996 15696 2880 578 -8435 5194 536 479 542 562 479 END
START 8556 16980 4128 948 -9691 4922 532 479 542 561 478 END
START 5556 17344 6580 829 -13120 5130 528 482 544 560 485 END
START 9000 16556 3524 752 -17581 4609 527 477 543 562 476 END
START 9164 15352 1068 1215 -17571 3309 534 395 525 562 456 END
START 10528 16984 -76 2384 -15278 1372 516 463 545 562 477 END
START 9928 18652 1192 2040 -11211 -148 532 481 544 563 481 END
START 3672 18492 3088 2104 -12536 -490 526 476 538 566 480 END
START 5232 18036 880 1861 -16998 -1037 533 477 546 567 475 END
START 6660 17056 -852 1121 -15790 -2373 530 477 547 565 479 END
START 7408 16652 -1724 458 -10023 -4591 530 468 548 559 477 END
START 8528 16152 -3568 -482 -827 -7277 531 478 550 569 480 END
START 8720 14552 -4196 -1617 10834 -10361 533 479 550 568 478 END
START 5416 12392 -1964 -1485 18514 -13653 533 480 550 572 480 END
START 2812 11156 692 -2368 21212 -16226 534 534 550 567 470 END
START 304 8620 1524 -2929 18895 -18273 533 478 552 573 478 END
START 1100 7192 1104 -4307 16172 -19735 535 480 552 573 480 END
START -2840 5392 -436 -4211 12773 -20399 544 477 553 574 393 END
START -1284 4516 1284 -4235 8689 -21460 519 498 553 574 479 END
START -7344 4796 5572 -4693 5589 -20980 536 480 553 574 475 END
START -9280 6928 5672 -5469 1048 -19392 586 479 542 572 480 END
START -10744 9332 4520 -5835 -871 -16894 519 479 553 572 480 END
START -13068 10404 5764 -5308 -2208 -13860 534 479 552 574 479 END
START -14220 11864 6072 -4812 -2605 -10747 535 481 553 575 481 END
START -13148 13436 6524 -3788 -3766 -8111 543 517 552 579 513 END
START -11672 14564 5552 -3001 -2228 -6155 534 478 554 566 454 END
START -9900 15356 4480 -2203 1023 -4828 533 482 553 577 479 END
START -10040 15980 4032 -1625 1803 -3489 535 480 553 576 480 END
START -9236 16320 4884 -1363 -207 -2159 529 479 552 581 480 END
START -8400 16332 5056 -1196 -2253 -1012 531 478 556 571 484 END
START -6600 16372 4480 -1215 -2677 -315 537 480 553 576 480 END
START -5108 15860 4008 -1484 -1901 60 539 521 554 568 484 END
START -5536 15228 3932 -1703 -162 303 536 494 555 573 481 END
START -5396 14220 3480 -1777 773 489 527 484 554 575 486 END
START -6108 13180 4564 -1895 -368 649 535 479 568 577 509 END
START -6632 12440 4448 -2276 -1710 867 535 483 553 575 482 END
START -6232 11288 4248 -2987 -4334 975 539 482 554 576 483 END
START -4644 10784 3024 -4110 -4251 702 541 486 553 575 483 END
START -4936 10760 3016 -5897 -3059 319 542 487 552 574 487 END
START -6172 10460 1580 -7617 -2336 198 542 491 552 574 491 END
START -5512 9736 3176 -8570 -5018 -38 555 497 550 576 496 END
START -4852 9292 3648 -9525 -6896 -419 561 500 549 576 506 END
START -5640 8556 4684 -11494 -9269 -646 572 502 558 584 507 END
START -6320 9700 5708 -13395 -12834 -484 584 515 568 587 517 END
START -5012 9708 5320 -14764 -15933 -477 582 528 573 594 528 END
START -1912 10016 3148 -16803 -14842 -1143 595 544 588 603 546 END
START -1240 9540 3484 -19386 -10303 -2076 600 553 604 611 591 END
START -9800 7436 11612 -18297 -12297 -1997 604 570 610 617 568 END
START -6592 10132 8996 -17323 -14794 -2530 606 577 618 622 580 END
START -5984 10952 9568 -16158 -21547 -1865 607 583 624 626 580 END
START -6896 11104 12888 -19703 -22908 -1470 605 585 639 642 582 END
START -2296 9608 8952 -20615 -25011 -935 610 593 632 635 574 END
START -1764 9516 9168 -19978 -23173 -154 610 575 637 640 608 END
START -1748 9180 10528 -18975 -18818 369 612 596 639 643 597 END
START 1092 7000 12832 -17354 -16234 544 623 598 633 649 576 END
START 4404 6696 12004 -15306 -13627 495 614 600 643 652 601 END
START 3660 7428 13132 -14116 -5767 -219 613 599 645 653 599 END
START 396 9256 14892 -15140 -5156 -416 614 640 646 653 599 END
START 1356 7304 16352 -13171 -3553 -296 613 598 655 655 607 END
START 2912 7284 15584 -12234 -544 -588 614 600 646 655 592 END
START 2684 6132 15828 -11333 1835 -1178 609 580 647 687 601 END
START 1360 5840 17348 -9832 2374 -1698 614 600 646 658 605 END
START 540 5444 17504 -8431 1798 -1885 615 600 647 656 600 END
START 612 5032 16580 -7250 1336 -2131 613 586 647 661 601 END
START 836 4716 16648 -5863 1368 -2562 612 599 652 655 613 END
START 23508 6752 -10088 4782 32767 -1892 612 605 647 657 601 END
START -2964 6332 16128 -4851 -1230 -3464 555 596 647 661 596 END
START 836 5128 16532 -3415 4575 -2710 612 601 647 656 603 END
START -3972 5784 16336 -3632 1725 -2435 613 602 646 657 603 END
START -1308 5016 14936 -3272 1178 -2254 599 601 652 656 602 END
START -1860 5580 14864 -3420 2935 -2262 611 601 646 657 601 END
START -1400 4700 14216 -2535 5041 -2075 612 600 644 657 594 END
START -2396 5936 16956 -3679 1558 -1839 602 600 647 657 598 END
START -1436 5064 15188 -7116 -14953 -1285 610 602 647 655 602 END
START 2672 2500 11176 -2944 4698 -849 613 598 649 656 602 END
START -2188 4852 15132 -3101 1052 -1194 612 599 646 657 601 END
START -1120 3504 16524 -3127 2702 -1333 614 607 647 659 605 END
START -2468 4012 16476 -2634 1458 -1036 611 605 647 656 604 END
START -1368 3840 15908 -2406 -1257 -677 613 601 647 657 603 END
START -940 3784 16836 -2750 -3216 -819 617 601 645 657 642 END
START 26652 21876 22432 664 26264 -4151 579 601 646 637 602 END
START -11708 4140 13340 -257 -5939 -1569 612 601 646 657 601 END
START -8080 3136 20460 -465 -668 -1190 599 603 644 658 591 END
START 32767 5868 -30200 12453 17848 -461 611 600 647 675 602 END
START -16792 4912 21092 4804 -9009 -1192 610 601 647 658 602 END
START -1972 5404 12720 -212 986 -659 614 602 647 658 602 END
START 5276 4632 10820 -5175 3876 -1152 609 603 647 658 602 END
START -3280 2128 17128 -6128 2570 -1110 610 601 648 657 604 END
START 496 3000 15884 -6788 4133 -853 607 591 648 653 590 END
START -1888 2988 17676 -7613 1538 -487 610 602 646 659 603 END
START -2800 408 16968 -6446 -4008 -175 609 604 648 658 603 END
START -1776 1300 11544 -2671 -5168 -77 610 581 648 652 603 END
START -3868 2388 17392 -5018 -4472 -593 610 602 647 659 599 END
START -2928 2972 13756 -4588 -9399 -731 611 604 647 657 605 END
START -464 1380 12748 -2469 -3782 -848 611 616 646 658 609 END
START -2340 3176 14380 -2205 -1720 -961 613 602 646 658 599 END
START -3776 3080 15156 -2058 -1573 -862 614 603 646 657 603 END
START -3776 3012 14884 -1865 -3065 -326 611 592 650 658 601 END
START 3856 -196 32 653 -423 -108 612 602 646 659 602 END
START -7368 1512 21988 9 4510 -35 612 607 647 659 602 END
START -820 2976 11488 732 10210 694 610 603 647 658 599 END
START -1828 2540 14796 -960 3892 827 612 604 647 657 603 END
START -1364 3240 15136 -1413 4987 804 600 599 684 657 596 END
START -2664 1972 14472 -2531 2289 484 613 602 647 652 605 END
START -2988 980 16284 -607 4949 277 608 603 647 658 603 END
START -9216 1684 21572 826 5470 67 623 606 647 673 603 END
START 20 532 14520 2057 7602 -42 611 603 647 654 603 END
START -3800 1944 16596 399 4440 8 610 572 639 658 619 END
START -1964 2328 15236 -1089 2249 -172 609 604 647 658 603 END
START -2768 2364 15840 -1814 330 -250 608 602 647 657 601 END
START -2076 2692 16164 -2681 -1493 -189 607 604 647 658 604 END
START -1716 2964 16620 -3516 -4237 -464 608 604 647 658 602 END
START -1080 1996 14532 -3836 -9070 -796 610 603 648 658 603 END
START -3108 -1440 10776 -1161 -10876 -508 581 603 647 659 608 END