START -6792 3472 14876 2120 7180 -597 616 584 620 616 485 END
START -8328 2148 16536 1314 3989 -931 615 579 618 611 581 END
START 24648 1796 -6660 2485 18550 -1561 603 578 611 616 602 END
START 7228 2184 7552 -303 7888 -2546 612 583 618 616 581 END
START -12796 3156 19784 -2712 5223 -3277 612 578 618 619 580 END
START -6584 2908 18464 -5436 9036 -4819 605 580 615 617 582 END
START -10192 1632 22120 -2748 1549 -2300 613 593 618 615 580 END
START -11880 2044 24436 -2316 -10520 247 610 581 621 618 580 END
START -10856 1396 24016 -609 -3477 294 610 587 618 609 581 END
START -268 1572 17888 -436 -14202 1271 618 580 616 619 581 END
START 13672 -4468 -12732 14183 31565 2341 616 581 620 619 581 END
START -18188 -396 31340 8331 -4878 3145 615 582 620 619 575 END
START 272 -1324 12816 14111 3422 5215 616 583 621 639 583 END
START -14376 1524 21152 15229 6999 5486 616 584 620 620 584 END
START -8544 3480 16556 19238 4776 5718 620 583 620 620 584 END
START -9736 5744 14076 18330 10978 6233 621 588 608 617 625 END
START -11312 5188 15016 18812 12673 8266 619 563 615 621 574 END
START -15284 4932 16804 21092 12742 11288 617 567 609 617 567 END
START -17972 6292 14980 23131 3062 15054 618 554 612 616 564 END
START -13172 7364 12376 25483 -2421 17913 616 554 601 614 556 END
START -7408 8400 8036 26142 -124 19816 617 549 594 610 547 END
START -4952 6808 2980 28162 2298 20474 638 522 587 603 539 END
START -7408 9944 296 26835 5346 22027 615 530 580 596 543 END
START -8872 7772 1820 24751 3187 23698 602 520 572 588 524 END
START -3004 8688 -3640 22607 -178 24228 582 516 563 582 501 END
START 2608 9864 -2272 17125 4845 22824 589 511 563 578 525 END
START 3144 10144 -4640 12938 11405 21666 585 512 556 575 509 END
START 1044 9224 -3132 8680 15273 19828 580 504 556 579 506 END
START -56 9224 -2880 6565 14634 18202 575 501 554 575 504 END
START 1264 9732 908 5603 10692 16907 557 499 554 574 500 END
START 2468 11416 3688 2994 8056 15050 552 496 552 570 500 END
START 5184 11484 3140 1310 6109 12437 555 491 557 570 475 END
START 5828 11512 2480 95 7590 9430 548 492 551 570 489 END
START 3260 11284 3196 -146 8923 7001 551 489 533 591 487 END
START -624 11700 5476 547 7057 5622 545 483 553 570 491 END
START -236 14320 7996 358 5076 4687 549 480 553 574 486 END
START -132 14480 7604 -705 4949 4258 547 516 555 571 483 END
START -580 13272 7344 -489 3575 3851 542 485 553 572 484 END
START -940 13328 6996 321 3300 3492 542 505 554 593 480 END
START -628 14256 6544 726 3596 3007 545 481 554 571 483 END
START -512 14752 6300 590 4011 2707 546 473 558 535 482 END
START -680 14992 5692 332 3250 2399 546 516 555 571 484 END
START 388 15352 4988 147 2212 2027 547 483 556 572 484 END
START 684 15580 3976 -136 1503 1602 545 489 555 571 488 END
START 1440 15380 4456 -486 539 1062 548 483 557 574 484 END
START 2396 15260 3812 -1086 339 628 549 489 561 573 522 END
START 3400 15320 3624 -1511 179 328 550 486 560 574 460 END
START 3588 15276 3472 -1718 235 53 548 487 558 574 484 END
START 4272 15360 4136 -1408 -313 -195 544 484 558 576 488 END
START 3272 15820 5972 -1140 -3185 -111 549 477 559 574 487 END
START 4216 16944 5768 -577 -9729 293 549 472 554 574 389 END
START 6548 19804 4376 -351 -12952 606 550 486 561 575 490 END
START 7200 21056 4992 -153 -13696 829 542 491 559 575 487 END
START 6944 20268 4904 419 -14362 838 555 483 535 577 478 END
START 5580 19028 5604 1520 -14597 869 551 487 562 575 491 END
START 4372 18456 4844 2835 -14351 604 547 490 563 577 489 END
START 3736 18584 3992 3243 -12790 127 545 517 568 578 487 END
START 2120 18320 3352 3376 -10200 -185 546 486 565 578 488 END
START 2276 17216 1704 3078 -6474 -569 526 487 574 587 487 END
START 1124 15936 1224 2829 -3004 -1213 552 486 564 580 490 END
START -372 14912 1192 2388 -3187 -1822 549 489 565 577 486 END
START 1904 14056 -204 843 -2703 -2944 547 394 565 580 489 END
START 1992 12508 -768 -913 -1445 -4641 547 490 565 580 497 END
START 3300 11384 -1488 -2589 119 -6983 549 491 566 580 493 END
START 4212 9916 -2060 -4556 3247 -9637 554 508 565 619 492 END
START 3804 8380 -1808 -5798 6043 -12347 554 489 566 580 489 END
START 3672 7020 -1000 -6965 8568 -15217 552 492 567 581 493 END
START 1184 5940 852 -8012 10253 -17697 560 450 563 580 506 END
START -1652 5680 2800 -8929 8681 -19609 561 494 567 581 512 END
START -3432 6048 3664 -10116 5475 -20797 553 493 567 583 493 END
START -5212 5884 2752 -10016 3648 -20581 552 493 570 583 495 END
START -9876 6700 6836 -8983 639 -19116 554 495 568 584 487 END
START -13568 8872 10236 -8614 -3541 -16938 553 496 568 584 492 END
START -13976 9684 10024 -8562 -5950 -14535 551 494 568 585 496 END
START -13060 11224 8776 -7453 -3409 -12389 562 490 553 574 510 END
START -12060 13024 6320 -5123 1543 -10288 553 491 569 583 494 END
START -14228 14352 9576 -3343 3277 -8204 563 493 569 584 493 END
START -15316 14792 11200 -2692 269 -5840 556 496 568 584 493 END
START -14264 14492 10336 -1878 -3780 -3434 556 431 563 582 502 END
START -10752 14560 7548 -1023 -3828 -1685 554 493 570 585 496 END
START -8004 14584 5948 -436 -19 -758 555 495 569 583 501 END
START -8100 14572 6780 -527 2724 -193 544 529 567 585 495 END
START -8092 13756 6736 -655 2677 418 551 495 569 582 492 END
START -8396 13312 7112 -855 -44 1084 551 495 569 584 496 END
START -7148 12572 6080 -964 -2722 1599 528 495 573 565 492 END
START -5212 11852 4656 -1301 -3129 1590 560 495 569 585 447 END
START -4464 10952 4080 -1897 -1665 1136 557 493 569 584 495 END
START -5332 10408 4460 -2846 -174 482 559 485 572 585 472 END
START -5568 9744 4796 -3944 462 -43 557 505 570 585 496 END
START -7788 9048 6648 -5276 -1778 -223 556 499 570 585 497 END
START -7796 9152 6788 -6202 -5059 -36 569 539 570 558 498 END
START -6552 9536 5316 -7594 -6856 206 567 501 568 586 502 END
START -6416 9288 4820 -9388 -8417 223 543 505 570 587 506 END
START -7096 8596 5320 -10673 -10217 421 578 511 572 600 506 END
START -7320 7984 5936 -11973 -12721 638 591 519 579 591 518 END
START -6428 8700 6716 -12394 -15363 754 594 526 582 595 526 END
START -5292 9324 7932 -13586 -16865 846 609 534 590 590 533 END
START -1324 8412 6756 -12684 -18862 966 608 543 598 604 546 END
START -2116 8272 6860 -14294 -19026 601 616 556 606 609 558 END
START -7276 8692 9672 -14321 -22520 959 590 568 611 621 570 END
START -6528 10172 10300 -16732 -19733 1116 619 573 621 621 575 END
START -4376 9368 9196 -17924 -21007 1999 614 586 626 625 584 END
START -960 7380 8596 -17802 -19226 2464 643 539 630 629 585 END
START 2044 7004 8376 -17835 -14976 2055 616 593 632 633 592 END
START 2268 7288 10440 -17823 -10200 1678 617 593 635 636 594 END
START 1032 7332 11496 -18167 -7582 1408 618 597 638 640 602 END
START 588 5400 13936 -17432 -6696 1015 619 601 628 665 598 END
START 1236 4992 14024 -15756 -5440 559 618 601 641 643 601 END
START 2216 5008 13360 -14150 -2060 -54 621 602 642 645 601 END
START 1400 5212 14292 -12838 910 -710 618 596 638 643 601 END
START -112 4968 16900 -12670 1136 -1240 619 601 642 645 607 END
START 2068 11380 18316 -2757 32767 -168 617 602 642 644 603 END
START -284 6476 10544 -14259 -19542 -3575 627 595 656 645 610 END
START 5840 2540 13560 -7817 11134 -3199 619 602 643 645 601 END
START 764 5504 15388 -9146 2736 -3604 618 601 643 647 603 END
START -2508 3468 17828 -8066 897 -3684 621 602 633 647 608 END
START -4132 3956 16756 -7653 301 -3681 618 603 642 646 604 END
START -2492 3812 15860 -6541 1628 -3197 618 602 643 646 604 END
START -5856 2248 25268 -6976 3192 -3472 620 603 650 646 601 END
START 8560 4236 5328 -6032 -6658 -2351 619 603 643 649 601 END
START -2460 6028 17760 -8080 -10355 -3602 620 604 643 646 604 END
START -3460 4692 17032 -5810 2080 -2435 619 604 642 646 622 END
START -3108 3576 19292 -5668 -1206 -2355 624 602 642 646 604 END
START -1772 3944 22672 -5013 -3592 -2052 618 602 643 646 602 END
START 32767 -6780 -32768 17507 32767 -2120 618 602 643 647 602 END
START -10536 216 23416 256 -8600 -1936 595 602 654 646 592 END
START -7672 2808 23948 365 2078 -447 602 603 644 633 620 END
START 316 2396 15628 -256 2594 -492 617 603 643 649 603 END
START -3324 2388 16380 -562 -1254 -236 618 603 643 647 602 END
START -1836 1400 14692 -454 2218 -21 623 602 644 647 602 END
START -3784 -304 13936 1447 5371 -330 597 599 636 647 607 END
START -9504 232 12992 2276 3596 116 618 603 643 637 603 END
START 452 1608 10760 1700 5697 -408 617 603 643 647 603 END
START -2580 320 14184 840 9333 -1053 619 663 643 633 613 END
START -796 500 12824 978 9213 -1724 615 603 642 647 606 END
START -3140 1364 14512 -148 8798 -1768 610 631 639 647 615 END
START -3772 1436 16916 -1441 5258 -1540 616 595 635 659 603 END
START -4244 3004 18464 -3294 1677 -1710 613 607 643 647 603 END
START -3708 2888 18420 -4980 -3422 -1899 615 603 643 647 603 END
START -2788 2000 16772 -6167 -7087 -1847 612 602 642 651 614 END
START 10152 780 7924 -4923 -3840 -1636 614 603 643 646 570 END
START -1080 1912 15224 -3588 -8680 -1301 619 602 642 647 603 END