START 6888 4544 9272 1829 3589 -651 607 600 637 647 597 END
START 10212 732 -4676 1316 -4194 -1371 609 596 640 633 596 END
START 8332 4268 7436 -2582 4935 -2491 610 598 636 644 595 END
START -9552 2124 18148 -1558 162 -1904 626 597 637 646 596 END
START -11584 3204 20308 -1980 645 -1414 606 596 636 646 597 END
START -6612 2772 18092 -1981 -1412 -895 610 595 637 645 596 END
START -4628 3128 19736 -2659 -2123 -347 607 596 636 642 597 END
START -3856 7204 32767 -3360 -6275 -9 610 593 635 646 596 END
START -18980 4872 30308 -1169 -20921 457 608 594 635 644 597 END
START 18120 -796 -8172 8604 20212 1557 607 595 636 644 595 END
START -11544 3332 27952 5994 8188 757 609 589 643 655 593 END
START -17176 2020 25336 11251 -1317 3870 605 597 636 645 595 END
START -13292 2216 21788 14385 -7552 5036 610 594 635 641 594 END
START -8896 5044 15428 15039 -3489 5012 583 587 633 637 616 END
START -9212 3916 16896 18507 3413 5898 610 590 634 639 590 END
START -8572 4468 18628 19223 1031 7782 612 594 630 637 591 END
START -2116 5548 12348 22300 5659 7784 611 592 628 623 587 END
START -11236 8008 14568 21162 12345 9493 641 585 626 636 586 END
START -11228 8004 12164 22511 8718 11619 609 580 623 632 579 END
START -11028 7660 9704 22199 10704 12940 666 574 617 616 576 END
START -7500 8164 6752 22642 10730 15115 612 566 608 625 569 END
START -8580 8176 7848 20454 9035 16406 617 559 607 621 555 END
START -8084 7088 7024 22669 6025 17367 614 548 598 615 551 END
START -6384 8092 2564 19841 4972 18517 637 538 587 603 540 END
START -7068 6468 5312 16785 5159 19183 616 527 573 598 528 END
START -6356 5672 2880 19399 2324 20039 600 517 561 589 514 END
START -5304 7504 920 15512 2103 20196 606 510 541 582 511 END
START -2232 6084 644 12940 3436 19928 590 505 542 576 505 END
START -2172 8336 252 11201 6296 19514 578 496 548 568 473 END
START -124 9480 1244 8719 10397 18612 571 491 529 554 492 END
START 276 9548 -1368 4438 13908 17706 564 487 526 558 486 END
START -1828 9876 2792 3193 13144 16824 558 477 526 552 485 END
START 5220 12540 2088 3101 11200 15160 558 481 525 560 481 END
START 188 12924 7144 -519 12137 13571 550 479 531 564 480 END
START 4440 12284 3472 1610 11046 12012 555 476 538 556 477 END
START 5640 14032 4688 1144 8927 10438 547 476 537 578 476 END
START 4576 14584 6900 668 6047 8556 546 478 539 568 479 END
START 8396 15216 5192 -122 5629 6109 548 481 542 572 475 END
START 7244 14608 4212 179 7319 3831 540 476 544 572 477 END
START 5332 14632 4768 739 7333 1998 515 511 546 605 473 END
START 1020 14476 6292 1337 3427 1133 544 467 544 571 482 END
START 2404 15484 5912 1201 -400 602 539 477 547 573 478 END
START 1912 15036 5504 427 -1189 361 545 477 546 546 478 END
START 2092 14632 4072 740 -499 -64 543 479 548 573 478 END
START 848 15036 3596 684 1266 -274 553 476 551 573 477 END
START 392 15228 3656 502 1558 -239 539 479 551 574 479 END
START -892 15208 4032 225 278 144 536 458 544 553 481 END
START 700 15212 2976 -173 -920 561 542 477 548 573 477 END
START 1276 15124 2436 -394 -1154 821 547 479 550 575 479 END
START 2100 15568 1924 -736 -662 753 557 466 548 576 480 END
START 2636 15892 2744 -1218 -1392 816 546 481 550 575 480 END
START 3956 16692 3504 -1389 -4735 1047 542 478 550 586 484 END
START 7836 17952 2704 -1532 -8099 859 545 483 547 574 480 END
START 11476 18708 3000 -1420 -8533 -24 540 481 551 575 481 END
START 11176 19360 5792 -1255 -6686 -1240 558 481 539 563 481 END
START 9424 21004 6840 312 -6053 -2278 543 487 553 576 482 END
START 7508 21724 7808 2165 -4334 -2641 545 483 552 576 483 END
START 3300 21168 8104 3986 -4071 -2299 547 490 553 558 477 END
START 996 19492 6276 5358 -6565 -1571 547 481 556 577 489 END
START -584 17828 3792 5847 -8948 -932 542 480 555 578 481 END
START 260 17064 1048 5289 -9670 -997 552 493 555 578 489 END
START 1648 15484 -776 3571 -5728 -2062 548 488 556 583 485 END
START 3212 13356 -2352 1487 1105 -3817 550 485 558 585 484 END
START 2948 11668 -1484 -875 7325 -5990 546 487 559 583 442 END
START 2480 9400 -1240 -2753 9474 -8406 548 486 559 587 489 END
START 2484 8692 36 -3942 8390 -10636 551 487 560 588 489 END
START 1976 7916 1128 -5506 5379 -12627 550 487 560 590 488 END
START 2812 6948 920 -6738 1721 -14950 552 487 562 593 487 END
START 6344 5276 -4832 -7847 1898 -18162 520 489 606 593 476 END
START 2124 4752 -2176 -8354 8235 -21093 553 494 564 592 491 END
START -5036 5648 3800 -8333 8129 -22402 553 490 564 593 495 END
START -13172 8136 8904 -8826 1145 -20967 554 486 563 592 487 END
START -15176 9344 8084 -8638 -7836 -17661 553 488 564 594 488 END
START -15176 11000 5888 -7327 -9058 -14244 555 490 564 595 488 END
START -15368 11528 6668 -5135 -6041 -11061 553 489 564 594 487 END
START -15028 13476 7560 -3216 -2501 -8705 552 495 564 593 488 END
START -14000 15224 7228 -2010 -129 -6648 555 491 577 592 502 END
START -14812 15324 7788 -1073 -2490 -4008 552 484 564 593 486 END
START -11000 15092 5212 -201 -4411 -2032 553 489 564 592 489 END
START -7220 14932 4276 242 -2314 -1119 553 446 564 595 488 END
START -4540 15376 2972 93 2368 -1277 558 489 571 592 491 END
START -6348 15024 4884 -252 4693 -1430 550 489 567 593 490 END
START -8572 14572 6368 -581 1878 -659 504 490 562 609 480 END
START -7684 13552 5600 -585 -1197 362 551 491 565 593 485 END
START -6664 12936 4552 -924 -1522 919 550 490 567 592 490 END
START -6592 11884 4656 -1244 -1090 1107 560 484 565 591 507 END
START -5956 11592 4556 -1728 -679 1011 559 488 565 592 491 END
START -5428 11160 4540 -2682 -1770 826 567 491 565 592 493 END
START -5020 10592 4376 -3847 -3403 511 576 491 568 594 487 END
START -4608 9912 4700 -5628 -5632 81 571 501 566 592 496 END
START -4256 9124 4584 -7473 -7807 -463 567 501 565 593 502 END
START -4036 9020 2976 -9453 -10138 -1146 584 455 571 601 549 END
START -4036 9252 2876 -11401 -12222 -1732 590 511 577 602 519 END
START -2552 8280 3408 -12416 -13406 -2790 594 529 587 607 529 END
START -2884 7684 2728 -13963 -12526 -3726 563 548 558 612 553 END
START -4252 7216 2952 -16558 -11102 -4699 601 567 615 618 567 END
START -5572 7648 4472 -19451 -10786 -5586 605 581 629 627 582 END
START -6408 7852 7360 -20866 -12558 -6089 609 589 638 636 590 END
START -10400 9016 12172 -19127 -17886 -4919 590 597 644 639 571 END
START -8252 8456 9900 -21108 -24332 -4396 637 602 650 651 604 END
START -4980 6976 7536 -22179 -24479 -4037 618 605 655 657 606 END
START -2408 6552 4700 -21691 -20196 -4067 618 609 661 663 611 END
START -1976 6444 10244 -20379 -17213 -4039 618 615 663 663 635 END
START 24 5580 13932 -18854 -15590 -4008 622 613 664 667 615 END
START 1532 5108 14892 -18122 -11188 -4039 623 615 664 665 613 END
START -64 5104 15456 -17479 -5761 -4556 618 613 665 667 612 END
START -2452 5832 15096 -16933 -3071 -4547 621 632 665 690 615 END
START -3752 5704 16960 -15878 -3101 -4171 618 616 664 667 616 END
START -2444 3972 18784 -14161 -4414 -3824 620 614 665 671 615 END
START -536 3988 18808 -13809 -2063 -3741 618 628 665 668 612 END
START -1868 2656 18168 -10191 -492 -3813 619 612 665 668 636 END
START -1364 4432 18108 -9388 762 -3757 618 614 665 667 613 END
START -236 4160 17800 -8216 2496 -3719 622 612 665 667 614 END
START -1744 3884 17688 -7483 4101 -3927 619 660 664 670 611 END
START -4544 4080 18624 -5804 3755 -3834 618 614 665 668 609 END
START -5100 5500 19612 -5752 -470 -4347 620 614 664 668 614 END
START -4080 4920 25288 -3680 6868 -3735 615 608 675 667 608 END
START -3608 4072 20360 -2615 -3584 -2562 620 614 663 668 611 END
START 20112 3860 400 851 -2238 -2329 616 615 664 668 613 END
START -9952 4412 28616 -1964 -1688 -1423 605 613 667 676 614 END
START -6612 3792 21868 -756 602 -862 616 614 666 667 616 END
START 936 2956 14420 468 -1513 -405 612 614 661 668 614 END
START -3284 2616 15552 855 1039 130 614 626 664 668 647 END
START 500 2972 10028 1103 3938 555 616 611 663 667 612 END
START -768 3512 11028 837 7546 848 606 613 653 666 617 END
START -2688 1640 13544 -3 5139 992 594 615 663 668 612 END
START -2820 1688 14216 -65 6139 816 611 615 663 667 614 END
START -2596 1900 14324 -669 5158 696 613 618 663 668 618 END
START -3516 1724 15212 -1610 3417 349 614 614 662 667 614 END
START -2456 1200 14572 -1897 773 96 612 611 674 668 591 END
START -1696 980 14084 -1483 -1799 -355 615 614 662 668 614 END
START -2052 1000 15340 -1481 -1511 -1112 612 614 663 667 614 END
START -3012 820 16476 -1500 -4098 -1171 612 626 662 667 609 END
START -2776 616 15564 -1341 -6461 -1198 618 614 662 666 612 END
START -1904 1064 13660 -840 -5304 -1339 618 612 662 667 613 END
START -308 1372 10536 -270 1233 -1060 622 614 661 663 601 END
START -2568 1832 13180 -492 3152 -1187 636 626 663 663 616 END
START -1212 1392 10888 -279 5784 -1034 616 613 662 668 613 END
START -4352 2404 14300 -76 8950 -902 618 601 657 668 654 END
START -5164 1404 15348 763 9400 -749 616 609 662 666 609 END
START -8080 3048 17964 781 5776 -749 614 613 661 665 613 END
START -9260 1572 16216 89 1314 -662 613 613 662 666 592 END
START -2348 2556 14432 -288 4393 -305 613 612 661 666 612 END
START -3612 1960 15524 450 4696 -293 622 613 653 665 636 END
START -4076 2008 15688 -238 4013 -369 610 613 658 666 615 END
START -3924 2160 16452 -736 1968 -477 606 612 660 665 613 END
START -3840 2008 16148 -868 582 -609 634 610 657 665 611 END
START -3316 1956 15672 -1048 228 -777 610 609 661 666 627 END
START -3884 1636 15980 -1211 -1066 -869 611 613 660 665 613 END
START -436 624 10696 -527 -2013 -806 615 609 662 665 616 END
START -5632 3200 21056 -807 -3362 -818 612 610 659 666 612 END
START -10752 2572 18400 -1101 -6879 -832 614 613 660 665 612 END