START -3848 2160 17796 4788 1099 -472 602 637 671 654 631 END
START -6832 940 17488 3869 -467 -630 600 634 670 655 633 END
START 4396 1680 11032 1921 4654 -676 600 634 671 656 636 END
START -21196 2248 27272 1179 5762 -1093 599 633 673 654 635 END
START 4612 2388 9916 -1562 10495 -1539 597 635 671 655 634 END
START -1168 2260 14880 -3444 1789 -2290 597 633 670 655 635 END
START -6340 1200 19508 -4323 -1093 -2110 598 634 670 654 634 END
START -2936 804 17896 -4395 -966 -1735 598 635 671 655 635 END
START -3120 -496 18316 -4532 -3802 -1418 600 686 670 660 659 END
START -16104 492 26732 -4291 -10508 -1522 600 637 670 654 634 END
START -18544 264 24264 -4712 -10030 -1905 601 634 670 655 635 END
START 5852 2776 14144 -9709 -27017 -1709 602 648 671 656 636 END
START 7276 -8624 -12736 -4293 -17738 -262 603 630 669 653 634 END
START 484 -1952 12056 7798 32767 -1791 599 633 670 654 634 END
START -6892 940 25792 525 2324 -2516 601 640 670 653 635 END
START -1544 -1568 9836 1571 2695 -2523 603 636 671 652 634 END
START -12 676 13360 1193 13781 -3227 605 633 669 653 635 END
START -7320 684 16044 76 5158 -2624 608 633 680 652 633 END
START -3424 544 13752 57 4914 -2324 607 652 669 652 633 END
START -3680 668 14580 -421 3516 -2055 605 633 670 652 634 END
START -3344 568 15008 -28 6293 -1751 601 629 669 653 632 END
START -1492 860 13928 701 10339 -1554 603 631 669 647 628 END
START -2984 964 13716 314 14618 -1362 605 638 668 645 629 END
START -5732 1404 13404 1257 19145 -920 601 630 667 643 628 END
START -7600 1536 13684 1718 19836 -52 605 624 668 642 627 END
START -8264 1844 12716 1642 20925 455 614 621 662 619 624 END
START -8916 1432 11768 1043 22163 1194 606 622 666 631 626 END
START -9720 1224 11508 1223 23967 2016 606 623 666 625 628 END
START -9372 1400 10376 1584 26086 2867 607 622 673 623 618 END
START -10400 1616 9516 1782 29571 3161 602 631 665 604 622 END
START -12444 1956 8736 1638 31914 3351 607 618 664 594 620 END
START -14960 2328 8168 433 30530 3842 604 600 657 580 617 END
START -16616 1456 8492 515 27910 4600 604 617 663 572 617 END
START -16552 1524 9016 1315 24579 5348 604 617 663 564 619 END
START -16476 2344 8700 1103 23156 5999 626 613 663 556 603 END
START -16492 2508 8692 1336 20666 6654 604 615 662 555 616 END
START -16772 3028 6932 1595 18803 7279 601 615 661 544 615 END
START -17932 2648 7756 731 17977 8339 615 621 658 538 593 END
START -16336 1832 7164 1758 16464 9198 599 612 656 540 615 END
START -14976 2736 5836 2251 17532 9562 599 615 660 537 617 END
START -14652 2912 5880 2311 18474 9756 598 610 660 534 600 END
START -15628 3608 4780 1568 17799 9895 598 615 660 552 616 END
START -15068 3280 3436 1791 16304 10025 595 618 659 529 616 END
START -13028 3316 3480 2114 14856 9482 593 636 659 533 616 END
START -11944 3440 3020 1711 13951 8556 592 616 660 525 608 END
START -13464 4064 2256 1367 12126 7688 589 618 659 524 616 END
START -13460 3752 2456 1226 8796 7061 595 615 651 549 614 END
START -11024 3688 1216 811 6426 6082 590 615 659 503 619 END
START -10564 3568 720 841 5788 4590 589 618 659 527 618 END
START -9724 3792 200 703 5152 2966 587 618 663 525 618 END
START -9796 3916 848 407 3618 1349 589 618 659 525 619 END
START -9708 4132 832 98 763 -389 587 602 660 535 617 END
START -8612 4168 464 -64 -2613 -2162 587 613 660 526 616 END
START -6412 4100 -304 -848 -5087 -4376 587 604 648 526 602 END
START -5764 3716 1072 -1275 -7014 -7084 585 619 661 528 623 END
START -2344 4512 -1160 -2916 -5864 -10320 588 619 660 531 618 END
START -2100 2404 -4724 -2533 1250 -14387 596 619 660 529 619 END
START -14180 3036 -4664 -4513 2807 -16313 591 612 658 538 618 END
START -32768 -3160 -32768 -7797 32767 -11248 582 621 667 530 621 END
START -32768 -4504 24448 -1874 -17886 1997 586 620 660 527 623 END
START -31860 7988 1548 3081 -23050 7273 587 619 660 527 620 END
START -6240 7352 -9580 1728 -19973 8428 590 619 657 529 614 END
START -4328 4104 -14872 -1709 6979 4885 590 620 660 521 622 END
START -22320 6000 5744 -892 13815 5127 590 621 659 529 619 END
START -19948 4428 3544 99 560 6905 545 620 658 554 618 END
START -15556 4712 1504 -498 -2280 7381 587 619 661 525 630 END
START -9780 4544 116 -51 -3073 6485 589 620 659 533 625 END
START -5728 4804 488 127 -713 4476 592 619 661 534 621 END
START -3824 4600 452 -75 1480 1824 591 620 661 533 619 END
START -2972 4316 792 -400 2553 -1159 592 619 661 559 619 END
START -4008 4604 2548 -881 -1057 -4301 595 618 660 533 620 END
START -5112 5272 1956 -2219 -7728 -7586 594 621 659 529 620 END
START -2656 4848 -564 -3859 -13514 -11061 597 619 658 536 619 END
START 1008 1796 -4644 -4836 -7566 -15307 592 620 656 533 622 END
START -32768 -1344 -32768 -5758 30668 -13296 588 620 663 532 620 END
START -32768 -4572 32767 -4444 -11523 -1961 589 615 657 532 628 END
START -32768 7244 6596 7761 -25069 7366 571 621 655 560 620 END
START -6352 9588 -7264 4804 -32768 8478 592 619 658 534 620 END
START 13112 -248 -25860 -1568 -1649 209 592 620 660 533 619 END
START -14696 4232 192 -2719 10104 -2279 588 620 645 530 641 END
START -20732 2200 4524 -2285 6393 -720 594 623 657 539 619 END
START -21464 2332 9164 -1164 -1490 917 592 618 659 533 620 END
START -14836 3720 4404 298 -5806 1619 592 625 654 534 605 END
START -12740 4664 2692 593 -3812 1262 593 620 659 556 619 END
START -11764 4428 1504 564 -1558 744 593 620 658 536 620 END
START -13700 3924 1716 160 -136 447 602 620 643 568 619 END
START -14944 3424 1732 -87 -859 505 593 619 658 535 618 END
START -15052 3008 2032 -209 -1787 526 594 607 659 546 611 END
START -14976 2416 2264 420 -3214 491 596 618 661 540 617 END
START -15140 2732 3536 858 -5535 266 600 616 661 545 617 END
START -15428 2812 5192 1066 -9837 107 605 614 667 556 589 END
START -15584 3044 5644 1223 -15019 -52 605 613 661 562 615 END
START -14248 3356 4216 1096 -18885 -438 608 616 661 571 617 END
START -14180 4072 3560 269 -22071 -934 611 612 658 577 640 END
START -14528 4456 3432 -412 -26455 -1213 611 650 661 577 609 END
START -16140 4668 3200 -1534 -30625 -1240 615 618 661 598 620 END
START -16248 4212 4372 -2606 -32768 -1111 612 621 670 614 643 END
START -14864 4256 4820 -3774 -32768 -765 604 619 661 631 621 END
START -12144 4652 5240 -5132 -32768 -782 613 619 663 637 621 END
START -9648 4624 5000 -6771 -32768 -479 612 620 663 642 620 END
START -8380 3944 6156 -8632 -32768 -590 613 627 664 662 620 END
START -5044 4756 6588 -9842 -32768 -258 629 606 667 653 623 END
START -2640 3692 9000 -9499 -32768 -484 613 625 666 656 619 END
START -2460 2968 11408 -10408 -32768 -759 600 624 656 658 632 END
START -196 2616 12328 -10503 -27675 -1270 614 632 665 663 629 END
START 452 1852 12536 -9778 -18060 -1328 613 632 669 665 633 END
START -1996 2064 14028 -9188 -11371 -1278 613 634 670 668 635 END
START -608 3520 15892 -8503 -8633 -877 613 597 662 668 646 END
START -1568 2248 18020 -7333 -4526 -968 613 638 673 673 634 END
START -488 1720 17664 -7729 -5147 -280 612 642 675 675 642 END
START 1024 772 16320 -6311 -3143 -89 626 642 675 677 621 END
START -260 676 18040 -5003 -165 -34 613 645 679 676 647 END
START -740 548 17236 -3772 597 321 612 646 676 677 645 END
START -2388 176 17672 -2892 452 542 614 674 678 677 645 END
START -1676 4 17260 -2288 -846 772 613 645 678 678 646 END
START -332 -772 16388 -1568 -965 742 613 646 677 680 662 END
START 276 -704 15308 -743 458 547 611 646 677 677 644 END
START -1372 -532 15140 -88 1126 331 606 676 677 670 644 END
START -1968 -176 15044 105 627 262 614 648 682 678 647 END
START -2136 -208 15016 22 -521 148 657 646 677 688 647 END
START -1492 -312 14580 -77 -1020 26 615 647 678 677 645 END
START -1036 -244 14384 -52 -984 -83 612 647 678 678 647 END
START -776 68 14372 -160 -761 -127 613 647 704 677 636 END
START -788 232 14320 -308 -360 -288 614 648 677 678 647 END
START -952 356 14444 -522 -670 -306 640 648 689 677 648 END
START -988 352 14664 -782 -685 -241 614 646 680 677 645 END
START -260 192 14776 -668 -201 -110 612 645 678 679 647 END
START -252 288 14808 -869 658 -129 615 647 693 678 646 END
START 3008 -1980 6736 1599 5241 272 614 646 678 677 647 END
START -10660 2584 28788 1986 11876 -553 662 647 672 677 686 END
START -2036 1556 15032 -606 1058 -331 615 648 676 659 647 END
START -3236 604 15180 -437 -626 -231 613 652 678 677 646 END
START -1072 968 13460 754 -1189 -189 612 650 678 656 668 END
START -2600 -316 12936 3660 2782 -609 612 647 677 677 647 END
START -3488 1976 13328 7123 1359 -171 612 651 680 679 647 END
START -5508 4068 14492 443 517 131 612 647 677 677 650 END
START -2180 504 15080 -24 3691 652 612 646 678 679 641 END
START -3476 16 17884 1006 2351 727 613 644 679 670 647 END
START -6500 -328 15372 2867 -2632 741 611 647 678 677 650 END
START -2152 1908 15216 1966 6651 459 613 708 679 662 648 END
START -20 1780 12900 560 1278 331 611 651 678 676 648 END
START -300 1796 12500 250 2183 364 610 648 678 676 652 END
START -3940 2288 15904 -574 2987 149 607 648 679 675 641 END
START -92 1640 14252 -1840 2833 -147 610 645 678 676 648 END
START -2500 1024 16544 -2126 255 -388 609 640 678 683 649 END
START -3712 1088 18284 -2492 -1678 -159 611 647 680 676 648 END
START -3140 1000 16940 -3007 -3727 88 614 648 678 676 649 END
START -2048 1372 15168 -2994 -3866 127 610 645 677 664 647 END
START -3868 1096 17336 -3310 -4323 -248 612 648 677 676 648 END
START 1064 1340 13160 -2162 4471 -69 612 648 677 676 641 END
START -13260 768 21252 -2175 -3053 -485 612 606 682 676 670 END