START -7556 2020 20768 793 5103 -95 614 639 677 671 646 END
START 3136 -3424 -2704 4279 7539 257 614 615 677 673 646 END
START 29816 1652 -9148 1812 27995 94 540 646 683 676 643 END
START 12000 4920 2004 49 -17460 -3014 609 641 676 671 646 END
START 10912 1784 4088 -3914 5029 -2693 604 645 676 670 645 END
START -7116 2224 16988 -6829 913 -3801 607 645 663 671 644 END
START -9952 -604 20848 -7620 2238 -2691 606 645 677 671 645 END
START -6912 -1268 20556 -7347 494 -1525 607 644 674 668 642 END
START -10608 -652 22260 -5987 -5875 -524 638 640 671 663 641 END
START -788 1856 16864 -8174 -11971 -1459 609 634 672 666 635 END
START -4328 7836 25144 -19017 -32768 212 611 629 669 663 629 END
START 32767 -25336 -32768 -1037 12310 1940 612 616 668 661 623 END
START -21100 616 29456 11330 32767 -290 607 626 656 660 622 END
START -14580 -2604 22960 4146 150 -213 608 619 667 652 618 END
START 1528 -3052 6664 8697 16720 604 612 622 665 645 623 END
START -8548 48 17032 6929 20763 -152 622 616 677 638 589 END
START -4212 -440 11204 7603 19089 463 612 619 664 630 619 END
START -8140 712 12496 7795 23576 682 613 619 662 624 619 END
START -7156 636 11592 8416 27812 1015 615 617 661 608 617 END
START -4876 1976 8976 9950 32767 1004 607 612 660 590 612 END
START -9384 5000 6592 10106 32767 992 604 611 648 572 600 END
START -16756 6744 7304 7399 32767 2233 613 608 658 550 608 END
START -21992 6276 7948 4566 32767 4164 607 609 658 553 609 END
START -20812 4260 6988 3651 31635 6037 610 610 663 548 588 END
START -18292 4292 5972 4394 26301 7283 607 609 660 542 609 END
START -16348 5224 5088 3138 24416 8284 606 612 661 538 612 END
START -16204 4832 3840 1671 23719 8749 595 611 699 536 641 END
START -17336 4432 3528 221 21566 9449 616 614 659 519 613 END
START -16092 3344 2052 -982 19980 9857 601 612 658 536 614 END
START -13732 2940 1236 -1050 20935 9465 541 615 651 535 626 END
START -12540 3572 1176 -1609 22923 8490 595 614 659 534 615 END
START -15508 4116 2456 -2720 21874 8259 594 615 660 536 617 END
START -17952 3680 4056 -2713 16184 8625 593 594 661 522 616 END
START -15104 3012 1912 -2265 10828 8658 583 617 660 532 616 END
START -10936 3564 -456 -2142 10196 7782 590 617 660 532 617 END
START -10584 3624 232 -2645 11361 6385 591 621 659 532 618 END
START -11936 3472 1300 -2352 8422 5297 589 588 661 531 616 END
START -11508 3816 1144 -2103 4732 4077 593 617 660 533 618 END
START -9400 3524 40 -1929 1997 2359 595 618 662 533 618 END
START -7256 3508 -360 -1727 -305 203 590 619 658 535 619 END
START -6124 3956 -1060 -1901 -1682 -2299 586 619 661 531 619 END
START -5720 4048 -564 -2647 -3376 -5116 588 617 649 531 603 END
START -3932 3812 -672 -3374 -4033 -8017 582 623 661 531 619 END
START -2904 2016 -2364 -4863 -2217 -11320 587 619 661 531 620 END
START -8548 3352 -1048 -4410 -1638 -14086 586 618 661 530 619 END
START -11792 2836 -2592 -4519 -2326 -15793 571 617 662 530 632 END
START -32768 -2836 -32148 -9643 20558 -12856 585 621 653 526 620 END
START -32768 -1420 32767 -5256 -16544 999 588 622 654 526 621 END
START -32768 5972 4960 5093 -20887 6256 587 620 655 530 617 END
START -5960 8500 -7476 2932 -23716 7346 588 615 655 521 620 END
START 2148 3044 -21040 -2625 5033 2209 591 617 657 528 621 END
START -21300 4972 4836 -1253 14098 1852 589 618 657 526 623 END
START -21812 3852 4340 262 -891 3833 586 630 655 527 619 END
START -17016 4140 240 -848 -3375 4585 591 616 656 531 621 END
START -13668 4468 304 -32 -5592 4585 589 619 657 530 620 END
START -8712 4792 -680 682 -3268 3399 591 621 657 526 553 END
START -7860 5288 -80 109 -207 1619 590 620 659 531 620 END
START -7568 4868 416 311 459 -253 590 601 658 528 618 END
START -8028 5088 1640 -390 -2233 -2162 592 621 659 532 620 END
START -7132 4828 -700 -1099 -6583 -4544 591 620 658 533 620 END
START -5608 4804 -1940 -1973 -8554 -7302 532 600 657 524 619 END
START -2692 4008 -3448 -3028 -6658 -10512 590 620 658 533 590 END
START -5352 3036 1076 -3842 -6886 -12127 591 624 658 533 619 END
START -32768 4224 -2956 -2078 32767 -5626 593 622 655 533 624 END
START -28976 -4596 9996 8576 -9280 2262 588 645 660 530 622 END
START -28332 9652 -3644 4507 -17427 5577 589 621 657 528 622 END
START -4248 6196 -10096 2217 -15138 4843 586 621 659 530 618 END
START -5356 4188 -7204 -1679 3192 642 591 630 656 488 622 END
START -16008 3116 1728 -2888 542 -255 594 623 657 533 620 END
START -17364 1952 4708 -2186 -2642 304 590 621 659 531 623 END
START -15860 2156 4828 -877 -3687 756 593 548 660 559 621 END
START -14896 3132 5120 187 -2091 1021 591 624 659 532 650 END
START -14448 4160 3356 597 -1110 952 592 628 658 533 617 END
START -14392 4488 2440 655 -1221 775 589 622 659 529 623 END
START -15424 4204 1532 533 -2298 724 591 620 658 536 620 END
START -16576 3888 1632 480 -4443 889 618 620 659 554 600 END
START -17032 3544 1652 667 -8069 1177 623 619 657 537 619 END
START -18512 3224 3528 612 -12903 1591 597 617 659 534 620 END
START -16820 2980 6164 991 -21639 1872 606 637 661 468 617 END
START -13884 3240 4376 939 -26923 1621 607 618 661 555 620 END
START -12772 3700 1116 784 -29764 917 605 619 662 564 621 END
START -15952 4232 1800 -859 -31803 506 606 621 664 588 621 END
START -18048 3800 6012 -1945 -32768 673 591 623 664 609 622 END
START -14756 4392 4024 -2051 -32768 828 609 624 666 631 624 END
START -11128 5276 2620 -3973 -32768 891 614 609 667 629 642 END
START -9668 5052 4352 -6305 -32768 943 611 629 648 646 633 END
START -8364 4864 5484 -7170 -32768 650 612 628 668 649 620 END
START -7040 6924 5664 -7839 -32768 680 613 624 669 607 628 END
START -2896 5020 6584 -9786 -32768 406 614 630 669 655 631 END
START 1208 3924 7268 -10823 -32768 244 614 630 670 656 631 END
START 2472 2788 8252 -11713 -27209 -420 618 632 668 674 633 END
START 3104 1892 10648 -11095 -16547 -1255 613 633 671 661 641 END
START 1684 1248 12436 -10383 -8131 -1762 615 633 670 662 636 END
START -164 1692 15412 -9424 -3133 -2042 628 632 662 663 645 END
START -2196 1596 18292 -9419 -125 -2188 613 639 671 664 633 END
START -5688 84 21368 -7809 -1817 -1350 612 635 671 665 635 END
START -3384 296 19376 -7482 -3364 -733 612 573 672 670 636 END
START -1212 24 18152 -6098 -2318 74 611 636 671 665 637 END
START -3196 -444 19284 -4972 -1496 629 612 635 671 664 635 END
START -1728 -468 18188 -3601 -733 1098 607 624 671 702 636 END
START -1884 -384 18072 -2335 -658 1324 610 638 671 665 637 END
START -1924 -584 16956 -419 -905 1267 613 637 673 669 636 END
START -1520 476 15444 -484 -545 926 611 659 672 664 658 END
START -1844 292 14760 -43 -620 732 611 637 671 666 638 END
START 2612 -3300 3804 2878 670 959 612 635 672 666 636 END
START -14500 2100 29200 1237 9529 502 611 637 671 666 637 END
START 280 1796 12828 -119 -1133 -349 610 637 671 667 637 END
START -4200 1820 16792 -463 4128 -441 610 659 674 666 647 END
START -2032 584 14508 -1651 1015 -374 609 639 670 668 635 END
START -2448 1448 14268 -1659 -350 -578 609 638 670 666 637 END
START -3628 1348 14536 -1926 -3471 -574 635 637 677 666 629 END
START -1508 1280 13700 -2038 -1534 -268 611 636 672 667 648 END
START -3504 504 16292 -2032 -2901 -150 616 639 668 666 636 END
START -64 960 13852 113 3009 549 610 666 683 664 643 END
START -1528 812 15432 -318 4056 475 611 637 668 666 637 END
START -3956 928 16168 -556 2621 523 610 630 672 661 653 END
START -4480 628 15324 -674 1954 330 629 638 669 666 637 END
START -2892 -88 11508 1646 1522 999 609 637 671 664 639 END
START -3608 296 13476 3617 3683 1540 609 643 672 665 636 END
START -6380 100 16876 4371 -695 224 610 638 672 666 637 END
START -9448 2132 19364 1901 3944 -878 590 642 672 662 639 END
START -548 -540 15016 -12 5747 -1180 608 639 669 655 637 END
START -4832 1232 17096 459 3057 -1455 605 638 672 666 639 END
START -2516 1456 15120 -797 2230 -1619 605 625 672 683 637 END
START -3156 1124 15940 -1134 1047 -1618 609 638 675 667 640 END
START -4428 1416 17376 -1300 -1769 -1439 604 637 672 665 638 END
START -3560 1232 16096 -1798 -4941 -1223 606 615 671 657 608 END
START -8812 1136 20188 -1922 -7553 -1426 632 637 672 667 638 END
START -8580 1584 17900 -2217 -5004 -916 607 636 669 666 638 END
START -4876 776 12428 -1362 -1254 -437 612 622 671 666 673 END