START -11396 1340 23600 5492 3736 449 609 640 675 663 634 END
START -8868 828 17688 5131 1919 -478 609 638 672 662 638 END
START -5016 1472 12292 537 3209 -1067 619 638 686 669 638 END
START -1484 1472 14692 -962 4761 -1639 609 638 672 664 638 END
START -5752 1808 17532 -2108 5088 -1851 607 639 672 664 639 END
START -5080 1468 15956 -3052 4984 -2104 607 623 671 663 637 END
START -3788 528 15612 -3172 4145 -2160 609 639 671 662 640 END
START -5632 0 17700 -2979 1392 -1771 605 639 672 663 637 END
START -11116 -524 21616 -2638 -3549 -1512 577 635 672 657 568 END
START -8128 -48 20552 -3226 -4496 -1655 608 637 672 663 635 END
START -15524 5004 30020 -9946 -32768 -3254 610 630 672 661 635 END
START 32767 -20052 -32768 -747 -2459 3420 607 633 671 661 633 END
START -25960 92 30108 10325 32767 -644 535 616 671 659 632 END
START -19720 -3300 32767 4117 13389 -471 611 627 652 656 593 END
START 10596 -3320 2568 7571 18755 754 609 627 668 651 632 END
START -9336 -1492 14936 8263 29937 -76 612 635 667 642 649 END
START -2752 344 6648 9166 32767 252 614 622 669 639 621 END
START -11504 1556 10360 10237 32767 559 614 622 664 627 622 END
START -11580 3076 9252 9996 32767 960 610 618 678 616 613 END
START -10312 4640 5112 8491 32767 999 609 616 662 606 619 END
START -15468 5912 6768 7157 32767 1684 607 618 663 593 619 END
START -18364 6580 6840 5659 32767 2732 607 619 663 585 616 END
START -14816 7332 2248 3587 32342 3405 604 622 663 576 617 END
START -10932 7848 -2468 1508 32767 3098 602 619 664 566 617 END
START -11428 7548 -1808 -1572 32767 2257 597 618 664 555 617 END
START -19392 6456 2576 -4340 32767 2208 596 620 662 542 618 END
START -25236 5356 4940 -4472 29859 3648 594 620 661 544 621 END
START -24672 5868 4200 -4327 17162 5466 589 610 664 547 620 END
START -19172 6020 2816 -4747 8138 6849 589 619 662 543 618 END
START -14536 4952 1688 -3951 6556 6825 591 618 662 533 619 END
START -12880 5044 1036 -4122 8855 6262 584 618 663 526 637 END
START -14620 4940 180 -4212 11151 5843 589 618 657 492 616 END
START -17416 5424 808 -4041 10367 6054 587 616 658 526 609 END
START -16684 5440 1124 -3894 7098 6476 603 616 678 519 598 END
START -15468 3996 880 -3668 4163 6455 586 642 658 519 628 END
START -13768 4172 -380 -2946 3274 6130 584 615 657 519 617 END
START -12456 3844 -896 -2558 3669 5425 586 613 661 519 582 END
START -13968 3768 -32 -2132 2130 4806 588 616 656 520 595 END
START -13696 3476 876 -1699 -1772 4291 583 617 657 518 617 END
START -11936 3400 520 -1261 -5306 3290 582 608 657 549 649 END
START -8984 3504 24 -988 -7591 1854 582 616 656 515 618 END
START -4576 3200 -1264 -726 -5867 -456 582 574 657 512 617 END
START -2812 3064 -2616 -1017 -315 -3701 584 617 655 518 617 END
START -6728 2864 -568 -1720 2198 -6650 582 617 656 517 622 END
START -11988 3612 1208 -2294 -2923 -8387 579 617 656 520 616 END
START -13068 4468 228 -3508 -12531 -9169 616 618 654 505 615 END
START -5648 2628 -3328 -6271 -17148 -11025 584 618 656 518 612 END
START -192 1404 -5480 -5611 -4261 -14319 587 615 654 520 620 END
START -32768 -5280 -29476 -7996 32767 -11596 580 606 650 518 620 END
START -32768 -4228 13576 4142 -3275 72 547 619 652 574 618 END
START -30888 6580 -2604 2586 -15466 4909 578 617 654 520 621 END
START -11780 5980 -7212 1498 -13782 6265 584 618 654 517 617 END
START -3880 2576 -10876 -1921 2630 3319 585 631 663 515 610 END
START -22188 4336 3716 -1585 7602 3627 586 617 656 518 617 END
START -19284 3472 324 -590 1455 5408 586 617 655 520 618 END
START -19316 4476 1468 -1174 -350 6283 590 619 653 574 617 END
START -14552 4440 148 -371 -3453 6724 575 617 656 517 619 END
START -10688 4840 -148 -26 -2210 5903 587 618 656 522 617 END
START -7864 4964 -136 338 -417 4383 592 619 659 550 619 END
START -6656 4848 -36 363 1879 2269 587 619 656 526 618 END
START -8000 4580 1848 268 766 304 599 619 662 524 626 END
START -11432 5048 3396 -231 -5655 -1216 586 616 659 522 620 END
START -6928 4984 1428 -749 -15022 -3345 588 622 656 523 617 END
START 1200 4564 -3824 -2018 -13512 -7271 587 619 664 523 623 END
START 188 3812 -2928 -3565 -2920 -12101 588 621 656 526 619 END
START -8552 2596 668 -5014 -2141 -14912 586 619 657 523 619 END
START -22072 -784 -21944 -7715 4675 -13286 571 623 646 524 617 END
START -32768 3924 32767 -7163 -7543 -4218 584 620 652 518 621 END
START -31544 3012 6508 13307 -6589 3626 585 622 657 522 621 END
START -14208 8828 -11940 5384 -9122 3942 586 618 657 524 621 END
START -5504 5372 -10100 667 1194 1271 586 624 657 518 615 END
START -12896 3332 956 -1155 1756 -378 587 622 659 525 647 END
START -15384 2312 1336 -1694 -1044 -497 586 621 657 525 622 END
START -16108 2024 3064 -1482 -692 -95 577 621 660 525 622 END
START -17168 2760 5904 -704 -2576 562 587 622 658 523 621 END
START -14604 3208 2196 -11 -2802 775 587 615 658 525 620 END
START -14596 3336 2296 239 -3269 652 589 619 657 526 608 END
START -14556 3076 2072 324 -4804 431 588 619 658 529 620 END
START -14620 2484 1808 418 -7493 111 569 616 659 534 618 END
START -15312 2552 3860 958 -11504 -71 594 614 660 537 617 END
START -17204 2332 5508 739 -17332 42 593 618 661 546 617 END
START -18784 2220 6556 840 -27058 473 596 617 642 558 634 END
START -17884 3112 3652 565 -32768 867 598 619 662 572 599 END
START -14852 3320 1064 -220 -32768 586 601 622 663 590 623 END
START -15128 3760 2532 -1381 -32768 540 612 624 676 617 620 END
START -14800 4400 4056 -3204 -32768 603 605 623 662 635 627 END
START -12688 4464 2728 -4982 -32768 704 608 623 664 641 626 END
START -11000 3996 4372 -6756 -32768 889 610 621 654 643 623 END
START -10884 4280 5632 -8020 -32768 1112 626 627 666 649 626 END
START -7348 3948 6124 -9885 -32768 1344 610 627 667 652 626 END
START -1016 3796 8188 -10090 -32768 1702 613 624 665 646 630 END
START 5472 3296 7100 -11669 -32768 992 611 627 667 660 629 END
START 9116 2128 8740 -10863 -16910 -47 611 635 668 660 631 END
START 3048 2032 13112 -10675 -2604 -1401 610 667 669 688 632 END
START -1848 1004 16612 -8938 2581 -1297 612 632 670 663 633 END
START -5304 2288 17692 -7738 1948 -900 612 632 670 664 632 END
START -3944 924 19048 -7883 -2567 -83 614 638 670 664 635 END
START -4448 108 20528 -6661 -3928 517 612 630 670 667 632 END
START -2236 -92 18476 -5551 -4217 1140 611 635 670 666 634 END
START -1348 -468 17192 -4389 -3015 1502 629 664 671 666 636 END
START -2156 -684 16600 -2985 -1658 1504 611 633 669 666 634 END
START -1380 -224 15600 -2138 -417 1531 611 636 671 669 635 END
START -2504 -436 15900 -1631 188 1229 612 636 671 666 641 END
START -3180 -788 15932 -684 -1846 1090 610 636 672 666 636 END
START -2880 -336 15720 -693 -2845 875 612 634 671 667 635 END
START -1880 -200 14896 -666 -3073 761 590 634 672 666 638 END
START -396 136 13456 -266 -1973 595 612 637 671 667 635 END
START -400 664 13492 -868 -860 245 611 635 675 667 636 END
START -936 80 14272 -895 -454 71 623 636 669 667 634 END
START -904 888 15784 -1025 -1336 71 611 636 671 668 635 END
START -884 588 12872 -2216 -3531 -680 604 636 670 681 636 END
START 2064 -884 12300 -1245 453 -371 609 637 670 667 627 END
START -1188 428 16436 -1579 -285 -442 612 637 672 668 637 END
START 16 -52 14420 -1111 1003 -629 607 635 658 655 637 END
START -2684 172 16980 -1093 -241 -827 610 636 672 667 636 END
START -2132 -176 15244 -949 -2895 -767 609 642 671 663 644 END
START -852 -48 13628 -251 -1364 -447 612 637 672 667 636 END
START -1000 380 14372 797 2129 -100 609 636 672 667 638 END
START -1300 596 15076 415 2796 -3 605 637 683 667 656 END
START -2212 -192 14892 1147 2073 -169 605 637 672 667 637 END
START -2408 -272 14168 4410 4304 -555 601 637 669 668 634 END
START -3564 -612 16420 7991 7037 -655 608 638 671 667 635 END
START -2172 2304 13968 964 1849 38 608 638 671 668 634 END
START -2256 -500 12628 1415 2435 -751 610 616 665 667 643 END
START -2564 -2480 15656 6162 4703 -1094 607 638 671 666 639 END
START -1688 652 13052 7227 3238 -922 608 636 672 666 637 END
START 996 2376 10480 5338 5172 -1785 608 634 673 683 637 END
START -6920 2880 13588 1301 4310 -1902 611 638 674 667 638 END
START -4028 2164 15364 -253 4455 -1555 614 638 673 668 639 END
START -3140 608 17896 -526 10233 -1678 606 639 673 667 641 END
START 2408 2084 10864 -970 7562 -1878 608 636 673 666 639 END
START -5784 1784 18580 -2024 4729 -1967 573 637 671 666 640 END
START -3116 1888 16416 -2003 4106 -1758 606 638 673 681 637 END
START -3632 1688 16164 -1617 2511 -1532 607 635 673 666 637 END
START -3276 976 16656 -1512 -310 -1354 603 638 673 666 638 END
START -3192 1384 16024 -1142 -1402 -1331 602 633 673 665 639 END
START -3340 1824 15816 -1666 -3288 -918 605 639 672 665 639 END
START -2936 2192 15928 -2969 -4595 -636 606 638 673 666 639 END
START -3156 1612 16960 -4419 -3215 -597 574 638 669 667 586 END
START -4680 2100 15412 -5183 -3720 178 606 640 673 666 636 END
START -2540 1272 14640 -3920 -2504 401 607 638 673 667 639 END