START -22448 2572 28268 2181 -81 -67 619 524 649 657 610 END
START -11684 -2584 14320 3975 3445 -771 616 619 655 658 619 END
START 7428 -1256 -3984 2367 7722 -385 611 619 655 679 619 END
START -12140 580 23060 -48 2866 -261 616 604 655 657 620 END
START -784 956 14108 41 4024 -389 616 621 656 657 621 END
START -6080 1556 16224 -501 1632 -590 611 626 656 663 620 END
START -5576 1864 14068 -1406 1322 -705 616 621 655 657 616 END
START -5824 2044 15144 -3456 -1377 -445 616 618 656 655 622 END
START -3288 1308 15904 -5254 -3239 -8 617 578 662 656 625 END
START 5828 -896 9896 -5354 -10895 105 619 621 656 657 621 END
START -14016 468 25960 -5731 -24280 -730 617 621 657 658 626 END
START 5684 -1724 -500 -1185 -7494 469 621 625 655 658 557 END
START -3804 -220 21608 1652 7564 450 621 619 656 658 620 END
START -10196 -1168 19736 1964 3355 1041 619 620 655 656 618 END
START -13488 -1260 22988 4014 277 1720 621 620 656 656 617 END
START -5540 -780 21292 6103 -4825 2561 623 618 656 653 616 END
START -3236 -420 21344 7945 -7759 3049 614 619 654 655 620 END
START -4392 640 20888 9994 -5937 2903 618 618 655 652 616 END
START -2204 988 19044 12455 -3545 2869 618 618 655 654 617 END
START -2900 1808 20248 15047 -228 2743 595 612 650 654 620 END
START -6516 1772 23424 17090 -3947 3414 635 618 657 654 619 END
START -7036 2196 23336 19769 -5895 4160 617 620 657 655 620 END
START -5276 2336 20152 22111 -8340 4879 615 623 658 657 622 END
START -1508 3340 15196 25611 -6797 5065 615 622 670 658 621 END
START 1180 4780 10828 26539 -4894 5273 616 625 661 660 624 END
START -628 6536 10992 28181 -1065 5396 606 626 663 664 626 END
START -1220 5996 10508 27770 -4018 6368 618 628 663 666 627 END
START 216 7492 6940 28221 -5396 6823 613 628 665 662 631 END
START 220 8032 4176 24662 -6050 7140 617 633 667 665 631 END
START 2200 8188 1432 21983 -5800 6900 617 631 669 667 634 END
START 1788 8440 1576 18599 -4658 6508 619 633 669 669 634 END
START 2232 8628 672 15278 -3060 5882 631 630 684 669 683 END
START 2216 8852 476 12732 -1514 5446 620 638 672 680 639 END
START 824 9492 1888 10362 -527 4875 620 640 674 671 638 END
START 1304 9948 2380 7978 -1471 4452 620 641 682 678 644 END
START 1372 10592 2960 5395 -1469 3764 619 642 675 673 643 END
START 2440 10444 4296 3919 -926 3185 613 628 675 675 646 END
START 1796 11476 5696 2886 -608 2484 620 644 677 675 634 END
START 2436 11840 6660 2326 -203 1933 620 647 678 676 646 END
START 2212 11972 7424 2071 719 1362 613 646 691 661 602 END
START 1532 12640 8640 2070 295 1198 617 646 677 676 645 END
START 2320 12600 9752 2359 -1017 1131 617 637 678 675 646 END
START 4244 12732 10800 3224 -2990 804 618 631 678 677 649 END
START 5340 12856 11076 3939 -3279 -21 618 650 678 677 647 END
START 5452 12580 10516 4516 -2857 -1059 621 647 676 663 646 END
START 4848 12616 10224 5956 -4283 -2051 614 650 677 678 646 END
START 4456 12548 11828 6846 -6948 -2957 616 647 674 678 648 END
START 6196 12196 10072 7575 -10617 -4344 592 668 678 683 649 END
START 4604 12288 10948 8748 -11047 -6107 615 649 678 677 639 END
START 8420 12260 3880 8157 -8262 -8736 617 650 678 677 649 END
START 5996 12072 5012 7228 -5169 -11238 617 649 679 677 649 END
START 1140 11900 7120 6869 -8323 -12834 616 650 685 675 650 END
START 1344 11672 6464 6385 -14327 -14058 617 648 678 677 650 END
START 4148 10944 2480 5470 -14787 -15804 616 651 676 677 651 END
START 4568 10928 -476 4312 -10525 -17495 661 652 686 680 646 END
START 1936 10404 956 2909 -3521 -19087 617 651 677 684 649 END
START -2080 11784 2872 2311 -2069 -19945 617 649 677 677 649 END
START -4796 11900 5612 1315 -3615 -19781 619 634 676 678 648 END
START -5608 12184 4812 481 -6598 -18852 610 649 677 678 650 END
START -5768 12396 3348 3 -7453 -17450 616 650 676 677 653 END
START -6992 12952 3044 -690 -6496 -15833 615 648 675 670 648 END
START -8284 14140 3376 -1758 -3418 -13913 615 645 679 677 650 END
START -9624 14540 5464 -2074 -1401 -11698 615 648 676 676 649 END
START -10060 15228 4312 -2156 -1153 -9102 616 649 677 679 648 END
START -9864 15584 3392 -2933 -487 -6871 612 649 672 677 650 END
START -10620 15040 4996 -3522 -715 -4610 620 645 677 678 647 END
START -10100 15172 6500 -3313 -2167 -2571 616 647 676 677 650 END
START -7904 15508 5744 -2963 -1328 -1022 616 647 677 677 649 END
START -6856 15120 5404 -2943 302 194 599 624 679 678 570 END
START -6124 14928 4552 -3017 1850 1058 617 649 677 678 647 END
START -6320 14464 5864 -2964 2182 1767 616 647 677 678 648 END
START -6332 14388 6172 -2734 639 2403 615 619 692 675 649 END
START -5220 14348 5064 -2663 -163 2832 617 648 678 676 646 END
START -4376 14556 4036 -3304 691 3169 620 647 676 677 640 END
START -4008 14180 4076 -3896 1777 3457 617 649 676 642 667 END
START -4032 13728 3504 -4684 2429 3660 617 646 677 677 671 END
START -4392 13476 2844 -5880 2373 3636 617 649 676 676 646 END
START -5224 13160 2844 -7225 1687 3671 616 648 676 677 644 END
START -5616 12732 3256 -8278 1418 4028 617 648 676 677 647 END
START -5088 12572 4036 -9782 1822 4421 619 647 676 678 645 END
START -5216 12100 6352 -11027 1551 4871 618 647 676 678 646 END
START -4760 11676 6948 -11581 -400 5119 619 648 677 677 649 END
START -4772 11436 5736 -11800 -1889 5174 619 649 677 677 647 END
START -4816 11528 2972 -12845 -1447 5286 614 673 678 680 655 END
START -3748 11144 3492 -14489 -870 5631 620 612 677 678 645 END
START -1388 9732 5464 -15419 809 5572 620 643 676 678 645 END
START -1912 9480 7668 -15527 2959 5446 615 652 676 666 619 END
START -4676 9780 7824 -16389 2356 5483 621 645 677 678 644 END
START -5100 9552 6024 -16977 527 5775 620 643 677 677 643 END
START -2472 8800 8108 -18038 -451 6053 619 681 677 662 665 END
START -2288 7792 12336 -18336 -1999 6054 621 641 676 675 642 END
START -1900 7344 12228 -17385 -3888 5922 615 640 677 676 640 END
START -1284 7708 8668 -16710 -3269 5561 620 633 677 652 640 END
START -588 8384 7208 -17065 394 5239 619 639 677 677 662 END
START 1680 6172 13280 -17687 2280 4552 619 641 676 677 639 END
START 96 6576 17188 -17291 3894 3435 540 650 677 677 640 END
START -2052 5444 16452 -16151 -402 2979 620 639 678 676 642 END
START 1868 9640 15480 -20523 8405 -3820 618 640 676 677 640 END
START -6744 5620 12276 -14002 28094 1631 614 645 676 671 642 END
START -6380 4804 16212 -13257 3778 610 614 640 684 676 638 END
START -3172 5024 16336 -13812 3623 -112 614 640 676 675 640 END
START -4564 4212 16116 -13369 2376 -163 614 640 678 676 644 END
START -4600 4344 13804 -11842 -500 -62 615 638 669 676 639 END
START -4252 4260 15040 -11943 350 -175 614 639 676 676 638 END
START -4644 3516 16428 -10288 -440 -85 614 639 685 679 623 END
START -3040 3952 14224 -8782 -1912 188 615 638 676 676 639 END
START -4764 3832 15116 -8542 2434 10 615 639 676 677 639 END
START -5804 5768 19440 -8742 -418 -520 626 642 681 677 648 END
START 740 3360 12488 -7998 -3817 -438 615 640 677 676 640 END
START -2588 3980 16384 -7452 1313 -946 620 639 676 676 639 END
START -5204 3676 19012 -7066 -1434 -1359 608 640 682 674 613 END
START -2556 2668 17644 -6268 -1663 -1305 614 641 676 676 640 END
START -4604 3352 19516 -4352 -3508 -913 616 641 676 675 640 END
START -2640 2968 19056 -3315 -6436 -803 616 649 675 678 682 END
START -2072 2288 17336 -2423 -7116 -579 614 640 677 676 641 END
START 168 -612 6636 1940 -3885 -462 617 639 676 677 640 END
START -4800 2084 14908 2875 -3363 199 607 636 680 676 629 END
START 320 3868 12160 3929 4602 769 615 639 676 676 641 END
START -4956 2724 14420 2450 597 1305 617 640 676 676 640 END
START -3552 3724 14032 903 -11 1486 617 638 685 675 600 END
START -1220 3268 11308 -254 -2598 1712 615 639 675 677 642 END
START -2800 2708 11072 -1324 1969 1900 614 618 677 675 639 END
START -5020 1896 15496 -824 842 2041 615 639 676 674 642 END
START 7784 2420 2564 821 -384 2623 615 639 672 677 635 END
START -7348 1496 19504 -323 -836 1135 609 641 674 674 641 END
START -14516 3756 23980 1344 3287 702 614 640 676 678 639 END
START -5076 3672 18124 -2044 -3490 565 613 641 672 676 640 END
START 2060 2944 12852 -2172 -1306 -223 614 702 676 675 641 END
START -3300 3276 15652 -3201 -4306 -474 615 642 675 676 640 END
START -2828 3404 13536 -3678 -1697 -743 614 642 676 676 641 END
START -1264 3964 15268 -7718 -3090 -583 615 642 675 676 638 END
START -3376 2816 16040 -9495 -10782 32 613 643 675 677 642 END
START -5528 472 11816 -7471 -12034 165 617 640 678 677 636 END
START -4124 3592 15124 1962 -898 -138 593 641 688 675 643 END
START -1548 2600 12084 -1606 -893 614 618 640 676 676 643 END
START 952 2296 11412 -1283 2379 465 616 641 672 677 634 END
START 752 2808 12280 -1648 2382 412 617 641 676 678 639 END
START -18396 4100 32767 -161 15449 -656 615 633 676 676 641 END
START 1024 1936 8628 1419 6846 658 617 612 676 675 639 END
START -2892 2276 13916 2542 1725 537 618 643 677 677 655 END
START -3152 2728 15956 3331 4060 226 621 641 677 676 643 END
START 812 3032 13884 2766 4187 658 615 634 683 676 611 END
START -2236 2748 15540 58 3570 83 615 641 676 676 642 END
START -1888 1620 13896 1097 3589 33 623 642 676 679 641 END
START -2492 2548 14712 1220 3711 -37 611 641 676 685 644 END
START -2556 2556 14800 300 3006 -297 613 644 676 676 647 END
START -3020 2508 15060 -139 1391 -480 613 642 678 677 640 END
START -5184 2144 16628 -926 -1110 -662 613 646 676 676 640 END
START -3576 3072 15216 -1941 -3484 -939 621 642 626 714 643 END
START -3536 3140 13636 -3230 -5311 -881 611 641 676 677 643 END
START 4496 2608 6344 -3692 -1892 -483 614 642 676 676 639 END
START 3996 2580 7968 -3885 -2256 -8 614 693 676 659 642 END