START -7232 3336 17380 3706 6943 634 624 619 654 658 638 END
START 4508 360 2816 3773 5804 423 625 619 655 656 618 END
START -21320 3580 32767 380 -215 -105 623 619 652 656 617 END
START -15920 152 27732 -120 4664 350 618 621 653 657 618 END
START 3032 1144 14284 72 2442 55 569 644 657 657 610 END
START -3620 1396 16048 -155 2852 -267 622 620 653 656 618 END
START -1780 1204 12372 -620 3336 -468 623 621 655 650 612 END
START -7528 3852 13380 -1016 1715 -339 617 621 654 656 620 END
START -6232 228 17460 -3189 -422 -222 628 619 654 657 620 END
START 1704 364 15104 -4299 796 -879 582 617 642 656 608 END
START -31320 -216 32767 -5339 -19626 -1264 597 617 653 656 611 END
START -16612 -4020 13816 -1904 -28172 -2026 622 615 653 655 616 END
START -20972 -2924 29896 6812 3419 -77 621 612 647 652 614 END
START -13456 -468 23044 7278 1663 965 621 615 653 652 592 END
START -1692 -672 17512 8546 -3111 1267 621 612 654 652 616 END
START -5996 632 19880 9898 -5548 1511 621 620 656 652 617 END
START -6408 1160 19776 11939 -3358 1136 618 620 654 653 616 END
START -5996 2512 18456 13057 -1382 1213 624 618 656 656 619 END
START -4384 3048 16852 14797 420 1537 615 617 657 654 621 END
START -4624 3888 16680 16367 194 2372 613 619 657 643 620 END
START -5412 4380 16124 17243 -1296 3103 617 620 658 657 611 END
START -6680 4656 16440 18228 -2963 3987 617 624 658 658 621 END
START -5092 4424 14016 20996 -6113 4746 617 626 658 658 633 END
START -1712 7228 10336 19512 -4933 5442 623 622 662 659 623 END
START -412 6252 10000 19421 -4759 6122 620 622 662 660 623 END
START -860 7856 10016 20541 1527 6132 621 623 663 662 625 END
START -3648 7680 10804 18083 -334 7038 620 628 664 662 625 END
START -1432 7720 8116 19335 -1383 7410 623 633 665 658 629 END
START -592 9128 5700 17720 -2577 7366 623 629 667 666 638 END
START -36 9032 5284 15827 -3173 7196 620 631 667 665 630 END
START 692 9048 4776 13256 -2279 6695 618 544 668 672 635 END
START 1284 9212 3880 11323 -1810 6089 631 633 668 675 634 END
START 1152 9464 3620 8945 -350 5390 614 635 670 670 636 END
START 396 9508 5204 7236 381 4710 618 630 677 671 657 END
START 124 9996 6176 5991 -105 4163 615 639 672 672 638 END
START 476 10532 7136 4929 -905 3626 606 639 669 673 654 END
START 1412 10760 6144 3402 31 2810 617 636 675 672 640 END
START 580 11068 6364 2195 435 2274 620 642 674 673 642 END
START -236 11128 7000 1340 19 1867 620 642 674 678 641 END
START 288 11468 8832 956 -419 1719 620 642 676 673 643 END
START -44 11820 10548 1322 -1101 1441 619 644 688 676 618 END
START 1684 11828 10200 1460 -1600 1108 614 644 674 676 644 END
START 1988 12584 10096 1383 -1867 733 623 646 679 677 648 END
START 948 12444 11016 1663 -3309 364 620 643 676 679 646 END
START 1528 12300 12040 2152 -5642 194 620 644 677 677 644 END
START 4192 11696 11912 2731 -8811 -481 615 643 672 681 644 END
START 6028 11372 12940 4112 -12500 -2018 625 645 684 678 646 END
START 6496 11268 11612 5324 -17115 -4272 620 647 678 677 649 END
START 7792 11672 9716 6970 -19629 -6852 620 613 677 677 648 END
START 8672 11788 8460 7780 -18393 -9777 620 650 679 677 646 END
START 7444 11004 9500 8539 -14667 -12398 618 649 677 676 649 END
START 5304 11112 7112 8172 -10318 -14930 619 650 678 677 649 END
START 2368 10288 7272 8241 -8244 -16724 621 649 677 669 649 END
START 140 10160 8196 8043 -7247 -17779 617 661 678 672 669 END
START 236 10360 7556 7755 -7058 -18376 618 648 678 677 647 END
START -656 10312 5620 7377 -5588 -18784 636 648 680 669 648 END
START -136 10384 2184 6459 -369 -19159 627 649 677 680 648 END
START -4724 10668 2916 5004 4514 -19029 623 649 678 677 647 END
START -8360 10532 4736 4631 3720 -17759 618 644 678 709 648 END
START -10328 12200 5908 3890 -1381 -16417 623 650 679 677 649 END
START -8984 12444 4148 2105 -3700 -14700 619 649 678 678 649 END
START -7832 12700 2440 1180 -1923 -12528 620 649 678 678 649 END
START -9528 13380 1336 -604 2432 -10477 615 652 678 709 648 END
START -12256 13576 2568 -1990 4036 -8146 623 649 678 678 646 END
START -12008 13744 3548 -2894 2123 -5644 620 648 677 678 648 END
START -10896 13784 5100 -3621 20 -3518 637 647 679 678 626 END
START -10036 13796 6612 -4171 -653 -1912 623 648 677 677 646 END
START -8764 13892 6552 -4063 -1817 -653 620 649 677 678 648 END
START -6900 13632 5860 -3753 -1754 191 640 648 670 676 664 END
START -5724 13532 5112 -3520 -681 616 619 649 677 676 647 END
START -5916 13396 5516 -3236 363 761 613 649 678 677 647 END
START -6276 13272 6360 -2647 234 734 618 649 691 678 656 END
START -5928 13496 6456 -2142 -526 688 610 648 678 678 678 END
START -5524 13456 6184 -1986 -468 653 618 648 677 678 647 END
START -5696 13680 4824 -2141 306 831 616 649 679 679 644 END
START -6436 13668 4640 -2697 809 1243 608 646 676 678 644 END
START -6884 14112 4076 -3876 194 1801 589 645 673 677 644 END
START -6900 13200 4124 -5281 -2216 2219 633 644 673 677 645 END
START -5692 12396 3824 -6717 -4025 2699 623 645 676 677 643 END
START -4464 12332 3536 -8080 -3421 3027 623 645 676 676 644 END
START -4740 11856 4632 -9666 -1688 3398 624 644 677 677 635 END
START -5440 11452 5468 -10833 -748 3875 626 644 677 676 645 END
START -4576 11464 5152 -12266 -509 4264 621 643 676 677 643 END
START -4108 11212 3948 -14137 -72 4516 628 638 669 676 634 END
START -4784 9892 5320 -15370 -1707 4778 627 638 676 676 627 END
START -3932 9664 6956 -15331 -3450 4973 625 641 678 676 642 END
START -2884 9076 8512 -15832 -2567 4669 633 620 677 674 640 END
START -2392 8776 10216 -15724 -2140 4417 623 640 678 676 641 END
START -2668 8920 9420 -15667 -1820 4220 623 642 677 677 640 END
START -4116 8416 9284 -16195 -943 4108 635 640 688 678 663 END
START -4860 8164 9228 -15509 -631 4133 627 641 678 677 632 END
START -3516 7800 10512 -15297 -934 4127 629 637 678 677 640 END
START -2420 7544 11712 -15110 133 4135 626 619 666 677 688 END
START -2812 7440 12428 -14544 1723 4016 623 637 678 677 638 END
START -3428 7316 12820 -15099 1297 3893 630 640 678 677 639 END
START -4236 7088 13620 -13594 825 3867 662 639 671 677 646 END
START -3688 6992 14160 -12805 -348 3970 626 629 679 677 641 END
START -2220 6972 15056 -12677 -1072 3685 627 640 679 678 640 END
START -1824 5808 13816 -11134 -126 3421 623 640 678 678 642 END
START -2652 6800 12704 -10174 1006 3032 625 640 678 680 639 END
START 4796 10876 10852 -14066 20223 805 629 640 681 677 639 END
START -3604 1212 13512 -5553 15309 2133 622 640 678 677 639 END
START -6996 6160 14432 -9249 4165 1575 626 577 682 691 637 END
START -7992 4636 17428 -6728 -1970 2011 626 618 697 678 640 END
START -1712 7188 12144 -8198 -1464 1714 622 643 680 678 640 END
START -7528 5608 18444 -9670 -1587 1357 657 640 680 677 648 END
START -5316 5048 17148 -9227 -1696 1309 622 640 679 677 640 END
START -1168 3620 11376 -5295 367 1257 627 632 680 678 639 END
START -3864 5944 14444 -6802 513 964 624 603 692 676 634 END
START -4416 3764 15320 -6452 569 878 627 640 679 679 643 END
START -3272 4012 15400 -5791 750 811 621 641 679 677 641 END
START -3160 4528 15476 -4954 337 653 621 639 679 678 641 END
START -4536 5796 19684 948 4887 297 621 639 679 677 640 END
START -1080 5664 10892 -2885 -2300 -13 638 639 690 679 631 END
START -5764 4528 16500 -1427 1900 -12 626 642 679 678 640 END
START -3884 4052 15700 -1461 -1114 106 622 641 679 681 641 END
START -2804 4804 16024 -2482 -873 38 623 665 679 705 641 END
START -3844 3952 16620 -3516 -2123 114 621 641 679 678 644 END
START -3392 3928 16116 -3209 -1376 277 617 641 679 678 639 END
START -2124 3936 12108 -2816 180 502 613 643 673 678 636 END
START -1940 2572 12256 -2169 3099 510 628 634 679 678 642 END
START -2884 2668 14484 -1070 4667 223 617 642 680 678 642 END
START -7864 1924 16576 33 904 70 617 644 680 679 642 END
START -1920 2356 11176 1142 1363 195 622 642 680 678 643 END
START -32 3068 10892 688 3194 193 628 642 678 660 624 END
START -6432 3588 13948 401 2274 736 616 643 680 679 636 END
START -2716 4160 12124 -503 2706 556 639 658 678 678 710 END
START -3892 3408 13436 -971 2324 432 622 642 681 678 643 END
START -4432 3520 14468 -1025 1847 192 622 636 680 679 643 END
START -4428 3500 14704 -1693 226 -59 604 642 685 677 639 END
START -4636 3276 15920 -2256 -1852 -406 619 641 694 679 644 END
START -6568 3516 17548 -3143 -5655 -734 623 643 680 679 642 END
START -5108 2908 19212 -4222 -5683 -1162 650 640 669 679 614 END
START -4780 5216 17976 -2754 284 -701 626 641 679 678 642 END