START -17968 -512 25764 3764 1451 -134 600 626 641 646 620 END
START -4624 -2400 10344 3999 222 -49 623 621 644 644 619 END
START -23364 2568 32767 3262 -2124 75 628 615 642 642 620 END
START 4516 1556 12996 1658 10459 -53 621 618 643 644 619 END
START -6968 2552 17548 32 1707 -987 622 618 644 644 618 END
START -5316 2084 14424 -935 1524 -1066 621 614 650 644 617 END
START -3032 1384 13076 -1948 621 -846 621 620 646 644 619 END
START -4316 1804 14764 -3647 -1545 -476 628 619 644 645 619 END
START -3748 636 14964 -5578 -2617 134 631 620 638 645 589 END
START -30852 328 32767 -8844 -16185 309 623 615 644 643 613 END
START -15424 -192 23720 -3329 -8194 743 619 618 645 646 618 END
START 5664 1116 6828 578 -16961 1436 640 618 647 645 603 END
START 4008 124 10996 1455 4341 1214 611 619 645 646 624 END
START -7308 -724 20804 2477 2278 1493 625 621 645 646 618 END
START -5352 -408 20856 4032 3840 2010 622 616 644 645 618 END
START -6112 568 17404 6096 376 2064 624 616 644 644 614 END
START -5788 268 20364 8336 -1760 2759 618 673 592 625 614 END
START -6180 2620 19812 10237 2404 3115 638 611 643 643 614 END
START -6372 2720 19540 12087 -817 3970 622 612 642 642 611 END
START -4508 2960 19256 14145 -633 4597 623 623 647 611 586 END
START -4012 4608 16052 16002 1423 5460 621 612 641 647 610 END
START -6516 3752 20528 16516 -1189 6190 620 609 642 642 611 END
START -5904 4304 15968 18497 2453 7447 666 610 642 662 614 END
START -4988 4216 14812 19294 348 8551 621 610 642 641 609 END
START -4888 6324 14176 20708 1281 9528 618 610 641 640 609 END
START -1396 4924 9796 20060 174 10335 618 609 641 647 613 END
START -3360 4564 9944 21161 2790 10532 616 609 640 641 607 END
START -3652 6996 7672 21499 1301 11041 617 608 641 638 608 END
START -2300 7720 6424 18112 1075 11390 619 633 657 639 596 END
START 200 7040 6552 16880 -614 11671 612 623 644 652 610 END
START 924 7344 4464 15885 1113 10857 617 608 644 642 612 END
START -128 8364 5092 13379 2441 10436 615 613 645 661 612 END
START 1200 8640 3356 11136 2575 9522 616 613 647 644 612 END
START -1812 8312 6212 9585 2161 9641 624 633 648 641 618 END
START 1124 9084 4776 8036 1251 8600 617 613 648 644 644 END
START 2216 10340 3676 5143 1622 7310 615 614 649 644 615 END
START 2884 8428 2904 1273 2842 5401 614 619 650 641 618 END
START 1024 9724 5788 620 1501 4582 616 616 651 648 616 END
START 1060 10828 6608 -801 647 3804 612 617 657 647 592 END
START 884 11116 7788 -1897 721 3169 617 618 654 651 618 END
START 680 11104 8976 -2526 -222 2297 616 619 656 653 619 END
START 360 11644 10028 -2879 -616 1689 616 622 658 655 634 END
START 364 11380 10284 -2654 -1396 1353 617 621 659 651 622 END
START 1164 11492 10548 -2458 -1457 1116 646 622 661 665 623 END
START 340 11300 10956 -1997 -515 999 618 625 662 661 625 END
START -1172 11544 12060 -1445 -950 1087 619 625 664 662 629 END
START -1792 12048 12768 -911 -3171 1543 658 627 668 665 637 END
START -248 12148 12552 -142 -5119 2003 621 630 667 665 631 END
START 2592 11916 11196 899 -4566 2045 623 628 670 668 634 END
START 2120 12184 11404 2060 -2994 1641 615 656 671 668 632 END
START 124 12540 12296 2693 -5682 1462 622 645 673 670 633 END
START 1552 12300 11804 4186 -8372 1030 623 633 672 671 634 END
START 3844 12072 11920 5544 -10915 118 619 635 668 650 633 END
START 5080 11972 11632 6691 -12164 -1299 623 636 674 672 638 END
START 5252 11808 10492 8084 -12119 -3113 621 636 675 672 637 END
START 4892 11732 9404 9067 -12512 -5040 621 637 676 673 638 END
START 3720 11384 8400 9637 -12762 -6751 621 638 674 691 638 END
START 3508 11336 7316 9906 -14184 -8307 622 651 677 674 642 END
START 3864 11512 6616 9549 -14257 -9909 621 640 676 674 640 END
START 3516 11140 6264 8704 -13765 -11689 621 659 678 675 667 END
START 3644 10580 5420 8120 -11465 -13256 622 641 677 673 643 END
START 3568 10064 4220 7896 -6979 -15189 621 642 678 675 642 END
START 2580 9896 4088 7428 -2354 -16875 622 641 687 675 670 END
START 1172 9776 3064 7493 486 -18144 619 646 678 674 645 END
START -504 10500 2684 6957 2959 -18849 621 643 678 671 644 END
START -3548 10804 4932 5599 3271 -18935 622 661 679 678 646 END
START -5496 11148 6236 4708 -632 -18361 621 645 678 671 644 END
START -6084 11604 4228 4223 -3530 -17731 626 645 678 676 642 END
START -6412 12508 2624 3283 -3813 -16499 611 644 685 673 645 END
START -6416 13136 2460 1530 -1063 -15053 613 644 678 677 647 END
START -9012 13476 4624 1245 507 -13507 624 644 682 677 645 END
START -10128 14440 3872 -1 311 -11683 624 645 678 676 644 END
START -9748 14924 2980 -1327 527 -9500 624 643 678 677 644 END
START -9668 14888 2864 -1608 935 -7617 625 644 679 676 645 END
START -9716 14664 3736 -2683 1197 -5846 617 644 680 676 648 END
START -10240 15096 5248 -2373 -472 -4214 624 645 680 674 650 END
START -9256 15036 5216 -2534 -1566 -2847 614 646 678 678 645 END
START -8336 15020 4824 -2224 -1662 -1621 624 645 678 677 645 END
START -6784 14832 3624 -2331 -624 -717 617 641 669 676 645 END
START -6476 14664 3832 -2505 260 -114 622 644 678 676 648 END
START -6580 14296 4356 -2950 427 341 623 644 678 677 643 END
START -6928 14168 6044 -2349 -1408 759 623 644 678 676 641 END
START -5696 14152 5448 -2300 -2307 949 624 643 678 677 645 END
START -5000 13868 5048 -2264 -2075 890 623 647 678 678 647 END
START -4540 14112 4164 -2391 -909 770 610 644 704 676 568 END
START -5044 13460 3752 -2482 646 454 622 642 678 676 645 END
START -5548 13520 4244 -3068 2090 312 622 632 676 677 646 END
START -6564 13012 5516 -3137 1937 344 624 644 678 678 645 END
START -6908 13344 5728 -2673 345 579 625 644 678 677 644 END
START -6616 13468 5136 -2850 -705 772 622 643 677 713 651 END
START -6272 13340 4280 -3240 -1455 951 621 648 674 678 641 END
START -5716 13032 4528 -4067 -1380 1139 623 643 678 678 643 END
START -5800 12668 5456 -4478 -1137 1266 639 644 671 676 630 END
START -5684 12736 5736 -4982 -1806 1408 623 643 678 691 644 END
START -5520 12824 5896 -5364 -2562 1513 623 643 678 677 644 END
START -6120 12296 6280 -5423 -3624 1650 651 643 687 678 644 END
START -5616 12360 5616 -5271 -3962 1846 627 646 678 677 644 END
START -4644 12544 5768 -5605 -2980 1904 623 643 678 677 644 END
START -5660 12644 7124 -6177 -3043 2005 623 643 678 676 644 END
START -6112 12312 7704 -6578 -4754 2245 624 642 677 691 643 END
START -6796 12268 7004 -6893 -6805 2696 621 642 678 677 644 END
START -6960 12020 6672 -7586 -9303 3308 623 646 677 676 644 END
START -5124 11624 7024 -7964 -11993 3967 627 635 686 674 666 END
START -1996 11312 6772 -7944 -11248 4167 626 646 677 654 648 END
START -2004 11452 7300 -8016 -8030 4268 625 644 678 677 645 END
START -2556 11144 8276 -7588 -5905 4401 620 656 678 673 641 END
START -2176 11188 8980 -7492 -3527 4289 626 644 677 676 644 END
START -1952 10948 9364 -7070 -2241 4130 623 644 678 676 644 END
START -2396 10736 9620 -6615 -1712 3858 624 643 677 676 645 END
START -2784 10880 9388 -6173 -1967 3650 623 647 678 679 645 END
START -1568 10716 9268 -6385 -2336 3303 623 644 677 676 642 END
START -288 10936 9504 -6455 -3205 3003 622 644 678 675 645 END
START -716 10992 10592 -6139 -1788 2398 625 645 679 677 644 END
START 548 10940 7108 -4161 2952 2092 616 643 678 679 645 END
START -1756 11556 8920 -5989 3867 1423 622 646 678 678 647 END
START -2084 10524 10764 -5793 6925 1223 621 648 677 703 648 END
START -2200 10492 10260 -5019 3909 1075 620 643 678 676 640 END
START -4072 10636 11184 -4662 1975 1019 622 646 678 676 645 END
START -3656 10772 11784 -4281 -838 1208 639 644 676 676 614 END
START -3492 10908 12064 -3776 -1880 1212 622 646 677 676 644 END
START -1048 10748 9672 -3240 -237 1403 622 646 678 677 645 END
START -644 10348 10864 -3367 3763 1138 642 644 678 678 649 END
START -2380 10588 11880 -3866 3822 1022 623 642 678 676 643 END
START -2324 10236 10888 -3245 3785 834 623 645 677 676 645 END
START -2524 10316 10756 -2559 5100 702 620 637 677 678 645 END
START -3732 9976 11432 -1054 3534 513 621 638 678 676 646 END
START -7300 9844 14208 879 3146 441 622 645 678 677 644 END
START -1252 11068 9452 17 1977 471 619 672 685 674 689 END
START -6272 11012 16000 -619 3143 476 620 645 677 676 641 END
START 2960 10476 8496 459 9448 304 622 648 676 676 649 END
START -8988 9588 15920 945 7522 277 619 643 679 676 644 END
START -140 10812 9148 245 11346 -28 616 645 677 676 645 END
START -2844 8816 12360 418 11694 -1280 613 650 677 677 641 END
START -7892 10892 12152 -2212 5638 -937 611 645 677 675 647 END
START -6560 9668 12632 -2498 -1338 -916 610 645 676 675 643 END
START -6088 9860 12720 -3176 -7447 -1448 612 647 683 674 643 END
START -4084 8876 10948 -3689 -11303 -1319 612 645 677 676 645 END
START 800 9544 9476 -4023 -8489 -1132 612 645 677 675 645 END
START -15052 8216 14264 -4591 -12433 -1050 614 560 677 673 630 END
START -15452 9640 16232 -5458 -5848 -425 612 648 677 674 645 END