START -10348 1144 18968 1973 3786 -614 616 610 634 634 610 END
START -9660 -436 15844 1581 1402 -741 620 609 634 636 581 END
START -1832 -140 10484 1717 2320 -1514 614 612 634 634 613 END
START -5224 1600 17464 1369 7030 -2004 623 627 634 634 610 END
START -5320 616 16280 922 7209 -1120 613 614 634 636 610 END
START -5392 392 16524 948 5589 -1028 614 610 634 635 611 END
START -6968 888 15564 348 3186 -1222 615 612 621 634 606 END
START -6964 1496 14984 -578 928 -1170 614 610 634 634 609 END
START -7524 1780 15748 -2460 -2700 -901 610 610 633 635 612 END
START -7076 -620 9744 -3039 -6458 -110 614 606 640 612 611 END
START 16268 -1164 -5072 -3657 -1842 459 643 611 635 635 609 END
START 3444 448 9240 -3080 -7625 922 616 610 635 635 616 END
START -18116 2228 21004 -3115 -20291 912 614 588 636 638 555 END
START 5024 -2040 6388 166 -2558 1458 615 610 634 636 609 END
START -3072 696 16268 -494 -1982 527 617 611 633 637 611 END
START -5472 -912 16808 43 -1906 217 619 610 638 619 652 END
START 84 -984 14452 549 -785 -159 618 609 638 638 612 END
START -4772 -1488 16216 1210 -196 -625 622 545 651 638 607 END
START -2820 -1524 14252 2113 2755 -1058 622 611 639 639 611 END
START -5268 -940 15460 3062 3725 -1190 618 610 641 640 611 END
START -4840 -308 14712 3803 3827 -1238 619 600 652 621 611 END
START -6192 560 15688 4042 1577 -1291 618 611 643 642 612 END
START -4892 1540 14340 3972 -451 -1306 619 615 645 643 614 END
START -3932 1776 13312 3476 -438 -1498 615 619 641 645 611 END
START -4312 2132 12968 2992 -907 -1551 620 614 645 643 615 END
START -4420 2440 12548 2462 -1284 -1333 619 613 640 644 613 END
START -3724 2704 11852 1895 -1209 -1067 621 593 636 644 631 END
START -4228 2796 12920 1134 -1303 -703 606 615 645 642 616 END
START -5072 3208 13604 957 -1274 98 620 614 645 645 614 END
START -5756 3316 13684 709 -1815 1131 639 613 647 607 607 END
START -6984 3244 14968 948 -1760 2348 620 610 648 640 613 END
START -6748 2848 17260 1518 -2188 3830 619 613 645 646 614 END
START -6456 2084 17676 2683 -1144 5225 621 612 648 645 613 END
START -7508 2428 17400 4747 1196 6694 619 595 650 646 610 END
START -9800 3508 19332 6454 1674 8432 618 599 645 645 612 END
START -9188 3996 20132 8136 53 10267 616 575 645 647 611 END
START -7868 3924 21824 9461 -325 11883 616 609 645 646 610 END
START -6760 3196 21104 11617 -198 13223 614 610 640 645 600 END
START -4248 3776 18436 13870 855 14397 617 608 644 638 610 END
START -3680 2996 17264 16716 3226 14900 618 608 645 646 610 END
START -2548 4924 13760 15982 3217 15549 624 612 647 643 611 END
START -1708 3796 14140 18028 5329 15352 616 607 646 652 609 END
START 32 5580 11628 18716 1971 15350 617 610 648 646 607 END
START 2348 5916 8992 17514 1859 14484 621 609 644 652 610 END
START 2188 5736 8500 16159 2564 13411 616 610 645 647 611 END
START 3148 6392 6628 14845 2786 12209 617 610 646 646 612 END
START 2744 6856 6464 12831 3546 10751 616 611 646 652 611 END
START 1984 7056 7164 11061 2862 9382 614 614 645 647 612 END
START 1276 7788 6924 9746 2058 8026 615 614 646 646 611 END
START 1108 8532 6616 8393 966 6724 613 611 659 645 645 END
START 800 9192 6104 7184 252 5302 615 613 647 647 612 END
START 592 9496 6828 5895 -98 4129 616 666 648 646 598 END
START -104 9832 6888 5268 -315 3250 615 612 648 647 617 END
START -568 10468 8052 4489 -2021 2369 616 623 647 626 618 END
START -780 11304 7796 3813 -2369 1628 616 612 648 648 612 END
START -628 11220 8372 3479 -3138 1158 615 614 648 647 611 END
START -1316 11756 8876 3347 -3103 1016 615 609 637 646 613 END
START -1568 12016 10228 3431 -4681 1101 615 615 649 647 612 END
START -740 12528 11996 3964 -6659 1076 618 613 650 648 613 END
START -748 12752 11856 5040 -6319 1070 616 597 649 652 612 END
START -300 13000 10200 6492 -5994 1426 617 614 645 649 614 END
START 124 13212 10728 7472 -5654 1621 617 616 652 650 614 END
START -476 13128 12940 8304 -7331 1740 618 551 658 650 636 END
START 1440 9836 13836 9470 -11146 949 616 619 656 655 617 END
START 812 11872 12900 11569 -12833 754 616 618 658 655 618 END
START 2552 12776 8844 12601 -12370 -166 618 632 659 652 620 END
START 2404 13164 7360 12119 -11776 -1318 598 625 661 657 621 END
START 2792 11968 7604 11404 -13467 -2573 619 622 664 660 625 END
START 3344 11052 8480 12047 -16358 -4285 614 629 668 653 623 END
START 4028 11676 6240 12033 -17979 -6128 618 631 668 666 627 END
START 4632 11172 4824 11154 -20712 -8295 618 633 671 668 633 END
START 6508 11320 1828 8942 -23134 -10832 617 636 669 667 636 END
START 8100 10672 -264 5815 -22008 -13796 610 639 669 669 625 END
START 7952 10024 2256 3514 -19680 -17377 616 641 674 664 643 END
START 5820 10092 5372 2420 -14789 -20348 616 644 676 673 644 END
START 4252 10340 3908 2318 -9792 -22701 595 645 679 674 587 END
START 468 10728 1760 1333 -6797 -23806 614 646 677 673 645 END
START -4436 10516 4180 216 -3699 -23546 618 647 678 675 648 END
START -7328 9976 5380 445 -3363 -22032 620 647 679 676 648 END
START -8824 12260 4960 831 -3939 -19834 621 645 679 677 648 END
START -9972 13804 4804 694 -645 -17043 621 650 680 681 647 END
START -10304 14704 2464 666 2741 -13666 623 649 680 677 649 END
START -10780 14860 1008 -21 6829 -11181 621 613 680 676 650 END
START -14672 15380 3332 -1191 8560 -8301 624 652 681 676 646 END
START -15756 15136 5300 -925 3435 -5067 620 649 680 677 648 END
START -14084 15476 5768 -1226 -4004 -2254 621 640 670 677 669 END
START -9888 15400 4476 -1564 -7819 -101 607 648 677 678 649 END
START -6804 14948 2644 -2613 -6496 1362 622 650 680 678 649 END
START -5300 14804 1880 -2239 -4204 1847 627 634 679 676 638 END
START -4260 15160 2128 -2482 -49 2224 620 648 680 678 647 END
START -4252 14992 3128 -2639 2224 2181 614 648 679 677 649 END
START -4088 14888 3824 -2744 2459 2033 618 648 681 687 649 END
START -4056 14644 4248 -2872 1223 1769 620 649 691 678 649 END
START -3624 14368 3364 -3047 -143 1509 618 649 680 678 650 END
START -3128 14260 2248 -3133 207 1345 582 646 679 688 588 END
START -4108 14592 1992 -3743 1512 1323 619 647 680 678 649 END
START -4908 14436 3412 -4807 2850 1616 619 648 679 677 649 END
START -5972 13620 5620 -5329 2752 2085 620 639 685 672 646 END
START -6524 14040 5448 -5472 634 2486 610 644 678 676 646 END
START -5872 13784 2964 -6169 -1143 2686 618 646 678 675 645 END
START -7864 13628 3656 -7061 -3786 3446 619 657 676 696 646 END
START -7872 13396 5432 -6870 -8668 4617 619 645 678 678 647 END
START -4396 13664 5360 -6945 -9592 5547 618 646 677 677 646 END
START -3628 13600 7032 -7115 -6977 5984 614 655 678 675 641 END
START -4068 13432 7040 -6895 -5899 6171 644 645 677 676 645 END
START -3984 13012 6124 -6791 -6426 6153 621 646 677 676 646 END
START -3920 12716 6524 -6276 -7984 6229 625 646 678 676 647 END
START -2616 12656 7196 -5313 -9539 6397 619 660 678 675 560 END
START -740 13568 6784 -5262 -7930 6381 619 646 676 676 615 END
START -180 12964 8400 -4861 -5119 6280 623 645 677 675 645 END
START 80 13124 8388 -4678 -3733 5964 625 643 679 693 642 END
START -480 12772 7488 -4603 -2055 5375 622 639 676 675 640 END
START -2620 12068 7764 -3664 -2640 5078 621 637 675 674 637 END
START -1444 12456 7044 -3817 -2571 5475 620 631 674 674 631 END
START -84 12660 7368 -4021 -2019 5607 624 635 673 675 633 END
START 632 12700 8580 -4209 106 5586 621 631 673 673 631 END
START 1352 12348 9224 -4304 1767 5337 621 632 672 671 632 END
START 972 12116 8596 -4309 2918 5070 625 630 671 672 632 END
START -844 11920 8336 -4418 1797 4774 630 626 680 674 629 END
START -1240 12196 8112 -4650 129 4804 622 631 671 664 627 END
START 1648 13656 18364 -4355 -6609 5582 622 628 670 671 629 END
START 32767 12652 -18152 -8525 12069 3453 623 628 668 685 628 END
START 24232 10372 -3128 -8198 6426 3652 621 627 667 673 626 END
START -3984 11144 13232 -4645 2546 2773 620 626 666 669 626 END
START -7924 12248 14188 -5303 3651 2727 623 620 662 672 625 END
START -1600 11464 11184 -5088 3388 2722 624 627 667 668 625 END
START 3052 16704 15056 -1025 15336 1908 622 620 667 670 626 END
START 644 11600 7460 -4060 2 2147 622 624 667 670 625 END
START 2004 11340 9200 -2147 3309 1617 622 625 669 670 625 END
START 1504 12252 9404 -2530 1907 1066 623 627 668 670 623 END
START -1040 11996 10512 -2765 549 530 622 601 670 670 627 END
START 140 11568 10152 -2891 -533 41 623 624 668 669 629 END
START 996 11304 9700 -2442 -2098 -493 622 625 668 670 627 END
START 756 11232 9928 -1627 -1219 -1039 624 626 644 671 626 END
START 1096 11572 9768 -1081 -988 -1274 623 626 668 670 626 END
START 560 12212 9808 -1110 -645 -1446 624 626 669 669 626 END
START 328 11944 9032 -827 -1172 -1577 623 627 667 670 626 END
START -800 11980 8736 -147 556 -1741 623 627 669 670 627 END
START 216 11792 8076 643 4928 -1673 622 629 670 669 616 END
START -1760 12160 10640 1040 3554 -1810 624 623 670 670 628 END
START -1076 13660 10040 1204 3071 -1406 624 627 669 669 627 END
START -3568 11276 9340 1944 5932 -1566 635 626 658 670 628 END
START -1808 12540 12064 2558 10081 -1295 623 625 669 664 628 END
START -6300 10600 8896 4004 7567 -959 622 627 669 670 628 END
START -632 12708 8748 2145 8271 -242 619 628 672 671 630 END
START 960 11952 9944 1738 5255 -616 619 624 668 656 625 END
START 36 11288 10928 1877 6079 -859 619 627 669 669 626 END
START -1656 12448 10564 921 3716 -793 618 630 668 675 632 END
START -2328 11808 10644 339 753 -521 619 628 668 669 627 END
START -1332 11936 10260 -280 -1434 -442 621 628 672 680 627 END
START -1756 12756 10264 -1239 -3671 -322 618 626 669 668 627 END
START -952 12688 9424 -2230 -4764 18 619 628 668 669 625 END
START 2472 12964 8048 -3019 -1113 363 624 600 671 671 626 END
START 232 12188 7520 -3204 -5626 675 620 622 668 669 625 END