START 68 1720 15120 4043 6099 -106 619 613 654 654 613 END
START -3912 1388 13912 3283 4541 -298 620 612 653 654 614 END
START 18700 6088 7280 5091 23184 336 619 613 655 655 614 END
START -13508 432 23536 220 4910 -935 613 616 653 654 614 END
START -220 688 15168 954 9568 -815 592 616 654 668 587 END
START -5248 872 16864 859 7279 -955 611 614 654 654 618 END
START -4848 1164 14964 315 6125 -963 603 615 655 652 617 END
START -7104 1684 15500 -826 4200 -1073 616 616 660 655 606 END
START -6908 2128 15904 -3191 725 -1165 617 616 655 654 619 END
START -3580 2364 15568 -3852 -1589 -338 617 621 655 643 616 END
START -9876 -196 18896 -7176 -20502 116 621 618 654 651 615 END
START -19188 1176 28116 -8923 -19307 592 620 614 654 656 615 END
START 7928 -3524 -1536 2859 -6819 933 633 612 647 655 615 END
START -7728 1412 22368 2307 3862 10 618 626 655 654 615 END
START -3108 -296 15560 3080 1874 642 620 615 650 653 615 END
START -4396 -1684 19704 5043 3462 670 648 615 604 653 612 END
START -7740 -400 22744 6856 2912 1076 617 617 653 651 613 END
START -8436 -68 23508 9616 -541 1774 618 614 654 645 615 END
START -7720 1740 22148 11738 -2872 2260 618 614 653 651 613 END
START -5340 1924 19388 13943 -2379 2999 621 615 655 651 613 END
START -7436 2700 20840 15617 -3663 3242 620 616 656 651 615 END
START -7916 3200 17388 18252 -1949 3845 623 625 645 651 604 END
START -10368 4692 15428 19469 -8562 4117 587 619 658 652 622 END
START 1160 3984 13792 20053 -11925 5214 616 619 660 654 618 END
START 1944 6904 11264 21642 -1045 5537 618 614 659 654 638 END
START -4048 6920 14596 20984 232 4889 621 625 660 658 623 END
START -1108 4776 9192 22620 -483 5475 618 622 659 658 623 END
START -2056 6636 7756 23358 577 5842 615 629 676 658 629 END
START -4484 7032 10184 21465 -458 6549 612 620 664 658 625 END
START -4360 6592 10028 20722 -5858 7536 622 629 663 661 626 END
START -2624 7336 8640 20805 -8009 7834 615 628 664 662 642 END
START 128 8404 5516 18870 -8531 7353 619 630 666 661 631 END
START 2856 8672 2308 16291 -4607 6462 617 631 667 664 628 END
START 1444 8704 4116 13798 -304 5709 617 633 664 665 624 END
START -908 8948 5732 12070 -114 5417 614 636 669 667 633 END
START -360 9016 5344 10482 -1950 5060 634 636 627 652 635 END
START 1228 9400 4208 8744 -2239 4355 620 637 672 671 637 END
START 1816 9892 4404 7087 -1023 3656 619 639 672 671 633 END
START 1708 10480 5668 5953 -368 3221 634 637 673 669 638 END
START 864 11216 6204 4883 199 2691 619 640 673 672 640 END
START 164 11580 7196 3990 -28 2452 618 637 678 672 634 END
START 356 11728 7544 3314 -383 2299 619 641 673 673 639 END
START 1144 11536 6912 2843 -193 2199 618 641 675 673 639 END
START 1964 12112 5992 2378 1341 2031 615 641 674 674 644 END
START -304 12488 7588 1621 2066 1920 614 641 675 673 642 END
START -352 12856 8724 1323 410 2060 617 648 675 673 620 END
START 608 12964 9216 894 -1882 2068 618 643 672 674 643 END
START 1772 13012 8016 1236 -1954 1929 618 643 676 675 645 END
START 2716 13076 6740 1123 -899 1507 617 643 676 673 643 END
START 1508 13348 7920 1228 -461 1261 618 643 676 675 644 END
START 1256 13468 9096 1140 -912 954 616 624 677 677 645 END
START 1896 13388 8904 1717 -3131 673 618 648 676 694 646 END
START 2524 13464 9656 2221 -5949 160 614 648 677 679 647 END
START 4208 13336 8172 2525 -6514 -758 611 646 632 698 640 END
START 5036 12944 7956 2917 -6913 -2073 616 646 679 677 646 END
START 3752 12948 8308 3333 -8020 -3465 615 649 680 676 647 END
START 3544 12776 9384 4070 -10408 -4768 617 651 685 674 652 END
START 4912 12624 8604 4820 -12113 -6325 631 649 678 677 652 END
START 6736 12516 5856 5302 -13347 -8170 617 649 679 677 650 END
START 6580 12076 5612 4905 -12050 -10180 635 643 670 675 649 END
START 5764 11616 4956 5018 -10680 -12210 617 649 677 676 651 END
START 4300 11308 5528 5037 -9191 -14009 618 647 677 677 650 END
START 3084 11108 5404 5310 -7019 -15535 616 669 679 678 641 END
START 2852 11032 4236 5493 -3343 -16920 618 650 678 678 642 END
START 1988 10936 2408 5523 573 -18177 617 651 678 677 651 END
START -620 11616 2732 5099 3936 -18987 612 672 679 677 651 END
START -4340 11944 3976 4403 2563 -18817 621 652 677 677 652 END
START -7252 12696 4544 3116 -1348 -18078 616 650 676 679 651 END
START -7296 13252 4232 2219 -5403 -16596 619 648 677 675 647 END
START -7248 14304 3104 750 -6363 -14972 607 646 677 674 649 END
START -7700 14396 2280 -311 -4427 -13151 619 649 677 677 650 END
START -9228 14268 2748 -953 -1222 -11563 616 649 673 678 649 END
START -9960 14780 2656 -1286 1731 -9694 610 648 675 678 647 END
START -10592 15076 2548 -1733 3408 -7843 616 649 677 676 649 END
START -10088 15424 2528 -2414 3318 -5725 619 647 677 677 650 END
START -9840 15096 3228 -2740 1796 -3919 616 644 676 696 648 END
START -10220 15004 4812 -3094 156 -2231 620 648 676 677 668 END
START -9552 14820 5476 -2816 -1863 -769 615 648 676 677 648 END
START -7596 14672 4740 -2581 -2518 305 621 648 677 677 648 END
START -6068 14688 3936 -2538 -1455 1020 618 647 677 672 646 END
START -5752 14460 4308 -2501 -73 1402 614 643 678 676 651 END
START -6048 14312 5120 -2281 303 1672 611 648 676 671 648 END
START -6056 14024 5304 -2026 231 1879 616 647 677 678 648 END
START -5868 13912 4956 -1840 -234 1980 612 648 677 677 649 END
START -5316 13796 4116 -1922 84 2017 620 647 677 678 647 END
START -5244 13940 2676 -2596 1895 2122 612 646 676 678 647 END
START -5408 13836 1356 -3928 4522 2366 620 645 676 677 645 END
START -5488 13112 2984 -5905 6060 2618 626 646 673 692 644 END
START -6876 12844 3996 -6977 3854 3039 620 644 675 690 645 END
START -6552 12876 3924 -8247 418 3193 621 645 676 676 650 END
START -5768 12356 2716 -9439 -2223 3292 609 645 679 675 646 END
START -5636 11972 1276 -10676 -1882 3167 621 645 676 669 648 END
START -5448 12036 2000 -12316 289 3171 618 648 675 677 646 END
START -5384 11344 5024 -13844 1568 3362 600 642 676 676 644 END
START -6196 11372 6744 -14415 157 3567 617 645 673 667 644 END
START -6088 11200 6376 -15645 -2137 3925 619 646 675 677 644 END
START -6100 11108 4988 -15747 -3216 4415 617 644 675 676 643 END
START -5024 10764 5760 -17706 -3153 5065 620 640 643 676 573 END
START -3952 9644 7644 -18070 -3684 5403 592 641 675 677 637 END
START -3544 9124 7484 -17755 -4736 5410 618 639 676 676 642 END
START -3356 9396 7140 -16947 -4011 5287 618 620 675 670 635 END
START -4844 9632 9872 -16821 -3407 5571 622 639 674 676 640 END
START -4016 9056 14224 -16910 -3739 6209 616 637 673 676 637 END
START -3452 8284 14468 -16688 -4611 6230 621 600 667 675 634 END
START -1324 8264 11284 -15453 -4616 6159 619 640 672 673 641 END
START -1664 8316 9468 -14679 -1384 5533 619 634 674 673 636 END
START -1984 7148 13228 -13851 -1784 5602 623 634 673 675 632 END
START -868 6268 15108 -11994 -1436 5672 585 613 675 671 635 END
START -1772 6612 14992 -10914 -1366 5262 617 635 674 674 632 END
START -516 7460 13092 -10135 212 4940 617 638 674 671 635 END
START 156 6564 14260 -9850 2023 4395 607 633 662 675 652 END
START -1240 6156 15652 -9224 2397 4031 612 636 675 675 634 END
START -2524 5656 16004 -8066 1040 3888 621 634 674 674 634 END
START -1304 6024 14852 -7012 65 3654 633 632 670 678 634 END
START -12 5888 15156 -6501 598 3187 614 634 674 674 662 END
START 2248 1372 6048 -3526 1027 3269 609 635 675 679 639 END
START -23076 8292 32767 -7575 10 1014 615 635 673 674 633 END
START 3368 2652 6560 -4616 2224 2531 614 634 674 669 634 END
START 26828 6096 -16188 -5836 18848 -1437 534 615 674 670 611 END
START -608 6256 16228 -6316 4124 27 614 635 674 673 635 END
START -9908 5508 18796 -4478 -908 487 615 634 673 674 635 END
START -2988 5144 14516 -3317 64 209 616 631 674 671 620 END
START -2304 5068 13652 -2007 -1353 640 616 634 674 673 636 END
START -5160 5308 14620 -900 -6122 1215 615 635 667 674 635 END
START -716 6232 11640 -1824 -4098 1363 620 634 674 674 636 END
START 872 5020 11984 -2141 -3 1159 619 635 674 677 639 END
START -3452 5356 14264 -2123 -1694 1233 666 634 711 674 704 END
START -1984 5748 13080 -2235 333 923 618 637 674 673 600 END
START -416 5176 11472 -1757 3610 845 616 637 674 675 635 END
START -7664 5324 16588 -678 1742 894 551 637 669 683 639 END
START -1132 5532 12604 132 3227 880 616 637 672 675 635 END
START -3164 6044 13692 -369 2635 525 616 635 674 676 635 END
START -2940 5712 13836 -804 1204 112 611 636 674 674 636 END
START -3092 5320 13500 -260 401 -40 610 636 674 674 635 END
START -2460 4828 13760 1949 2909 -194 621 636 668 674 674 END
START -1908 5404 12684 3749 4806 -407 600 635 673 675 637 END
START -2252 6720 12444 2094 3429 -590 616 637 674 674 636 END
START -1668 6136 10700 1742 3557 -736 609 599 669 674 625 END
START -5668 5536 13840 2974 -710 -536 611 639 674 666 639 END
START -9048 6788 16912 3701 2129 -923 605 636 673 674 637 END
START -4376 7192 12244 703 6117 -602 607 636 673 674 638 END
START -1344 6840 11000 -1208 2268 -598 607 637 674 674 636 END
START -6316 6408 14204 -2184 1140 -663 608 658 675 674 636 END
START -4976 6396 14192 -2824 713 -376 608 636 672 676 639 END
START -7744 6080 16148 -3251 -2605 143 604 637 674 673 636 END
START -3136 8496 15348 -4763 -6298 1392 601 636 648 674 631 END
START -13100 6080 20160 -5611 -12126 339 609 629 676 674 638 END
START -4676 5316 13272 -5061 -8867 604 612 637 675 671 637 END