START -9692 8600 17420 3055 3634 829 629 634 674 678 630 END
START -5864 8900 15676 2087 2376 912 637 635 676 687 632 END
START -8320 7920 15636 1237 -1858 1150 630 634 674 678 634 END
START -636 7524 10620 1971 1633 766 630 633 673 678 632 END
START -4416 7708 13856 1209 -907 524 630 633 673 680 635 END
START -3640 8076 13048 335 -75 296 630 635 673 678 634 END
START -2108 7788 12100 -258 634 86 620 635 646 689 634 END
START -3668 7712 13176 -326 931 -147 629 635 674 676 634 END
START -2916 7752 13408 -1061 1187 -240 628 635 681 676 635 END
START -1044 8532 13636 -1528 3171 -211 629 632 673 676 632 END
START 6768 7560 8004 -1494 9676 -623 631 638 673 676 632 END
START 4848 6160 6324 486 17341 -1458 613 629 626 678 625 END
START -6964 7604 9592 2795 32767 -1901 632 631 673 676 630 END
START -7288 7452 8480 2843 32767 -1824 631 630 672 676 628 END
START -7472 7796 4584 3059 32767 -1487 641 631 672 680 631 END
START -12904 8836 3328 1853 32767 -939 648 631 671 674 630 END
START -16824 8432 2448 206 32767 -122 630 630 671 675 631 END
START -16864 8280 1048 -1374 32767 1049 622 629 647 665 629 END
START -15236 7872 -1388 -3163 32767 1747 633 629 672 676 633 END
START -16572 7928 -1308 -5302 32767 2171 629 632 671 675 632 END
START -18432 7512 -1276 -7282 32767 2949 632 619 672 692 632 END
START -17724 6572 -3208 -9796 32767 3780 633 633 665 675 635 END
START -18368 6476 -1712 -8917 32767 4124 634 635 673 675 659 END
START -16336 7352 -4600 -10834 32767 4454 634 636 673 675 634 END
START -16144 6984 -4764 -12911 32767 4401 634 654 674 671 636 END
START -16480 6588 -4800 -13868 31331 3908 633 635 673 677 633 END
START -17176 6636 -3388 -14909 28018 3884 632 636 674 675 605 END
START -16092 6820 -3844 -15252 25107 3706 633 635 674 674 636 END
START -14120 7152 -5308 -16114 23939 3217 657 641 675 662 636 END
START -12856 6180 -4936 -17243 25511 2364 635 637 668 675 637 END
START -14624 5876 -2392 -16696 25596 1193 634 636 675 677 640 END
START -16068 6648 -2072 -16157 22253 906 633 637 676 677 638 END
START -14200 6788 -3040 -15519 20152 489 633 603 676 624 660 END
START -12868 7340 -4272 -15384 19941 -164 632 628 676 676 638 END
START -14624 7456 -2244 -14905 19981 -736 633 638 676 678 639 END
START -17176 7716 -1160 -13105 15796 -535 631 644 676 678 639 END
START -14904 7936 -3008 -12312 11924 -249 636 625 675 676 621 END
START -13348 8328 -3608 -11695 11314 -610 632 640 677 679 639 END
START -13464 8620 -3144 -10824 11489 -863 633 640 677 679 641 END
START -14320 9300 -3056 -9457 8744 -438 631 641 678 680 641 END
START -12308 9984 -6132 -9332 7666 -467 630 640 678 680 639 END
START -11240 10168 -7636 -9582 8848 -699 633 638 676 683 641 END
START -12516 10064 -6304 -9960 8925 -1103 632 642 679 682 642 END
START -13008 9604 -5332 -9821 6305 -725 632 669 679 681 632 END
START -8324 9256 -784 -9083 3182 -394 632 644 681 691 644 END
START 668 6232 6160 -3142 14153 -3917 630 644 681 685 645 END
START -17872 9648 2208 318 11983 -4672 631 646 682 684 646 END
START -17316 10084 -8436 47 1984 -2818 629 646 681 685 647 END
START -13924 9796 -6460 -1159 -1959 -1662 630 648 682 684 647 END
START -9752 9944 -5888 -956 1514 -1583 629 632 680 673 660 END
START -12612 11164 -4496 -24 1999 -1378 630 647 682 686 648 END
START -13096 11232 -5832 -166 -1178 -555 629 648 681 685 647 END
START -11680 10528 -6784 -106 -2709 -68 629 639 682 685 648 END
START -11456 10092 -7696 -582 -1982 276 638 648 681 684 687 END
START -11324 9964 -7368 -698 -1237 465 628 650 681 685 651 END
START -11488 9712 -5596 -553 -963 550 629 649 681 685 648 END
START -11168 9704 -6940 -395 -1555 664 631 648 682 693 640 END
START -9772 9600 -8412 -784 -307 379 634 649 682 685 649 END
START -10816 9400 -7292 -707 669 80 629 649 682 685 649 END
START -12916 9468 -6096 -679 411 125 628 649 682 684 650 END
START -12924 9616 -6616 -343 -1156 611 628 649 681 684 649 END
START -11328 9928 -7912 -471 -1085 786 652 648 673 684 648 END
START -10320 9720 -7240 -496 -323 484 629 647 682 684 649 END
START -11480 9448 -6644 -524 100 165 629 650 681 684 650 END
START -12884 9644 -6332 -479 -711 247 627 646 677 685 669 END
START -12324 9792 -7364 -232 -1740 605 626 650 681 687 649 END
START -10676 9708 -8104 -461 -854 506 628 650 682 684 652 END
START -11244 9640 -6624 -477 -154 160 630 665 683 680 651 END
START -12204 9420 -6576 -371 -576 0 623 649 682 685 648 END
START -13592 9384 -5700 -239 -1230 185 626 649 681 685 649 END
START -14724 9520 -4304 262 -3317 831 630 648 682 684 640 END
START -12504 10236 -7172 526 -5318 1430 629 650 682 684 649 END
START -11348 10248 -6424 304 -5201 1435 614 650 681 686 649 END
START -11540 10196 -5596 473 -5550 1268 630 648 682 684 649 END
START -13424 9776 -3856 606 -6682 1256 630 648 681 684 648 END
START -16528 9560 -792 1300 -9946 1885 635 648 681 684 648 END
START -18184 9724 228 2534 -15299 3417 627 647 679 631 647 END
START -18720 10256 788 3538 -22762 4582 632 647 681 683 640 END
START -17380 10028 -904 4767 -27291 5404 628 645 679 681 643 END
START -16032 9700 -1736 4880 -31386 5531 631 660 667 681 622 END
START -14064 9608 -1808 5143 -32768 4978 629 637 677 682 637 END
START -13812 10080 -1520 5331 -32768 3853 629 637 676 679 636 END
START -14332 10256 -560 5294 -32768 2925 625 636 676 679 637 END
START -15076 9756 -364 5359 -32768 2223 628 637 676 679 687 END
START -14036 9808 -224 5246 -32768 1462 630 639 676 678 636 END
START -13440 10464 308 4767 -32768 677 630 635 676 679 634 END
START -13072 10772 -48 3906 -32768 -357 633 637 675 672 635 END
START -11944 10956 -892 2843 -32768 -1121 629 635 676 669 636 END
START -10480 10924 -884 1266 -32768 -2318 633 634 676 681 635 END
START -9464 10804 444 81 -32768 -3502 629 553 669 679 615 END
START -5708 11076 -256 -1080 -32768 -5072 629 635 675 679 639 END
START -736 10560 -980 -2530 -32768 -6969 629 635 674 679 636 END
START -3128 10012 3940 -4909 -32768 -7883 629 637 676 678 635 END
START -7376 8512 8864 -5738 -32768 -8037 628 640 681 679 620 END
START -8652 8552 9368 -5630 -32768 -7725 628 637 676 681 635 END
START -4316 9048 5576 -6154 -32768 -7839 629 635 676 679 638 END
START 1268 8156 6128 -6812 -32768 -8601 631 661 678 682 635 END
START 1240 7400 9640 -6592 -26397 -8998 629 606 678 679 648 END
START -336 7780 12132 -6598 -20085 -9128 630 637 676 680 639 END
START -2472 7820 11016 -7081 -17345 -8840 629 637 677 680 638 END
START -2272 7716 10680 -6703 -16393 -8482 640 638 671 679 615 END
START -2712 7240 12324 -7000 -16095 -7998 630 636 677 681 637 END
START -260 6760 12344 -6963 -14256 -7827 631 638 677 680 637 END
START 1056 6312 12844 -5885 -10809 -7795 630 638 677 680 638 END
START 1056 7016 12284 -5538 -5801 -7778 602 659 676 669 628 END
START -976 6788 13240 -5328 -2725 -7271 630 636 674 679 638 END
START -1852 6520 13964 -4656 -2195 -6571 630 638 677 680 638 END
START -1216 6640 14104 -4142 -1127 -5960 625 640 680 680 663 END
START -1824 6852 14532 -3485 -550 -5368 636 638 677 680 635 END
START -1320 7028 13900 -2942 -2 -5055 630 638 676 680 638 END
START -816 7468 13164 -2674 772 -4835 620 620 676 677 661 END
START -1368 7236 14012 -2461 1264 -4513 629 607 676 680 638 END
START -2200 7092 14300 -2147 420 -3937 630 638 677 680 639 END
START -2012 7000 14328 -1894 -440 -3368 629 643 683 681 611 END
START -1200 7096 13400 -1693 -1148 -2810 630 637 676 679 637 END
START -152 6964 13232 -1646 -773 -2541 630 638 675 680 638 END
START -288 6872 13440 -1498 90 -2371 631 638 675 681 638 END
START -452 6748 13960 -1364 537 -2052 629 638 675 681 639 END
START -364 6872 13660 -1198 859 -1771 629 638 676 679 637 END
START -532 7108 13448 -1091 1133 -1539 630 649 675 665 636 END
START -1676 6964 14820 -1092 420 -1250 630 640 675 686 638 END
START -1660 6956 15684 -959 -1534 -992 631 637 675 679 637 END
START -20 7112 13972 -717 -1854 -797 655 632 689 677 637 END
START 784 7144 12800 -624 -224 -931 630 641 676 680 636 END
START -196 7072 12644 -617 899 -936 631 637 673 679 637 END
START -884 6364 11824 -255 1178 -982 631 637 675 683 637 END
START 892 6616 10924 -660 1256 -245 631 637 676 681 636 END
START -1868 6648 14184 -774 556 -403 637 640 675 679 640 END
START -2296 7092 13956 -944 -812 -313 630 642 677 679 635 END
START -1836 7056 12136 -1255 -630 27 632 636 678 679 638 END
START -1812 7008 12548 -1604 -1262 342 631 587 675 677 640 END
START -412 6636 12292 -1502 -1809 438 629 639 676 680 637 END
START 268 6856 13076 -1565 -881 443 632 638 676 679 637 END
START 1160 6432 12892 -1453 791 281 641 636 677 685 633 END
START 140 6548 13512 -1314 1916 -1 631 638 676 678 637 END
START -1296 6648 13900 -1189 1927 -204 557 626 675 692 634 END
START -1828 6580 14000 -1050 526 -192 630 637 691 679 638 END
START -1436 6800 13604 -1002 -798 -89 631 637 675 678 638 END
START -2664 7628 16176 -888 -1993 -29 622 634 682 679 643 END
START -104 6516 12620 -684 2010 -148 630 637 676 679 638 END
START -140 5196 9700 1235 4572 -329 631 637 676 679 639 END
START -1188 5728 10500 3714 11708 -499 628 637 677 681 637 END
START -5928 7296 15444 4694 8209 36 630 637 676 679 637 END
START -4240 7896 13388 1286 -1843 647 632 641 676 696 563 END
START -2000 6796 12756 598 -2740 862 631 641 675 679 637 END
START -1376 6672 13124 803 -3145 874 632 641 676 679 637 END
START 340 6372 13256 -141 -2828 665 632 650 677 672 638 END
START -88 6732 13676 -909 -2893 376 632 638 677 679 666 END
START -88 7084 13560 -1797 -3152 205 632 637 677 678 637 END
START 260 7148 13548 -2876 -3687 -153 634 639 676 680 638 END
START 4 7172 13624 -3711 -3970 -413 630 637 676 679 635 END
START 1028 7168 13648 -4415 -3500 -441 631 639 676 666 638 END
START -4 6868 14796 -4792 -4349 -882 633 639 677 679 635 END
START 128 6284 14136 -4833 -7037 -808 631 637 676 679 637 END
START -296 6936 11764 -3824 -5363 -764 646 636 675 669 638 END
START -6476 7688 15560 -874 16204 -676 631 639 676 679 637 END
START -6776 7208 14764 -1762 -916 82 629 636 675 679 636 END
START -1540 7068 13464 -1245 -860 569 629 636 676 679 636 END
START -2084 6768 13824 -1428 -2391 801 629 635 675 677 636 END
START -3664 8060 12376 764 -3807 683 629 641 676 678 636 END
START 552 6512 10056 2376 9958 643 631 639 676 680 639 END
START -2640 7244 14588 3994 11242 1335 633 637 675 677 637 END
START -1340 7292 12152 2830 3733 1143 630 641 687 679 649 END
START 3348 5432 5276 2618 2222 1463 633 630 675 679 639 END
START -4008 7400 16220 614 865 748 633 637 675 677 637 END
START 3868 6252 12224 -310 -99 301 632 636 678 679 637 END
START 1272 6128 14228 -1336 215 -406 632 636 675 678 638 END
START 2716 6048 12864 -1520 2103 -1141 632 674 676 678 673 END
START -1360 6268 14832 -1777 1359 -1728 632 636 676 678 633 END
START -1900 6856 14460 -2853 -1669 -1815 633 636 675 679 635 END
START 5796 6156 8668 -3008 -3253 -1455 614 636 678 675 620 END