START 2920 5584 5784 4947 9275 129 632 638 672 679 639 END
START 2372 7768 11156 3973 6614 340 633 639 675 678 644 END
START -7612 832 -3424 4580 1481 -220 631 639 676 679 639 END
START 8320 8276 4276 2524 7727 1025 626 640 677 680 607 END
START -6300 7852 15004 -51 1092 998 631 638 678 678 639 END
START -5972 7608 16816 -1988 -2840 1011 639 644 676 693 640 END
START 896 7272 12348 -3069 -272 966 632 638 675 679 638 END
START -2612 7036 14468 -3991 -1150 251 629 638 679 679 639 END
START -856 7264 13844 -5272 -2073 97 647 639 640 672 637 END
START 2420 6796 9528 -5718 1859 90 633 639 676 679 635 END
START -3312 5320 12744 -3862 5830 -665 635 638 676 678 638 END
START 1340 5160 9152 -1987 5395 -850 634 627 675 679 638 END
START -968 5432 6228 -3571 -11084 -476 612 635 674 678 635 END
START -296 6128 10448 244 22951 -400 625 632 674 711 635 END
START -7500 5484 14268 -132 18045 -491 591 628 674 676 636 END
START -320 6500 8080 355 27588 -543 628 635 673 676 633 END
START -7208 5404 10116 475 32311 -837 616 633 672 677 632 END
START -9408 6052 8456 645 32767 -800 637 634 672 677 628 END
START -12460 6148 8312 320 32767 -189 630 631 672 676 632 END
START -13560 6724 8052 924 32767 283 639 631 667 674 635 END
START -11396 7056 4988 579 32767 555 631 631 671 676 631 END
START -13104 8672 3452 -1089 32767 1178 631 633 670 673 632 END
START -15240 6292 3300 -3062 32767 2005 633 632 670 672 650 END
START -20160 6692 4948 -2334 32767 3206 633 630 670 674 632 END
START -21248 7292 3068 -3220 32767 4888 633 632 670 673 632 END
START -19024 7756 1468 -5328 32354 6366 634 628 658 674 652 END
START -16876 7780 -76 -6397 32382 6993 625 633 670 673 661 END
START -17536 7284 -472 -7848 32274 7214 632 626 671 673 635 END
START -17836 7404 12 -9251 31721 7444 634 656 671 675 656 END
START -18284 7484 -756 -10971 29655 8026 630 633 673 673 633 END
START -17660 6848 -1496 -12005 27849 8030 633 635 672 674 634 END
START -17668 7588 -1584 -12430 24196 8042 613 633 670 680 635 END
START -15844 7812 -2988 -13212 22143 8249 633 635 673 673 635 END
START -14600 7112 -2760 -14616 22156 7770 632 637 672 675 631 END
START -14516 6784 -1656 -15028 21252 7220 631 636 673 675 636 END
START -14324 6716 -1372 -14809 18896 6749 632 614 671 679 635 END
START -14368 5920 -1860 -15210 18283 6241 631 636 674 675 636 END
START -13316 6456 -2092 -14141 16417 5615 631 641 674 674 639 END
START -11984 6968 -3068 -14060 16021 4743 631 637 676 674 637 END
START -11076 6788 -2500 -13929 16942 3491 628 661 675 675 685 END
START -12244 7992 -1564 -13626 15215 2694 637 638 668 684 636 END
START -13988 7512 -1880 -12044 12899 1891 633 638 675 676 654 END
START -11576 8512 -3884 -11020 11688 1370 633 639 676 676 637 END
START -11300 8568 -3784 -10456 10403 816 632 638 677 691 640 END
START -10372 8900 -4604 -9839 10845 132 637 639 675 677 638 END
START -10708 8996 -3800 -9099 11453 -530 634 639 676 677 638 END
START -11720 8532 -3472 -8576 11820 -1193 632 640 677 677 638 END
START -11832 9188 -5144 -7734 9830 -1288 634 636 688 678 590 END
START -11168 9984 -5764 -7883 8286 -1339 632 637 693 679 641 END
START -11244 9580 -5644 -7917 8719 -1605 634 640 678 679 641 END
START -10868 9936 -6032 -7816 8813 -1838 632 632 678 675 641 END
START -9708 10020 -7008 -7747 9680 -2116 633 639 676 679 640 END
START -10144 10024 -8012 -8043 12182 -2542 632 640 677 679 639 END
START -12284 9892 -6088 -8137 13382 -2404 633 640 678 680 642 END
START -10152 8832 2208 -5977 15098 -2259 632 631 681 682 638 END
START -14532 7492 13492 1232 16798 -2700 631 642 679 682 643 END
START -18956 10496 232 4748 441 -263 632 643 679 683 643 END
START -14644 11056 -12116 2842 -2268 678 634 644 678 683 646 END
START -12144 10504 -8604 1366 -2301 1190 633 643 680 682 645 END
START -10528 10192 -5112 1109 820 1031 630 643 679 683 642 END
START -11044 10576 -5676 1591 1119 850 630 643 679 683 645 END
START -11092 10592 -6920 1468 225 719 628 647 679 686 639 END
START -11816 10384 -6980 737 262 486 631 646 677 682 645 END
START -12420 10228 -6296 478 -679 635 652 645 680 682 648 END
START -12332 10560 -5808 560 -1873 900 631 644 680 684 645 END
START -10264 10704 -7424 60 -1499 751 630 644 680 682 645 END
START -9996 10488 -7200 -558 -442 315 630 663 680 675 647 END
START -11732 10380 -6412 -961 -259 136 627 644 680 683 646 END
START -11856 10192 -6896 -1090 -1036 306 630 646 680 683 646 END
START -11220 10340 -7408 -1590 -833 278 653 642 680 684 646 END
START -10180 10184 -6924 -1510 -477 32 632 649 681 683 646 END
START -10536 9864 -6588 -1595 -370 -369 629 646 680 682 647 END
START -11396 9720 -7616 -1593 -536 -553 630 645 671 680 647 END
START -10800 10108 -7936 -1735 -303 -526 628 648 698 684 650 END
START -10268 10240 -8212 -1648 1122 -650 632 647 680 677 648 END
START -10008 10032 -7736 -1589 2686 -957 629 648 680 681 646 END
START -11344 9508 -6492 -1225 2576 -1058 617 648 682 681 645 END
START -12364 9324 -7228 -829 576 -715 621 647 680 682 646 END
START -11112 9348 -7596 -866 1114 -628 628 647 681 683 647 END
START -11376 9560 -7204 -571 2060 -745 614 647 678 682 631 END
START -12952 9656 -5812 -411 1823 -632 627 648 681 682 647 END
START -13052 9708 -5604 -115 20 -179 626 647 680 682 647 END
START -11576 9884 -7940 -115 -1086 160 623 648 681 690 648 END
START -10496 9936 -8252 -347 -82 9 625 647 680 682 647 END
START -12220 9984 -6304 -269 264 -59 627 647 681 682 648 END
START -12560 9964 -6208 -41 -2443 383 627 644 681 682 644 END
START -9460 10360 -9580 -476 -1571 320 628 647 680 682 646 END
START -10640 10300 -6892 -784 -367 -239 631 650 680 681 647 END
START -11568 10448 -6868 -617 -334 -486 617 646 680 681 650 END
START -13356 10388 -6016 -502 -995 -357 626 647 682 682 649 END
START -15480 9908 -3280 -365 -2588 318 627 646 679 681 648 END
START -17164 10024 -1608 475 -8843 1920 660 647 679 671 648 END
START -11760 10756 -7376 1005 -11367 3017 626 643 679 683 645 END
START -9376 10688 -6984 378 -10460 2883 627 645 679 682 641 END
START -8660 10416 -6800 365 -9477 2226 639 643 679 693 644 END
START -10160 9716 -5464 1313 -8389 1648 627 642 677 679 644 END
START -13760 9164 -2324 2136 -9672 1659 627 634 676 681 640 END
START -16088 8828 416 3745 -14161 2352 647 636 676 677 623 END
START -14452 9144 -1748 5067 -18591 2989 627 635 671 676 632 END
START -14468 9772 -1664 5949 -19531 3090 627 631 670 671 631 END
START -15644 9620 -1232 5874 -23551 3082 628 630 669 675 630 END
START -18476 9060 2384 6222 -30015 3244 627 640 669 665 629 END
START -20184 8892 5836 7832 -32768 3661 627 631 669 673 631 END
START -17028 9792 560 9464 -32768 3270 626 630 670 675 632 END
START -13532 10328 -1352 9350 -32768 1904 628 550 661 676 627 END
START -10632 10616 -2620 8297 -32768 -159 627 629 670 682 630 END
START -10648 10488 -2108 6378 -32768 -2341 627 629 670 675 629 END
START -11624 10576 328 5319 -32768 -3848 628 631 670 676 633 END
START -10852 10732 -128 4464 -32768 -4901 610 631 681 675 641 END
START -9844 10616 -256 3328 -32768 -5734 627 630 669 675 634 END
START -8928 10280 -100 2068 -32768 -6627 627 630 670 675 629 END
START -9548 9812 2632 428 -32768 -7188 627 629 669 679 629 END
START -8648 9292 4312 224 -32768 -7552 639 629 674 675 630 END
START -7444 9684 2376 -375 -30663 -7786 627 629 669 676 630 END
START -7984 9432 3708 -1813 -26036 -7893 627 629 669 675 629 END
START -12332 8468 8340 -3863 -22741 -6904 626 679 669 670 630 END
START -16024 7284 13764 -3127 -31040 -5440 627 630 669 676 630 END
START -13564 7804 6708 -2115 -32768 -4525 624 630 669 677 630 END
START -11252 5996 11648 -3064 -32768 -3259 626 630 670 676 630 END
START 704 10036 140 -919 -32768 -4400 618 632 690 677 630 END
START -5340 8712 10204 -3886 -25554 -4249 627 646 671 677 633 END
START -6092 7376 12160 -4276 -30203 -3968 627 632 671 678 633 END
START -872 7648 10016 -2649 -29221 -4241 626 616 672 670 647 END
START 4100 7900 8260 -2585 -22894 -5041 625 632 671 677 633 END
START 6772 8068 6416 -3027 -11356 -6438 626 632 671 677 631 END
START 236 8084 10928 -3944 -4737 -6889 626 633 671 678 633 END
START 18548 10984 3236 -4759 -32768 -6489 626 635 671 677 633 END
START -2012 7416 10932 -4049 -15154 -5785 624 636 672 678 634 END
START 1324 7840 10420 -3653 -8172 -5728 626 635 673 677 634 END
START -3624 7976 13800 -3869 -6995 -5747 628 663 682 682 633 END
START -5284 7988 16564 -3924 -10351 -4292 629 634 672 678 634 END
START 4668 6916 8780 -2926 2202 -5494 627 634 672 677 634 END
START 8000 14860 8528 -3757 7609 -3871 624 633 673 667 633 END
START -10308 7016 18412 -4121 15586 -4894 625 635 673 677 632 END
START -4916 8272 19548 -2651 9713 -3929 629 634 671 678 635 END
START -3096 7968 15868 -4318 3528 -3280 626 635 672 679 634 END
START -3600 7600 14544 -4377 -2977 -2670 627 631 665 678 630 END
START -3832 7836 16740 -5049 -4857 -2168 623 632 672 678 637 END
START 240 6492 12128 -3863 237 -1706 627 634 673 678 635 END
START -720 6652 13488 -3482 -520 -1450 664 634 663 677 636 END
START -864 7240 13572 -3132 790 -1146 629 635 673 677 634 END
START -648 6816 13260 -3030 1290 -927 627 635 671 678 634 END
START -912 7060 13628 -2797 1991 -748 626 612 672 676 642 END
START -2248 6740 14564 -2572 1730 -553 627 633 672 677 634 END
START -2380 6692 14880 -2270 341 -287 626 634 672 677 634 END
START -1252 6688 13932 -1919 147 -164 630 634 684 672 656 END
START -1904 5548 14752 -1465 892 -626 628 634 673 677 635 END
START -1796 7024 13556 -1465 -404 -219 628 634 673 679 635 END
START -1748 7116 14016 -1169 657 -140 639 634 674 677 628 END
START -2536 7112 14512 -872 -1030 -65 628 633 672 678 635 END
START 232 6892 12944 -850 -871 7 627 633 673 678 634 END
START -824 6820 13176 -766 -1295 26 631 633 674 678 633 END
START 800 6792 12648 -712 52 -302 628 634 672 678 634 END
START -1472 6676 13540 -425 690 -466 629 633 671 677 634 END
START -720 6816 12836 -114 1651 -523 629 634 672 678 633 END
START -1212 6488 12644 -149 2313 -400 630 638 701 689 631 END
START -1484 6292 10916 913 4708 -278 628 634 673 678 633 END
START -1060 6420 12980 2018 9414 0 627 634 672 678 632 END
START -2432 6576 14464 1542 5710 -74 628 635 674 697 635 END
START -1532 6528 12324 1528 5228 -202 627 632 672 678 633 END
START -3244 6836 14748 1511 3331 -379 629 626 672 676 635 END
START -764 6280 12344 1959 4397 -364 628 631 674 677 633 END
START -8192 6264 16952 962 -444 -657 629 634 672 678 634 END
START -5788 5380 15000 2595 6760 -1102 626 686 672 674 634 END
START 748 6660 10676 2269 2888 -1318 629 635 674 676 632 END
START -2628 6792 13700 1352 399 -1346 629 634 672 678 635 END
START -4388 7512 14460 204 663 -1458 628 633 672 679 629 END
START -2964 8040 12612 -1209 -308 -1287 627 634 672 678 635 END
START -3896 8084 13344 -2693 -2485 -1138 629 635 672 678 635 END
START -2868 8020 13228 -4561 -5463 -969 626 665 660 676 687 END
START -356 7488 11212 -4821 -5440 -952 625 636 673 678 634 END
START 3704 6068 9404 -4019 -2138 -1021 628 634 672 677 634 END