START -636 7792 10620 5027 7634 -123 635 631 675 677 634 END
START -1012 9112 11032 3724 5754 178 633 634 672 677 633 END
START 2592 8128 9328 3768 6336 255 633 610 672 700 633 END
START -9680 7756 15568 1855 -623 486 631 605 673 679 631 END
START -2300 8264 11892 978 -1362 745 633 625 672 677 632 END
START -1080 8424 12360 115 -1613 523 632 622 673 677 635 END
START -1260 8180 13424 -876 -769 117 634 632 674 677 633 END
START -1116 8024 13008 -1502 1291 -342 628 633 674 676 632 END
START -1540 7508 13268 -2677 644 -667 635 633 673 679 632 END
START -1736 7848 13348 -3928 -1865 -624 628 633 672 677 629 END
START -6632 6304 16476 -5929 -7194 -1363 616 632 672 677 632 END
START -7820 6680 14556 -4573 -2370 -1081 630 633 673 678 633 END
START 8948 5528 -5740 -321 15264 -1201 625 632 670 676 630 END
START -3484 6776 10112 -863 22223 -2756 630 631 671 673 629 END
START -3244 7184 10564 413 27183 -2298 631 624 675 674 623 END
START -8684 6484 10164 -719 21856 -1888 633 630 670 675 624 END
START -9012 7368 9680 -1416 25599 -1772 635 627 670 674 621 END
START -9516 6780 8224 -1490 27702 -1691 628 630 669 679 627 END
START -11424 6760 9252 -2534 27272 -1327 634 626 660 673 622 END
START -12324 6700 6936 -2028 26680 -761 634 627 669 673 627 END
START -13164 7056 6808 -2543 26192 -224 631 626 681 671 633 END
START -12120 6912 5556 -2531 25218 279 634 594 668 672 629 END
START -11440 7272 4692 -2471 26476 375 629 627 669 672 626 END
START -11808 7668 4332 -2599 29225 207 634 625 669 676 626 END
START -12844 8696 2108 -4957 32421 395 634 627 660 674 627 END
START -15180 6132 3488 -3880 32767 365 633 627 672 672 627 END
START -16416 7684 1744 -3718 32767 520 630 632 687 674 627 END
START -16088 7456 -484 -4639 32767 681 628 627 669 672 628 END
START -17332 7140 8 -5964 32767 789 622 627 670 673 627 END
START -17964 7640 -2476 -8390 32767 1714 620 626 671 662 629 END
START -19600 6036 -996 -8669 32767 1895 633 630 671 673 630 END
START -20132 6932 -3536 -9618 32581 2784 633 629 671 673 630 END
START -17692 7380 -5156 -11642 31129 3511 634 631 671 674 630 END
START -15452 7484 -7396 -13759 32297 3522 627 631 669 675 669 END
START -19220 5252 -4616 -14713 31394 3075 635 634 672 675 633 END
START -20164 5588 -3836 -15399 25847 4299 633 632 673 675 633 END
START -17868 5336 -4312 -16053 21421 5103 633 633 673 675 633 END
START -15592 5732 -5796 -16986 19410 5304 634 613 674 675 607 END
START -14436 4940 -5492 -18058 19084 4828 632 643 674 677 634 END
START -15108 5224 -4228 -17853 17467 4403 633 634 676 677 637 END
START -15140 5488 -2952 -17631 16063 4071 633 636 677 678 636 END
START -15344 6168 -2500 -17361 13957 3993 631 636 675 696 635 END
START -14092 6532 -3028 -16967 12512 3843 630 635 675 678 637 END
START -11984 7184 -3232 -15976 11805 3212 632 636 676 678 636 END
START -10056 7508 -3944 -15341 12847 2025 634 630 676 681 637 END
START -12376 7952 -2400 -14260 13637 984 633 637 672 692 637 END
START -12944 8744 -2868 -12777 12201 525 631 638 676 673 638 END
START -12184 9508 -3716 -12298 9370 387 632 639 677 679 639 END
START -12088 9028 -3936 -11701 8639 45 631 621 678 679 650 END
START -11876 9384 -3604 -10650 7336 -131 631 638 679 679 609 END
START -10600 9788 -4280 -9825 6603 -390 631 640 679 681 640 END
START -7756 9540 -5868 -8854 8026 -1128 631 642 679 681 657 END
START -5236 8748 -1940 -7314 11777 -2602 631 636 679 684 644 END
START -9832 7808 4204 -3237 15885 -4578 632 646 680 699 644 END
START -18944 9152 1148 -645 5525 -3458 631 645 680 684 644 END
START -15104 10444 -9140 -1016 -903 -1799 631 649 681 685 570 END
START -10708 10264 -10372 -2393 359 -1340 627 649 682 685 648 END
START -10348 9688 -3488 -1894 3474 -1552 630 648 682 684 648 END
START -12828 9760 -2056 -253 2470 -1531 649 649 677 685 650 END
START -12784 10564 -6208 129 -162 -925 630 648 681 685 644 END
START -11176 10632 -8152 -262 -629 -600 630 650 684 686 650 END
START -10888 10376 -6888 -381 -64 -480 630 649 682 685 654 END
START -10840 10140 -5984 -184 171 -480 629 650 682 684 651 END
START -12340 9700 -5988 70 -224 -250 628 643 682 684 650 END
START -12188 10024 -6364 46 -883 213 627 648 682 685 650 END
START -10896 10132 -7960 -35 -398 419 629 650 682 686 650 END
START -10908 10092 -6424 -144 -227 441 629 650 682 684 651 END
START -11520 10140 -6652 -58 -294 439 620 650 641 689 648 END
START -11716 9736 -6896 35 -946 633 632 652 683 684 649 END
START -10676 9956 -8640 -311 202 613 629 651 682 686 650 END
START -11828 9848 -6844 -381 973 489 676 652 678 706 649 END
START -12388 9932 -6140 -314 120 663 629 651 682 684 652 END
START -12668 9460 -5460 48 -1854 885 629 646 688 686 651 END
START -10292 9980 -8916 -416 -1227 813 631 651 682 684 651 END
START -11004 9504 -7220 -453 477 389 629 652 682 684 651 END
START -11824 9632 -6300 -426 -130 255 636 649 683 686 649 END
START -12528 9724 -6544 -173 -695 286 629 651 682 684 650 END
START -11160 9864 -8136 -340 -799 427 631 651 684 684 650 END
START -11024 9732 -7232 -388 -15 136 650 650 674 683 671 END
START -11544 9764 -6524 -475 -163 -57 630 652 682 683 651 END
START -12476 9724 -6348 -407 -759 -48 629 651 682 684 651 END
START -12812 9892 -6428 -380 -2150 255 630 651 682 683 690 END
START -10744 10296 -8320 -607 -1688 216 630 650 681 686 650 END
START -10480 10276 -6980 -949 -857 -244 628 651 682 685 654 END
START -10976 10468 -6952 -1065 -1050 -644 629 659 683 718 672 END
START -12168 10396 -6424 -1248 -1006 -949 629 650 682 684 652 END
START -14920 10248 -2636 -1183 -2319 -597 628 651 682 683 649 END
START -18092 10132 912 -129 -7647 1005 625 648 681 685 649 END
START -17944 10340 -768 1232 -14361 2841 630 648 682 683 650 END
START -16380 10616 -2284 1682 -18691 4111 629 644 681 682 647 END
START -15236 10260 -2632 2344 -21990 4780 630 647 680 679 648 END
START -14868 10016 -2704 2936 -24919 5132 655 645 674 681 646 END
START -14412 9808 -2112 3416 -28155 5160 630 640 678 683 641 END
START -12860 9760 -1728 4014 -30848 4664 629 639 676 678 637 END
START -12620 9452 -1480 4553 -32606 3831 630 637 676 679 639 END
START -13080 9620 -1352 5485 -32768 2835 629 656 675 676 642 END
START -12952 9712 -1012 5706 -32768 1914 630 638 675 678 636 END
START -11676 9624 -884 5846 -32768 818 631 634 675 677 635 END
START -10880 9912 -540 5618 -32768 -423 658 637 675 697 636 END
START -10704 10108 -32 4992 -32768 -1819 630 634 675 677 633 END
START -11172 10184 844 4516 -32768 -3015 632 634 674 678 634 END
START -12252 10288 1328 3619 -32768 -3961 628 637 674 678 633 END
START -11400 10280 2288 2990 -32768 -4522 668 665 674 676 646 END
START -8668 10400 1396 2387 -32768 -5367 630 633 674 679 637 END
START -7580 10140 1728 1136 -32768 -6436 630 633 674 678 637 END
START -10820 10000 3192 -592 -32768 -6900 629 640 675 677 632 END
START -13600 9700 7328 -1641 -32768 -6642 624 633 673 677 631 END
START -9320 9296 5484 -1241 -32768 -6198 628 634 674 678 630 END
START -3572 9552 3768 -2170 -32768 -6747 628 634 671 678 633 END
START -2204 9456 4968 -3546 -30527 -7553 627 632 674 679 653 END
START -8372 9440 8352 -5166 -24945 -7984 627 633 671 680 634 END
START -14092 8920 14068 -5505 -29981 -6710 624 634 674 679 627 END
START -11156 8500 10944 -4311 -32768 -5387 626 635 674 679 635 END
START -5524 8572 9096 -4009 -32768 -4839 582 634 687 718 638 END
START 356 8184 6928 -4312 -32202 -5214 627 635 674 679 631 END
START 1980 8212 7832 -4581 -22284 -6070 626 633 675 675 635 END
START 1968 7644 9820 -4688 -17329 -6660 672 634 683 680 635 END
START 440 7488 10392 -4642 -11827 -7199 628 635 674 685 635 END
START -28 7128 12104 -4559 -9160 -7344 631 636 675 679 634 END
START -1964 6824 13068 -4527 -7421 -7230 628 636 675 680 636 END
START -2380 6508 13804 -4279 -7595 -6898 637 639 677 695 634 END
START -1496 6516 13296 -3745 -7636 -6649 627 637 675 682 637 END
START -900 6836 12768 -3606 -6588 -6462 628 638 675 680 637 END
START 8 6816 12672 -3258 -5211 -6403 639 634 671 679 684 END
START 804 7216 11960 -3086 -2591 -6517 625 654 675 679 635 END
START 60 6520 13524 -2887 262 -6577 628 636 676 680 637 END
START -1124 6732 13676 -2470 2215 -6445 627 660 680 680 658 END
START -3576 6840 14636 -2259 2174 -5967 626 636 674 678 637 END
START -3928 7068 13784 -1835 -143 -5253 627 636 675 680 636 END
START -1696 7216 12832 -1714 -1099 -4814 623 637 680 680 630 END
START 340 7112 12236 -1536 793 -4721 628 629 675 679 635 END
START -4 6816 13280 -1416 3537 -4705 627 636 674 680 636 END
START -3928 6960 14672 -1174 4670 -4534 627 656 677 682 662 END
START -5808 7100 16236 -699 -803 -3599 626 635 675 679 640 END
START -2644 7416 13780 -469 -2651 -3235 628 636 675 682 636 END
START -880 7404 13220 -373 -2205 -3037 626 617 675 680 619 END
START 488 7096 12532 -107 534 -2946 627 636 674 680 636 END
START -2208 7580 14176 209 7 -2802 628 636 671 678 636 END
START -3500 7412 14368 -2 2368 -2560 625 637 677 680 648 END
START -3828 7612 12468 -401 466 -1667 628 636 674 683 635 END
START -4148 7696 12988 -956 -1369 -893 646 630 675 693 633 END
START -2152 7336 12648 -1369 -2767 -417 628 636 675 679 635 END
START -300 7396 11416 -1487 -1540 -177 629 636 675 679 638 END
START 760 7228 11704 -1339 4993 -426 629 641 676 680 639 END
START -1956 7380 12452 -1266 4944 -379 627 636 675 680 637 END
START -4396 7260 15284 -1359 4298 -492 626 636 674 679 635 END
START -4832 7152 14188 -1217 492 -187 629 661 674 718 636 END
START -3792 7076 13640 -947 -2428 87 638 636 672 679 637 END
START -2052 7248 13084 -1030 -3077 191 629 638 674 680 636 END
START -336 7116 11552 -1058 -2160 171 639 637 666 680 668 END
START -1840 7060 12668 -961 5 96 628 632 670 680 637 END
START -6220 6696 15572 -831 334 42 634 636 675 680 636 END
START -2284 7172 13304 -769 565 136 628 636 679 679 642 END
START -2612 6852 13180 -465 -29 296 630 636 674 680 638 END
START -2640 7116 12484 -364 1461 198 626 623 681 681 687 END
START -1064 6740 11420 -3 2549 75 629 636 675 680 636 END
START -2672 6948 13484 -18 2676 -20 644 640 675 686 635 END
START -2636 6860 13632 -277 2136 -165 630 636 675 679 639 END
START -2840 6600 13020 -57 417 -307 628 636 675 679 636 END
START -1408 6316 10868 1146 3579 -433 634 641 672 685 633 END
START -1624 6172 11376 2226 6049 -599 623 635 675 681 636 END
START -2180 6800 11384 2721 7148 -725 617 635 675 680 636 END
START -4512 7640 13812 4070 9170 -809 630 635 674 680 635 END
START -4916 6604 9644 4991 6147 -858 628 635 676 679 638 END
START -10124 7768 16044 3911 2579 -791 670 636 672 679 637 END
START -740 5832 7848 3263 1519 -314 629 636 673 680 637 END
START -6788 8268 13940 2634 -349 -440 630 636 675 679 635 END
START -2264 7732 12252 446 1001 -505 630 627 675 675 636 END
START -2500 8172 12292 -511 -62 -337 631 636 675 679 659 END
START -3300 8212 12672 -1125 946 -361 631 636 675 683 634 END
START -4144 8368 13024 -2131 436 -311 628 635 675 679 636 END
START -4000 8472 12852 -3162 -1450 -79 630 636 676 679 636 END
START -2684 7836 9852 -3576 -1567 35 633 636 674 678 637 END
START -3268 9284 19116 -4610 -3059 -13 630 635 675 675 637 END
START 1684 6672 6980 -3131 1268 127 632 635 675 680 634 END