START -5412 7316 15016 2129 8741 245 625 633 671 672 633 END
START -660 6548 8740 2580 8433 -69 630 633 672 676 627 END
START -10348 9732 18936 4992 12266 85 628 634 671 677 633 END
START -732 7168 10744 3008 5014 -73 632 633 671 677 630 END
START -10920 7604 16452 1399 1400 267 629 633 672 676 632 END
START -5576 8164 13472 -141 728 382 647 634 672 683 626 END
START -2932 7540 12536 -1113 -1666 391 630 631 671 677 633 END
START -4696 7224 13924 -1657 -1803 209 629 633 671 677 634 END
START -4892 7544 14244 -3015 -3727 39 654 631 673 678 649 END
START -1348 5980 7452 -3853 -4261 -176 630 632 670 678 634 END
START -14544 5892 17932 -5947 -9750 -352 632 632 671 677 632 END
START -10184 5824 17408 -3068 -624 -444 629 640 670 674 656 END
START 844 6008 8088 -2253 6488 -891 617 631 671 676 631 END
START 1376 6516 6132 398 13258 -916 623 630 670 675 630 END
START -9188 6708 13408 -147 19467 -1351 627 631 670 676 621 END
START -5724 6040 9656 130 20289 -1083 630 631 670 675 631 END
START -6644 6612 8820 -266 20277 -880 617 631 673 676 630 END
START -8816 6364 9420 -461 20874 -771 622 631 670 675 637 END
START -8260 6224 7780 -567 23889 -606 627 631 670 673 631 END
START -9952 6252 8100 -851 26528 -469 631 631 670 675 589 END
START -10216 6188 7492 -582 27097 -160 628 630 670 674 629 END
START -10840 6856 4992 -894 30376 -234 631 632 671 675 629 END
START -13604 7596 5164 -1834 32767 -107 649 633 679 673 631 END
START -15060 7260 5396 -3806 32767 789 629 632 671 655 630 END
START -15936 6604 5448 -2460 32767 1362 632 631 671 675 632 END
START -16676 7004 2836 -2872 32767 2113 632 578 672 675 631 END
START -17176 7496 860 -3856 32767 2749 632 633 672 666 632 END
START -16880 7892 -832 -6133 32767 3662 633 631 672 676 633 END
START -17772 6232 -980 -6232 32767 3535 634 634 672 679 632 END
START -18852 7672 -2264 -8556 32767 3647 628 616 674 691 632 END
START -18788 6864 -2564 -11205 32767 4571 635 633 673 676 633 END
START -18716 5360 -1664 -12228 32767 4868 630 634 673 676 634 END
START -17936 6152 -2600 -12142 31913 4791 625 616 674 676 635 END
START -17748 6884 -4088 -14564 27760 4749 635 634 673 679 634 END
START -17020 7148 -4032 -14695 27010 4988 630 635 673 677 639 END
START -16952 6112 -2740 -16256 24592 4921 630 635 674 678 635 END
START -16592 6124 -2128 -15733 20371 4836 644 635 680 676 658 END
START -13924 6136 -3944 -15690 18998 4278 631 637 674 676 638 END
START -13812 6968 -4264 -16279 18964 3513 634 638 672 677 635 END
START -13208 7484 -5460 -17167 19404 2926 635 636 674 677 635 END
START -14912 7336 -3196 -16500 17350 2349 650 636 674 670 637 END
START -13464 7180 -3588 -15861 15053 1785 630 637 676 678 637 END
START -13060 7252 -3268 -15193 14239 1163 632 639 675 682 638 END
START -13696 7652 -2748 -14584 13069 773 632 638 675 678 638 END
START -12296 7568 -3404 -14153 12001 504 622 637 677 677 658 END
START -12336 7732 -4484 -13395 11218 260 634 638 661 678 638 END
START -10372 9012 -5076 -12403 7823 110 631 637 675 679 637 END
START -12928 8808 -3156 -11573 9100 -323 632 641 675 678 638 END
START -11120 9656 -5608 -11297 8057 -322 632 565 704 678 636 END
START -10840 9284 -7284 -11450 9527 -755 632 638 676 680 639 END
START -11332 9844 -6612 -11593 9384 -1046 630 639 678 683 638 END
START -1188 6856 1928 -9166 13387 -2962 639 640 678 684 631 END
START -13616 6564 9712 -1954 20271 -5665 625 641 679 684 642 END
START -20456 9392 -944 323 1383 -3126 629 643 681 683 641 END
START -14372 10088 -12384 -1092 -2993 -1704 629 645 683 685 644 END
START -10796 9676 -7708 -1953 484 -1445 628 654 681 686 645 END
START -11600 9388 -3432 -1203 3261 -1410 631 646 686 684 645 END
START -12064 10324 -5116 -334 1743 -1060 630 646 681 685 649 END
START -11448 10364 -8144 -382 320 -799 627 674 683 697 645 END
START -11624 10200 -7208 -771 -112 -583 631 648 683 685 649 END
START -11368 9924 -5892 -499 -852 -406 629 647 682 686 647 END
START -12424 9940 -5612 -65 -880 -270 630 651 689 684 647 END
START -12040 9808 -6936 -29 -1310 109 629 647 682 686 651 END
START -11380 10124 -7368 -228 -890 390 628 648 682 686 652 END
START -11344 9932 -6752 -17 -448 524 630 648 679 685 643 END
START -12236 9444 -5992 299 -78 611 627 650 683 685 650 END
START -11576 9616 -7696 409 -1314 1047 628 648 682 685 647 END
START -10152 9688 -8412 56 378 745 629 649 710 687 645 END
START -11808 9576 -6468 93 497 512 628 648 682 686 649 END
START -13072 9428 -5532 -2 -358 616 629 642 673 681 649 END
START -11892 9496 -7460 322 -1876 963 630 648 683 684 650 END
START -10400 9844 -8096 -92 -229 722 628 648 682 685 648 END
START -11680 9796 -6796 -109 410 447 626 669 682 694 649 END
START -12748 9644 -6252 -129 -512 533 630 648 682 685 648 END
START -12304 9436 -7088 121 -1998 851 656 649 683 685 650 END
START -11356 9676 -7472 -153 -930 778 628 647 682 684 650 END
START -11112 9748 -7704 44 -612 473 627 652 682 685 647 END
START -11828 9548 -6896 -26 -559 288 616 648 680 685 651 END
START -12592 9336 -5984 157 -923 299 629 645 682 686 649 END
START -12496 9488 -6340 226 -1994 525 628 648 682 685 648 END
START -10232 10028 -8196 2 -1826 384 627 648 682 704 649 END
START -10500 10196 -7156 -318 -852 -177 628 648 683 685 650 END
START -12404 10104 -6780 -474 -452 -467 626 649 682 685 647 END
START -13820 9968 -5728 -547 -1235 -190 632 661 679 697 646 END
START -16604 9636 -2008 -148 -4169 727 627 657 681 699 646 END
START -17184 10184 -1696 679 -10106 2370 628 645 681 683 644 END
START -14644 10764 -3048 1301 -13170 3628 620 643 671 684 643 END
START -15084 10760 -956 1496 -17570 4226 630 641 679 684 643 END
START -16264 9964 1420 2691 -21306 4704 628 637 678 680 639 END
START -17916 9444 2552 4114 -27167 5554 628 637 677 680 639 END
START -18140 9244 320 5816 -32768 6405 630 635 677 678 637 END
START -15760 9200 -2004 6641 -32768 6403 628 637 677 678 663 END
START -12960 9252 -3632 7311 -32768 5368 627 634 676 679 634 END
START -11052 9612 -3128 7972 -32768 3782 606 631 670 677 640 END
START -10520 9600 -1004 8709 -32768 2151 629 634 674 680 637 END
START -9888 9568 -460 8709 -32768 539 628 633 675 677 633 END
START -9668 9680 124 8576 -32768 -1011 608 631 675 695 582 END
START -11868 9876 1800 7600 -32768 -2191 636 633 675 678 632 END
START -11328 9952 1088 7135 -32768 -3390 629 633 675 678 634 END
START -10348 10660 -1212 6215 -32768 -4644 629 646 674 676 632 END
START -11144 10876 -620 3959 -32768 -5707 629 631 678 677 624 END
START -13468 10264 2200 1565 -32768 -5797 631 630 674 678 632 END
START -15848 9660 5692 -91 -32768 -5663 629 632 674 678 633 END
START -13968 9908 5108 -683 -32768 -5192 647 632 695 678 631 END
START -10424 10376 3080 -2779 -32768 -5345 617 632 674 678 634 END
START -6520 10452 1948 -5276 -32768 -6213 629 633 674 675 633 END
START -6912 9656 6640 -7337 -32768 -6393 629 633 676 678 635 END
START -7888 8100 9944 -8416 -32768 -6208 629 634 678 679 653 END
START -1536 7592 3704 -8840 -32768 -6566 630 635 675 679 635 END
START 7648 7456 2000 -7908 -32768 -7715 631 636 674 677 634 END
START 9832 7696 4668 -7918 -22607 -9199 630 633 675 678 633 END
START 5976 6420 11828 -8491 -12183 -9908 631 644 674 695 630 END
START -72 6212 15616 -7814 -8315 -9959 631 635 676 672 632 END
START 584 6832 12496 -6960 -7253 -9473 630 634 674 679 636 END
START 1148 6920 11684 -7098 -3393 -9148 613 635 658 678 619 END
START -1056 6160 13192 -7320 -366 -8654 631 634 675 680 636 END
START -2720 5544 15604 -6393 -460 -7759 630 635 675 677 634 END
START -2848 6180 13980 -5225 -1023 -7113 624 636 695 676 633 END
START -1844 6556 13440 -4646 -388 -6399 628 635 674 679 634 END
START -1748 6920 13904 -4242 876 -5814 630 639 676 678 634 END
START -3560 7064 15452 -3774 569 -4969 631 632 676 681 634 END
START -6476 7716 20656 -2680 -2376 -3399 630 633 673 657 634 END
START 1100 7276 12644 -2220 -1266 -3195 631 638 674 677 635 END
START 372 7620 13656 -1623 483 -2921 629 633 675 678 633 END
START 400 7696 13576 -1173 1789 -2952 633 634 673 683 634 END
START -1096 7480 14096 -915 3242 -2769 631 633 673 678 634 END
START -2824 7288 15016 -586 1482 -2256 633 634 674 677 634 END
START -1968 7080 14284 -401 134 -1685 634 636 674 677 635 END
START -388 6956 13204 -231 -53 -1414 635 634 673 678 631 END
START 420 7076 12760 -102 1219 -1415 653 636 676 679 652 END
START -3852 7388 16272 -145 -317 -1815 630 634 675 678 636 END
START -472 7264 12004 58 2234 -1163 632 635 674 678 633 END
START -3752 7384 14168 -378 792 -865 631 625 673 664 631 END
START -1404 7052 12700 -357 -907 -441 634 635 674 678 633 END
START -2192 7064 14060 -639 -2319 -270 631 632 674 677 634 END
START -524 7080 12436 -422 -1066 -185 630 633 674 714 633 END
START -84 7472 12336 -494 178 -179 631 634 674 677 633 END
START 84 7316 11876 -598 1531 -119 631 548 674 683 634 END
START -1900 7656 14468 -863 947 -145 634 637 673 678 603 END
START -700 7304 13312 -539 1889 -67 630 637 674 678 633 END
START -2456 7260 14004 -481 1029 62 631 628 673 678 632 END
START -1040 6928 13144 -422 575 12 633 636 673 679 634 END
START -596 6980 12960 -265 776 -103 636 632 686 665 634 END
START -956 6816 13160 -124 781 -281 628 633 674 681 634 END
START -1080 6888 12628 635 2337 -375 630 633 673 678 633 END
START -2156 7252 12748 917 3188 -257 632 633 674 677 635 END
START -2148 7020 11932 1755 4459 -211 631 634 674 678 632 END
START -444 6652 9524 2800 7521 -33 623 632 672 666 634 END
START -3508 6792 14040 5608 10678 -256 628 634 674 677 634 END
START -4004 8408 14536 4483 5720 6 628 633 674 678 636 END
START -5504 7812 13208 3425 2276 271 627 635 674 679 635 END
START -2480 7120 12788 3586 -47 89 631 635 674 677 634 END
START -5376 8372 15504 2877 -2984 422 631 634 680 668 635 END
START -2744 8044 13228 663 -373 274 634 633 675 675 613 END
START 104 8136 12152 -303 -1881 30 634 631 674 678 634 END
START -2536 8184 13756 -1439 -2350 -248 632 656 674 688 634 END
START -1300 7952 12588 -2351 -2486 -507 632 635 674 677 660 END
START -704 7816 11116 -1492 156 -744 633 633 674 678 633 END
START -1396 7688 11656 -1234 1901 -757 632 632 675 677 634 END
START -2612 7708 12292 -1576 2208 -673 633 634 673 677 634 END
START -3428 7740 12640 -2024 2031 -386 633 634 673 677 638 END
START -5796 8692 15724 -2843 -468 6 626 631 673 677 634 END
START -532 8320 13444 -3741 -1148 281 630 632 670 678 634 END
START 808 6488 6984 -3883 -2432 290 625 631 675 673 632 END