START 9200 11208 8996 3768 -2686 -1470 715 677 694 699 674 END
START 9920 10380 7768 3655 -5318 -2043 717 676 694 699 676 END
START 1544 10544 12536 3027 -11428 -2664 716 677 694 699 677 END
START 5140 9184 7052 4357 -13251 -2987 716 677 695 699 676 END
START 21688 11044 -3084 3675 -1555 -2200 716 676 695 698 678 END
START 18324 8776 1848 1782 -2152 -1685 715 678 695 698 677 END
START 10548 10348 6696 650 357 -951 716 677 695 699 677 END
START 8428 10660 7544 -433 2765 -724 716 676 694 698 677 END
START 10512 10676 5804 -620 3409 -704 716 677 694 698 676 END
START 10568 10132 6044 -914 2456 -560 715 677 694 699 677 END
START 8940 10608 7148 -1521 1769 -411 716 678 694 699 677 END
START 5604 10220 8268 -2107 22 442 717 677 695 699 677 END
START 11112 10728 5356 -2660 -1248 978 717 678 694 699 677 END
START 16144 9552 1172 -3605 -4303 1583 716 676 695 698 676 END
START 11432 10596 4496 -4616 -7181 2159 715 680 694 699 677 END
START 7532 10532 6500 -5791 -4926 1621 716 677 694 699 677 END
START 6652 10084 7996 -5960 -1799 813 715 677 695 698 678 END
START 8436 9984 7992 -4181 -1862 239 716 677 695 699 677 END
START 10816 9836 6040 -2829 -7734 -1238 716 674 695 698 677 END
START 10528 10808 6436 -1435 -4398 -1356 716 676 695 698 676 END
START 10824 10860 5384 -1086 -869 -134 715 677 694 698 678 END
START 8140 9968 8084 -1420 886 -73 718 677 694 699 678 END
START 10460 9792 6596 -924 355 362 716 676 694 699 677 END
START 10020 10044 6308 -730 -551 353 716 677 694 698 677 END
START 9180 10176 7120 -1133 -336 536 716 676 695 699 676 END
START 10068 9984 6692 -1363 586 641 716 676 694 698 676 END
START 10184 9824 6420 -1213 86 559 716 677 694 699 676 END
START 9344 9756 7136 -748 -1226 445 714 677 694 698 677 END
START 9796 9856 7108 -517 -1511 481 716 677 694 699 677 END
START 10292 10100 6568 -600 -1057 491 715 676 694 698 677 END
START 10512 10168 6632 -649 -1097 309 715 676 694 698 677 END
START 10200 10468 6760 -654 -845 45 715 677 694 698 677 END
START 9840 10284 6736 -721 -457 51 715 677 694 699 676 END
START 10064 10052 6500 -911 -474 157 716 676 694 698 676 END
START 9548 9884 6640 -858 -1303 82 716 678 694 698 678 END
START 10048 9972 7656 -986 -85 -96 716 677 696 698 676 END
START 10828 10076 6248 -890 -615 -94 716 677 694 699 677 END
START 9800 10116 7172 -1096 -933 118 716 677 694 698 676 END
START 9732 10032 6416 -1142 31 138 719 676 694 699 677 END
START 10160 9968 6656 -1095 42 155 716 676 694 698 677 END
START 10220 9912 6432 -745 -514 91 716 676 694 698 676 END
START 9836 9864 6928 -467 113 -4 716 677 694 698 677 END
START 10260 10032 6520 -388 585 252 717 677 694 699 677 END
START 9880 10320 6536 -670 -377 319 717 677 694 698 676 END
START 9904 10080 6988 -827 104 148 716 677 694 698 677 END
START 10232 10044 6616 -1063 -312 133 716 676 695 698 677 END
START 9960 9852 6764 -692 205 7 716 676 694 698 677 END
START 9880 10180 6944 -589 784 170 716 677 694 698 677 END
START 10308 10032 6484 -933 592 109 715 677 694 698 676 END
START 10072 9976 6712 -919 386 154 717 677 694 698 677 END
START 9568 10080 7120 -842 -15 193 716 677 694 698 678 END
START 10060 9908 6944 -761 -126 181 716 676 694 698 676 END
START 10160 9744 6676 -624 -253 80 717 677 694 698 677 END
START 9904 9956 6820 -402 -88 114 715 676 693 698 674 END
START 10320 10104 6592 -386 534 98 717 677 694 698 677 END
START 10000 10296 6756 -471 359 132 715 677 694 698 677 END
START 9604 10160 7196 -558 -127 202 715 677 694 698 676 END
START 10084 10024 6700 -474 -136 298 716 676 694 698 676 END
START 9440 9928 7284 -321 -322 265 715 678 694 699 677 END
START 11324 9748 5692 -976 -387 75 716 677 693 699 676 END
START 9596 9976 7088 -685 -617 288 713 676 694 698 678 END
START 10652 10096 6252 -747 -67 150 714 676 694 698 676 END
START 9908 10052 6940 -672 -289 101 714 677 695 698 676 END
START 9772 9644 7176 -519 -197 173 716 676 694 697 677 END
START 9644 9756 6696 -651 -335 119 715 675 694 698 677 END
START 10692 9740 6300 -464 -550 -88 716 677 693 698 677 END
START 9792 9964 6704 -691 -654 -129 715 676 693 698 676 END
START 10164 10116 6584 -578 -668 -392 715 674 692 698 676 END
START 9604 10272 6780 -820 -746 -438 715 676 691 697 676 END
START 10176 10276 6380 -838 -29 -495 716 674 691 696 675 END
START 11076 10340 5656 -763 500 -544 716 674 689 695 674 END
START 9680 10172 7368 -859 -71 -689 715 673 687 693 674 END
START 9960 10192 6908 -732 -145 -828 715 670 685 690 671 END
START 10156 9980 6256 -985 810 -965 715 670 682 687 670 END
START 9808 9124 6488 -955 341 -1167 715 668 680 683 669 END
START 9172 11196 7336 -464 -250 -1165 714 666 677 679 667 END
START 9852 10068 6380 -573 340 -607 714 662 673 674 663 END
START 9900 10324 6228 -777 -20 -650 714 661 670 669 661 END
START 9772 10392 7120 -768 -282 -551 713 660 667 666 660 END
START 9624 10388 6848 -713 -72 -662 713 659 662 662 658 END
START 9524 10660 6760 -896 139 -656 712 654 658 656 656 END
START 9624 10532 6664 -964 244 -527 709 650 651 649 650 END
START 9316 10420 6944 -968 230 -344 707 645 644 643 645 END
START 9400 10496 6736 -805 400 -214 705 639 638 636 638 END
START 9824 10240 6784 -765 182 -285 703 633 632 631 633 END
START 9872 10472 6124 -873 -520 -268 702 628 625 626 629 END
START 8980 10412 7148 -777 -559 -67 698 620 621 620 620 END
START 9712 10428 7156 -731 317 -78 692 613 616 615 613 END
START 10060 10592 6448 -788 415 -176 694 606 609 608 606 END
START 9600 10504 6792 -977 721 -357 691 597 600 601 598 END
START 9336 10360 6956 -1140 1261 -336 689 591 594 596 590 END
START 9488 10260 7028 -1038 1118 -126 688 583 587 591 585 END
START 9476 10244 7016 -910 664 31 683 579 582 586 578 END
START 9308 10116 7100 -837 700 -13 680 574 574 576 574 END
START 9176 10360 7040 -584 630 -7 679 568 568 571 569 END
START 9532 10360 6648 -526 810 18 679 563 563 565 563 END
START 9548 10308 7080 -537 314 -52 672 560 560 560 561 END
START 9156 10880 7276 -638 515 118 678 558 556 558 558 END
START 9788 10688 6648 -549 550 180 681 553 551 553 555 END
START 9208 10520 7252 -656 466 -5 679 552 548 547 552 END
START 9512 10236 7108 -707 365 -57 676 551 544 543 550 END
START 9452 10244 6880 -814 -253 -102 680 551 542 542 550 END
START 9048 10552 7376 -684 -361 -92 681 550 540 540 549 END
START 9132 10608 7196 -597 -123 67 682 550 535 537 549 END
START 9308 10356 7316 -552 68 175 682 545 531 531 545 END
START 9380 10236 7376 -608 56 150 683 542 527 528 544 END
START 9360 10060 7068 -654 -8 35 683 543 525 525 543 END
START 9092 10424 7116 -593 -188 89 684 543 523 522 543 END
START 9140 10620 7276 -625 -241 243 685 539 520 519 541 END
START 9164 10228 7140 -653 -75 197 682 540 516 515 539 END
START 9416 10472 7212 -500 109 233 684 536 514 512 530 END
START 9316 10276 7024 -656 526 -40 684 534 514 511 536 END
START 9188 10412 7080 -577 192 135 686 533 514 510 535 END
START 8912 10680 7256 -599 -71 216 685 535 514 510 534 END
START 9376 10768 7024 -694 189 264 684 534 514 510 534 END
START 9288 10688 7020 -640 -199 290 684 533 512 509 533 END
START 9180 10300 7300 -632 -148 161 685 532 514 509 532 END
START 9252 10428 6916 -651 -150 239 685 532 514 509 532 END
START 9324 10384 7292 -517 -352 239 684 531 515 509 532 END
START 9256 10612 6984 -525 -75 72 687 531 516 509 532 END
START 9388 10424 7152 -626 -155 207 684 531 515 509 531 END
START 9588 10304 6996 -600 146 71 684 531 516 510 531 END
START 9224 10464 7028 -532 -148 17 688 531 515 510 532 END
START 8996 10356 7288 -588 -271 173 681 531 515 510 529 END
START 9256 10376 6684 -608 -175 374 681 532 516 511 531 END
START 9212 10420 7456 -568 -404 360 683 531 517 510 531 END
START 9200 10496 7196 -467 -379 231 681 531 517 511 532 END
START 9292 10824 6788 -505 -200 124 679 531 518 511 532 END
START 9060 10848 6868 -551 -249 160 677 533 518 512 532 END
START 9444 10476 6560 -672 13 173 676 533 517 512 533 END
START 9496 10300 7256 -876 -191 215 675 534 518 513 534 END
START 9088 10248 7584 -688 -331 236 675 535 519 514 534 END
START 9280 10296 6988 -644 -9 158 673 535 520 514 535 END
START 9224 10396 7000 -729 -278 216 673 535 520 515 536 END
START 9108 10568 7120 -827 -325 330 672 536 520 514 541 END
START 9292 10320 6760 -864 -55 193 671 536 522 515 536 END
START 9344 10216 6900 -842 41 105 671 538 521 515 537 END
START 9216 10384 7068 -970 58 77 672 539 522 516 537 END
START 9088 10268 7076 -946 144 12 672 539 522 517 539 END
START 9180 10428 7028 -897 42 40 672 540 524 518 539 END
START 9008 10444 7000 -827 -74 65 674 541 523 519 542 END
START 9176 10492 7060 -894 -15 73 674 544 524 519 543 END
START 9136 10516 7088 -935 37 75 673 544 525 520 543 END
START 9132 10388 6884 -908 256 11 677 545 527 521 545 END
START 9164 10436 7300 -864 199 -102 679 547 528 523 547 END
START 9144 10396 7252 -869 -108 -136 677 548 530 525 548 END
START 8848 10544 7172 -910 -153 45 677 551 533 528 550 END
START 8836 10564 7200 -879 118 214 677 551 536 531 550 END
START 8960 10536 7832 -702 2 306 683 556 541 536 557 END
START 9420 10200 7180 -599 -95 37 682 560 547 541 560 END
START 9352 10356 7264 -578 -13 -92 679 564 553 548 565 END
START 9080 10468 7280 -592 -99 -24 685 570 564 557 570 END
START 9008 10744 7088 -553 -505 128 684 578 574 568 576 END
START 9312 10472 7252 -706 -309 273 685 585 588 585 586 END
START 9432 10432 7800 -583 -630 306 687 596 606 607 596 END
START 9872 10204 7580 -289 -1212 24 689 607 622 627 606 END
START 9352 10696 6416 -357 -1239 -227 689 616 638 643 615 END
START 8092 11668 6976 -283 -1229 500 690 624 651 655 624 END
START 8256 11440 6668 -722 -989 1339 695 633 661 664 633 END
START 9680 10452 7220 -1099 -688 1396 696 642 669 674 642 END
START 9916 10148 7540 -1146 -187 425 702 650 676 684 651 END
START 9996 9960 7212 -526 409 -349 704 660 681 689 664 END
START 10148 9884 6708 -97 141 -912 705 667 685 692 667 END
START 9692 9792 6776 -520 163 -1159 708 672 688 695 671 END
START 8636 10016 7684 -1144 1559 -1356 710 676 691 696 677 END
START 8604 10268 7432 -1546 1715 -823 711 678 695 697 680 END
START 9664 10040 7252 -1512 1065 -360 712 682 698 698 682 END
START 9648 9960 6932 -1267 750 -534 713 684 701 699 683 END
START 8948 10340 7268 -960 750 -1081 714 684 703 700 685 END
START 8832 10648 7992 -638 -301 -717 715 686 703 700 686 END
START 9320 10668 6884 -488 -1061 -458 714 687 701 701 686 END
START 9252 10916 6588 -643 -616 -767 719 688 701 701 687 END
START 8556 11336 6700 -888 -679 -381 715 687 701 702 687 END
START 8400 11088 6704 -1138 -387 -193 715 689 702 702 688 END
START 8060 11460 6940 -1413 791 131 716 688 702 702 688 END
START 8128 11156 8384 -1209 252 666 714 689 702 703 688 END
START 9320 10340 7444 -888 -643 541 716 689 702 703 688 END
START 9080 10408 7352 -560 -733 122 715 689 702 703 689 END
START 8756 10528 7152 -353 -537 -73 713 689 702 703 690 END
START 8724 10768 7052 -710 -444 78 715 689 702 703 689 END
START 8756 10796 7324 -1046 -242 330 717 688 701 702 689 END
START 9152 10536 7364 -1231 -78 515 715 689 701 702 689 END
START 9224 10464 7164 -1090 -279 367 716 689 700 702 688 END
START 9096 10248 7532 -890 12 108 714 689 701 702 688 END
START 9196 10152 7348 -668 293 -116 715 688 701 702 689 END
START 9036 10284 7112 -649 406 -219 715 688 701 702 688 END
START 8900 10588 6760 -671 301 -36 715 688 701 702 689 END
START 8084 10540 7300 -707 914 264 715 688 700 702 687 END
START 9136 10352 7008 -572 1340 440 715 689 700 702 688 END
START 8568 10812 7448 -423 1123 506 714 687 700 702 688 END
START 9408 10376 7260 -185 1724 299 715 688 700 702 688 END
START 8832 10616 7748 152 1752 100 714 687 699 702 688 END
START 8156 10172 7744 562 3046 -391 713 687 700 701 688 END
START 8452 10536 7280 1451 1899 -1171 715 685 700 701 687 END
START 6768 11184 7416 1942 -1662 -761 715 688 700 701 687 END
START 8924 11432 6880 522 2352 466 715 687 699 701 689 END
START 8096 9672 9676 621 362 -166 714 687 699 701 687 END
START 9052 10236 6444 3615 -5218 -2388 714 687 699 700 687 END
START 12156 11936 4028 1345 1209 -1600 714 689 699 701 687 END
START 6000 10792 8172 24 304 -834 714 687 699 701 687 END
START 9444 10424 6992 -236 1620 -601 713 687 699 700 690 END
START 8920 9660 8368 790 -1295 -1890 713 687 699 700 686 END
START 8416 11004 7352 1198 -1692 -2380 713 687 698 700 687 END
START 8480 11432 6352 47 -1631 -1337 715 687 699 701 688 END
START 8444 11324 6872 -801 -2283 -408 714 687 698 700 687 END
START 7968 11488 6880 -1313 -2561 317 713 687 698 700 686 END
START 8428 11120 7312 -1668 -2932 404 713 687 698 700 683 END
START 9648 11072 7404 -2328 -2175 312 714 687 698 700 687 END
START 9312 11096 5376 -3135 -2154 185 714 687 698 700 686 END
START 12216 10760 3580 -3793 4544 50 715 687 698 700 687 END
START 4552 11048 10040 -3169 -4112 -990 715 687 698 701 687 END