START 9716 11948 4356 -734 -126 54 560 0 675 706 659 END
START 9820 11992 4528 -681 -81 28 561 0 675 706 659 END
START 9592 11860 4456 -613 -74 169 561 0 675 705 659 END
START 9332 11932 4440 -643 -435 99 560 0 675 706 658 END
START 10024 12180 4308 -399 -200 47 561 0 675 706 659 END
START 9884 10624 4100 -279 44 -410 561 0 675 706 658 END
START 10192 10340 3732 -133 418 -531 561 0 674 705 659 END
START 9364 14388 5220 -402 255 182 561 0 675 706 659 END
START 8648 9208 4352 -1137 -247 -372 561 0 675 706 659 END
START 7324 13284 7172 -1251 -945 450 559 0 675 706 659 END
START 9052 14948 7336 -437 -12 630 561 0 675 706 659 END
START 7592 16504 8164 156 768 635 561 0 674 706 659 END
START 18080 15464 -1552 426 2524 192 561 0 674 705 659 END
START 12396 16580 3888 259 1995 515 561 0 674 706 659 END
START 10836 16952 4376 124 969 601 561 0 674 706 659 END
START 6276 16440 10144 -97 499 925 561 0 673 705 659 END
START 6212 16396 10144 -359 -248 829 561 0 674 706 660 END
START 10328 12908 4924 -943 -627 785 560 0 673 705 659 END
START 8932 8564 7036 -1386 -951 393 561 0 673 706 660 END
START 8928 6860 7660 -1631 -1197 -201 560 0 672 705 660 END
START 5320 7808 1528 -624 -1162 -585 561 0 672 705 660 END
START 15692 14004 -1744 316 847 -147 561 0 672 706 659 END
START 7460 17524 8972 306 311 706 560 0 672 706 659 END
START 6536 16836 10132 104 -73 1011 561 0 671 705 660 END
START 7948 15624 8508 -585 -1161 1075 561 0 671 705 660 END
START 10172 11228 5064 -1384 -1690 441 560 0 672 706 660 END
START 8324 5676 7408 -1144 -2341 -662 560 0 671 706 660 END
START 15856 15608 -740 210 402 -219 560 0 671 706 660 END
START 12220 17052 2832 370 416 613 561 0 670 705 660 END
START 8304 17724 7860 -42 -735 1035 558 0 671 706 660 END
START 10256 14100 6288 -710 -1688 1104 560 0 671 706 659 END
START 9492 8916 6852 -1585 -2645 94 558 0 670 706 659 END
START 6288 7144 4424 -1318 -3371 -409 556 0 671 706 660 END
START 15892 13436 -1364 143 -1941 -410 554 0 669 705 660 END
START 8476 17552 8972 342 -3025 812 552 0 670 705 660 END
START 7164 16828 11144 -70 -5152 1233 550 0 669 705 660 END
START 11988 12564 5108 -657 -6400 791 548 0 669 705 660 END
START 7032 7168 3752 -655 -7344 -532 547 0 668 706 660 END
START 6788 8440 -736 520 -6489 -718 545 0 669 705 660 END
START 16956 15512 -2564 1286 -3939 -391 544 0 669 706 660 END
START 7256 17040 8340 729 -4533 586 543 0 669 705 660 END
START 11760 13224 2524 220 -3611 321 541 0 669 705 660 END
START 10284 7056 5228 -275 -2313 -727 539 0 670 706 660 END
START 6692 7972 -1088 229 -1262 -1828 537 0 669 706 659 END
START 17496 14640 -3964 1824 2938 -1536 535 0 670 705 660 END
START 7800 17464 7668 1459 2152 -356 534 0 671 706 660 END
START 11340 13604 3612 547 1346 -536 534 0 670 705 660 END
START 10516 8940 4980 -230 295 -1508 534 0 670 706 660 END
START 7136 7332 2892 -177 -663 -2468 533 0 670 705 660 END
START 7252 8572 -744 674 -131 -3106 532 0 670 706 660 END
START 18612 14764 -4128 1211 1714 -3250 533 0 669 705 660 END
START 9536 17552 7068 634 231 -2884 532 0 670 705 660 END
START 13400 14076 2808 54 808 -3743 532 0 670 705 660 END
START 13268 12980 1928 -448 1120 -4726 532 0 670 705 660 END
START 7836 7872 1896 -609 726 -6753 533 0 670 705 660 END
START 7216 9164 -1540 -46 1487 -7644 533 0 670 705 660 END
START 17088 15732 -3824 720 3387 -7548 533 0 669 706 660 END
START 7472 18196 7752 -67 1989 -7305 534 0 669 705 659 END
START 11584 14388 3224 -844 2285 -8131 534 0 668 704 659 END
START 9896 8468 6168 -1474 2764 -10089 535 0 668 705 660 END
START 12988 13064 -4048 -60 5363 -10998 535 0 668 704 659 END
START 8732 18812 2976 222 5936 -10000 535 0 668 705 659 END
START 6984 16644 6008 -681 4585 -9976 535 0 667 704 659 END
START 7068 12180 4300 -1357 3310 -10970 535 0 666 705 659 END
START 4180 10340 -1692 -427 2824 -12016 535 0 667 705 660 END
START 4268 19404 6856 128 4193 -11098 534 0 667 704 659 END
START 6964 15380 3952 -683 3031 -11064 534 0 666 705 660 END
START 5784 9888 5392 -1453 2621 -12494 534 0 667 704 660 END
START 1800 8580 1812 -930 1917 -13679 534 0 667 704 659 END
START 10624 15220 -4472 88 4350 -13491 534 0 667 705 659 END
START 2932 16916 6288 -552 2626 -12789 535 0 666 706 659 END
START 3968 12472 3964 -1473 1638 -13638 534 0 667 705 660 END
START 2452 7144 6288 -1458 1065 -15445 534 0 668 706 660 END
START 8996 17564 -3440 -277 4562 -15178 533 0 668 705 660 END
START -616 18780 7756 -955 2979 -14233 532 0 669 706 659 END
START 1036 9932 5916 -1747 1213 -15244 533 0 669 704 660 END
START -2736 8580 2456 -1547 -384 -16901 532 0 671 704 660 END
START 5892 15168 -3800 -539 2149 -16771 532 0 670 706 659 END
START -228 16796 6240 -1691 1300 -16261 533 0 671 706 660 END
START -560 7044 7148 -2634 1344 -17708 534 0 670 706 660 END
START -4716 9424 -2948 -1941 2347 -19041 535 0 668 705 661 END
START -4428 18444 6384 -1591 5671 -19036 535 0 668 706 661 END
START -4492 11196 6136 -2383 7018 -19318 535 0 667 706 660 END
START -6660 7084 5420 -1778 7678 -21236 536 0 666 705 661 END
START -2180 17384 932 -177 11281 -19862 536 0 666 705 662 END
START -7136 12780 6012 -17 9520 -18207 535 0 667 706 661 END
START -9356 6112 10308 62 6027 -18492 536 0 666 705 662 END
START -10028 7680 -3116 1372 4244 -18950 535 0 667 706 661 END
START -9312 16884 6112 2072 6669 -18087 535 0 667 706 661 END
START -8108 12564 3996 1480 8330 -16873 536 0 666 707 662 END
START -14444 4992 3348 1914 7477 -17030 536 0 666 707 662 END
START -6876 11332 -3464 3690 7021 -16189 536 0 665 706 662 END
START -11560 13492 5772 2814 2525 -14630 536 0 665 706 663 END
START -11944 3492 8252 2358 310 -15548 536 0 664 706 663 END
START -9144 6656 -7404 3751 3344 -15204 535 0 665 706 663 END
START -12736 14364 5948 3237 2574 -13332 535 0 665 706 663 END
START -13148 3796 6504 1992 755 -14415 535 0 664 706 663 END
START -14396 4088 -5192 2712 306 -15297 535 0 664 707 663 END
START -13152 13320 4648 3489 2734 -14265 535 0 664 706 664 END
START -10112 8940 1304 2578 2961 -14590 536 0 664 706 664 END
START -13580 1268 1572 2818 4557 -16701 536 0 664 707 664 END
START -10256 10720 -2360 4193 10595 -16381 537 0 666 706 663 END
START -11384 6400 1828 3253 11902 -16283 538 0 665 707 663 END
START -15492 808 -7236 3896 11916 -17956 540 0 666 706 663 END
START -16832 10080 3052 5644 13282 -16961 542 0 666 706 664 END
START -17508 1440 4252 5516 10191 -16440 543 0 666 707 664 END
START -18696 -1740 916 6966 7546 -18204 542 0 665 706 663 END
START -16368 8512 -2908 7471 6027 -17038 542 0 664 707 663 END
START -15472 2916 -152 6279 2345 -17737 541 0 664 707 663 END
START -16572 -4432 2176 6483 392 -17493 541 0 664 706 663 END
START -13384 6128 -5732 7780 3913 -15501 542 0 663 707 664 END
START -17708 3376 -2040 6030 4115 -12478 542 0 664 707 664 END
START -22112 -1872 -7628 4436 3366 -11191 541 0 664 706 664 END
START -22368 9760 -2452 3372 6709 -7220 542 0 664 707 663 END
START -18892 5960 -2676 192 3572 -3148 542 0 663 707 664 END
START -22876 -1988 -1292 -1996 74 -1116 542 0 663 706 664 END
START -17500 2728 -14592 -1394 1006 931 543 0 663 707 664 END
START -21504 5084 -1456 -2450 -3263 2164 543 0 663 706 664 END
START -20956 -4652 2992 -3361 -6876 611 543 0 665 707 664 END
START -15184 -556 -15116 -1425 -4089 -247 544 0 665 706 664 END