START 7740 11744 6632 -573 286 -254 541 0 669 702 653 END
START 7652 11796 6668 -482 184 -222 541 0 669 703 653 END
START 7364 11940 6572 -380 -286 -184 541 0 669 703 653 END
START 7780 11936 6792 -424 -777 -144 541 0 669 703 654 END
START 8512 12688 6068 -406 -557 -29 541 0 669 703 654 END
START 9432 12284 5948 4 316 -143 541 0 670 703 653 END
START 8696 13056 6196 92 1060 -134 542 0 669 703 653 END
START 7180 14148 8016 -1091 27 429 542 1 669 703 653 END
START 7896 9424 4876 -112 472 -496 542 0 668 703 654 END
START 6940 12416 7564 -1739 -721 303 542 0 669 702 653 END
START 6304 14336 9172 -1310 -715 540 543 0 668 703 654 END
START 9056 14124 7164 -1063 75 652 542 0 669 703 653 END
START 3272 16088 12568 -864 -49 737 542 0 669 703 654 END
START 5528 14164 10044 -1034 -292 768 542 0 668 704 654 END
START 7796 11756 6900 -1556 37 502 542 0 668 703 655 END
START 9520 11476 5616 -1708 176 369 542 0 668 703 654 END
START 6608 6788 9696 -1954 -370 -39 542 0 669 704 654 END
START 6860 5836 9264 -1929 -978 -530 542 0 668 703 654 END
START 4904 8240 2568 -968 -1311 -907 543 0 668 704 654 END
START 14572 14324 468 165 712 -421 542 0 669 704 654 END
START 13408 16152 2820 465 1189 -31 543 0 668 703 654 END
START 10496 17068 5540 247 194 567 543 0 668 703 654 END
START 5544 15748 11456 -170 -882 899 542 0 668 703 654 END
START 7680 14400 9552 -923 -1952 706 543 0 668 703 654 END
START 8024 9792 7936 -1480 -3278 -244 542 0 668 703 654 END
START 6320 6528 7248 -749 -3832 -1291 542 0 668 703 654 END
START 14780 12612 232 943 138 -858 543 0 668 703 654 END
START 8932 18024 10048 1332 513 -491 541 0 667 703 654 END
START 5632 17392 12796 985 -2576 -355 541 0 668 703 653 END
START 10632 13176 6936 83 -4960 -969 540 0 668 704 653 END
START 8804 6644 9724 -264 -6492 -2701 539 0 668 703 653 END
START 7972 9028 604 689 -5411 -3952 538 0 668 703 655 END
START 16864 16712 616 1768 -1460 -3978 538 0 668 703 654 END
START 10020 16704 10320 1655 -328 -3998 538 0 668 703 654 END
START 11020 7388 8396 1003 1908 -5294 538 0 668 703 654 END
START 5900 8968 1836 1707 2161 -6927 538 0 669 703 653 END
START 8548 11544 360 3062 3607 -6876 538 0 668 704 654 END
START 10964 18812 5004 3335 2334 -6174 538 0 669 703 654 END
START 6672 16920 10720 2193 -582 -6156 537 0 668 703 654 END
START 7876 7596 9124 1274 -2067 -7821 537 0 668 703 653 END
START 7432 11232 -504 2293 -1323 -8932 537 0 667 702 654 END
START 13928 18400 152 3346 2209 -8443 538 0 667 703 654 END
START 4880 18572 10848 2590 888 -8707 537 0 667 703 653 END
START 8424 14216 5592 1589 58 -9784 537 0 667 703 653 END
START 6988 7696 8352 1161 -507 -11008 537 0 668 704 653 END
START 5332 11272 -1100 1948 -143 -11804 538 0 666 703 654 END
START 11516 18268 -664 2805 2559 -10983 538 0 667 703 653 END
START 6364 15636 6108 1565 996 -11093 539 0 667 703 654 END
START 4576 10112 7544 616 670 -12194 540 0 667 704 654 END
START 396 8880 3532 717 125 -13187 540 0 667 705 653 END
START -484 9840 -1324 1038 223 -13364 541 0 667 704 653 END
START 8732 16692 -2532 1755 2583 -12999 541 0 667 704 652 END
START 3192 15352 6032 705 1438 -11976 542 0 667 704 653 END
START 488 10052 6528 -190 1132 -12628 543 0 667 704 654 END
START -2188 7840 3896 -696 502 -14035 543 0 667 704 653 END
START 5836 13636 -3684 301 2375 -14218 542 0 667 704 653 END
START -416 18616 5352 129 1953 -13234 543 0 666 704 653 END
START 380 14772 6460 -783 622 -13009 543 0 667 705 653 END
START -1244 9556 6660 -1479 -200 -14058 543 0 667 705 653 END
START -3480 6948 4412 -1012 -719 -15705 543 0 667 705 652 END
START 2564 17136 764 139 2009 -14929 544 0 666 705 653 END
START -1684 15328 7348 -81 888 -15074 544 0 666 705 653 END
START -1056 10860 5412 -102 636 -15807 544 0 667 704 652 END
START -3228 5056 7716 234 -557 -17966 545 0 666 705 653 END
START -1180 10144 -4160 1640 2087 -19093 544 0 666 706 652 END
START -4472 16940 7680 1253 3102 -18921 544 0 667 705 652 END
START -3172 7396 5784 57 3961 -20300 545 0 665 705 652 END
START -4356 4932 8444 305 4409 -21544 545 0 664 705 650 END
START -7940 7328 -2592 1946 6375 -21815 545 0 664 705 652 END
START -9932 15440 7688 2294 6350 -20910 545 0 664 705 652 END
START -6880 10820 4668 1619 5643 -21677 545 0 662 704 653 END
START -10696 3936 3348 2159 6354 -23266 545 0 661 705 653 END
START -8460 13412 1272 3836 11334 -22345 545 0 659 705 653 END
START -10924 11516 7036 3236 10207 -21596 545 0 658 705 653 END
START -15132 3208 -2656 3198 8145 -23685 545 0 658 703 653 END
START -8680 10456 -5076 4442 11583 -24044 546 0 657 704 653 END
START -11756 8828 2260 3072 9259 -25112 546 0 657 705 652 END
START -15668 952 4280 3362 7836 -25039 548 0 658 704 652 END
START -10432 5716 -4996 5565 8314 -21353 548 0 657 705 652 END
START -18580 7004 5612 5860 2963 -19062 547 0 657 704 652 END
START -18392 -2036 7852 5579 367 -21508 546 0 657 704 653 END
START -12280 2020 -10132 7190 6360 -20826 547 0 656 704 654 END
START -15820 8080 2144 6564 9081 -17844 546 0 656 704 654 END
START -18276 -2364 7224 6035 6583 -14745 546 0 656 704 655 END
START -14272 5056 -8664 7407 5822 -11716 546 0 656 704 655 END
START -19760 7024 368 5607 1472 -10399 546 0 656 705 655 END
START -21104 232 4676 2754 -1690 -10289 546 0 656 705 655 END
START -12320 5004 -12284 2531 1006 -9089 547 0 656 705 655 END
START -20436 9448 844 2225 2124 -4073 547 0 656 705 654 END
START -18300 4852 -516 1373 1141 -2841 547 0 656 705 655 END
START -22432 -228 -3192 360 -2136 -3140 547 0 656 705 655 END
START -14112 7132 -9516 1312 423 -1799 547 0 656 705 654 END
START -17484 6296 324 -1 -1638 -200 547 0 656 705 654 END
START -18004 3628 556 -927 -2402 -330 547 0 656 705 655 END
START -18936 -3036 4584 -1196 -3192 -1076 547 0 656 705 655 END
START -14064 7668 -7096 810 1708 635 547 0 657 705 654 END
START -18604 8352 2940 -63 703 1004 547 0 657 704 655 END
START -16200 6528 720 -587 518 744 547 0 656 704 655 END
START -18828 -828 4312 -1260 -824 4 546 0 657 704 655 END
START -18104 -2260 6724 -1410 -2127 -443 547 0 657 705 655 END
START -11596 6268 -10024 384 1271 674 547 0 657 704 655 END
START -17460 8444 2808 -299 622 1152 548 0 656 705 654 END
START -15592 3676 1476 -882 706 1073 548 0 656 705 655 END
START -16996 -2684 5536 -1568 -636 340 548 0 657 705 655 END
START -13272 1700 -12268 -470 1316 -144 547 0 657 705 654 END
START -16532 7828 3004 -395 1055 964 547 1 657 704 654 END
START -14780 5984 1704 -684 220 1109 547 0 657 704 653 END
START -17436 -156 4084 -1095 -1300 234 548 0 656 704 653 END
START -18940 -1660 -2248 -359 -2139 -754 548 0 655 704 652 END
START -16376 8168 -2324 243 -1086 688 548 0 655 704 652 END
START -13832 5952 768 -721 -870 622 548 0 656 704 652 END
START -15512 -16 3676 -1169 274 3 548 0 657 704 653 END
START -15980 -2248 6084 -1444 1467 252 548 0 655 704 653 END
START -17288 524 -9896 -580 1584 119 548 0 656 704 652 END
START -13668 8152 -5484 -196 1287 656 548 0 655 705 652 END
START -18028 7384 3128 -1199 -2548 1116 549 0 656 704 653 END
START -15524 1980 756 -1990 -4419 297 548 0 656 704 653 END
START -16032 -2704 3400 -1527 -3640 -439 549 0 656 704 652 END
START -11044 7940 -5820 -383 1252 694 548 0 656 704 652 END
START -17216 7796 3928 -1228 -419 1006 549 0 656 704 653 END