START 8372 11348 6820 -2332 -1968 -362 567 0 670 695 632 END
START 8308 11232 6840 -2239 -1940 -366 568 0 671 695 632 END
START 7820 11396 7184 -2101 -1797 -459 567 0 672 696 631 END
START 7128 11384 7476 -1877 -1979 -427 567 0 672 697 633 END
START 6164 12096 7592 -2050 -2852 -13 566 0 673 696 632 END
START 6036 12640 7824 -1953 -3828 216 566 0 673 697 633 END
START 6376 10320 6748 -1896 -4169 -169 566 0 674 696 633 END
START 7724 14452 7112 -470 -2427 -10 566 0 674 697 634 END
START 6476 8348 6776 -1255 -2358 -511 566 0 674 698 633 END
START 8048 10704 6768 -1683 -1419 50 566 0 675 698 634 END
START 5300 12344 8248 -1450 -952 388 567 0 674 697 635 END
START 4624 11976 8968 -1529 -1456 649 567 0 675 698 634 END
START 6836 10024 7428 -1809 -1480 336 568 0 674 699 636 END
START 7508 6768 8220 -1865 -1890 -218 568 0 674 699 635 END
START 6928 6568 5472 -1254 -1533 -617 567 0 675 698 635 END
START 10068 11228 4 -188 -43 -112 567 0 675 699 635 END
START 10796 12136 228 50 485 13 567 0 675 698 636 END
START 12960 13756 312 -3 397 -251 567 0 674 698 636 END
START 13460 15240 292 130 909 97 567 0 675 699 636 END
START 8264 11348 384 142 241 135 567 0 675 699 636 END
START 12104 13548 280 72 11 43 567 0 674 698 637 END
START 7112 10156 1228 -228 -856 -274 567 0 674 698 636 END
START 13060 17244 3396 -48 628 617 566 0 675 699 635 END
START 9080 17928 7280 -584 -41 1181 566 0 675 699 636 END
START 6980 15028 10484 -1412 -609 1426 567 0 674 699 637 END
START 8268 10200 7548 -2365 -1080 709 567 0 675 699 636 END
START 5620 5368 8676 -2274 -1908 -376 567 0 675 699 636 END
START 10808 11368 60 -1232 261 -49 567 0 675 699 636 END
START 14428 14140 684 -1021 580 490 567 0 675 699 636 END
START 5548 17520 12000 -1277 -579 1160 567 0 674 699 636 END
START 8476 13148 8000 -2078 -2226 1171 567 0 674 699 636 END
START 5204 5888 7956 -2240 -3128 -106 566 0 674 699 638 END
START 11348 11748 -248 -782 -1865 -364 566 0 674 699 637 END
START 8584 17496 7996 77 -333 1218 565 0 674 699 637 END
START 5216 17348 11488 -13 -1441 1741 564 0 675 699 637 END
START 8884 13008 6864 -668 -2601 1581 564 0 675 699 636 END
START 7876 7040 8592 -1051 -3300 430 563 0 675 699 636 END
START 4720 7120 3140 -172 -3177 -229 563 0 674 699 637 END
START 14688 13820 -852 847 -376 347 561 0 675 699 637 END
START 13188 16040 2124 938 -1 1207 559 0 675 699 637 END
START 4428 16508 11856 586 -1415 1855 557 0 675 699 638 END
START 7412 12292 6196 -616 -4497 2287 554 0 675 700 639 END
START 7232 5992 8816 -1746 -6701 1343 551 0 674 700 640 END
START 6200 7756 1384 -1533 -6071 -214 548 0 674 700 642 END
START 17384 13924 512 42 -74 472 546 0 675 700 643 END
START 12736 10388 456 282 936 267 545 0 676 701 644 END
START 14564 12692 1552 646 868 303 545 0 676 702 646 END
START 6184 16416 12320 525 -600 820 546 0 676 702 647 END
START 4964 15948 13156 -14 -2999 962 546 0 677 702 647 END
START 10576 11820 5948 -564 -3696 692 547 0 676 702 647 END
START 8852 7208 8208 -1052 -4586 -303 548 0 674 702 648 END
START 6680 6636 5476 -333 -5576 -1215 549 0 675 702 648 END
START 16120 12636 -16 944 -2803 -1136 550 0 674 702 648 END
START 12172 17584 7644 813 -3026 -650 551 0 674 703 648 END
START 10592 15564 9384 111 -3735 -600 551 0 673 702 649 END
START 12636 12484 5028 -439 -3481 -1446 550 0 673 702 648 END
START 6860 9076 1520 -485 -4178 -2805 550 0 673 702 649 END
START 17100 14972 -2464 551 -1607 -2775 550 0 673 703 650 END
START 9500 18600 7600 454 -2040 -2417 549 0 673 702 649 END
START 11112 15256 7088 226 -1184 -3641 549 0 672 703 650 END
START 12688 5776 7284 -242 -210 -6466 548 0 674 703 650 END
START 10556 8344 -192 1474 2844 -7713 548 0 673 703 650 END
START 18028 15132 -1284 3626 7853 -7651 548 0 674 703 651 END
START 6556 17960 11068 3507 6026 -7389 546 0 674 703 650 END
START 9120 11592 6928 2865 4388 -8529 546 0 673 703 651 END
START 6896 6920 8620 2468 2327 -10230 544 0 673 704 650 END
START 8120 11904 -1060 3201 1252 -10976 544 0 673 703 651 END
START 14872 19220 160 3443 1466 -10357 544 0 672 703 650 END
START 11696 17184 5292 2823 1743 -9929 544 0 674 702 650 END
START 7576 11364 7748 1898 2251 -10849 545 0 675 703 650 END
START 3368 10436 4548 2277 811 -12532 546 0 673 703 650 END
START 11500 16648 -1524 2717 1374 -12377 547 0 673 703 651 END
START 3300 18124 10056 1603 -2469 -11589 548 0 674 702 650 END
START 6084 9120 7972 435 -3684 -13615 548 0 674 703 651 END
START 2352 9832 2236 1114 -2712 -14747 548 0 674 704 651 END
START 11596 16360 -1812 2297 1874 -14482 549 0 674 703 652 END
START 2016 16176 8716 1269 527 -13943 548 0 674 703 652 END
START 1740 11268 5012 811 -666 -15252 548 0 674 702 652 END
START 104 6976 6120 913 -1886 -16979 548 0 675 703 653 END
START 3192 11772 -4024 1523 431 -17061 548 0 675 704 652 END
START 3676 18104 1252 1275 1084 -15879 548 0 675 703 652 END
START 1852 13204 2640 -147 1245 -15573 547 0 675 704 652 END
START 1020 7232 6656 -1382 2726 -16966 547 0 675 704 653 END
START -4648 9436 -1984 -956 4132 -17924 547 0 676 704 652 END
START -5700 18692 7800 -1272 977 -16143 547 0 676 703 652 END
START -3092 13896 5292 -3164 -5352 -16103 548 0 676 703 653 END
START -3788 5872 4788 -3484 -6282 -18322 547 0 676 704 652 END
START 1572 16028 -1120 -2479 -569 -17625 547 0 676 703 653 END
START -1924 11084 3316 -3087 1768 -17880 548 0 677 704 652 END
START -7164 5412 452 -2179 5046 -20733 548 0 677 705 653 END
START 836 12796 -4484 -228 10893 -20323 547 0 676 704 653 END
START -6924 13100 6228 -280 10043 -18942 547 0 676 704 653 END
START -9772 6516 7876 -237 5704 -19605 546 0 677 703 653 END
START -6476 8604 -4056 1513 3502 -20115 546 0 677 704 652 END
START -8288 15656 3800 2275 3903 -17997 546 0 677 703 654 END
START -9660 9084 4144 2101 3836 -17746 545 0 677 703 654 END
START -10100 3320 6372 2929 4158 -18897 545 0 677 704 654 END
START -4492 14056 -944 5015 9005 -18173 545 0 676 705 654 END
START -10516 13296 5492 4994 9104 -15537 544 0 677 704 654 END
START -11000 2460 8756 5208 7461 -16130 544 0 676 705 654 END
START -6112 10448 -6340 7335 11246 -15984 542 0 676 704 654 END
START -11144 11192 2952 6558 8979 -14190 542 0 676 704 654 END
START -13080 2408 3896 5888 5605 -16370 543 0 675 705 654 END
START -6012 8248 -7348 7511 9900 -14857 543 0 675 705 654 END
START -13688 11336 2776 7182 8619 -12598 543 0 675 705 654 END
START -15172 644 6440 6294 2854 -14799 543 0 674 704 655 END
START -9428 4812 -10740 7625 4412 -16354 542 0 673 704 656 END
START -12676 10768 560 7747 6423 -15033 542 0 671 705 656 END
START -15176 3816 1920 7218 6128 -17047 540 0 670 704 656 END
START -10804 732 -12512 9066 6962 -20329 539 0 670 704 657 END
START -11120 7400 -1124 10334 12009 -21455 539 0 668 704 657 END
START -14956 -3724 4472 9369 13671 -21311 538 0 666 705 658 END
START -12284 5836 -12572 11357 17790 -20086 535 0 666 706 657 END
START -19976 3376 -180 7148 14516 -17189 533 0 663 705 658 END
START -12164 6028 -17164 3961 15165 -13448 530 0 663 704 658 END
START -21536 11992 -4648 -776 11971 -2869 530 0 662 705 659 END
START -29620 -860 60 -3942 230 -707 531 0 663 705 659 END
START -18304 3448 -18492 -3084 -5386 -1742 532 0 664 706 658 END
START -16684 6736 -3544 -2670 -7488 681 533 0 664 706 658 END
START -18464 -2948 1088 -2698 -8845 -394 533 0 664 705 659 END