START 7528 13404 5336 -769 -278 -269 534 0 680 706 655 END
START 7400 13324 5160 -751 12 -245 534 0 681 706 654 END
START 6736 13380 5408 -727 280 -221 535 0 680 706 655 END
START 6380 13520 5552 -829 396 -82 535 0 681 707 654 END
START 6900 13164 5228 -670 386 -165 535 0 681 706 655 END
START 6900 11896 5324 -925 199 -322 536 0 680 707 655 END
START 7464 11128 4736 -648 233 -601 536 0 680 707 655 END
START 7244 15308 6280 -596 148 -38 536 0 680 706 655 END
START 5012 10584 6352 -1684 -1205 -427 536 0 680 706 655 END
START 5576 14832 7340 -1708 -1036 247 537 0 680 706 655 END
START 8620 15972 6304 -1062 -230 483 536 0 681 707 654 END
START 8192 16084 6876 -925 256 547 537 0 680 706 655 END
START 4848 15720 9188 -647 -1055 783 536 0 681 707 655 END
START 4144 16596 9828 -965 -1282 754 537 0 680 707 655 END
START 10732 13956 3348 -1219 -443 539 537 0 681 707 655 END
START 8272 10904 4852 -1680 -516 -13 537 0 680 707 655 END
START 5988 6552 8172 -1766 -1143 -704 537 0 681 706 655 END
START 3268 10604 1524 -806 -1277 -1154 537 0 681 706 655 END
START 12028 16372 824 380 1097 -196 537 0 681 707 655 END
START 3608 18796 10812 100 348 368 537 0 681 706 655 END
START 3208 18048 11780 -264 -389 844 537 0 680 706 655 END
START 7916 13904 5376 -996 -791 743 537 0 681 707 655 END
START 7968 12496 4672 -1302 -980 335 537 0 681 706 655 END
START 6172 6684 8536 -1428 -1334 -658 537 0 681 707 655 END
START 5024 10976 964 -136 -898 -914 537 0 680 706 655 END
START 8740 12560 -452 489 276 -411 537 0 681 706 655 END
START 8376 18796 5992 612 207 281 538 0 680 706 655 END
START 4836 19300 10000 387 -1020 632 538 0 681 707 655 END
START 3896 18456 11748 -454 -1992 1097 537 0 681 707 655 END
START 7212 9728 7100 -1382 -2268 222 537 0 681 706 655 END
START 4260 8092 5872 -1213 -2802 -870 538 0 680 707 656 END
START 12836 14920 -44 472 -1102 -876 538 0 681 706 655 END
START 13972 17304 588 914 -431 50 538 0 681 706 655 END
START 11296 18768 4196 744 -2044 179 538 0 680 707 655 END
START 5372 16932 10804 -13 -4073 365 538 0 679 706 655 END
START 8948 12264 5504 -512 -4966 -422 538 0 680 706 655 END
START 7044 6200 8448 -672 -5650 -2280 538 0 678 706 655 END
START 9152 11356 -1056 867 -3271 -3430 538 0 678 706 655 END
START 13296 18128 2576 1723 -459 -2809 538 0 678 706 655 END
START 10592 14024 4548 781 -318 -2962 538 0 678 706 655 END
START 8084 8444 7512 148 166 -4291 538 0 677 706 655 END
START 6856 7312 8276 138 462 -5337 538 0 678 706 655 END
START 5004 8208 6336 348 139 -5999 538 0 678 706 654 END
START 3552 9968 4160 774 393 -5981 538 0 678 706 654 END
START 12584 16544 -1348 1107 1222 -5875 538 0 678 706 655 END
START 5128 20224 8756 709 129 -4410 538 0 677 706 654 END
START 7004 16444 6800 -50 -936 -4640 538 0 677 707 654 END
START 8284 15372 5060 -808 -1249 -5241 538 0 677 707 654 END
START 3888 8912 5624 -1119 -1914 -6801 539 0 676 706 655 END
START 9268 14712 -1744 226 48 -6699 538 0 676 705 654 END
START 7228 20360 5088 362 487 -6212 538 0 676 706 654 END
START 3828 20588 8740 -10 -590 -5920 538 0 676 707 654 END
START 5940 16404 5948 -845 -1679 -6291 538 0 676 705 654 END
START 5232 11392 5984 -1496 -2295 -7773 538 0 675 705 654 END
START 4552 12056 -1048 -400 -1652 -9040 538 0 675 705 654 END
START 9572 18988 752 406 953 -8224 539 0 675 705 654 END
START 2096 18736 9636 134 934 -8279 539 0 675 705 654 END
START 2920 17668 7520 -459 563 -8772 539 0 675 707 654 END
START 3588 13060 4144 -1113 -18 -9652 538 0 675 705 653 END
START 2884 7504 7436 -1463 -178 -11424 539 0 674 706 654 END
START 2836 11356 -2168 -37 2696 -11817 539 0 674 705 654 END
START 32 18972 7916 344 4244 -11158 540 0 674 706 654 END
START 144 18188 8124 -148 4412 -11215 540 0 673 705 653 END
START 2340 13792 3952 -954 4181 -11890 541 0 671 705 654 END
START 1248 7588 7504 -1457 3518 -13592 542 0 670 705 654 END
START 6128 14784 -3424 -352 4691 -13933 543 0 670 705 654 END
START -2116 19616 7032 -722 3321 -12737 544 0 669 705 653 END
START 104 12600 5916 -1896 2932 -13489 545 0 669 705 653 END
START -1128 7276 8080 -1901 3951 -14996 546 0 667 704 653 END
START 4856 17092 -2000 -550 8292 -15461 546 0 667 704 652 END
START -4220 18188 8580 -785 8167 -14858 546 0 667 705 652 END
START -3616 9156 7272 -1006 7880 -16047 547 0 667 705 653 END
START -8000 7944 3272 389 8213 -17069 547 0 667 704 652 END
START 840 14416 -3116 1488 10365 -16749 548 0 666 705 653 END
START -6068 16012 7460 1062 9122 -15627 548 0 666 704 653 END
START -6912 6304 9656 794 8255 -16411 547 0 665 705 652 END
START -6968 9268 -4016 1899 8509 -16934 547 0 665 704 653 END
START -8016 16872 -148 2766 9218 -14831 547 0 664 705 653 END
START -11396 12612 4660 1551 3878 -13819 546 0 665 704 652 END
START -14452 6064 536 898 -973 -14648 546 0 664 704 653 END
START -3960 13136 -4628 1993 1644 -14420 545 0 662 703 653 END
START -10340 16180 4808 1731 3136 -13051 545 0 662 704 652 END
START -8816 7512 5896 687 3920 -14555 545 0 660 704 652 END
START -12904 5092 8 1485 5397 -14634 545 0 658 703 652 END
START -4712 11232 -5028 2673 8481 -13175 546 0 657 704 651 END
START -10260 12836 4272 2282 7298 -11682 546 0 656 703 652 END
START -13068 3384 6804 1828 5588 -13188 546 0 655 704 651 END
START -7860 7736 -7368 3784 8191 -13325 546 0 655 704 651 END
START -12272 14424 4500 3496 6832 -12019 546 0 654 703 651 END
START -14376 4228 9360 2623 3357 -11504 545 0 653 704 650 END
START -16736 5492 -3936 3871 -928 -11592 545 0 654 703 650 END
START -16272 14632 5108 4046 -4236 -10572 546 0 653 702 651 END
START -13684 5888 6148 3177 -6895 -11592 546 0 653 704 650 END
START -9980 4680 -7644 4786 -4520 -13298 546 0 652 703 651 END
START -13032 12048 4996 5856 -2183 -11588 546 0 653 703 650 END
START -13932 992 6864 5115 -1953 -12633 547 0 653 703 651 END
START -16272 1064 -4552 7002 261 -13692 547 0 652 703 651 END
START -14856 11164 2408 7784 3340 -12757 546 0 651 702 650 END
START -15668 3644 3124 6900 3581 -12524 547 0 649 703 650 END
START -17516 -216 3220 6790 2396 -14033 547 0 647 702 650 END
START -15260 9748 -1912 7367 4180 -12820 547 0 648 703 650 END
START -16088 5496 2084 5875 617 -11994 547 0 649 702 648 END
START -16260 -1724 6972 5067 -1986 -13218 547 0 648 703 650 END
START -10428 6652 -7908 6665 1426 -12534 547 0 648 703 649 END
START -13636 5732 84 5441 1383 -11699 547 0 648 703 650 END
START -16352 -2476 4448 4688 1013 -12373 546 0 648 702 649 END
START -9968 2608 -10740 6328 4007 -13103 547 0 647 703 649 END
START -16232 4988 68 5642 3281 -11137 547 0 648 703 650 END
START -19200 -1700 2668 5007 1975 -11071 546 0 649 703 649 END
START -14100 -940 -13332 5325 1696 -11520 547 0 649 703 650 END
START -17848 6876 -860 4916 4551 -8487 547 0 651 703 650 END
START -18508 1832 -1568 3060 6493 -7757 546 0 653 703 649 END
START -19728 -2012 2372 1683 6534 -7949 546 0 653 703 650 END
START -17144 8544 -3336 1441 9831 -4244 546 0 653 703 650 END
START -19492 4240 140 -1015 5642 -1086 546 0 654 703 650 END
START -21668 -3432 4928 -2714 -354 -995 546 0 655 702 650 END
START -18008 -620 -14004 -1127 -48 -124 546 0 655 702 651 END
START -21552 5856 1912 -1501 -3945 1384 547 0 655 703 650 END
START -18936 -4124 3772 -2230 -6492 384 548 0 654 703 651 END
START -18368 -2324 -8152 -1136 -5257 -290 548 0 654 703 651 END