START -3584 10876 10288 -1167 17 -73 587 0 656 688 648 END
START -3676 10772 9836 -1157 47 -77 587 0 657 688 647 END
START -4108 10576 10004 -961 -71 -108 587 0 657 689 648 END
START -3992 10856 10348 -767 -327 -91 587 0 656 689 648 END
START -4216 10528 10544 -710 -626 -135 587 0 657 690 648 END
START -4128 9648 10084 -669 -650 -223 587 0 657 690 648 END
START -3128 11932 9788 -438 -351 -267 587 0 657 690 649 END
START -3780 11592 10516 -1077 -389 506 587 0 657 690 648 END
START -3348 13368 10896 -178 481 -552 588 0 657 690 648 END
START -4308 8604 7240 -197 583 -1163 588 0 658 690 649 END
START -3548 7148 7128 -579 1224 -1097 588 0 657 690 650 END
START -588 8680 2724 -291 973 -1061 588 0 658 690 649 END
START -1272 7140 3980 54 1221 -1014 588 0 657 690 649 END
START -2460 12568 3416 406 985 -716 588 0 657 690 649 END
START 424 13212 2264 529 1578 -352 588 0 657 691 649 END
START 752 14032 3000 462 1315 84 589 0 657 691 650 END
START -80 14820 4896 613 849 237 588 0 657 691 649 END
START 524 15976 6704 828 418 314 588 0 657 690 649 END
START -1632 13372 1404 1021 352 383 588 0 657 690 649 END
START 1964 18392 9632 1092 743 1418 588 0 657 690 649 END
START 752 19144 11192 1009 -627 2394 588 0 657 691 650 END
START -7888 19608 19572 795 -3356 3342 588 0 658 691 650 END
START -2056 16092 11436 825 -3041 3943 588 0 657 692 650 END
START -5024 8884 12240 1808 -2405 4037 585 0 658 691 651 END
START -2412 12328 5392 3657 -1660 4353 578 0 660 693 652 END
START 2120 18048 4960 5302 -423 5517 574 0 660 694 654 END
START -2732 20800 15920 5398 -2979 5645 569 0 663 696 655 END
START 4104 14296 5400 4592 -4364 5129 566 0 666 698 657 END
START -1068 9440 8228 4884 -2154 4950 563 0 668 701 658 END
START -2776 9204 6168 5241 -2481 4066 561 0 668 701 659 END
START 1872 15716 -2280 5710 -3106 3467 560 0 668 700 659 END
START 4392 18784 5336 5632 -3417 3346 559 0 669 701 658 END
START -3104 18612 14476 4275 -5873 2538 559 0 671 702 660 END
START 1068 15760 8464 2790 -4876 2284 559 0 672 703 660 END
START -2468 9096 7160 2048 -5195 1560 559 0 672 702 660 END
START -2144 9300 6372 1439 -7980 394 559 0 673 703 660 END
START -1568 9600 6756 1205 -7980 -190 559 0 674 703 661 END
START 2392 14632 -1924 1207 -5609 -879 561 0 674 703 661 END
START -1420 18488 13424 631 -4553 -764 560 0 675 704 660 END
START -4432 16588 12336 -1196 -6088 -839 561 0 675 703 661 END
START -1916 9528 7060 -2405 -5425 -2062 561 0 676 703 661 END
START -4248 7748 9176 -2494 -5728 -3043 562 0 678 704 661 END
START 4608 16636 3904 -1692 -3542 -2539 563 0 679 705 661 END
START -1508 17492 14068 -2874 -5092 -2257 563 0 680 704 661 END
START 2316 13048 4548 -4869 -2964 -3381 564 0 680 704 662 END
START -4812 6152 10332 -5334 -3035 -4758 564 0 680 705 662 END
START 3020 14036 4624 -4695 -3060 -4444 564 0 680 705 662 END
START -1540 15052 13680 -6376 -6415 -3736 565 0 681 705 663 END
START 3524 9764 4028 -8637 -3961 -4149 565 0 682 706 662 END
START -3816 3120 8496 -8855 -1567 -4932 566 0 683 706 663 END
START -1320 7392 1040 -7387 -25 -5414 566 0 683 705 664 END
START 2460 11888 5640 -6848 -784 -4845 566 0 684 707 664 END
START -4764 13168 17196 -8203 -5730 -4473 566 0 686 707 664 END
START -3172 3632 8876 -9945 -4913 -5368 566 0 687 706 666 END
START -2740 2228 8656 -9719 -2981 -6547 567 0 688 708 666 END
START 2284 11044 6940 -7994 -335 -5762 567 0 688 708 669 END
START -5508 11936 19220 -8427 -3296 -5214 568 0 690 710 670 END
START 1276 6384 8288 -10464 -2845 -5901 568 0 690 710 670 END
START -4140 2756 9536 -10801 -1757 -7196 570 0 690 711 672 END
START 980 7516 3476 -9352 1300 -6471 570 0 691 710 673 END
START 636 10184 12720 -9250 337 -5962 571 0 692 711 674 END
START -7244 10312 22388 -10101 -2640 -5386 571 0 692 711 675 END
START -948 3268 11204 -11017 -776 -5829 571 0 693 711 674 END
START -4540 1440 11260 -9567 -250 -6466 571 0 693 712 675 END
START -1192 8832 17520 -7602 1879 -4737 572 0 692 711 676 END
START -9488 8128 25652 -7282 -991 -3574 572 0 693 710 677 END
START -2508 1380 14348 -6930 1048 -3619 571 0 693 712 676 END
START -7852 -1472 17084 -5079 726 -3646 571 0 693 712 676 END
START 588 8500 10980 -2381 1689 -2223 572 0 693 711 677 END
START -5068 10424 21960 -1952 453 -675 572 0 694 712 676 END
START -6524 8676 20892 -2244 -1393 209 573 0 693 712 676 END
START -84 5340 11288 -1942 -368 -65 572 0 694 711 676 END
START -4744 1204 14168 -1507 -859 -270 572 0 693 712 671 END
START -4240 2380 10892 -422 -674 -990 572 0 694 711 677 END
START 636 8504 5692 894 1434 -441 571 0 693 712 678 END
START 1320 9752 6568 921 2136 -783 571 0 694 712 677 END
START 2068 10884 8492 603 2193 -720 572 0 693 712 677 END
START -4480 13148 20880 -201 598 -452 572 0 693 712 678 END
START -5196 10824 18664 -1624 -722 -299 572 0 693 712 677 END
START 636 6084 9520 -2321 1600 -1189 572 0 694 712 677 END
START -5504 1476 14084 -1994 1161 -1761 572 0 693 710 677 END
START 64 9672 7204 -270 1274 -1518 572 0 693 712 678 END
START 768 10892 9720 12 454 -862 573 0 693 712 678 END
START 1124 11872 11108 -62 478 -584 573 0 693 712 678 END
START 404 12340 14080 -369 227 135 573 0 693 712 678 END
START -1568 12504 17020 -646 -519 544 573 0 693 712 678 END
START -7936 10852 22552 -1727 -2251 357 573 0 693 712 678 END
START -3804 2084 12040 -2005 -45 -452 573 0 694 711 678 END
START -5916 2640 11272 -1036 -775 -907 573 0 693 711 679 END
START 840 9068 6396 289 -200 -2 573 0 693 711 678 END
START 1956 10692 8532 311 215 -165 573 0 693 712 679 END
START 1236 11516 10780 362 421 249 573 0 693 711 679 END
START 132 12104 14916 -82 -706 399 573 0 694 711 678 END
START -2692 12344 17452 -701 -2419 630 573 0 693 712 678 END
START 364 6316 9484 -1810 -2182 319 573 0 693 713 678 END
START 1088 5040 8624 -1906 -467 -382 573 0 694 713 678 END
START -4900 676 13676 -1692 543 -1246 573 0 694 711 678 END
START -3316 5656 6232 -388 1445 -1247 573 0 691 712 678 END
START 744 11500 11068 359 1700 -240 574 0 693 712 679 END
START -644 12268 15208 -149 -567 318 573 0 693 713 678 END
START -8356 11100 22520 -1176 -2546 424 573 0 694 711 678 END
START -3404 2108 11988 -1664 141 -635 573 0 694 712 678 END
START -5776 3324 10548 -968 42 -1308 574 0 693 712 678 END
START -4012 5212 7320 -109 691 -892 574 0 694 711 679 END
START 924 11308 9680 213 1136 13 574 0 694 712 678 END
START 144 12144 14312 339 1601 73 574 0 693 712 679 END
START -3044 12252 17708 329 971 345 574 0 694 712 678 END
START -5776 12208 21044 -374 -1339 840 574 0 693 713 678 END
START -5908 9256 18108 -1375 -1383 722 574 0 692 713 679 END
START -5760 956 13576 -1448 77 -381 574 0 693 712 680 END
START -6468 884 13784 -856 2 -603 574 0 693 713 679 END
START -6384 1524 12356 -539 -200 -618 574 0 692 711 678 END
START -96 8388 5412 565 997 71 574 0 693 713 680 END
START -3656 5156 6816 293 656 -205 574 0 693 712 679 END
START 1280 11396 9508 492 625 268 575 0 693 713 679 END
START 852 12300 13128 429 880 355 574 0 693 712 678 END
START -1520 12596 16816 363 945 314 575 0 692 712 680 END
START -4116 12728 20152 -330 -635 584 575 0 693 712 679 END
START -5548 9344 18320 -1454 -1565 326 575 0 693 713 679 END
START 196 4228 9104 -1646 695 -426 575 0 692 711 679 END