START -2720 11240 10464 -194 1270 127 588 0 681 709 679 END
START -2856 11372 10696 -124 1104 109 588 0 681 708 681 END
START -2592 11508 10680 -147 836 -106 588 0 682 708 681 END
START -2756 11512 10588 -205 752 -161 589 0 681 709 680 END
START -2016 11324 9804 -479 494 -131 588 0 681 708 681 END
START -1800 12380 9544 -491 345 497 589 0 681 709 681 END
START -1496 12304 9420 -550 49 1110 589 0 681 710 681 END
START -1588 8328 8964 -195 167 350 590 0 681 709 681 END
START -2648 15668 11024 -96 -373 1184 589 0 682 709 682 END
START -212 11184 8532 442 395 -88 589 0 682 710 682 END
START 900 5572 8108 -756 992 -92 589 0 682 710 682 END
START -7652 7904 12608 -1420 845 664 589 0 682 711 682 END
START -1012 9352 6712 -1271 379 414 590 0 682 711 682 END
START -4664 5772 11444 -1156 279 489 589 0 683 710 681 END
START -3132 5180 10136 -922 -1000 -200 589 0 683 710 682 END
START -840 11644 3148 -117 -458 -445 590 0 682 710 682 END
START 4972 16044 5380 -57 1055 -89 590 0 683 710 682 END
START 3848 16392 5756 -58 981 -247 590 0 683 711 682 END
START 4168 17316 6636 -316 -328 -176 590 0 682 711 683 END
START -756 19620 13604 -990 -2878 31 590 0 683 711 682 END
START -3284 18668 13468 -1794 -5599 38 590 0 684 711 682 END
START 5904 14888 2784 -2237 -4792 -346 590 0 684 711 682 END
START 1208 11164 6416 -2085 -4218 -1367 590 0 685 712 682 END
START 1508 12056 3100 -1246 -4956 -2685 591 0 686 712 682 END
START 5572 16512 1100 -198 -3633 -1784 591 0 686 711 683 END
START 2940 19288 10848 -906 -5836 -1231 592 0 688 712 683 END
START -588 16328 8892 -2107 -7322 -970 593 0 688 712 683 END
START 3176 12528 3636 -2461 -6050 -1170 593 0 690 713 683 END
START -1860 7872 8372 -2338 -6477 -1792 593 0 691 713 683 END
START 2164 13232 -140 -2026 -3578 -1042 593 0 691 713 683 END
START -1896 17556 13824 -3179 -3749 -267 594 0 691 713 683 END
START 2128 12776 4656 -4663 -3903 -423 595 0 692 713 683 END
START -2444 7920 10336 -4852 -4109 -1263 595 0 693 713 683 END
START 236 11256 3484 -3617 -4899 -2283 596 0 692 714 683 END
START 5108 15884 6440 -3314 -3167 -1766 596 0 693 713 684 END
START -3500 15400 14784 -4966 -5129 -1837 595 0 693 713 684 END
START -1996 6484 12520 -5740 -1933 -3157 595 0 693 713 684 END
START -3776 5248 12328 -4799 -2333 -4553 595 0 694 714 683 END
START 5456 15132 9000 -4197 -1782 -3332 595 0 693 713 684 END
START -3436 13944 14164 -5670 -4455 -3080 595 0 694 713 684 END
START -3292 4888 13716 -6008 -3719 -4865 594 0 694 714 684 END
START 616 10296 6192 -4395 -3257 -5591 595 0 694 713 684 END
START 2464 14676 13052 -3787 -1811 -4704 594 0 695 714 684 END
START -1708 12352 14244 -4977 -3773 -4405 594 0 694 714 684 END
START -2784 3688 12524 -4717 -1278 -5916 595 0 694 713 685 END
START 640 9184 5240 -2865 -388 -6453 594 0 694 714 684 END
START 600 9284 5884 -2395 102 -5792 593 0 695 714 685 END
START 2700 13252 13092 -2502 -118 -5336 594 0 694 713 685 END
START -6404 13576 22020 -3793 -2523 -4644 594 0 694 713 685 END
START -5088 1444 14684 -3990 -598 -5573 594 0 694 713 685 END
START -3872 3196 10708 -2911 -947 -6106 594 0 694 713 685 END
START 1980 13620 13092 -2469 -137 -4702 593 0 695 714 684 END
START -6048 13636 21792 -4043 -4122 -3761 593 0 694 714 685 END
START 1932 6428 7760 -4942 -2428 -3632 593 0 694 713 685 END
START -4520 -88 12676 -4502 -2442 -3995 593 0 695 714 684 END
START -1812 4736 5708 -3656 -1484 -4042 593 0 694 713 685 END
START 1300 12984 14432 -3879 -633 -3287 593 0 695 713 684 END
START -6020 12824 20936 -5480 -4065 -2800 594 0 695 714 684 END
START 1232 4460 8312 -6147 -3212 -3389 595 0 694 713 685 END
START -5172 -460 13044 -5850 -3988 -5001 595 0 694 713 685 END
START -516 5056 5508 -4901 -414 -4260 595 0 695 714 684 END
START 1732 10620 9732 -5282 964 -4338 595 0 694 713 685 END
START -3576 10840 21680 -6572 -1867 -3623 595 0 694 712 685 END
START 528 1904 10508 -6111 -198 -4036 596 0 695 714 684 END
START -4416 -2948 14212 -4672 419 -4560 596 0 694 712 685 END
START -2160 4312 8140 -2725 1882 -4093 596 0 694 713 684 END
START -136 9240 15800 -2266 619 -2848 596 0 694 713 685 END
START -8340 8604 24852 -1838 -998 -1095 596 0 695 713 684 END
START -1228 720 10036 -1079 976 -964 596 0 695 713 684 END
START -6116 -1484 14468 -189 1277 -983 596 0 695 714 684 END
START -3100 3996 7572 1180 1779 -997 596 0 695 713 684 END
START 1400 10828 10304 1501 2603 -267 596 0 695 713 684 END
START -3828 13020 20444 736 854 778 596 0 695 713 684 END
START -4936 13408 22188 -164 -1456 1243 596 0 695 714 684 END
START 1780 5496 7824 -1257 -412 1043 596 0 694 713 685 END
START 736 4612 8496 -1546 82 248 596 0 695 713 684 END
START 300 3468 8484 -1682 166 -31 596 0 695 713 684 END
START 112 2796 9656 -1423 946 -176 596 0 695 713 684 END
START -2036 2108 11432 -1298 1112 -674 596 0 695 713 684 END
START -1572 7712 7472 -237 796 -1130 596 0 695 712 685 END
START -548 8908 7676 162 1301 -271 597 0 694 713 685 END
START -352 13400 17388 190 1383 264 597 0 694 713 685 END
START -2432 13604 19652 -127 -52 832 596 0 695 713 685 END
START -7212 10824 21672 -846 -2371 1382 597 0 694 713 685 END
START 736 5724 8616 -1041 -492 814 597 0 695 713 685 END
START -3796 1412 12576 -1020 -513 777 597 0 695 712 685 END
START -4348 2496 10844 -451 -384 154 597 0 695 714 684 END
START -4144 3388 10028 195 -240 146 598 0 694 713 686 END
START 532 9744 7080 456 -102 398 598 0 695 714 685 END
START 1476 10892 8316 268 -171 262 598 0 695 714 685 END
START 2108 11396 9200 142 87 438 598 0 695 713 685 END
START 2668 11712 9972 48 436 192 597 0 695 713 685 END
START -1120 7812 5876 -16 384 -204 598 0 694 713 685 END
START -548 8332 6108 41 405 6 597 0 695 713 685 END
START -4016 3148 10348 -363 -127 -668 598 0 694 713 685 END
START 96 9060 6784 -89 260 124 597 0 695 714 685 END
START 556 9600 6864 -110 -162 -396 598 0 694 713 685 END
START 1124 10252 8468 63 -109 -267 598 0 694 713 686 END
START 1812 11024 10216 103 -272 224 598 0 695 712 685 END
START -3304 12768 20328 -234 -1058 642 598 0 694 713 685 END
START -5316 9144 19500 -1205 -3339 1226 598 0 694 713 686 END
START 1912 4600 8000 -1227 -514 300 598 0 694 713 686 END
START -4296 840 12640 -910 -1178 -276 598 0 695 714 685 END
START -3128 4676 7940 -287 -1826 -608 597 0 694 713 685 END
START 2816 11308 8696 -72 -775 212 598 0 694 713 685 END
START 2528 12108 10180 -436 -119 294 597 0 695 714 685 END
START -4180 13272 21832 -1229 -1824 587 598 0 694 713 685 END
START -4108 9304 17484 -1989 -1919 192 598 0 695 713 685 END
START -3456 1320 12436 -1743 -96 -837 598 0 694 714 685 END
START -3572 5024 9140 -884 -183 -1616 599 0 694 713 686 END
START 2428 11868 10352 -170 978 -1070 598 0 694 714 685 END
START -4576 13324 22532 -771 -335 -86 598 0 694 713 686 END
START -3632 9008 16812 -1521 -1802 69 598 0 695 714 685 END
START 540 3792 8732 -1337 75 -300 598 0 695 714 685 END
START -1156 3004 10348 -1225 149 -359 598 0 693 713 685 END
START -5296 2112 12236 -640 175 -1107 598 0 695 713 685 END
START 100 9396 6692 421 758 -751 598 0 694 714 686 END
START -3256 5756 7820 550 617 -589 598 0 695 713 685 END
START 1724 12236 11604 748 433 26 598 0 695 714 685 END
START 1340 13064 14040 705 529 223 599 0 694 713 684 END