START -5488 -3684 13240 968 -1194 -266 569 0 548 607 564 END
START -5716 -4008 13704 1624 -1310 -310 569 0 549 606 565 END
START -5476 -5328 12816 5268 -1114 181 569 0 549 606 564 END
START -6596 -3820 14216 7514 -2564 -709 569 0 548 606 563 END
START -8072 -3412 14944 10234 -3329 -914 569 0 548 604 562 END
START -5300 -332 14432 10871 -2173 -614 569 0 548 604 561 END
START -3080 308 13512 5109 -378 -290 569 0 548 603 560 END
START -1544 456 11116 1859 506 -64 568 0 547 603 560 END
START -1376 -4948 11760 711 -166 -658 568 0 547 603 559 END
START -8748 -764 18276 1221 -1797 46 568 0 547 602 559 END
START -760 -1776 12416 1224 -567 617 569 0 547 603 559 END
START -4184 -4108 13472 1095 -1035 741 568 0 547 603 559 END
START -6624 -7264 16576 417 -264 -102 568 0 548 603 558 END
START -5616 -4032 11904 446 -174 -420 568 0 548 603 558 END
START -1100 2612 10068 575 2536 419 568 0 548 604 559 END
START -3364 3676 14532 -666 1799 908 568 0 549 604 559 END
START -11936 2400 24668 -2384 -1537 671 568 0 550 604 561 END
START -7040 -7264 20496 -2103 -2864 -1916 569 0 550 606 562 END
START -1284 600 8580 -3178 -2072 627 570 0 552 606 564 END
START 3136 -996 7676 1300 -936 2630 572 0 554 609 566 END
START -13808 -6992 26532 11314 -8151 5804 575 0 558 610 567 END
START -11384 -9468 23412 18702 -10600 3601 579 0 562 611 569 END
START -3572 6484 17512 18362 -7186 4553 582 0 567 612 570 END
START -1384 -152 15132 14702 -7016 3003 584 0 574 614 571 END
START -6124 -3892 15208 15392 -4848 1295 586 0 582 619 573 END
START -5880 6096 20472 15956 -4146 3764 589 0 591 626 577 END
START -5100 -1764 17568 15804 -3806 2628 592 0 604 635 581 END
START 32 4792 9048 16930 -2159 2409 594 0 618 646 586 END
START -2504 7288 16308 18724 -1490 3262 597 0 629 654 592 END
START -376 768 12608 17693 -1567 3327 600 0 640 661 598 END
START -7180 -768 13324 17819 108 2809 601 0 649 667 603 END
START 224 9536 9456 19273 3422 4584 607 0 656 670 609 END
START -6224 11088 17156 17743 -960 6705 609 0 662 674 615 END
START -680 3232 11452 14639 -2956 5771 608 0 668 678 621 END
START -4780 380 12440 14905 200 5642 611 0 673 682 628 END
START -3808 10360 5684 14889 1070 7674 616 0 676 684 634 END
START -4400 11544 17404 13719 -5244 5371 615 0 678 688 640 END
START 1484 3744 8608 12795 4281 6826 618 0 681 691 643 END
START -7612 2104 11172 12619 5895 6465 620 0 683 693 650 END
START -84 10804 2956 13347 6439 6825 621 0 684 696 654 END
START -4028 15604 13936 12672 3426 8035 621 0 685 698 656 END
START -5964 13060 14984 10624 -1750 8322 623 0 686 699 660 END
START -2780 4312 9632 9724 -365 6476 624 0 687 700 662 END
START -2572 8024 5008 9700 293 5941 624 0 687 701 664 END
START -1332 8736 2192 8980 2339 4945 624 0 687 703 666 END
START 4804 15584 4332 7897 4018 4569 623 0 689 704 668 END
START -1648 17396 13688 6113 3153 4260 624 0 689 704 671 END
START -1920 13340 10288 4647 1760 3603 623 0 690 705 671 END
START 3388 9340 2736 3840 2589 2368 622 0 690 706 672 END
START -2932 5528 7988 3432 1285 1601 621 0 691 706 673 END
START -1596 6284 5640 3078 -39 606 619 0 690 708 674 END
START -952 6420 6124 2530 -544 -110 616 0 691 708 674 END
START -1572 7120 5928 2272 130 -592 613 0 691 708 675 END
START 1564 13376 -396 1931 964 -1304 611 0 691 709 675 END
START 872 13392 4 1466 984 -1505 609 0 692 709 676 END
START 300 13400 420 1135 -735 -2073 609 2 692 710 676 END
START 3964 18608 5304 791 -1822 -2180 608 0 693 711 676 END
START -312 20084 11284 -12 -3783 -1542 608 0 693 710 676 END
START -4044 18648 12940 -943 -5937 -952 609 0 692 711 676 END
START 1852 11152 3856 -1051 -4192 -1011 609 0 692 711 676 END
START -2996 8268 8984 -790 -5335 -1857 607 0 692 711 676 END
START -1300 10752 5020 -412 -6515 -2142 607 0 692 710 677 END
START 3612 20912 8460 -1082 -6672 -1138 606 0 693 711 676 END
START -1980 20696 14076 -2341 -9581 -840 607 0 693 711 676 END
START 4720 13004 1392 -2249 -6561 -1487 608 0 692 711 676 END
START -1848 7836 7732 -1504 -7322 -2317 608 0 693 711 676 END
START 1124 14568 1568 -902 -8124 -1599 609 0 692 711 677 END
START 268 21856 12292 -1879 -9939 -1037 609 0 692 712 676 END
START -3440 19060 13516 -3122 -11812 -1390 610 0 692 712 676 END
START -2112 6576 9684 -2652 -8108 -3436 610 0 693 711 676 END
START -720 9672 5692 -1712 -8052 -4448 610 0 693 712 676 END
START 4204 17360 2696 -1444 -7162 -2985 611 0 692 711 676 END
START -2692 19288 15348 -3395 -9630 -2327 611 0 693 712 676 END
START 3540 10636 4140 -4076 -7712 -3665 612 0 693 711 677 END
START -1644 5760 10620 -3955 -7118 -5897 613 0 693 711 676 END
START 1260 12456 5268 -3416 -6317 -6650 615 0 693 712 677 END
START -980 17644 17004 -4267 -6167 -5225 614 0 693 711 676 END
START 3784 8968 5712 -4752 -5239 -5388 615 0 694 711 676 END
START -1248 4124 10916 -4577 -4421 -6668 615 0 693 711 677 END
START 1140 10972 6048 -3864 -4779 -7224 616 0 693 712 677 END
START 3812 15764 12120 -4843 -4075 -5692 615 0 693 712 677 END
START -2060 9456 13568 -6449 -5832 -6191 615 0 694 711 677 END
START -2784 384 14236 -5757 -3679 -8030 616 0 693 711 677 END
START -1840 4988 8776 -4303 -1574 -7775 616 0 693 712 677 END
START -2548 13644 19592 -4638 -2018 -5875 617 0 693 712 677 END
START 216 3708 8976 -4571 -1761 -6170 617 0 694 712 677 END
START -4752 -820 14964 -3550 -2149 -6893 618 0 693 712 678 END
START 1408 11736 13032 -2696 -823 -5686 618 0 693 712 678 END
START -6208 11716 22304 -3405 -2346 -4411 618 0 693 712 678 END
START -6112 -1372 15516 -1741 997 -5173 619 0 693 712 678 END
START -2724 7192 8868 266 1004 -4252 618 0 693 712 678 END
START -1280 14164 17892 426 131 -2217 619 0 693 712 678 END
START -7848 11292 19848 -263 -2776 -852 619 0 694 711 679 END
START 0 6104 7004 -23 -154 -1321 618 0 693 713 678 END
START 60 5772 6664 -85 333 -1287 619 0 693 712 679 END
START -700 4788 7016 -248 549 -1036 619 0 693 712 679 END
START -1368 4148 8504 -88 780 -1237 619 0 693 712 679 END
START -5024 2980 11348 208 271 -1148 619 0 693 713 678 END
START -284 10348 5584 682 302 -800 619 0 693 712 678 END
START 556 12164 5764 724 525 -289 618 0 694 711 678 END
START 1728 14084 7616 613 373 -161 619 0 694 711 679 END
START 2708 15632 9352 149 374 290 618 0 694 713 678 END
START 1792 16452 11784 -179 24 593 618 0 694 711 678 END
START -404 17136 15116 -720 -787 1056 619 0 694 712 679 END
START -5248 13624 16160 -1694 -2012 1299 619 0 694 712 678 END
START -2816 3840 9724 -1415 -334 0 619 0 693 713 679 END
START -4348 3280 11412 -1280 -570 -261 619 0 693 713 679 END
START 2544 14836 8340 -727 206 178 619 0 693 712 679 END
START 1924 15916 10776 -897 11 837 620 0 694 713 680 END
START 680 16796 14504 -1354 -1172 1351 619 0 694 712 678 END
START -5984 13968 17376 -2411 -3107 1777 620 0 693 712 679 END
START -2156 4584 9860 -1866 -941 299 620 0 694 711 679 END
START -3156 6176 9204 -1112 -817 -132 620 0 694 712 680 END
START 2824 14340 7420 -711 564 431 620 0 693 713 680 END
START 3396 15604 10228 -920 452 595 620 0 694 713 679 END
START -4136 16632 19336 -1404 -1058 1001 621 0 693 712 680 END
START -1528 11452 11544 -2064 -710 711 620 0 694 712 679 END
START -4216 3744 12780 -1605 340 -590 619 0 694 712 679 END
START -1784 8732 6600 -648 109 -1082 618 0 694 712 679 END
START -1116 10028 5904 -82 877 -615 618 0 695 712 679 END