START -2684 11384 9880 -940 -531 -110 580 0 688 713 680 END
START -2752 11328 9816 -988 -546 -107 579 0 689 712 680 END
START -2656 11364 9672 -1008 -453 -174 579 0 689 713 680 END
START -2592 11500 9772 -989 -36 -208 580 0 688 712 681 END
START -2848 11480 9880 -923 -34 -360 580 0 688 712 681 END
START -2624 11260 9632 -758 -88 -393 580 0 689 713 680 END
START -2828 13708 10384 -660 -187 150 580 0 688 712 681 END
START -3552 10492 10300 -1557 -899 399 580 0 690 712 680 END
START -2816 15168 11376 -387 -599 311 580 0 689 712 680 END
START -520 10388 5292 43 669 -381 581 0 688 713 681 END
START 2228 5072 6116 -1031 827 -614 581 0 688 712 681 END
START -8256 6104 13396 -1252 -502 -342 581 0 688 712 681 END
START -2676 8212 5412 -558 992 -629 581 0 688 712 681 END
START -5412 7316 8024 -268 -54 -626 581 0 688 713 680 END
START 1964 12692 1448 -72 1000 -459 581 0 688 712 681 END
START -36 12912 2944 11 1196 -266 581 0 688 712 681 END
START -628 13152 4308 -57 1599 -125 581 0 690 712 681 END
START 68 16692 13328 -154 1873 277 581 0 688 712 681 END
START -1500 16824 14932 -92 413 463 581 0 689 713 680 END
START -2652 17168 15948 -301 -1191 910 581 0 688 712 681 END
START -1240 12352 8328 -1120 -2554 1016 581 0 688 713 681 END
START -1060 8004 7156 -1116 -758 279 581 0 689 712 680 END
START -5896 5576 11952 -797 -948 -482 581 0 688 713 681 END
START -1484 10796 3644 128 -357 -665 581 0 689 713 680 END
START 2600 16112 4284 838 359 -231 581 0 688 712 681 END
START 3420 17060 5308 1342 357 385 581 0 689 713 681 END
START 3588 17836 6628 1634 -304 920 581 0 689 712 680 END
START -2608 20132 16116 1858 -2451 1355 582 0 688 713 681 END
START -4588 18484 15380 1450 -5523 1987 582 0 688 712 681 END
START 156 11260 6964 1688 -3538 1449 581 0 689 712 680 END
START 44 11232 6472 1966 -4306 921 582 0 689 714 680 END
START -2188 9224 7952 1793 -5166 674 582 0 688 713 681 END
START -1552 9304 7516 1682 -5331 337 582 0 688 713 682 END
START 2324 14432 -1136 1843 -4305 380 583 0 689 713 682 END
START 5572 18120 3864 1327 -3937 817 583 0 690 713 682 END
START -948 19784 13716 531 -5977 1103 583 0 690 713 682 END
START -4408 18356 14552 -610 -7682 1149 582 0 690 713 682 END
START 92 10552 5756 -1324 -5794 350 583 0 691 713 682 END
START 492 10652 6224 -1838 -5750 -245 583 0 692 714 682 END
START -3308 7880 10476 -2052 -5538 -1514 583 0 693 713 682 END
START 2756 15880 2356 -1155 -3491 -1763 583 0 692 714 683 END
START 1792 18980 12604 -1978 -5177 -974 583 0 693 714 682 END
START -520 14704 9828 -2978 -6110 -1565 583 0 693 714 682 END
START -3720 6588 11428 -3062 -4178 -2427 584 0 693 715 683 END
START -2688 8548 8120 -2370 -3549 -3441 583 0 693 714 683 END
START 2644 17808 11840 -2928 -3124 -2766 584 0 694 713 684 END
START -1056 13420 10672 -5003 -5268 -2641 584 0 694 713 683 END
START -3200 4696 11004 -5203 -2427 -4517 583 0 694 714 683 END
START 2040 12208 3380 -4277 -2138 -5025 584 1 694 714 683 END
START 2212 16168 13212 -5312 -3191 -4356 584 0 694 713 684 END
START -1032 11088 11876 -7499 -4943 -4523 583 0 694 714 683 END
START -3312 2372 12100 -7693 -1356 -6236 584 0 693 714 683 END
START 1412 9576 4904 -6540 641 -6339 583 0 694 713 684 END
START -232 12824 15604 -6619 -96 -5874 584 0 694 714 684 END
START -6876 11172 20756 -7924 -4106 -4954 584 0 694 713 684 END
START -1720 2508 10564 -8244 -2402 -5450 583 0 695 714 684 END
START -1900 5880 6036 -7284 -2641 -6056 584 0 694 714 684 END
START 1980 11436 11064 -7543 -2579 -5003 584 0 695 714 684 END
START -2324 7212 13820 -8664 -2744 -4641 584 0 695 714 684 END
START -5560 -1052 13680 -8100 -812 -5913 584 0 694 714 684 END
START 728 8204 8944 -6577 -524 -5294 584 0 694 713 684 END
START 636 9408 11732 -6522 -2025 -4063 584 0 694 713 685 END
START -5328 6924 17896 -7347 -4912 -3156 584 0 695 714 684 END
START 216 1080 8624 -6936 -1197 -4194 584 0 694 714 684 END
START -3836 3280 8304 -5396 -42 -4380 585 0 695 715 684 END
START 592 10284 13684 -4263 550 -3090 585 0 695 714 684 END
START -8488 9248 23356 -4767 -2956 -1696 585 0 695 713 684 END
START 632 3308 9508 -4781 -1863 -1680 585 0 695 714 684 END
START -4600 -1272 13532 -3832 -964 -2333 586 0 694 713 685 END
START 2708 9908 10988 -2669 1384 -964 586 0 694 713 684 END
START -6752 11100 24032 -3325 -1497 9 586 0 694 713 685 END
START 240 5280 12092 -3237 -377 -58 586 0 695 714 684 END
START -3940 -436 12840 -2656 581 -613 587 0 694 713 685 END
START -3636 3196 8820 -1260 362 -1532 586 0 695 714 684 END
START 2184 11256 11160 -370 1876 -583 586 0 695 714 684 END
START -6704 11808 23424 -1190 -313 533 586 0 694 713 685 END
START 240 5920 11668 -1919 153 625 586 0 695 714 684 END
START 1760 4012 7948 -1656 774 170 587 0 694 713 685 END
START 920 2412 8084 -1276 915 -185 586 0 695 714 684 END
START -5168 892 12932 -841 518 -748 587 0 694 714 684 END
START -3776 3552 10248 -338 558 -814 587 0 694 713 685 END
START 2956 11696 9512 -86 1419 113 587 0 694 713 685 END
START 2324 12816 12812 -520 1214 515 586 0 695 714 684 END
START -7104 11536 22776 -1464 -1015 728 587 0 694 713 685 END
START 1216 5760 9408 -1723 909 -18 587 0 694 713 685 END
START -3176 1272 12420 -1587 801 -388 587 0 695 714 684 END
START -3756 3832 9712 -811 285 -1089 586 0 695 714 684 END
START -2528 5636 6820 -173 1121 -692 587 0 694 713 685 END
START 2008 11876 10720 -275 1262 196 587 0 694 713 685 END
START -5432 13100 22712 -1029 -1805 694 587 0 694 713 684 END
START -3892 9000 16872 -1738 -1415 482 587 0 694 714 684 END
START -4120 896 12864 -1692 371 -623 587 0 694 713 685 END
START -4200 2712 10444 -1240 807 -1077 587 0 695 715 684 END
START -352 8736 6840 -155 983 -615 587 0 694 713 685 END
START 860 9964 8400 -31 -19 95 587 0 694 713 685 END
START -2556 6180 6496 -70 -784 -116 587 0 695 713 684 END
START 1792 12100 11468 -157 -108 458 587 0 695 714 684 END
START 1200 12888 14496 -824 -267 862 587 0 694 713 685 END
START -7364 11708 22956 -1676 -1968 962 587 0 694 713 685 END
START -260 2732 9568 -1658 273 31 587 0 695 714 684 END
START -1600 1784 11320 -1363 -88 70 588 0 694 714 684 END
START -3920 844 13032 -915 -480 -502 588 0 694 714 685 END
START -4024 3220 10236 -91 -38 -804 588 0 695 713 684 END
START 1328 9752 6912 381 1203 -592 588 0 693 713 685 END
START 1992 11072 8708 494 1893 -560 588 0 695 714 684 END
START 2164 11884 10212 143 1378 -226 588 0 694 714 684 END
START -4352 13448 21292 -747 -1338 276 588 0 693 713 685 END
START -4884 9636 18132 -1618 -1587 58 587 0 695 714 684 END
START 1892 5292 7952 -1811 733 -679 588 0 694 713 685 END
START -4500 976 12960 -1880 1204 -1278 588 0 695 714 684 END
START -4220 2812 10268 -960 1060 -1745 588 0 694 713 685 END
START -456 8688 6752 -293 1404 -516 588 0 694 713 685 END
START -556 12300 16568 -438 -15 168 588 0 695 713 684 END
START -1620 12536 17740 -838 -1459 975 588 0 695 714 684 END
START -1212 6692 12004 -1740 -1505 1228 589 0 694 713 685 END
START -2040 2424 10336 -1755 636 502 588 0 695 714 684 END
START -5816 700 13528 -1324 141 -4 589 0 694 713 683 END
START -5572 1448 12540 -769 -518 -13 589 0 694 713 685 END
START 384 8412 6432 52 110 246 589 0 694 713 685 END
START -3352 4240 9056 -19 274 -83 589 0 694 714 684 END