START 3096 16376 2432 891 -178 4106 481 0 408 419 668 END
START 3436 16044 2208 879 -344 4053 481 0 408 420 668 END
START 3396 15756 1924 1139 -586 3893 481 0 409 420 669 END
START 3200 16136 1808 1422 -698 3276 482 0 410 421 669 END
START 3272 15084 2580 1535 -944 2772 482 0 411 422 669 END
START 2632 15524 3260 1039 -1563 3141 483 0 411 423 670 END
START 1848 15052 2688 1003 -3095 3930 484 0 412 423 670 END
START 1260 18440 4944 294 -6058 5132 484 0 412 424 671 END
START 3392 13252 1276 722 -6175 4121 485 0 412 425 670 END
START 5688 12940 3316 -9 -5096 3841 485 0 412 425 671 END
START 6688 16564 1724 370 -1795 4143 486 0 412 426 671 END
START 9916 18604 1088 942 1675 3989 487 0 412 426 672 END
START 4820 19060 4768 1415 2826 3601 487 0 412 426 672 END
START 5544 18528 3696 1414 3148 3212 487 0 411 426 672 END
START 2460 19356 6520 871 1900 2883 488 0 412 426 673 END
START 6772 18076 3276 336 1255 2426 488 0 412 427 673 END
START 5928 18524 4888 -424 447 2097 489 0 413 427 674 END
START 4256 16172 2780 -853 -404 1696 489 0 413 427 674 END
START 4640 11464 4788 -1431 -1350 558 489 0 413 428 674 END
START 2356 9428 1176 -852 -1500 -303 490 0 413 429 674 END
START 6816 12132 -4320 393 -1071 -871 489 0 414 429 674 END
START 5884 19000 1816 1425 -101 -560 490 0 414 429 675 END
START 3088 20232 4648 859 -3186 -6 490 0 415 429 674 END
START 6068 20460 4992 234 -4878 341 491 0 416 430 674 END
START 7908 20216 3992 -600 -5224 541 491 0 416 430 675 END
START 4556 16768 4912 -1161 -6103 486 492 0 416 430 675 END
START 2628 13420 4160 -1041 -7988 526 492 0 416 430 675 END
START 8152 17044 -2296 309 -8408 1348 491 0 415 430 675 END
START 6040 23120 3160 734 -9244 3292 491 0 413 430 675 END
START 8712 23248 4268 618 -8361 4084 489 0 413 429 675 END
START 6540 20276 3276 959 -6711 4409 489 0 411 429 674 END
START 6572 18344 4788 1406 -5369 4334 489 0 411 428 675 END
START 3820 14764 172 3097 -4405 4445 489 0 411 428 675 END
START 11816 18592 -5040 4736 -2694 6001 488 0 411 429 675 END
START 7132 23952 2672 4261 -5869 8468 488 0 410 429 675 END
START 6120 19420 888 2578 -8650 8633 488 0 411 429 675 END
START 8904 16152 984 1466 -8987 7931 488 0 412 430 675 END
START 8388 11844 -5228 2209 -6935 6133 488 0 412 430 675 END
START 11868 19892 -2820 3582 -2382 6165 489 0 412 430 675 END
START 11684 19932 544 2100 -3054 5758 489 0 413 430 676 END
START 10072 15832 280 455 -2741 3644 490 0 413 430 676 END
START 8508 10928 -1544 610 -1205 1797 490 0 413 431 677 END
START 12688 14660 -7444 1801 995 365 491 0 413 432 676 END
START 6352 20904 112 1750 251 541 491 0 414 431 676 END
START 6128 20996 1128 1070 -1179 -150 492 0 413 431 676 END
START 9960 17804 -308 -190 -1159 -1433 493 0 414 432 676 END
START 10988 11084 4016 -1297 1001 -4455 495 0 414 432 676 END
START 14296 15544 -8968 263 6835 -6854 497 0 414 432 676 END
START 5284 19788 468 230 7623 -7089 499 0 414 432 676 END
START 5740 18100 1620 -633 5794 -8221 500 0 413 432 676 END
START 3572 14524 3236 -1553 2371 -10317 502 0 415 432 676 END
START 3796 9212 -5564 -596 2629 -11858 503 0 415 433 676 END
START 6480 15420 -4008 532 4422 -11197 505 0 416 433 676 END
START 2512 15824 2276 -572 2230 -11275 508 0 417 433 676 END
START 1948 8772 7488 -2187 -502 -12698 511 0 417 434 677 END
START 1032 8428 -6724 -984 505 -13901 513 0 419 434 676 END
START 3712 15492 -4164 34 1412 -11703 515 0 419 436 676 END
START 2616 17188 2296 -930 1731 -9906 519 0 420 436 677 END
START -1712 12364 4800 -2377 1440 -10291 521 0 420 436 677 END
START 1056 8604 -8116 -462 2894 -11813 522 0 420 436 676 END
START -1560 15864 -1848 161 2015 -11847 524 0 420 437 676 END
START -2188 13380 2696 -1253 -1388 -11574 526 0 421 437 676 END
START 1640 7624 -7528 -295 -1234 -12791 528 0 422 437 677 END
START 504 17716 1384 959 1933 -11060 529 0 423 438 677 END
START 1652 16696 1292 -246 2743 -10927 532 0 423 438 676 END
START 668 6660 5424 -1382 1878 -12764 534 0 422 438 676 END
START 2996 8084 -9876 353 4907 -14487 535 0 422 438 677 END
START -896 15788 -1848 1699 6525 -14484 535 0 422 439 677 END
START 612 15324 968 546 3302 -13754 537 0 422 439 677 END
START -2304 8828 6200 -299 427 -14633 539 0 423 439 676 END
START -3264 7492 -6856 219 -1026 -16336 539 0 423 439 676 END
START 3072 13696 -6568 1447 2047 -15817 541 0 423 439 677 END
START -2008 13072 744 -95 666 -15705 542 0 423 440 677 END
START -2036 5720 6588 -661 16 -16976 542 0 423 440 677 END
START -5268 5928 980 -247 697 -18342 542 0 423 440 676 END
START 1232 10164 -8772 595 3680 -17172 543 0 425 441 676 END
START -7816 15300 504 -458 860 -15327 544 0 426 442 677 END
START -8424 7080 5080 -1620 -2365 -14893 543 0 428 442 676 END
START -9612 4936 -6164 -137 -2212 -16175 544 0 428 443 676 END
START -7888 15412 -872 485 744 -15898 544 0 428 444 676 END
START -5716 13140 -672 -640 1123 -15742 545 0 428 443 677 END
START -9792 5592 1652 -1406 -147 -17121 546 0 428 444 677 END
START -5052 9244 -9012 180 1312 -16632 548 0 429 444 677 END
START -7860 14376 116 -421 -1350 -16224 548 0 429 444 677 END
START -10780 10628 1908 -1737 -3476 -15812 549 0 429 444 676 END
START -3912 8124 -9588 -402 -2814 -17604 550 0 428 445 676 END
START -10012 13632 -1116 196 -980 -17279 551 0 429 445 677 END
START -9088 10056 1072 -1213 -444 -16812 551 0 428 445 677 END
START -12184 3200 -2564 -773 1209 -18857 552 0 428 446 677 END
START -12636 10312 -2284 1039 5405 -18610 553 0 428 445 677 END
START -11520 9056 912 -334 6617 -17815 554 0 428 445 677 END
START -13684 2924 4776 -1192 4579 -18161 555 0 428 445 676 END
START -9632 4732 -10604 64 6227 -18147 557 0 429 445 677 END
START -17616 9204 -124 64 2690 -16085 558 0 429 446 677 END
START -13340 7304 -8 660 482 -14721 561 0 429 446 677 END
START -16608 3232 4220 820 -1228 -15208 561 0 429 446 677 END
START -15412 900 -2360 1418 1774 -15583 563 0 429 446 677 END
START -16076 7776 -2852 1605 5800 -14345 563 0 429 446 677 END
START -16920 4260 948 589 4615 -12735 563 0 430 447 677 END
START -16152 -2428 4124 480 2314 -14103 563 0 429 447 677 END
START -12996 -1164 -14152 2846 5173 -14431 564 0 430 447 677 END
START -14232 4176 -1672 2317 1760 -12596 565 0 430 447 677 END
START -17296 -2188 -1712 1826 -1883 -13202 565 0 431 447 677 END
START -17532 5032 -3004 2857 540 -12782 565 0 431 448 677 END
START -11808 3860 -2180 1218 509 -12441 566 0 431 448 677 END
START -15352 -4532 1396 739 452 -13400 565 0 432 448 677 END
START -12152 -1896 -12980 1850 3975 -12830 566 0 432 441 677 END
START -16196 1300 -1916 201 2170 -11725 566 0 432 448 677 END
START -16316 -6280 4160 -104 361 -12564 567 0 433 450 677 END
START -15336 964 -6576 2387 4437 -11715 568 0 434 450 677 END
START -16800 3044 -952 1519 2726 -10644 569 0 434 451 676 END
START -18224 -5980 4804 688 -13 -11463 569 0 434 451 677 END
START -16784 -4116 -14988 2290 1821 -10183 570 0 434 451 675 END
START -19700 -496 -3392 1647 -2016 -7191 570 0 434 450 676 END
START -20324 -6852 4468 1296 -3903 -8031 571 0 434 451 676 END
START -14244 -944 -9804 2707 1574 -7546 571 0 434 451 676 END
START -17272 856 -3204 871 1420 -6297 571 0 434 451 677 END
START -22884 -5628 2340 -548 199 -6789 572 0 434 451 676 END
START -22224 -5776 -11564 462 1061 -7156 572 0 434 451 676 END
START -25100 2312 -2200 798 1803 -4103 572 0 434 451 676 END