START 6464 15056 544 -1109 -287 -879 472 0 400 428 677 END
START 6240 15128 452 -1107 -430 -837 472 0 401 429 678 END
START 6220 15076 424 -1071 -1152 -680 473 0 401 428 678 END
START 6480 15216 184 -1050 -1517 -632 473 0 401 429 677 END
START 6388 14328 -272 -1000 -1160 -633 474 0 401 430 678 END
START 6304 14368 -268 -1125 -108 -530 474 0 402 430 677 END
START 5752 12780 -312 -1068 51 -825 474 0 402 430 677 END
START 5972 14000 -432 -408 -227 -959 474 0 402 430 679 END
START 4768 17628 1752 -2116 -1977 243 475 0 401 431 678 END
START 7396 16200 -1420 -287 -570 -227 475 0 402 431 678 END
START 4940 10364 -3908 -96 -312 -1029 475 0 403 431 678 END
START 5004 9452 1472 -1221 -1209 -1273 476 0 402 431 678 END
START 4236 8944 912 -1497 -213 -1454 476 0 402 432 678 END
START 1568 12860 3488 -1783 -818 -1091 477 0 403 432 678 END
START 5908 9444 2076 -1663 -971 -900 479 0 403 432 677 END
START 5700 9124 416 -1887 -942 -712 480 0 403 432 678 END
START 6056 10476 1912 -1969 -1709 -571 483 0 403 432 678 END
START 6860 9288 892 -1128 -2350 -1321 486 0 403 433 679 END
START 3144 10252 -3056 -310 -1819 -1479 489 0 403 433 679 END
START 13264 16064 -6184 505 705 -1372 491 0 404 434 678 END
START 8700 19528 76 504 -65 -1321 493 0 405 434 678 END
START 10960 19128 -1716 935 864 -2043 496 0 405 433 678 END
START 6960 21652 5688 457 -391 -1380 497 0 406 435 680 END
START 8728 21296 5412 -163 -1200 -992 498 0 406 435 679 END
START 9616 19720 2128 -779 -2689 -1134 497 0 406 435 679 END
START 8940 16628 1320 -1152 -3096 -1604 495 0 406 435 679 END
START 3520 12680 -5500 -253 -3814 -2385 492 0 407 436 679 END
START 9956 16060 -5708 1076 -3616 -1440 491 0 407 435 679 END
START 3144 23136 6688 805 -7398 323 489 0 407 436 679 END
START 3440 22804 5444 287 -8737 1739 488 0 407 435 679 END
START 8772 22220 3020 -223 -8244 2571 487 0 406 435 678 END
START 8092 20100 304 -543 -6966 2850 486 0 408 435 678 END
START 8048 15744 1140 -527 -5197 1920 486 0 407 435 679 END
START 6984 13628 -2996 337 -3541 1104 486 0 407 435 679 END
START 7696 15076 -9120 1423 -2064 686 485 0 408 435 679 END
START 12576 19864 -6948 2170 -1338 898 486 0 408 435 679 END
START 5476 23120 2192 1773 -3781 1395 486 0 408 436 679 END
START 10268 21548 1496 999 -3826 805 486 0 409 437 679 END
START 8552 18600 -68 932 -2938 -501 487 0 409 436 679 END
START 7864 18520 544 967 -954 -2059 488 0 408 437 679 END
START 9272 12812 2080 691 931 -3709 489 0 409 437 679 END
START 7212 11752 528 1200 1176 -4606 490 0 408 437 679 END
START 5240 12084 -9400 1299 2886 -6166 491 0 409 437 679 END
START 5596 19092 -136 2093 3038 -5607 492 0 410 438 680 END
START 8956 18768 324 1157 1939 -6132 494 0 411 438 679 END
START 8748 18648 756 -250 1898 -7971 495 0 410 438 679 END
START 3916 14456 1704 -1451 1512 -9913 496 0 410 438 679 END
START 4740 9164 -1416 -1772 1839 -11954 496 0 411 438 679 END
START 10252 13520 -9116 -1370 3798 -12270 497 0 411 438 680 END
START 6916 16512 312 -2434 1357 -10788 499 0 411 438 679 END
START 1504 12704 1356 -4045 -533 -12263 500 0 412 438 680 END
START -476 7456 -8696 -3918 -22 -14252 500 0 413 439 679 END
START 8696 11320 -8776 -3864 2960 -13924 501 0 413 439 679 END
START 2124 15504 2712 -5386 786 -12876 501 0 413 439 679 END
START 1276 13028 1320 -6468 -85 -12995 502 0 413 439 679 END
START -668 5664 -952 -6590 -352 -15042 502 0 413 439 679 END
START 1048 7400 -8936 -5206 1088 -15772 502 0 413 439 679 END
START 3260 12664 -4468 -4626 542 -15496 502 0 413 439 680 END
START 2388 14508 2612 -5785 -1536 -16016 503 0 413 439 679 END
START 1652 6888 4532 -6771 -1125 -17479 503 0 414 439 680 END
START -3792 5684 -7036 -4904 1153 -19158 503 0 414 440 680 END
START 400 12980 -2856 -3802 2591 -19318 504 0 414 440 680 END
START 592 12920 1972 -4902 2660 -20163 505 0 414 440 680 END
START -4628 8580 3924 -5096 3118 -22029 504 0 414 440 679 END
START -6448 5488 -6952 -3751 4352 -23968 505 0 414 440 680 END
START -640 9260 -6028 -2183 6073 -23904 505 0 415 440 680 END
START -9460 12312 4112 -2112 2619 -23827 505 0 414 440 680 END
START -9384 6248 6680 -2942 -1530 -25875 505 0 415 440 679 END
START -4196 5724 -8416 -2437 348 -26236 504 0 415 441 679 END
START -3584 10548 -3944 -1398 2917 -22955 504 0 416 441 679 END
START -6728 9760 -12 -2221 340 -20631 503 0 416 442 679 END
START -10700 4892 4580 -3136 1544 -22590 503 0 415 442 679 END
START -7240 3480 -9920 -2408 7693 -23882 503 0 416 442 679 END
START -13188 11056 4012 -2794 7860 -21279 502 0 416 443 679 END
START -16204 3800 5492 -3469 2083 -19666 504 0 416 442 680 END
START -12868 1772 -9876 -1359 -687 -19639 502 0 416 442 679 END
START -14556 10632 4344 -1217 -2288 -19350 502 0 416 443 679 END
START -11152 4936 3212 -2839 -609 -21021 501 0 416 443 679 END
START -12344 236 -7792 -1758 5410 -22451 502 0 416 443 680 END
START -15388 7512 3540 -753 6367 -21281 502 0 416 443 679 END
START -13984 6080 3900 -1074 2351 -20954 502 1 416 444 679 END
START -16436 -2232 6132 -506 -1613 -22408 503 0 416 443 679 END
START -10776 512 -8124 890 774 -22418 503 0 417 444 679 END
START -14404 5520 1972 907 -1980 -23404 503 0 416 445 679 END
START -12120 2076 1328 -531 -785 -24677 505 0 416 444 679 END
START -14616 -6084 4268 -749 604 -26832 507 0 416 444 679 END
START -13692 -4284 -9220 951 6435 -28169 508 0 416 445 679 END
START -19764 1264 5376 307 6853 -28188 511 0 416 446 678 END
START -14968 -2800 272 -393 6268 -27686 514 0 417 447 678 END
START -18964 -10768 2052 -584 2528 -26758 516 0 417 448 678 END
START -17364 -3444 -3048 1359 1828 -23557 518 0 417 449 679 END
START -19628 -3940 -660 698 -5603 -19862 521 0 417 450 678 END
START -21496 -10756 -632 786 -8936 -17926 523 0 418 450 678 END
START -16648 -3040 -2612 1388 -3291 -12716 526 0 418 451 678 END
START -15880 -4688 -1948 -1442 -2206 -7382 527 0 418 451 678 END
START -16744 -9616 -13660 -344 1454 -6112 528 0 418 453 678 END
START -23808 -3088 4788 -255 1009 -4429 528 0 419 453 677 END
START -21252 -6584 252 -1008 137 -5146 528 0 420 453 678 END
START -22036 -11288 -7416 -197 -994 -6274 528 0 420 453 678 END
START -24996 -2404 5672 751 669 -4488 528 0 420 453 679 END
START -18400 -3896 444 -799 -936 -2720 528 0 420 453 678 END
START -23664 -8888 3596 -1443 -1923 -1810 529 0 420 453 678 END
START -17992 -9752 -11988 602 145 -1469 529 0 420 454 678 END
START -21892 -2228 6600 484 -809 -265 529 0 420 454 678 END
START -14932 -4972 -124 -553 -947 -223 530 0 420 454 678 END
START -20372 -10056 4848 -1100 -1922 -642 530 0 420 454 678 END
START -14764 -8912 -11500 625 872 -360 529 0 420 454 678 END
START -14528 -2980 832 52 637 822 530 0 420 454 678 END
START -17632 -2392 3484 -197 -27 1393 530 0 421 454 678 END
START -15600 -2888 3372 -1251 -985 1221 530 0 421 455 678 END
START -17112 -10980 4432 -1648 -1854 188 530 0 421 455 678 END
START -10752 -8396 -9672 34 1142 242 530 0 420 455 678 END
START -9096 -7140 -8360 -159 3262 611 532 0 421 455 679 END
START -15116 -1928 5204 -1234 1394 1142 530 0 421 455 678 END
START -13772 -5672 -560 -1861 302 873 531 0 421 455 678 END
START -17456 -10820 4572 -1473 -1386 -309 531 0 420 455 678 END
START -11248 -8624 -10176 533 1430 -1030 531 0 421 455 678 END
START -17304 -1372 4244 -414 -50 438 531 0 420 454 678 END
START -12296 -3732 -200 -1206 -174 495 530 0 420 455 679 END
START -17752 -8240 3744 -1465 -1461 -115 531 0 420 455 679 END