START -7872 5328 15756 11128 3130 9801 548 0 579 685 673 END
START -7300 5156 15116 11635 3144 10115 544 0 570 678 673 END
START -6144 5200 12900 13342 4231 10735 541 0 540 650 674 END
START -5088 5900 11880 15120 7613 10140 545 0 506 612 676 END
START -5220 7408 11368 15072 11805 10131 552 0 485 585 678 END
START -6332 8328 11964 14536 13416 11504 562 0 469 567 679 END
START -6136 7944 10788 14072 12400 12335 571 0 452 547 679 END
START -5368 9564 9700 15435 11187 13237 578 0 440 526 679 END
START -5188 4952 6504 15302 10511 13536 581 0 428 513 680 END
START -4436 9236 7212 14937 11561 14488 583 0 418 502 679 END
START -5760 9404 8940 14696 12011 15334 584 2 410 491 680 END
START -3924 10024 8184 13614 12502 16447 584 0 403 480 680 END
START -5464 10304 7872 12658 13626 17905 581 0 398 470 679 END
START -1432 7304 6624 11847 14610 17730 575 0 394 464 679 END
START -6240 8384 -516 10688 16411 18015 563 0 393 461 679 END
START -2992 9112 -3232 10153 18435 18562 550 1 392 456 679 END
START -752 15808 2336 9800 17052 19853 532 0 391 450 678 END
START -3616 18372 8156 8339 16539 21645 514 0 389 447 678 END
START -292 16376 6576 4729 16221 21483 500 0 389 443 677 END
START -1168 12148 6220 4319 15556 21775 491 0 389 441 677 END
START -3088 10756 -1984 4225 13264 20739 486 0 389 441 677 END
START -176 19460 3060 4575 11661 20859 481 0 389 439 676 END
START 1464 19100 7260 2801 7165 21439 479 0 390 439 677 END
START 1780 16980 5672 2180 1205 20902 477 0 390 438 676 END
START 2620 12704 8084 1292 -3406 18015 476 0 389 438 677 END
START 3956 9576 3832 1560 -6586 14897 475 0 389 437 677 END
START 12480 12060 -5256 2587 -3699 12531 474 0 389 436 677 END
START 8820 20340 5224 1892 -1078 11561 473 0 389 436 677 END
START 12704 18392 4176 841 1452 9242 473 0 388 435 677 END
START 9664 13496 6672 -261 3550 6323 472 0 388 435 677 END
START 5948 10356 2192 281 2953 3994 473 0 389 436 678 END
START 3128 10216 -1740 972 2088 3317 473 0 390 436 678 END
START 11300 15980 -3992 1921 2331 3592 473 0 391 437 678 END
START 6012 21164 9224 534 -645 4234 473 0 392 439 678 END
START 6912 19788 7480 -664 -1699 4092 474 0 391 437 678 END
START 6036 16392 5192 -1358 -2954 3053 474 0 392 438 679 END
START 8372 10192 6832 -607 -2218 1446 474 0 392 439 678 END
START 4128 10976 -3680 883 628 784 474 0 393 439 678 END
START 11716 17116 -3412 1255 1560 915 475 0 394 440 678 END
START 4028 21344 7432 1248 16 1829 474 0 394 441 678 END
START 3288 21108 8440 977 -1658 2365 474 0 394 441 678 END
START 8100 19524 6596 579 -3736 2778 473 0 393 442 678 END
START 8440 19444 5844 253 -5627 2527 472 0 396 442 678 END
START 9520 14616 6508 128 -5426 1958 472 0 396 443 677 END
START 6684 12588 -624 962 -4572 1203 472 0 398 444 677 END
START 14776 16424 -6268 1776 -1354 1054 470 0 397 445 677 END
START 8792 20808 1208 2740 -1364 1192 469 0 398 445 679 END
START 9388 21768 6288 1567 -1857 1703 469 0 398 446 679 END
START 7364 18016 5604 748 -3108 773 468 0 398 446 679 END
START 6536 12252 7696 582 -4740 250 467 0 399 446 679 END
START 6096 12464 7180 1031 -6473 -484 467 0 399 447 679 END
START 5144 13848 -5484 2601 -4559 -905 466 0 399 447 679 END
START 6048 23420 996 2993 -2990 -276 465 0 399 447 679 END
START 6092 23228 1580 2413 -1619 145 465 0 400 448 678 END
START 9840 21788 2472 1332 -1156 -113 465 0 398 448 679 END
START 4572 16744 5844 445 -2201 -1076 466 0 399 448 679 END
START 4212 13092 2072 1254 -3246 -2267 465 0 399 448 679 END
START 9404 20120 -6200 2990 -454 -2646 466 0 399 449 679 END
START 3952 22696 2700 2549 -1823 -2411 466 0 399 449 679 END
START 7412 19984 2052 986 -2214 -3259 466 0 400 449 680 END
START 5444 13384 5572 -392 -2491 -5287 467 0 400 450 679 END
START 9788 12932 -9408 452 -459 -6555 466 0 400 450 679 END
START 4596 17720 -2644 1347 1003 -6387 468 0 400 451 679 END
START 7596 17912 1260 358 -234 -6404 468 0 400 450 680 END
START 4596 13080 3752 -1155 8 -7648 469 0 401 451 679 END
START 4000 9984 6468 -1946 107 -10297 469 0 400 451 680 END
START 1884 6916 -2996 -1450 908 -13924 470 0 400 451 679 END
START 9876 10364 -8992 -357 4142 -14930 470 0 401 452 680 END
START 6272 14036 1296 -1226 3265 -14173 470 0 402 451 679 END
START 4308 4376 7328 -2010 1584 -15007 470 0 401 452 680 END
START 4036 5588 -8240 -634 3921 -16877 471 0 402 452 680 END
START 3992 12660 -4168 14 6043 -17018 472 0 402 453 679 END
START 2288 14088 2460 -1690 5324 -18035 473 0 403 453 679 END
START 652 4484 7816 -2661 2898 -19973 473 0 403 453 679 END
START -600 4924 -7876 -1489 2515 -21976 474 0 403 454 679 END
START 2160 11308 -5440 24 2071 -20597 476 0 404 454 680 END
START -768 13724 2124 -711 -611 -19901 476 0 404 454 680 END
START -1040 4796 7096 -2251 -3483 -21824 477 0 404 454 679 END
START 4172 9816 -10032 -1064 -360 -23855 478 0 405 455 679 END
START -4268 14732 1408 -2012 399 -23535 479 0 405 455 679 END
START -5624 6768 5160 -4136 -1340 -26022 481 0 405 456 680 END
START -1156 6976 -8808 -2673 -1113 -27421 483 0 405 456 680 END
START -7276 12472 4836 -3340 -4727 -24909 484 0 405 456 679 END
START -9712 2616 10284 -4791 -11724 -24666 485 0 406 457 679 END
START -6168 6696 -5140 -2964 -11336 -23584 486 0 406 457 679 END
START -12852 5540 3340 -3360 -12916 -22752 487 0 406 458 679 END
START -10936 3092 -6880 -2087 -8458 -23894 488 0 407 458 679 END
START -7740 11584 1984 -2182 831 -19602 491 0 406 458 679 END
START -9240 7716 3644 -3829 5583 -18154 492 0 407 459 679 END
START -12024 1060 8004 -3799 6031 -19608 492 0 407 458 679 END
START -8668 5752 -7560 -1229 8061 -20493 493 0 406 457 680 END
START -13716 9732 4320 -2086 3749 -19838 493 0 406 457 679 END
START -14876 2268 6044 -2671 58 -21717 493 0 406 457 679 END
START -11584 -856 4524 -2464 15 -23167 494 0 406 458 680 END
START -5000 5944 -7184 -1577 4579 -23229 493 0 406 459 678 END
START -14096 7788 4896 -2995 4788 -22271 492 0 407 459 679 END
START -12576 892 3620 -4043 3581 -23799 493 0 407 459 679 END
START -15380 -6188 3880 -2709 141 -26449 494 0 408 459 679 END
START -8700 1056 -6484 507 490 -26710 494 0 408 459 679 END
START -16356 3816 5380 341 -825 -24745 494 0 408 460 679 END
START -14708 96 5744 -1680 -2514 -25110 494 0 408 460 679 END
START -16540 -4296 4456 -2667 -3803 -26782 495 0 406 460 679 END
START -16452 -5636 -9472 -1291 -363 -28204 494 0 407 460 679 END
START -23044 1100 2932 -1098 6395 -25931 494 0 406 460 680 END
START -28232 -3452 168 -1769 12117 -17774 494 0 406 460 679 END
START -30112 -3404 -2736 -2226 5572 -8268 496 0 407 461 680 END
START -31888 596 3772 -1424 -2669 1863 497 0 408 461 679 END
START -27612 -2572 5180 -1338 -9291 -139 499 0 408 461 679 END
START -22756 -8584 9792 -614 -8650 -5617 499 0 408 462 680 END
START -11928 -744 -7836 289 2562 -5040 499 0 409 461 679 END
START -22876 1224 6484 -1048 5847 -2642 499 0 409 462 680 END
START -22768 -4992 4748 -2108 6742 -1614 500 0 409 462 679 END
START -23092 -6684 -7328 -845 3898 -2296 500 0 409 462 679 END
START -25976 1540 6940 186 2402 -557 500 0 409 462 679 END
START -23076 1072 7084 -974 -1724 -310 500 0 409 462 680 END
START -19900 -7708 7144 -2240 -3505 -1373 500 0 410 462 679 END
START -12800 -4344 -11960 -258 715 -1973 500 0 409 462 680 END
START -17844 516 6324 -452 1037 498 500 0 410 462 680 END
START -16160 -812 4704 -932 688 1732 500 0 409 462 680 END
START -17584 -5080 4152 -1269 789 1334 500 0 410 462 679 END