START -2292 3260 14452 -958 -2549 590 559 0 671 700 665 END
START -1984 3196 14544 -1014 -2195 574 560 0 671 700 665 END
START -1648 3156 14464 -942 -1101 491 560 0 672 700 664 END
START -2264 3024 15092 -933 -516 385 561 0 671 701 665 END
START -2268 3784 15184 -1254 -306 515 560 0 671 700 665 END
START -2288 4408 15044 -974 -113 388 560 0 673 700 663 END
START -3032 4772 15472 -1233 -446 562 560 0 671 700 665 END
START -2020 924 13760 -1247 -489 180 559 0 671 700 665 END
START -2212 5776 16016 -1092 -998 853 558 0 672 701 665 END
START -228 4920 14412 45 56 754 557 0 671 700 665 END
START -5304 400 14340 -1131 -1058 154 557 0 672 701 664 END
START -3656 -504 13572 -1367 -354 -46 557 0 672 700 665 END
START -980 284 8920 -919 176 -329 557 0 671 700 665 END
START -6732 -840 15484 -1316 -1027 -236 557 0 672 700 664 END
START -5712 1972 9896 -217 -252 -9 557 0 672 701 664 END
START -1104 5140 10700 -267 -74 120 557 0 672 701 664 END
START -812 5036 10512 -246 -41 554 557 0 671 701 664 END
START 96 5032 10052 -520 696 642 557 0 672 700 665 END
START 332 5380 11028 -685 1363 372 556 0 672 699 665 END
START 2212 5468 10624 -641 2242 683 557 0 672 701 664 END
START 808 7820 16924 -819 2824 970 556 0 671 700 665 END
START -1052 7908 19500 -1286 3254 1110 555 0 672 700 664 END
START -4104 5748 22032 -2424 3269 1087 554 0 670 700 664 END
START -1700 -568 17336 -2923 4615 -2187 553 0 667 698 662 END
START -2696 972 11176 -3058 8281 -956 551 0 658 694 659 END
START 4796 6964 8044 -2400 13555 568 547 0 644 687 651 END
START -1048 7684 19240 -2985 14618 2500 541 0 626 677 641 END
START -388 1616 16452 -4739 15781 4385 534 0 606 664 634 END
START -4648 -464 17184 -5950 16623 5191 529 0 586 651 628 END
START 4252 8912 9848 -5936 21786 6560 524 0 570 637 622 END
START -5072 8060 20108 -8759 25477 7887 520 0 558 623 617 END
START -2800 3308 13436 -10932 29668 7030 519 0 546 611 612 END
START -10092 -1252 9300 -10675 32701 6488 518 0 535 599 606 END
START -10820 6404 8624 -7899 32767 8391 516 0 525 589 600 END
START -13420 1644 9740 -8242 31836 8706 512 0 517 579 592 END
START -14852 -3856 12760 -7647 29724 6774 508 0 511 573 584 END
START -9268 4792 1344 -5107 32767 7236 503 0 505 568 576 END
START -12272 4172 8428 -5180 32629 8374 501 0 501 565 571 END
START -15792 -1380 10752 -5293 32727 7810 499 0 498 563 568 END
START -13432 2704 -2496 -2959 32767 8707 498 0 494 562 566 END
START -15988 6624 9616 -3890 32767 10869 500 0 491 561 564 END
START -18004 -2412 9640 -4581 30594 10290 502 0 488 560 563 END
START -12632 5404 -2824 -1882 32767 11872 505 0 485 560 562 END
START -14268 5956 2868 -2034 29081 13612 509 0 485 559 562 END
START -18420 568 1428 -2141 27225 14382 511 0 485 559 563 END
START -13232 5380 -5952 235 28991 15193 512 0 488 561 565 END
START -15796 7904 148 -339 24864 15870 513 0 490 564 567 END
START -18436 1976 5656 -859 21988 15374 513 0 493 565 569 END
START -10520 5940 -10992 1690 25927 16450 515 0 496 569 573 END
START -13940 9492 -1868 1300 21773 17792 516 0 502 572 576 END
START -17720 3216 -3564 937 18317 16556 517 0 507 575 579 END
START -12188 8044 -7280 3877 19634 17024 518 0 514 580 582 END
START -13464 9808 -2920 3398 14211 17280 519 0 520 586 586 END
START -14432 5724 -9776 4186 11216 16305 519 0 525 591 589 END
START -18156 12504 2248 6936 9235 16894 520 0 530 597 593 END
START -13720 10936 -1964 5307 5144 15630 520 0 536 603 597 END
START -8652 8004 -15276 6031 6089 13921 521 0 542 609 602 END
START -12496 14220 412 5598 4042 13056 520 0 547 614 606 END
START -10860 10228 -360 3762 3329 12039 520 0 552 618 608 END
START -2408 8296 -18424 4312 6541 10914 521 0 554 621 612 END
START -11652 13128 -2536 6099 7488 11659 521 0 560 624 614 END
START -9676 7780 -712 6178 7744 11090 521 0 566 629 617 END
START -8580 7464 -11816 7693 8310 10844 519 0 572 632 620 END
START -11740 14644 -3084 9410 10593 11396 518 0 577 634 623 END
START -9768 7328 1196 8540 9027 11088 516 0 580 637 626 END
START -5092 8008 -15980 8748 8868 9652 515 0 583 638 628 END
START -9896 14392 -7628 10209 11195 10289 515 0 585 640 630 END
START -9100 10132 -5476 8742 8650 9245 515 0 591 642 633 END
START -11248 5600 -9164 8906 7160 7274 514 0 595 645 637 END
START -11132 14760 -7644 9830 8298 7361 512 0 599 647 639 END
START -4832 13448 -7248 8973 6802 7923 512 0 602 649 642 END
START -4620 8444 -16616 7806 5011 6432 512 0 605 652 643 END
START -6420 13800 -11088 9055 7188 7278 514 0 609 656 646 END
START -3448 13112 -9000 7703 4028 7473 514 0 613 660 649 END
START -6828 5308 -10464 7260 1268 6253 513 0 617 665 650 END
START 2128 9532 -20756 9460 7388 5594 512 0 620 668 651 END
START -4216 12084 -10620 9765 7998 4932 510 0 620 670 653 END
START -6184 3400 -5772 8736 8218 3831 508 0 623 674 654 END
START 2844 7280 -26716 9396 11968 3656 508 0 627 678 656 END
START -9052 13288 -9524 8791 10361 4532 509 0 632 683 658 END
START -6660 3616 -4252 6823 7052 4256 510 0 638 686 660 END
START -148 4352 -26780 6912 4731 2637 511 0 643 689 662 END
START -5168 11216 -12268 8016 5256 2298 512 0 649 690 662 END
START 2968 10000 -14764 6904 5716 1437 513 0 655 692 663 END
START 184 3404 -19808 7361 5890 137 515 0 659 693 665 END
START 2776 6624 -27092 9078 9066 398 516 0 663 695 668 END
START -7788 13368 -11592 9898 6706 2625 516 0 667 696 671 END
START -2332 10016 -9664 9311 6559 2187 518 0 667 699 675 END
START 2564 3928 -24220 11355 8973 2377 519 0 669 702 678 END
START -4744 10944 -11736 11635 12803 3708 522 0 672 702 680 END
START -4864 3656 -10936 8657 7426 3657 525 0 675 704 681 END
START -3656 388 -23208 8245 2384 2460 528 0 676 703 683 END
START 120 7924 -22196 6854 712 2599 529 0 676 704 683 END
START 356 8064 -16376 3834 -390 2351 530 0 676 705 684 END
START -1136 -160 -10512 1284 -1848 929 531 0 676 706 683 END
START 4208 2452 -32768 1497 374 -261 532 0 677 706 683 END
START -3520 11464 -17644 637 396 687 533 0 678 705 684 END
START 684 9680 -17100 -1385 -1164 1642 534 0 677 707 683 END
START -1672 1080 -10952 -2229 -4012 359 534 0 677 706 684 END
START 7348 5788 -30140 -246 2051 936 534 0 678 706 684 END
START -3292 13196 -12260 -1524 1361 1481 534 0 678 706 685 END
START -1676 2676 -8360 -2535 -1599 214 534 0 678 706 685 END
START 2548 3980 -29996 -257 212 -428 535 0 678 706 685 END
START -2440 12108 -14092 -561 -21 531 535 0 678 707 684 END
START 1644 9052 -14148 -1807 -1133 338 535 0 678 707 684 END
START -2048 -12 -7560 -1567 -2996 -1159 535 0 679 706 684 END
START 2080 8844 -20696 168 2452 -907 535 0 679 706 685 END
START -1564 9852 -12280 -947 -259 -65 535 0 679 706 684 END
START -2336 2556 -10136 -1889 -1575 -1103 536 0 678 706 685 END
START 4800 4968 -28228 209 1037 -2123 535 0 679 707 684 END
START -4560 11336 -10456 -640 -880 -434 535 0 679 706 684 END
START -776 7064 -14644 -1971 -1610 -842 535 0 678 706 684 END
START 584 2524 -27392 -241 -8 -1329 535 0 678 707 684 END
START -3068 11400 -14476 121 1763 -647 536 0 678 707 684 END
START -480 8976 -15504 -1303 -308 896 536 0 678 706 685 END
START -2836 836 -7372 -1713 -2527 61 536 0 678 706 684 END
START 2372 2868 -29104 -234 -729 -435 536 0 678 707 684 END
START -3260 11816 -13404 368 1824 1055 536 0 678 706 685 END
START -144 8896 -15212 -1188 -230 1487 535 0 679 706 684 END
START -2492 216 -7688 -1195 -2816 282 535 0 678 707 684 END