START -3184 2636 14520 628 -852 1039 552 0 671 713 683 END
START -3012 2580 14860 614 -734 990 552 0 672 713 683 END
START -2828 2716 15016 452 -251 961 552 0 670 712 683 END
START -3164 2368 14732 252 233 930 551 0 670 712 682 END
START -3872 3148 14956 146 60 1112 552 0 670 712 683 END
START -3456 3400 14800 521 -659 922 552 0 669 713 683 END
START -3268 4144 15140 267 -1173 1238 553 0 668 713 683 END
START -3424 788 14472 46 -703 976 553 0 668 712 683 END
START -2368 4672 15848 889 -82 1259 552 0 667 711 683 END
START -912 1440 9964 1353 1318 454 553 0 668 712 683 END
START -2636 -1692 14360 247 618 141 554 0 667 712 683 END
START -1580 -1868 13632 244 694 349 553 0 668 712 682 END
START -8244 392 17756 260 -1050 738 553 0 669 712 683 END
START -6232 -1548 17084 236 -921 723 553 0 668 712 682 END
START -4532 -1304 16200 614 -804 418 553 0 668 711 683 END
START -6864 -1340 16836 1347 -156 243 554 0 668 712 682 END
START -5132 2164 10316 2043 1588 338 553 0 667 711 683 END
START 540 6724 13168 2609 3498 596 554 0 667 712 682 END
START 792 7716 14404 2751 5194 584 554 0 666 713 683 END
START -2040 7176 22188 2879 7473 274 554 0 665 711 682 END
START -1264 6776 22672 2494 9546 -226 554 0 664 711 680 END
START 2444 3744 17620 2002 14771 -1675 555 0 660 711 678 END
START -2492 788 13696 2643 21310 -4402 555 0 657 710 675 END
START 4608 8664 7028 3698 29897 -6168 555 0 655 710 674 END
START -2852 8532 16280 2436 32767 -3019 555 0 654 710 674 END
START -5148 -136 14244 1977 32767 -1664 556 0 653 709 672 END
START -12816 -444 13268 3051 32767 -763 557 0 650 708 670 END
START -10540 10244 9652 3625 32767 2379 556 0 646 706 666 END
START -12520 8052 13832 515 30817 4441 557 0 642 705 661 END
START -12300 -456 14392 -1537 29730 4609 557 0 637 701 654 END
START -11536 4216 -1076 -641 32767 6906 558 0 633 696 649 END
START -14248 11084 8724 -3586 32767 10776 557 0 631 690 645 END
START -15672 672 8768 -6000 31495 11836 557 0 627 684 643 END
START -10040 5344 -6264 -3825 32488 9687 557 0 624 677 639 END
START -15560 11048 5284 -4085 30079 11797 557 0 622 671 637 END
START -14400 1480 4044 -6170 28209 12763 557 0 619 666 636 END
START -7588 6204 -12632 -3439 32767 13507 557 0 618 662 634 END
START -11840 9480 -312 -4001 32213 13254 557 0 617 659 632 END
START -16024 3472 -1900 -3868 31400 12011 557 0 616 657 630 END
START -17720 11384 2372 -2468 32063 13746 558 0 614 656 630 END
START -15584 5156 2776 -4835 29913 13716 557 0 614 650 629 END
START -9032 8028 -15520 -1865 32767 14453 557 0 614 655 629 END
START -12080 10176 -3820 -2975 29353 13572 556 0 617 655 629 END
START -7144 8416 -17568 -843 29289 13196 556 0 620 655 628 END
START -11228 11236 -3544 -523 25107 14780 556 0 622 655 630 END
START -15640 4968 -3916 -793 20957 13359 555 0 623 656 631 END
START -17684 12800 416 3014 23028 13924 555 0 625 659 633 END
START -11280 11884 -4736 2404 17144 14062 554 0 626 660 635 END
START -12848 7260 -9992 3258 14127 13208 553 0 627 662 636 END
START -15604 13884 -20 5170 12164 14250 552 0 630 662 639 END
START -12852 6672 2292 4915 9148 13572 552 0 632 664 641 END
START -7764 8672 -13784 7029 8298 12225 551 0 635 667 643 END
START -10252 14512 -5684 8760 8824 12606 550 0 636 669 644 END
START -8396 11276 -4652 7978 6077 12110 548 0 638 672 646 END
START -2116 8356 -20248 10313 7787 10805 545 0 639 674 648 END
START -6236 14876 -5864 11549 7814 11784 544 0 640 677 651 END
START -6080 10312 -4132 10601 6558 12011 542 0 641 678 652 END
START 1708 9760 -22148 12734 11592 11692 541 0 641 680 653 END
START -4220 14792 -9712 12432 11770 10863 541 0 639 681 654 END
START -8792 6124 -3112 10368 8429 6966 541 0 638 683 654 END
START -8252 15888 -8944 10002 8710 6026 542 0 637 685 655 END
START -3720 13160 -12096 7678 3526 6389 543 0 638 688 657 END
START -4260 5680 -14516 7032 330 6160 544 0 641 690 660 END
START -3012 11328 -16168 8868 4231 5244 544 0 643 692 661 END
START -416 11952 -13588 8935 3870 5251 546 0 643 693 663 END
START -3600 3860 -10736 8385 4797 3633 546 0 643 694 664 END
START 2016 11004 -18764 10308 11566 5285 548 0 645 695 666 END
START -3012 11484 -10544 9565 9056 6638 549 0 648 697 668 END
START -7740 2092 -3284 9438 2965 5242 551 0 652 700 670 END
START 3132 5412 -25564 12017 4774 5385 552 0 656 700 671 END
START 1704 10664 -12884 12449 6233 5333 552 0 659 701 672 END
START -616 736 -1736 11646 7658 4508 553 0 661 703 672 END
START 2308 2504 -25020 13063 9205 3993 555 0 663 703 675 END
START -7716 9844 -13920 11851 4242 4085 557 0 665 704 676 END
START -2248 632 -13036 8941 517 2514 558 0 666 704 677 END
START 3240 0 -32564 7891 -101 436 560 0 668 705 677 END
START 6692 3604 -32768 6739 3801 -86 560 0 670 705 676 END
START -2244 9240 -18808 4400 3537 957 562 0 670 705 677 END
START -992 8336 -18152 1301 -738 989 563 0 670 705 677 END
START -3396 -216 -10608 -307 -6161 -499 563 0 671 705 678 END
START 712 9976 -23260 593 -1265 -355 563 0 671 706 676 END
START 512 11504 -18168 -957 -2067 1111 563 0 672 707 677 END
START -2268 3304 -8416 -2182 -4430 283 563 0 672 707 677 END
START 3972 5480 -30468 74 -531 -411 563 0 672 707 676 END
START -4324 13768 -14056 69 1670 749 563 0 672 707 676 END
START -3104 12792 -12600 -1305 1479 1531 563 0 672 706 678 END
START -4460 1584 -9828 -1242 -2270 -123 562 0 672 706 677 END
START -2328 12148 -17412 371 2027 684 563 0 672 707 678 END
START -620 10184 -15976 -1025 54 1583 563 0 672 706 678 END
START -2324 1184 -7460 -1734 -2841 212 563 0 672 707 677 END
START 3844 3440 -29404 216 1305 -575 563 0 672 706 677 END
START -4688 11108 -14044 -479 1171 793 564 0 672 706 678 END
START -716 8692 -15124 -2001 -804 920 563 0 672 706 677 END
START -4368 -176 -9100 -1803 -4375 -785 564 0 672 706 678 END
START -1780 10368 -17628 -198 222 -9 564 0 672 706 678 END
START -244 9452 -15072 -1611 -1450 558 563 0 673 707 677 END
START -1888 1124 -6964 -2389 -3012 -543 563 0 673 707 677 END
START 2952 8624 -21024 -48 2218 -572 563 0 673 706 678 END
START -5576 11364 -13920 -646 10 777 564 0 671 707 678 END
START -368 9088 -14496 -1679 -837 886 563 0 672 706 677 END
START -3764 164 -9292 -1481 -3668 -263 563 0 672 706 677 END
START 5440 5332 -28224 448 1277 142 563 0 672 706 677 END
START -4216 12180 -10844 -526 36 945 563 0 672 706 677 END
START -1668 7228 -13428 -1547 -2 1206 564 0 670 705 678 END
START -4328 568 -15060 -1333 -2679 -284 564 0 671 707 678 END
START 2872 8700 -21840 275 1557 520 564 0 671 706 678 END
START -2884 10972 -13268 -774 -526 1318 564 0 670 706 678 END
START -2316 4132 -10404 -1848 -3247 66 564 0 671 706 677 END
START 5756 5604 -28596 380 1335 -758 564 0 672 706 677 END
START -4240 12004 -11600 -130 1807 521 563 0 670 707 678 END
START -1948 7164 -12932 -1550 499 634 564 0 670 705 678 END
START -4208 912 -17460 -1185 -1303 -1001 564 0 670 707 678 END
START -5960 12052 -13556 -335 1520 367 564 0 671 706 677 END
START -1092 8980 -15036 -1836 -601 1007 564 0 670 705 677 END
START 1744 3468 -27756 -1012 -2541 -644 565 0 670 705 678 END
START -3080 12280 -13472 -641 1453 436 565 0 670 705 678 END
START 236 9724 -14924 -1922 11 809 564 0 670 706 678 END
START -3480 368 -8736 -2236 -2452 -474 564 0 670 706 677 END
START 5308 5420 -28248 -2 1285 -1071 564 0 670 705 678 END
START -5244 12036 -11228 -427 372 485 565 0 670 706 678 END