START -2208 -2512 13920 -404 -703 -42 567 0 616 675 618 END
START -2088 -2560 13964 -372 -674 -106 567 0 616 675 617 END
START -1680 -2436 14088 -252 -316 -103 567 0 616 676 618 END
START -2100 -1624 15104 -377 33 -15 567 0 616 676 618 END
START -2588 -2896 15556 -863 -238 -180 567 0 617 675 617 END
START -2700 -3788 14612 -1100 -670 -186 567 0 617 677 618 END
START -1296 -3280 14068 -311 -216 -304 567 0 617 677 618 END
START -3264 -812 15940 -1370 -792 568 567 0 617 677 619 END
START -1104 -1772 14096 325 145 -28 567 0 617 677 618 END
START -4624 -5184 13624 -797 -842 -271 568 0 617 677 618 END
START -4580 -6844 16740 -1248 -1290 -269 568 0 617 677 618 END
START -6772 -4208 12320 -474 -822 -339 568 0 617 678 619 END
START -3544 -3052 11200 410 198 -65 568 0 617 678 619 END
START 1044 -64 11924 584 847 -146 568 0 617 677 619 END
START -1280 -204 13124 512 267 -99 568 0 617 677 619 END
START 664 -148 11692 478 217 -169 568 0 617 677 618 END
START -736 484 13412 440 -367 -186 568 0 617 678 618 END
START 1200 1060 12456 604 -295 150 568 0 617 678 618 END
START 256 2164 14764 481 -475 500 568 0 617 678 618 END
START -160 2492 15808 307 -1214 459 568 0 617 677 618 END
START -4212 1068 20068 -649 -3151 515 568 0 616 678 618 END
START -1984 -3276 14968 -1329 -4441 319 567 0 617 678 617 END
START -6320 -5372 13192 -558 -5833 -456 567 0 617 679 617 END
START 784 2164 13472 618 -5858 742 567 0 618 680 617 END
START 1044 3248 15584 -242 -6547 958 568 0 618 680 618 END
START -3960 368 21496 -2006 -8243 1258 568 0 619 681 618 END
START 760 -5764 16256 -2602 -8588 -148 568 0 621 683 619 END
START -1256 -3740 13404 -1513 -8668 -68 569 0 623 683 618 END
START 1648 1804 18664 -764 -6964 1033 569 0 622 683 619 END
START -2536 -1280 25292 -2205 -6838 344 568 0 623 684 620 END
START -3500 -8552 21740 -3165 -4497 -558 569 0 622 684 620 END
START 3900 1912 16216 -2790 -23 382 569 0 616 683 619 END
START 4468 864 19260 -3995 2902 1768 568 0 607 677 618 END
START 4656 -4744 18376 -3871 7319 5222 567 0 600 667 615 END
START 2864 -10360 18980 -3404 13104 3968 566 0 594 655 615 END
START 6964 -600 10192 -1487 20028 6627 564 0 592 648 615 END
START 1420 -3152 18760 -912 22441 10776 562 0 590 643 615 END
START 1048 -7424 16480 -769 28157 11798 561 0 583 639 615 END
START -904 -1656 10864 165 31391 9220 559 0 579 631 616 END
START -2360 2316 17532 460 32767 10715 559 0 574 627 617 END
START -3708 -1952 13532 -633 32767 12643 557 0 570 622 616 END
START -10716 -6076 10060 158 32767 12280 557 0 567 618 615 END
START -7964 2168 12292 1929 32767 13779 556 0 564 616 613 END
START -7120 12 12168 2240 32767 14716 557 0 561 614 613 END
START -10284 -4176 12212 2849 32436 14345 556 0 560 612 613 END
START -9292 -2980 1920 5544 32767 15191 556 0 557 612 611 END
START -11016 3800 13536 6440 32686 16971 556 0 553 612 612 END
START -9408 -2904 9876 6001 32592 16400 555 0 551 610 611 END
START -16544 -1384 1832 7494 32767 16445 555 0 550 610 611 END
START -17356 6744 8868 9140 31240 18234 554 0 551 611 612 END
START -16868 3224 6116 8741 27414 18954 553 0 551 613 612 END
START -14780 -1264 5440 9798 25488 19466 555 0 554 615 612 END
START -12144 6408 -236 13527 25494 19742 555 0 557 618 615 END
START -12844 7784 2000 13462 21566 20229 554 0 562 622 616 END
START -15720 2720 964 13468 18283 19595 554 0 566 625 619 END
START -8988 7096 -5184 14909 20233 18999 551 0 569 626 620 END
START -11384 11312 480 13550 17578 19099 549 0 574 629 621 END
START -14996 3796 3420 12435 14537 19074 548 0 581 634 623 END
START -13376 11280 -2840 15184 15944 19547 547 0 589 641 627 END
START -11724 11292 -552 15276 11640 20012 544 0 598 647 631 END
START -8640 9356 -11736 15729 11822 19592 541 0 605 652 634 END
START -11676 15660 1704 15107 11548 18825 539 0 609 657 637 END
START -10444 6844 5160 12583 10406 16743 540 0 615 663 639 END
START -6836 13060 -9668 15817 14872 17026 542 0 619 668 641 END
START -9744 13472 -3980 15574 10014 17504 544 0 623 672 644 END
START -6260 11152 -17364 16241 12954 15084 544 0 627 677 645 END
START -7120 17256 -4720 9473 10748 12841 545 0 631 683 647 END
START -4588 10048 -15108 8146 12080 10703 544 0 635 688 649 END
START -9864 15904 -4608 8895 16490 10768 544 0 637 691 650 END
START -12652 7056 3012 7459 12422 10803 544 0 640 693 653 END
START -3876 12072 -18196 8219 12615 11091 545 0 647 696 654 END
START -6476 14640 -6192 6806 7885 10809 546 0 654 697 657 END
START -6768 5632 -10676 7482 6087 8273 546 0 658 700 658 END
START -5084 13372 -13344 9731 10498 8244 546 0 660 700 659 END
START -6232 11708 -7044 8081 9529 8880 545 0 662 700 661 END
START -8540 5168 -8888 7531 6464 7748 545 0 665 702 661 END
START -2352 13112 -14224 8644 7885 8516 546 0 668 702 661 END
START -5296 12756 -8992 7311 4514 9078 546 0 670 702 663 END
START -7172 4116 -4552 7174 455 7125 547 0 672 703 664 END
START 1648 9832 -20308 9338 3035 6448 548 0 672 703 665 END
START -4380 13084 -10532 9146 2441 6134 548 0 673 703 665 END
START -4472 2976 -1440 6676 -487 3541 549 0 673 704 665 END
START 3376 9156 -22484 9874 2233 3466 552 0 673 704 665 END
START -6540 13880 -7912 9561 774 4655 554 0 674 704 665 END
START -3644 8312 -9896 8471 -706 3666 555 0 676 705 666 END
START -3328 2700 -17104 8019 -1833 701 556 0 678 704 667 END
START 888 10136 -20320 9901 5996 -90 557 0 677 705 667 END
START -216 11836 -14372 9075 7304 450 558 0 677 705 667 END
START -3812 3936 -5768 7406 7293 323 559 0 679 706 668 END
START -56 4868 -28460 7512 6105 -278 560 0 679 706 668 END
START -432 9372 -22472 7855 6442 462 561 0 679 707 669 END
START -4004 11752 -14148 6287 3152 1260 562 0 681 706 668 END
START -4764 1896 -8716 4990 -678 507 562 0 680 705 669 END
START -40 3780 -24420 6313 2892 691 563 0 681 707 668 END
START -6440 12352 -10484 6399 1724 2224 564 0 681 706 668 END
START -5520 4892 -9688 4759 -2805 2673 564 0 681 706 668 END
START 424 1048 -25752 4847 -1947 -12 566 0 680 707 669 END
START -1624 10324 -19760 5314 5296 -23 566 0 680 707 668 END
START 840 9988 -17796 3669 6104 998 566 0 680 707 668 END
START -4112 5384 -11548 1546 4666 707 566 0 680 709 667 END
START -4940 1740 -19312 2006 3828 -423 567 0 680 708 667 END
START -6992 11776 -11092 1002 -211 621 567 0 679 708 668 END
START -3444 6600 -12980 -1603 -4009 -316 568 0 679 709 667 END
START 5184 4624 -29748 -127 -2149 -1679 568 0 680 709 666 END
START -316 11384 -16072 -1166 -1111 165 569 0 679 709 667 END
START -2452 3164 -6852 -2636 -2742 -928 569 0 679 709 667 END
START 1916 10800 -20504 1 1906 -760 568 0 679 709 667 END
START -6380 13496 -13820 -471 484 241 569 0 679 709 667 END
START -1720 10748 -15176 -1738 -782 641 568 0 680 709 666 END
START -436 4136 -25448 -551 -2180 -980 569 0 679 708 667 END
START -3880 13044 -14464 303 737 351 569 0 680 709 666 END
START -100 10988 -14704 -912 3 1130 569 0 679 708 667 END
START -3220 7000 -12020 -1798 -855 390 569 0 680 708 666 END
START 3516 5356 -27280 171 931 -323 569 0 679 709 666 END
START 64 10608 -20044 401 1539 426 569 0 679 709 666 END
START -6364 12636 -13820 -727 533 761 569 0 678 709 666 END
START -3504 3816 -9056 -2153 -1703 296 569 0 678 708 667 END
START -1116 3356 -22880 -805 -2237 -996 569 0 680 708 666 END
START -2880 11708 -16300 -308 886 382 569 0 678 708 667 END
START -1644 10620 -14444 -1827 -1233 753 570 0 678 709 666 END