START -4428 1872 14176 -709 -252 165 544 0 672 700 649 END
START -4468 1840 14372 -729 -92 221 545 0 672 700 649 END
START -4532 1832 14524 -799 214 251 544 0 672 700 649 END
START -4916 1612 14232 -922 261 168 544 0 672 699 649 END
START -4940 2396 13984 -923 198 262 544 0 673 700 648 END
START -4644 2364 13940 -486 109 -65 544 0 673 700 648 END
START -4832 3448 14368 -809 -200 192 544 0 672 700 648 END
START -5416 484 14324 -1522 -498 -46 545 0 671 700 649 END
START -4644 4532 15848 -730 -158 200 544 0 672 700 648 END
START -1900 2568 12520 -128 1605 -243 545 0 671 700 649 END
START -4068 652 9136 -475 952 -453 545 0 670 700 649 END
START -5584 -2044 12360 -1117 363 -738 544 0 671 700 649 END
START -2888 -1084 7652 -572 484 -620 546 0 669 700 650 END
START -2500 1400 6884 -429 1163 -531 545 0 668 700 650 END
START -2764 5080 12188 -440 1064 -275 546 0 667 700 650 END
START -4436 6704 18208 -941 -23 196 545 0 664 699 649 END
START -1852 6532 16952 -1344 37 43 545 0 661 699 649 END
START -7280 4096 19300 -1069 -709 -1871 546 0 656 698 650 END
START -3448 1088 14552 -2650 -1289 -1539 546 0 651 698 650 END
START -7820 -2272 14036 -2001 -830 -1903 546 0 647 698 650 END
START -3288 7140 15800 -1347 827 -602 546 0 643 696 649 END
START -7992 5204 22996 -2626 -783 -9 545 0 639 694 648 END
START -5752 808 19204 -3831 -1160 -219 547 0 632 692 649 END
START -7812 -3020 22828 -4652 -285 -1766 546 0 622 689 647 END
START 1012 7672 12104 -4452 5254 -1477 545 0 612 682 645 END
START -804 7820 22428 -10067 10552 768 544 0 608 676 643 END
START 4692 2332 16360 -15027 17823 1696 543 0 604 669 640 END
START -2508 -556 9264 -14154 25615 3200 542 0 597 663 637 END
START -4084 3684 17452 -13418 31133 6085 542 0 590 658 635 END
START -4152 -1136 13340 -14216 32767 7030 542 0 582 653 633 END
START -7216 -3892 1576 -12539 32767 7946 543 0 572 647 631 END
START -12580 696 9424 -8091 32767 11145 541 0 560 637 627 END
START -15176 -3504 9148 -6176 32767 11264 541 0 549 625 623 END
START -16552 -5040 1500 -3725 31342 10197 540 0 539 615 618 END
START -13656 3588 12372 -1051 31863 13338 540 0 530 609 614 END
START -13868 -1868 7076 -1110 32258 15366 540 0 522 607 611 END
START -15632 -1204 -3976 2090 32767 15597 541 0 514 605 610 END
START -16524 5572 9000 2700 32767 17816 542 0 515 606 608 END
START -18840 -244 8072 3201 32545 17916 543 0 521 605 606 END
START -19824 1132 -2612 5343 32289 16608 544 0 525 603 604 END
START -18216 9032 4704 5878 30146 16740 544 0 527 602 603 END
START -16172 4060 856 5247 29495 18236 543 0 531 603 602 END
START -16980 2140 -1444 6275 29884 19158 543 0 537 606 605 END
START -17136 10520 -460 8258 31292 20500 541 0 545 612 607 END
START -14860 7660 -1820 7230 29358 19783 537 0 555 619 610 END
START -8900 6808 -19268 7495 29716 19180 533 0 567 624 613 END
START -12268 12536 -4092 8378 28611 18447 529 0 580 632 617 END
START -14568 5044 -156 6765 25061 17151 524 0 590 636 620 END
START -5180 8016 -17084 7692 28072 17147 518 0 598 639 622 END
START -8260 12268 -5588 6510 26314 18315 514 0 608 642 627 END
START -11936 6520 -14400 4208 25249 17139 512 0 617 648 635 END
START -16536 11100 -3844 7530 22712 17180 510 0 626 655 640 END
START -13932 3824 128 6653 15644 14683 508 0 633 660 647 END
START -4744 5484 -25212 8515 15720 13877 509 0 642 666 655 END
START -7300 11244 -8380 10147 11097 14816 509 0 649 673 661 END
START -6472 4396 -3836 9299 8605 13381 509 0 654 679 667 END
START -4512 13364 -12192 9215 15156 14747 509 0 659 684 670 END
START -4800 8976 -9840 7740 16007 13259 509 0 663 690 674 END
START -7312 4732 -13180 7485 16272 10135 509 0 666 694 676 END
START -11440 13520 -9960 7141 15488 10015 511 0 668 697 680 END
START -9524 7184 -4140 3552 9682 8476 512 0 671 700 682 END
START -4176 6236 -20120 3630 9296 6698 513 0 674 702 683 END
START -7724 13132 -12644 4138 8419 6316 514 0 675 704 684 END
START -6388 8892 -8744 2566 5068 5555 514 0 675 704 685 END
START -7164 4204 -14196 2746 2874 5344 517 0 677 705 686 END
START -1164 10984 -17524 3742 4464 5797 518 0 677 706 686 END
START -2868 11292 -12792 2851 4492 5918 519 0 678 706 687 END
START -6420 2756 -6252 2366 2871 4235 521 0 678 706 687 END
START -6104 12076 -13280 4103 5849 4367 521 0 678 706 687 END
START -2116 10460 -15848 3351 2807 4685 522 0 680 706 687 END
START -4552 2720 -17152 2496 367 2848 525 0 680 707 688 END
START 396 10552 -16680 4787 4525 2969 526 0 680 707 686 END
START -3572 12204 -7636 4608 2454 5422 527 0 680 707 688 END
START -6648 3552 -3868 4270 -2267 5205 529 0 680 707 688 END
START -3164 2356 -17920 7113 -4275 4043 531 0 680 707 688 END
START -3768 9124 -11476 7830 -4507 3460 531 0 680 707 688 END
START 992 3952 -14840 7325 -815 1452 532 0 679 707 688 END
START 820 -1736 -17948 8005 5408 -928 531 0 679 707 688 END
START 4712 7968 -20748 8770 14427 866 532 0 679 707 688 END
START -7600 7500 -11680 6645 10372 3027 534 0 679 708 689 END
START -7924 -1620 -8928 4342 74 1101 535 0 680 707 689 END
START 3176 2464 -29992 4854 -355 900 536 0 680 707 689 END
START -960 7244 -22392 3817 -112 1238 538 0 680 707 689 END
START -664 5992 -17016 1402 328 1622 540 0 680 708 689 END
START -2088 860 -9744 -21 -608 405 541 0 680 707 689 END
START 984 2336 -28608 500 -858 213 542 0 679 708 690 END
START 3932 5868 -28820 1021 1497 26 542 0 680 707 689 END
START -1616 10932 -18160 466 500 932 543 0 679 708 689 END
START -120 10448 -17056 -695 -548 1573 543 0 680 708 689 END
START -2004 2684 -7760 -1248 -3793 60 543 0 679 708 690 END
START 3240 4300 -29168 726 843 -600 543 0 679 708 690 END
START -3148 12640 -14212 634 1581 579 543 0 680 708 689 END
START -260 10204 -15276 -873 -232 837 543 0 678 708 689 END
START -1964 1224 -8132 -1464 -2392 -727 543 0 680 708 689 END
START 1468 9364 -21388 1073 1813 -359 544 0 679 708 690 END
START -1820 10852 -13820 -157 14 654 545 0 679 708 690 END
START 716 9216 -15288 -1335 -781 635 545 0 679 708 689 END
START -3192 -216 -8908 -1548 -2755 -596 545 0 680 707 689 END
START -980 9016 -20036 180 2345 -386 545 0 679 708 690 END
START -1832 9556 -14660 -971 -132 837 545 0 678 709 689 END
START -2468 1576 -9524 -2330 -2620 64 545 0 680 708 689 END
START 1140 1700 -26056 -945 -2796 -853 544 0 679 708 689 END
START -2228 10484 -15632 83 1155 447 542 0 679 707 689 END
START -140 8948 -15152 -1516 535 1043 542 0 679 707 689 END
START -2900 340 -6940 -2386 -1876 330 542 0 678 708 689 END
START 3372 2840 -29812 -563 478 -550 543 0 678 708 690 END
START -4652 10708 -14592 98 1725 744 543 0 679 708 690 END
START -2628 10184 -13288 -1436 893 1396 543 0 679 708 689 END
START -3900 -376 -8660 -2105 -1937 197 544 0 679 708 689 END
START 5052 4452 -28180 190 2333 240 544 0 679 708 690 END
START -4056 11112 -11744 -245 1606 1003 544 0 678 709 690 END
START -708 7128 -15292 -1908 -401 656 544 0 679 709 690 END
START -3936 -224 -12248 -842 -1050 -702 544 0 679 709 690 END
START -4148 11004 -13776 369 1511 466 545 0 679 709 690 END
START 536 8740 -14776 -1182 -825 713 546 0 680 708 691 END
START -2440 -672 -7392 -1677 -2671 -335 546 0 679 709 690 END
START 4724 3828 -27764 657 1259 -951 546 0 679 708 691 END
START -6380 10308 -13428 341 -1361 65 545 0 678 708 691 END
START -1452 8236 -15420 -1009 -4546 -165 543 0 679 709 690 END
START 1672 1948 -24584 -115 -5178 -2064 541 0 680 709 690 END