START -2460 492 15064 -462 -467 -197 580 0 652 694 636 END
START -2692 456 14884 -503 -456 -223 580 0 653 694 636 END
START -3100 164 14868 -452 -781 -141 580 0 653 694 636 END
START -2780 604 14772 -281 -1146 -25 580 0 653 693 637 END
START -2772 -328 14960 -288 -1365 -197 580 0 652 693 637 END
START -2660 -812 15056 -498 -1461 -42 580 0 652 693 637 END
START -1708 -1148 14264 49 -1070 -236 580 0 653 694 637 END
START -2612 2956 16024 -301 -1028 472 581 0 653 694 637 END
START -628 -1140 12960 209 275 -231 580 0 653 693 637 END
START -1540 -1340 13880 -1359 -347 -78 580 0 653 694 637 END
START -1132 -2700 13752 -1435 -666 6 580 0 653 694 637 END
START -4268 -2660 16400 -1471 -1707 156 581 0 653 694 637 END
START -6860 -3820 18900 -1422 -1555 -237 581 0 653 694 637 END
START -3788 -1832 9988 -446 -109 -679 581 0 653 694 637 END
START -3084 272 10204 106 778 -382 581 0 653 694 637 END
START -2760 -548 8192 91 820 -419 581 0 652 695 637 END
START -4304 -652 8380 -53 -262 -487 581 0 653 693 638 END
START 1096 2880 12872 339 70 179 581 0 652 693 638 END
START -4036 -488 8916 12 -165 -306 581 0 653 694 637 END
START 1236 3384 13328 37 309 158 581 0 653 694 637 END
START -3556 -392 10532 -398 520 65 581 0 652 693 638 END
START 456 3992 15216 -447 1257 441 581 0 651 693 637 END
START 1072 4780 15816 -353 2987 1069 581 0 648 693 637 END
START -1956 5308 21192 -695 3966 1713 580 0 644 694 637 END
START -2256 2800 20516 -1342 4178 815 575 0 638 692 637 END
START 4488 -924 18148 -3569 9257 1925 567 0 629 688 636 END
START 204 -2480 17768 -4363 17694 2088 561 0 619 684 634 END
START 5700 4800 10804 -6546 30249 2818 556 0 608 678 632 END
START 1584 7636 15904 -10459 32767 3686 553 0 598 669 630 END
START -3784 -400 15496 -12610 32767 4348 550 0 589 659 627 END
START -9288 -2880 4504 -13071 32767 5688 548 0 578 650 623 END
START -12532 1924 13384 -10931 32767 8756 544 0 568 635 617 END
START -12460 -6048 11268 -10541 32767 8732 542 0 557 622 611 END
START -11040 -3408 -1892 -8716 32767 7787 540 0 544 610 605 END
START -13816 1980 10568 -8601 32767 10583 540 0 531 601 599 END
START -15096 -6080 8580 -9720 32767 10353 539 0 521 596 595 END
START -11052 1284 -4408 -7507 32767 12655 537 0 516 592 590 END
START -15448 2808 1256 -8688 32767 13885 536 0 514 590 587 END
START -19676 -2840 -1620 -7522 32767 13924 537 0 515 590 585 END
START -23520 5892 1080 -5917 32767 16892 537 0 515 590 584 END
START -24264 1736 448 -6753 32767 16813 536 0 517 589 583 END
START -13652 2756 -18396 -4519 32767 18121 536 0 520 591 583 END
START -18180 7120 -5060 -5004 32767 19894 535 0 526 593 585 END
START -23972 1312 -5588 -4627 32767 20238 535 0 532 597 588 END
START -20920 8716 -5380 -3149 30487 22005 534 0 537 602 591 END
START -22476 760 -2700 -3779 24449 21230 534 0 542 608 594 END
START -15312 5084 -16716 -410 23656 22431 533 0 549 615 597 END
START -20652 4680 -2352 -208 16432 22331 533 0 556 622 602 END
START -18008 3544 -11432 1281 13247 21249 532 0 563 628 608 END
START -19820 11684 -1024 2598 8943 23493 530 0 573 635 612 END
START -15900 2952 2984 1940 2635 21732 529 0 580 642 618 END
START -7116 9396 -11060 4038 5797 21780 529 0 587 646 621 END
START -9152 11676 -3784 4364 4050 22886 529 0 594 651 626 END
START -10480 3008 8 4105 932 21878 528 0 600 656 630 END
START -6148 6116 -13432 6866 3289 21874 526 0 605 660 633 END
START -8684 13128 -3016 10877 4353 25073 525 0 609 667 638 END
START -5568 9984 -2732 9185 4601 23299 524 0 611 671 642 END
START 112 8796 -18712 7608 7829 17743 526 0 613 676 647 END
START -9280 14200 -4832 7183 9304 17070 528 0 617 679 649 END
START -3368 10388 -7172 6187 9709 16849 530 0 621 683 653 END
START -3580 6832 -18576 6277 9721 16657 531 0 628 687 657 END
START -9944 13004 -6232 6568 6515 17601 532 0 636 690 660 END
START -7144 5224 -3080 5361 2640 15539 533 0 642 692 662 END
START -2728 4328 -16136 7037 2843 13159 536 0 646 694 663 END
START -5024 13660 -8292 7908 3840 12895 538 0 650 696 664 END
START -2468 9340 -6176 7080 3769 12072 540 0 654 695 665 END
START 4064 7228 -21592 8886 6826 11026 541 0 657 698 666 END
START -6856 13804 -6620 9958 6270 11426 543 0 659 698 668 END
START -4744 2880 -1988 9162 4057 10198 544 0 661 699 667 END
START 1884 4988 -24040 11269 3569 8769 548 0 662 699 668 END
START -8276 11284 -8440 13048 1341 10103 555 0 664 699 668 END
START -4448 1616 -1536 12599 -4043 10095 568 0 666 699 668 END
START 7588 4872 -19944 15489 -628 7175 582 0 668 700 667 END
START 4320 8852 -13276 15166 4285 6706 587 0 669 701 667 END
START -960 1316 -10260 13649 7482 5259 592 0 670 700 668 END
START 3156 3456 -27868 14743 12252 3437 597 0 672 701 668 END
START -4092 8452 -15368 11805 7483 3950 603 0 672 701 667 END
START -2672 -2420 -11656 8335 2077 1758 607 0 672 701 669 END
START 5212 2584 -31340 8180 4540 969 607 0 673 703 669 END
START -3000 9128 -16932 4844 9 1077 607 0 673 703 669 END
START -1548 3276 -13832 1849 -2752 -14 607 0 674 703 669 END
START -72 1368 -26364 1930 -3312 -1646 606 0 674 702 668 END
START -2000 10324 -20148 1699 -2451 -664 607 0 673 703 669 END
START -660 5892 -13276 -719 -4688 -649 606 0 673 703 668 END
START 212 2624 -22680 1049 -1960 -1544 605 0 674 703 668 END
START -2432 12636 -13624 883 -188 -133 604 0 674 702 669 END
START -1396 7496 -14008 -861 -341 -868 605 0 674 703 668 END
START -3464 2328 -20844 728 309 -1912 606 0 673 703 669 END
START -48 10280 -21584 1140 357 -331 605 0 674 702 668 END
START -372 10952 -15484 -600 -1220 694 606 0 675 703 668 END
START -1740 2016 -9024 -1638 -4045 -690 604 0 673 703 668 END
START 4392 7856 -23976 480 1061 -311 604 0 673 703 669 END
START -1976 10136 -14396 -962 -71 939 603 0 673 703 668 END
START -2240 3260 -12076 -2421 -1263 40 603 0 673 703 669 END
START -912 1208 -22132 -945 -950 -1207 603 0 673 702 669 END
START -640 9392 -19252 -774 720 233 603 0 673 702 668 END
START -68 8832 -14944 -2162 -490 980 603 0 673 702 668 END
START -1584 524 -7828 -2961 -2641 76 603 0 672 702 668 END
START 2280 1960 -28500 -1398 -2824 -1051 605 0 672 701 667 END
START -3056 10672 -13776 -776 -415 648 604 0 672 702 667 END
START -1832 4152 -11612 -2103 -1527 648 605 0 672 702 667 END
START -2464 636 -19380 -547 -476 -745 605 0 671 701 667 END
START 1452 8560 -20112 493 2256 715 604 0 671 702 666 END
START -1812 10176 -12128 -623 474 1486 604 0 672 701 666 END
START -1980 2656 -10284 -1814 -1873 798 604 0 671 702 666 END
START 5632 4736 -28388 574 1234 -38 604 0 671 701 667 END
START -892 9552 -18772 636 1838 1109 604 0 671 701 667 END
START -248 9236 -14672 -871 886 1435 603 0 670 700 667 END
START -1680 1032 -7744 -1621 -1046 629 604 0 671 702 666 END
START 2272 2072 -27920 361 1068 -522 604 0 670 701 667 END
START -2984 10692 -14280 847 1899 496 604 0 671 701 666 END
START 212 8624 -15036 -796 117 1051 604 0 670 701 666 END
START -1696 5448 -12052 -1490 -1835 254 603 0 671 701 666 END
START 4980 3644 -29300 790 142 -608 604 0 670 700 666 END
START 2292 8252 -21044 804 738 182 604 0 669 701 666 END
START -600 10080 -13296 -379 504 640 604 0 670 701 666 END
START -348 8256 -14968 -1580 -841 339 604 0 670 700 666 END
START -3524 -532 -10416 -900 -1756 -1030 605 0 669 701 666 END
START -2640 10516 -15716 127 1373 435 604 0 670 700 665 END
START -216 8644 -15324 -1436 -550 1051 604 0 670 701 665 END