START -804 4388 15524 1503 1225 1381 544 0 664 701 657 END
START -640 4352 15420 1667 1639 1497 545 0 664 701 658 END
START -760 4316 15220 2107 3158 1753 544 0 663 702 658 END
START -2092 4320 15644 2779 3825 2001 545 0 663 702 658 END
START -2984 4572 16416 2897 3385 2680 545 0 663 700 658 END
START -3224 5376 16960 3525 2738 3698 546 0 661 702 658 END
START -3688 4132 17344 3554 2449 4810 545 0 659 702 658 END
START -1444 1908 15600 5445 3838 5248 546 0 657 701 659 END
START -2584 4168 14792 5517 6476 6796 547 0 655 701 658 END
START -1900 8016 14580 8132 10724 6835 547 0 654 701 659 END
START -2620 8848 14440 9198 12851 6573 546 0 652 700 658 END
START -3328 10740 16748 9708 12660 7268 546 0 651 700 659 END
START -3300 11412 16680 9089 10073 8576 544 0 650 699 656 END
START -8016 10220 18212 8249 6077 9950 544 0 649 698 657 END
START -6408 8936 15076 8050 4500 10774 545 0 648 697 656 END
START -1684 6900 10768 8046 5311 11293 545 0 647 696 654 END
START -1852 2292 13332 8390 8209 11070 545 0 647 692 651 END
START -2884 4856 7776 9203 13744 10893 545 0 644 680 646 END
START 2748 7968 6896 9169 19789 10902 545 0 643 646 632 END
START 2340 13548 9036 7737 23483 11040 543 0 639 611 602 END
START 600 12772 7676 3706 27877 10973 542 0 636 578 569 END
START -1184 8432 4288 722 32767 11407 539 0 634 549 539 END
START -1464 2916 5416 -1099 32767 11085 536 0 634 529 515 END
START -6536 3908 -5548 -985 32767 10831 529 0 635 505 493 END
START -2604 12420 -2964 -2521 32767 9924 518 0 635 482 477 END
START -3024 10216 -2016 -6489 32767 10019 507 0 633 463 467 END
START -5404 3296 -1488 -8901 32767 7445 497 0 632 449 457 END
START -3224 5936 -11044 -9965 32767 5840 490 0 631 441 451 END
START -7856 11776 1488 -12792 32767 3886 486 0 630 434 446 END
START -9192 4868 2200 -14928 32767 47 485 0 628 429 442 END
START -11620 1796 1120 -14681 32767 -3910 485 0 625 425 440 END
START -10840 9688 2284 -12861 32767 -6513 488 0 623 424 438 END
START -14260 6452 5612 -12398 27825 -8795 491 0 622 423 437 END
START -16100 1812 6624 -10994 19076 -12922 494 0 622 423 436 END
START -14772 10572 10828 -8189 15656 -14136 496 0 623 422 434 END
START -13404 5724 8388 -8619 11226 -16750 498 0 621 421 432 END
START -13552 3748 -2484 -5969 12944 -18463 498 0 622 420 432 END
START -13812 7732 7020 -4793 9801 -17967 500 0 622 420 432 END
START -18512 -544 8864 -3025 5734 -18961 498 0 623 421 431 END
START -20804 2824 -4444 635 4008 -18923 499 0 624 421 429 END
START -21764 10976 9816 320 56 -18040 497 0 624 421 429 END
START -16348 8552 4736 -2144 -764 -17998 496 0 625 420 427 END
START -21824 628 4900 -3540 -1365 -18483 496 0 626 421 427 END
START -22944 7764 992 -1895 325 -17459 498 0 626 422 427 END
START -24976 9812 3832 -3143 -4782 -14233 499 0 623 423 427 END
START -24732 -4956 4448 -2402 -2681 6938 498 0 623 424 427 END
START -31976 8584 -4472 3938 10581 -7219 498 0 621 425 428 END
START -26916 10840 3600 -2348 2597 -3264 498 0 623 427 429 END
START -31352 -296 3104 -2976 -9714 926 499 0 627 428 430 END
START -18816 3940 -10584 -1225 -11212 6667 501 0 628 430 431 END
START -18744 7928 2464 -959 -7464 10755 500 0 628 430 431 END
START -17984 620 5688 -2886 -1212 12372 500 0 627 431 432 END
START -19512 1756 -9412 -759 4443 15003 501 0 627 432 432 END
START -23140 9020 6244 -625 1605 17159 502 0 627 433 433 END
START -17828 6376 2144 -1309 -741 18058 502 0 627 433 434 END
START -17856 1300 -124 -1294 -1840 17799 502 0 628 433 434 END
START -14656 8452 2728 181 664 18054 502 0 627 434 435 END
START -14160 9144 5360 -252 -953 18578 503 0 627 434 435 END
START -11772 3804 2376 -584 -1900 17997 502 0 626 435 436 END
START -9084 -612 4916 46 -1378 15569 502 0 626 435 437 END
START -9044 2228 -7692 1334 1014 14403 501 0 626 435 437 END
START -3536 7584 -4800 1796 3349 12943 501 0 625 435 437 END
START -5540 8416 2052 572 2904 11721 501 0 624 436 437 END
START -5340 8252 1272 -475 2397 9614 501 0 625 437 437 END
START -8360 4184 2264 -931 1422 6979 500 0 625 437 437 END
START -6972 1024 3156 -1139 467 4120 500 0 625 437 438 END
START -6448 3780 -7964 -129 1446 1655 500 0 625 437 438 END
START -1120 9016 -5064 1105 3943 248 500 0 625 437 438 END
START -1872 10324 -1216 1283 3277 -1158 500 0 625 438 438 END
START -4132 9120 3088 37 1079 -3204 500 0 626 438 439 END
START -7904 5148 3556 160 -277 -5728 501 0 625 438 439 END
START -8564 3584 3868 480 -798 -8812 501 0 625 438 439 END
START -9492 1092 2352 1976 -441 -11375 501 0 626 438 439 END
START -8172 3548 -8008 4042 2256 -13385 502 0 626 439 440 END
START -13192 10924 4864 3226 373 -13663 501 0 626 439 440 END
START -13356 5428 2388 1683 -1535 -15035 502 0 627 439 440 END
START -12932 1548 5308 837 -1905 -17289 502 0 628 439 440 END
START -9340 6188 -3880 3556 520 -17862 503 0 628 440 440 END
START -20828 10104 5364 2153 -4009 -17632 503 0 628 440 440 END
START -20548 4488 2336 883 -10037 -18200 504 0 630 440 440 END
START -19572 2488 -7844 829 -10431 -17448 503 0 631 440 440 END
START -21092 8644 2320 34 -11202 -14851 504 0 634 441 441 END
START -14988 11508 240 -3248 -7317 -9134 506 0 618 439 441 END
START -14836 -2628 -10748 343 7032 9769 505 0 620 439 441 END
START -29816 9812 -6744 5349 19735 -2934 503 0 618 440 442 END
START -29712 11220 3780 1547 13284 -2009 504 0 617 442 443 END
START -32768 3148 8488 -505 -4999 -692 505 0 617 442 443 END
START -22056 5908 -10596 -617 -11096 1019 506 0 618 443 443 END
START -20628 10376 5700 -1607 -14720 854 508 0 622 443 443 END
START -18400 5328 4672 -2855 -16489 570 510 0 627 443 443 END
START -20452 2404 -532 -2180 -18614 1337 512 0 633 443 443 END
START -18212 9176 7544 -465 -19076 2692 515 0 636 443 444 END
START -18064 8708 10956 -246 -22914 5380 517 0 636 444 444 END
START -18408 2640 8564 614 -22821 7255 518 0 636 445 446 END
START -18264 -496 11088 3226 -23692 7405 520 0 634 446 446 END
START -14812 4004 548 7508 -24387 7837 521 0 632 448 449 END
START -16692 9224 9688 9363 -30443 8567 524 0 628 452 453 END
START -14636 8216 9608 9456 -32768 7627 528 0 627 459 460 END
START -14492 5768 8820 9035 -32768 6120 533 0 624 467 469 END
START -14456 3804 3300 9894 -32768 5303 538 0 620 479 480 END
START -9732 11012 7912 10217 -32768 5775 543 0 618 497 493 END
START -13996 11392 11664 8776 -32768 5171 549 0 617 528 509 END
START -8204 2548 10472 7717 -32768 1907 563 0 617 575 527 END
START -8132 3804 2748 8804 -32768 -2447 581 0 620 609 546 END
START 1940 10544 3244 10244 -32768 -2687 596 0 623 633 566 END
START -1276 11796 10272 9956 -30355 -3146 606 0 625 651 584 END
START 2864 3372 8656 9241 -23426 -3913 612 0 626 664 598 END
START -1104 4288 7224 9906 -16715 -4695 614 0 626 671 609 END
START -1000 6528 3948 10119 -12970 -4583 614 0 627 678 617 END
START -4312 13932 13356 8522 -15151 -4042 615 0 626 682 625 END
START -2580 10540 8460 5921 -16699 -5132 615 0 626 687 631 END
START -2316 4768 10276 4386 -16351 -7188 615 0 626 689 635 END
START 4632 10924 4880 4159 -13505 -7943 617 0 627 692 639 END
START -1204 14104 11776 1791 -13941 -7761 617 0 629 692 641 END
START 496 7948 7044 -885 -12211 -8093 618 0 630 694 644 END
START -300 4204 10140 -2168 -10232 -8852 617 0 630 694 647 END
START 1264 8772 4648 -2696 -9106 -9709 617 0 630 696 649 END
START 1408 13116 9340 -4056 -7861 -9462 618 0 632 698 651 END
START -2776 12620 14568 -6605 -7164 -9089 620 0 634 699 653 END
START -956 2660 12364 -8127 -3999 -9699 622 0 637 701 654 END