START -4720 12420 16340 -73 -972 909 612 0 670 708 677 END
START 620 7756 11848 1010 179 -210 613 0 669 709 676 END
START -6464 2756 12888 -10 -803 -641 613 0 669 708 676 END
START 1524 6988 11368 864 325 -75 612 0 669 709 674 END
START 932 9324 11408 715 144 -162 613 0 670 708 676 END
START -1840 11416 14224 335 127 220 613 0 669 709 675 END
START -3132 11704 14420 -795 -874 635 612 0 670 709 675 END
START -3592 7400 11604 -1908 -1057 683 614 0 669 708 676 END
START -3668 1768 16808 -1633 -1054 -425 612 0 669 708 675 END
START 1156 8952 11260 562 555 -518 613 0 669 709 675 END
START -568 10988 13512 563 417 -195 613 0 670 708 675 END
START -3428 11980 14440 -369 -497 339 613 0 668 708 675 END
START -3044 10660 12980 -1679 -823 838 612 0 670 708 675 END
START -3744 1688 16168 -1932 -556 -56 612 0 670 708 675 END
START -5736 3012 8468 -606 75 -899 612 0 669 709 675 END
START -2724 3688 9364 31 1383 -844 612 0 669 709 675 END
START -428 5200 9144 425 2178 -443 613 0 669 708 675 END
START 676 7720 11548 741 1624 -103 613 0 669 708 675 END
START -4988 12364 16356 315 154 819 612 0 668 708 675 END
START -4188 12168 15948 -630 -433 1082 612 0 669 709 674 END
START -4152 5392 13572 -1715 152 882 612 0 669 708 674 END
START -3636 3436 15108 -1921 521 110 612 0 668 708 675 END
START -6204 2944 9348 -975 1244 -891 611 0 669 708 674 END
START 872 7792 11680 231 1970 -512 612 0 668 708 675 END
START -872 9364 11620 213 854 -85 612 0 668 708 675 END
START -2044 11256 14264 -17 350 134 611 0 669 708 674 END
START -3356 11444 15108 -1060 -639 765 611 0 668 708 674 END
START -3272 7724 11500 -2245 -167 686 612 0 668 708 675 END
START -3536 1992 16532 -2242 280 -47 611 0 668 708 675 END
START -4952 3120 8040 -1200 1521 -919 611 0 668 707 674 END
START 204 9276 12008 -455 3282 -232 611 0 668 707 673 END
START -1280 10356 14000 -774 4155 780 612 0 667 707 671 END
START -2616 10104 16376 -1646 6753 1612 611 0 666 704 669 END
START -3388 1724 15852 -1582 10895 1785 610 0 664 702 662 END
START -6268 1796 12564 303 16252 2175 607 0 661 686 650 END
START 444 6356 10360 1046 23172 3450 603 0 657 649 629 END
START -5264 10528 15084 299 28600 5334 596 0 652 611 595 END
START -3880 7956 10220 -737 32767 6792 586 0 648 571 552 END
START -6344 900 9968 -2100 32767 7033 574 0 645 525 516 END
START -7984 4072 -5452 -3491 32767 7292 556 0 643 481 488 END
START -6564 10628 -2720 -6236 32767 7685 534 0 639 445 466 END
START -10336 9244 -4932 -11403 32767 7891 515 0 637 423 453 END
START -15912 1960 -7300 -13445 32767 6284 500 0 634 417 444 END
START -16920 8864 -1756 -13662 32767 6191 489 0 633 413 439 END
START -14604 6520 568 -17568 32767 3268 478 0 631 411 437 END
START -12020 3840 -12564 -20417 32767 103 472 0 630 411 436 END
START -17352 7888 5468 -19750 31732 -4556 469 0 629 410 434 END
START -18536 -740 10952 -19779 18173 -9281 467 0 628 410 434 END
START -21540 9128 12728 -16490 9481 -13415 467 0 628 411 433 END
START -16916 2148 12412 -17336 -3514 -17580 468 0 630 412 434 END
START -12772 8716 8340 -13681 -3210 -20336 469 0 634 413 434 END
START -12240 3212 6660 -13149 -5144 -21936 470 0 638 416 434 END
START -18652 -2276 -6996 -4381 -3369 9607 472 0 640 412 433 END
START -32768 4732 20308 15538 22643 385 463 0 630 407 430 END
START -32768 14512 16536 1486 16063 -7417 460 0 622 410 431 END
START -32768 5536 -108 -343 7755 -1460 463 0 622 416 433 END
START -31704 9344 3512 -484 -11587 398 466 0 625 418 435 END
START -17884 -288 -1164 385 -18765 4887 469 0 627 420 436 END
START -10764 1728 -7036 2950 -8674 9903 470 0 626 421 437 END
START -13348 10332 -1040 1835 8493 11154 470 0 626 422 438 END
START -16584 7872 -1568 -1533 12327 12909 472 0 628 423 439 END
START -20604 2368 -4964 -2433 8455 13136 471 0 628 423 440 END
START -10752 6276 -6576 5 7765 12797 471 0 629 424 441 END
START -14300 10640 4480 -1219 3596 11642 472 0 629 425 442 END
START -10056 4128 1264 -2996 1919 8886 471 0 629 426 442 END
START -8404 1024 -316 -2715 3931 5312 472 0 629 426 442 END
START -2284 3952 -8824 -2016 7543 3261 471 0 629 427 442 END
START -6908 9172 5264 -3295 4056 1080 472 0 629 427 443 END
START -6044 5432 2140 -4812 682 -1908 472 0 630 427 443 END
START -5420 -1200 5120 -5035 -1811 -6796 473 0 629 428 444 END
START -8 3536 -5304 -3096 98 -11757 473 0 630 428 444 END
START -88 4520 -3536 -2205 -149 -15387 473 0 632 428 445 END
START -8800 7272 5892 -2406 -4126 -19579 474 0 633 429 445 END
START -12032 1104 1900 -3124 -8097 -25344 474 0 636 429 445 END
START -17104 -1636 -8648 -1435 -10847 -29756 476 0 640 429 445 END
START -8748 12824 -2056 -2890 -16853 -26881 479 0 626 424 444 END
START -17800 -22128 -808 3181 17511 22743 476 0 621 421 437 END
START -32768 21140 1876 8650 32767 -5109 471 0 619 425 438 END
START -32768 3728 -616 -1695 12681 -945 472 0 620 428 441 END
START -32768 808 2976 -1617 -20336 1536 473 0 621 429 443 END
START -7856 3120 -14840 -205 -25855 -242 476 0 620 429 443 END
START 832 7908 -3788 -619 -20465 1552 477 0 621 430 444 END
START -5832 4120 348 -1710 -11224 1857 477 0 622 430 444 END
START -8828 -1864 5072 -1977 -4424 536 477 0 623 431 445 END
START -15140 160 1416 -420 492 -462 477 0 625 430 444 END
START -11428 2916 -3576 -454 2945 -1081 478 0 626 431 444 END
START -17856 7240 5784 -767 320 -352 477 0 627 432 445 END
START -18668 7080 7464 -1743 -2624 -132 478 0 628 432 445 END
START -20044 -552 5552 -2597 -6675 -532 479 0 629 432 445 END
START -18216 -368 -192 -1727 -6805 -1231 479 0 628 433 445 END
START -13508 6684 1536 -765 -4324 194 480 0 629 433 445 END
START -16084 7296 6888 -1692 -3836 1005 477 0 630 434 445 END
START -16532 176 4480 -3058 -2392 149 480 0 629 434 446 END
START -16836 -1284 1860 -2536 -1025 -768 480 0 629 434 445 END
START -13348 6324 552 -441 3507 -69 479 0 629 434 446 END
START -16628 6816 4128 -527 2301 526 481 0 630 435 445 END
START -17020 6704 6336 -1242 -375 808 481 0 630 436 446 END
START -18400 3024 3316 -2035 -3047 620 481 0 631 436 446 END
START -19328 -2076 7504 -2031 -6080 -188 483 0 631 437 446 END
START -12296 4036 -1864 -157 -4444 525 484 0 630 438 446 END
START -18640 8052 9084 -841 -7422 1408 484 0 630 438 446 END
START -16236 2404 4368 -1905 -8398 1571 484 0 630 438 447 END
START -16052 -2348 7016 -1716 -8449 481 485 0 629 439 447 END
START -10812 4800 -244 235 -5031 498 486 0 628 441 447 END
START -17380 7312 7204 -102 -5719 1016 487 0 627 440 447 END
START -13420 4708 3088 -686 -7306 1223 487 0 625 441 447 END
START -16816 -1164 6800 -1065 -8512 440 487 0 623 441 447 END
START -12668 1308 -4712 865 -8195 301 488 0 623 441 447 END
START -18488 6852 6068 856 -10455 694 488 0 622 441 447 END
START -14208 5520 5964 -254 -12781 1780 489 0 621 443 447 END
START -15364 664 5728 -817 -13248 1086 491 0 621 442 447 END
START -13224 -24 -4960 797 -10414 229 493 0 621 442 447 END
START -11304 7012 5204 1992 -7417 1650 494 0 620 442 447 END
START -15356 7684 11960 397 -9697 2385 494 0 620 443 447 END
START -15052 3188 7708 -520 -10976 2047 495 0 620 443 448 END
START -18152 20 2756 528 -12578 1605 496 0 619 443 449 END
START -9948 5348 3820 1203 -11234 884 496 0 618 444 449 END
START -15692 8168 12752 1581 -13250 2354 497 0 619 444 449 END
START -12344 5444 9416 500 -15675 2776 499 0 618 444 451 END
START -13536 -1836 11456 984 -16461 1918 499 0 617 445 451 END