START -4304 -64 14720 -645 -67 -4 619 0 625 659 610 END
START -4448 40 14640 -605 -117 -6 619 0 624 659 610 END
START -4048 60 14736 -535 -117 -17 619 0 624 659 610 END
START -4072 204 14584 -645 -8 1 619 0 624 660 610 END
START -3980 180 14388 -585 69 -100 619 0 624 659 610 END
START -4484 -1184 14292 -659 -165 -433 619 0 625 659 610 END
START -3888 -392 14176 -577 -307 -498 619 0 625 659 610 END
START -4572 2232 15164 -1208 -524 415 619 0 624 659 610 END
START -3448 -2168 13844 -351 73 -709 619 0 624 659 610 END
START -5132 -484 14964 -1528 -491 163 620 0 624 659 610 END
START -5436 1740 15796 -1762 -692 544 619 0 625 659 610 END
START -3136 488 12344 -1782 -282 395 620 0 624 659 610 END
START -6708 -3880 16224 -1621 -436 -319 619 0 624 659 609 END
START -796 188 8052 170 815 -631 620 0 624 659 610 END
START -1948 -1436 6660 355 1087 -276 619 0 624 658 610 END
START -4792 5212 20204 -45 -353 540 619 0 624 658 609 END
START -9752 5264 22612 -1344 -2355 899 620 0 624 658 609 END
START -6688 -4976 17152 -2041 -533 -193 619 0 624 658 609 END
START -1852 -2092 7196 -44 625 -333 619 0 624 658 609 END
START -4668 5072 20624 -30 295 466 619 0 624 658 610 END
START -9764 5136 23164 -1045 -2279 1044 619 0 624 658 609 END
START -1716 -580 12072 -2204 -676 332 617 0 622 657 609 END
START -7380 -6060 19360 -944 -117 -157 616 0 616 655 608 END
START -5180 4356 23512 -224 1949 1314 615 0 595 646 604 END
START -2344 192 17168 -1048 2328 1663 617 0 561 628 595 END
START -6456 -6092 19684 -1300 6004 715 617 0 531 597 577 END
START 1936 692 8276 58 12379 1431 617 0 503 560 548 END
START -2364 4736 19600 320 15452 4284 615 0 480 529 523 END
START -4908 3480 20288 -1005 15658 6370 615 0 461 501 495 END
START -6464 -2560 17300 -2619 23943 6813 617 0 447 480 468 END
START 2468 6888 7872 -4305 32767 9682 618 0 436 463 448 END
START -10476 5544 15188 -7439 32767 11515 619 0 428 456 435 END
START -15924 -3732 11688 -7784 32767 12265 618 0 418 449 424 END
START -11784 6152 6948 -5396 32767 15637 618 0 410 443 415 END
START -13496 4068 5296 -6787 32767 17537 616 0 404 439 409 END
START -16852 972 1348 -5389 32767 16008 615 0 399 434 403 END
START -20236 8116 11256 -3201 32767 16633 614 0 395 430 398 END
START -15304 3380 4136 -5119 32767 17316 613 0 391 428 393 END
START -21588 -924 6932 -3758 32767 15933 612 0 388 424 390 END
START -14976 8488 4040 -2594 32767 16825 612 0 385 422 387 END
START -15464 6056 4108 -4951 26659 16667 611 0 383 421 386 END
START -19480 2236 1384 -4765 20285 15616 611 0 383 419 384 END
START -20660 9532 7300 -2614 17431 15352 610 0 383 418 384 END
START -17920 6640 6164 -3817 8542 13911 611 0 384 420 384 END
START -21180 1564 6888 -3110 2432 13357 611 0 385 421 384 END
START -13408 8476 -8276 -820 1320 15037 612 0 385 422 385 END
START -21500 11052 11156 -655 -5767 15000 613 0 386 422 385 END
START -14920 3816 4256 -836 -7706 13866 614 0 387 424 387 END
START -13184 3744 2108 1745 -7639 13412 615 0 388 425 388 END
START -6656 11720 -352 4971 -5832 14532 616 0 389 427 389 END
START -15984 11796 9772 5488 -10011 14015 617 0 390 429 390 END
START -13476 4672 5072 5799 -9713 11971 619 0 392 430 391 END
START -7448 11100 -7480 6459 -6123 11321 620 0 393 431 392 END
START -12292 14544 6932 6242 -5392 10512 621 0 394 432 392 END
START -5624 9472 -2220 5177 -5890 8586 620 0 394 433 393 END
START -11636 5212 3476 5733 -5458 6099 621 0 394 433 393 END
START -7544 8724 -4264 7650 -3758 5237 622 0 395 434 393 END
START -2516 14104 -8532 7832 -453 4794 621 0 395 434 393 END
START -12096 14012 6568 6264 -1936 2970 621 0 395 433 393 END
START -5724 10780 -2616 5061 -278 933 622 0 395 433 393 END
START -10056 6432 -48 5614 -441 -673 622 0 395 433 393 END
START -13328 3736 1900 6438 -1459 -2295 622 0 395 433 393 END
START -7112 8612 -8792 8181 1475 -2833 622 0 395 433 394 END
START -8568 13676 2272 7858 4678 -2855 621 0 395 432 393 END
START -16648 12196 6156 6114 2951 -4080 621 0 395 432 393 END
START -11336 9164 -1868 5648 2048 -4917 620 0 396 432 393 END
START -16932 2220 2604 6485 -1649 -5956 620 0 396 432 393 END
START -11088 4288 -5672 7794 613 -6323 620 0 396 432 393 END
START -8308 10872 -2620 7729 4231 -5991 620 0 396 432 393 END
START -17280 10820 5608 6028 2041 -6141 620 0 397 433 393 END
START -12168 4572 -4392 5439 811 -5744 619 0 397 433 393 END
START -18116 1296 2264 6074 -4293 -6253 619 0 397 433 393 END
START -9852 6396 -10684 7272 -4969 -7685 619 0 397 433 394 END
START -5160 9676 -7716 7093 -1157 -7008 618 0 398 433 394 END
START -15428 9352 4564 5830 -2367 -7417 618 0 397 434 394 END
START -10900 6992 -2752 5402 -1822 -8608 618 0 398 434 394 END
START -17652 852 3344 6228 -6056 -10384 617 0 398 434 395 END
START -8852 7860 -10344 7393 -6966 -11803 618 0 399 434 395 END
START -15240 8496 3920 5339 -6166 -12446 617 0 399 435 396 END
START -7148 1560 -7860 3160 -317 -13689 617 0 399 435 396 END
START -16728 -4020 -1064 2373 4182 -14521 616 0 399 436 396 END
START -15920 1588 -13816 3569 7420 -12034 616 0 398 436 397 END
START -24964 3756 2188 2624 1662 -8033 616 0 399 436 397 END
START -23460 1832 -856 1677 -1333 -5868 617 0 399 436 397 END
START -21144 -3164 -2320 883 -632 -3830 618 0 399 436 398 END
START -20488 -2972 -2448 651 855 -2441 618 0 400 437 398 END
START -13556 6512 -7564 774 2697 -174 618 0 400 437 398 END
START -20132 8072 2148 -208 616 1034 619 0 399 437 398 END
START -20176 8972 3108 -1045 -678 1573 618 0 400 437 399 END
START -12076 4608 -7408 -1632 460 1080 619 0 399 437 399 END
START -18032 484 32 -1318 860 397 619 0 400 437 399 END
START -18172 384 448 -1229 628 386 619 0 400 437 399 END
START -18920 4 652 -1215 198 -326 620 0 400 438 399 END
START -18888 116 896 -1318 -10 -199 619 0 400 437 399 END
START -15780 1532 -3972 -968 47 -501 620 0 400 438 399 END
START -14916 2044 -5312 -28 718 -211 620 0 400 438 400 END
START -11660 7664 -12564 307 1829 277 620 0 400 438 399 END
START -12788 9500 -2976 -344 764 1108 621 0 401 438 400 END
START -21400 9168 5072 -1602 -2829 1032 621 0 401 438 400 END
START -13728 5432 -4180 -2254 -2497 708 621 0 401 438 400 END
START -18248 -1088 1364 -1668 -3479 -609 621 0 401 438 400 END
START -10028 6920 -12264 176 -1029 -22 621 0 401 438 400 END
START -10972 9624 -2364 -134 -639 744 621 0 402 439 401 END
START -19472 9356 4932 -1511 -2031 475 622 0 401 439 401 END
START -13736 5880 -3404 -2064 -951 -104 622 0 402 439 401 END
START -18480 -608 1224 -1648 -828 -920 622 0 402 439 401 END
START -14656 1080 -4972 -275 -378 -1046 622 0 401 439 401 END
START -11320 8988 -3848 557 821 -271 622 0 401 439 401 END
START -11344 9000 -3632 -279 -666 136 619 0 402 440 401 END
START -19836 9368 4824 -1327 -2371 323 622 0 401 439 401 END
START -11624 3700 -6768 -1969 -362 151 622 0 402 439 401 END
START -18304 -480 108 -1659 -404 -525 622 0 402 440 402 END
START -16236 184 -2440 -913 -724 -1009 623 0 402 440 402 END
START -12320 6384 -13256 369 1181 -305 623 0 402 440 402 END
START -9952 8860 -5872 194 1352 541 623 0 403 440 402 END
START -18180 9780 3100 -472 315 407 622 0 403 440 401 END
START -18384 9536 2948 -961 -123 926 623 0 402 440 402 END
START -18704 7064 2260 -1651 -213 593 623 0 403 440 402 END
START -12504 4452 -6656 -1940 856 156 623 0 403 440 403 END
START -17312 640 -1176 -1734 -435 -302 623 0 403 441 402 END