START -2796 -844 15444 -1207 -1983 992 611 0 551 577 537 END
START -1760 -2316 14880 -636 -2151 1255 610 0 551 578 537 END
START -180 -1704 15012 -458 -1223 2300 610 0 551 578 537 END
START -11548 -3576 20700 2671 -1733 1635 610 0 552 578 537 END
START 3520 -956 12372 2642 342 2525 608 0 551 578 537 END
START 1208 -856 14104 641 1219 3030 609 0 551 579 537 END
START 3312 -1524 12416 -1203 2152 1919 609 0 551 579 537 END
START -4800 -3596 19164 -1370 1812 815 608 0 549 579 537 END
START -6420 -4088 19932 -1779 471 584 608 0 552 580 538 END
START -2276 -244 17560 -745 -408 31 609 0 552 581 538 END
START -4656 -588 20344 541 -2884 -816 610 0 552 581 539 END
START -3968 1864 22668 1224 -6374 -62 610 0 552 581 539 END
START -2012 -436 23404 454 -7765 2434 610 0 552 581 539 END
START -2200 -7552 20520 2278 -8012 2318 611 0 551 581 540 END
START 7248 -7648 10924 11068 1698 3111 609 0 549 581 539 END
START -2100 2996 20364 9452 1155 2851 607 0 546 579 539 END
START -3856 -6400 16476 8113 4208 1793 606 0 543 577 538 END
START 56 -4280 5444 10649 5533 1318 603 0 535 568 536 END
START -3828 3828 20472 10371 3758 3006 599 0 521 552 531 END
START -1400 1656 14580 8006 -435 3794 595 0 506 537 524 END
START -5000 -4428 16328 6837 -1401 3346 591 0 494 525 516 END
START 2776 -1000 4688 7908 730 4139 589 0 481 511 508 END
START 1764 4900 17844 7429 1455 5383 590 0 470 498 499 END
START -544 4512 14776 5743 1491 6028 592 0 460 487 489 END
START 1392 3232 10536 4500 3774 5659 593 0 450 476 478 END
START -4332 -2836 16284 4498 3774 4752 594 0 440 466 466 END
START 3420 3336 5236 5787 6694 5401 596 0 432 457 455 END
START -1912 7836 19248 5516 6686 6058 597 0 425 451 445 END
START 2124 5292 12040 5052 8430 6217 600 0 419 446 436 END
START -2004 -208 15028 4735 13868 5116 600 0 414 441 429 END
START -1096 1548 8016 5728 18229 3274 601 0 408 437 422 END
START 372 7480 13476 7963 21759 4022 602 0 403 434 416 END
START -11420 8672 21888 8529 18545 4542 602 0 399 430 411 END
START -3904 5500 11036 8338 17841 4585 601 0 396 426 407 END
START -10848 608 17280 9218 17067 3795 603 0 393 425 402 END
START -2564 9836 13672 11838 19025 4238 602 0 390 423 399 END
START -10936 11996 19736 11535 16998 5501 604 0 388 422 396 END
START -8972 5168 13448 10920 18926 5060 605 0 386 419 393 END
START -3836 8228 3184 12721 19518 5677 605 0 385 415 392 END
START -5120 13528 14756 13750 20307 7636 607 0 383 418 389 END
START -5268 11232 6016 12188 19009 8157 607 0 382 417 388 END
START -10504 6196 11308 12197 19336 7178 608 0 382 417 386 END
START -6264 11044 2100 14168 18608 7048 608 0 382 416 385 END
START -2556 15252 11736 13689 16889 7917 609 0 383 416 385 END
START -6912 13404 8092 11494 15038 8263 608 0 383 415 384 END
START -11528 6296 11620 11097 13137 6889 609 0 384 415 383 END
START -6756 10328 2876 12716 13108 7964 609 0 384 414 383 END
START -6892 16620 12584 13377 11192 8710 608 0 384 414 382 END
START -5016 14576 4796 11629 9455 8301 609 0 385 415 382 END
START -5820 11832 5268 10607 9621 7508 609 0 385 415 382 END
START -10260 7628 8532 10902 7547 6835 610 0 387 416 382 END
START -2720 14480 -2296 12212 7119 5697 611 0 387 417 382 END
START -1848 18220 5428 11952 6657 4664 611 0 388 418 383 END
START -8516 18384 12392 10055 2969 3124 610 0 389 420 384 END
START -1036 15120 880 8310 2913 2869 611 0 390 421 385 END
START -4572 10108 5284 8007 1482 1854 611 0 390 421 385 END
START -4684 8912 3684 8817 1169 -670 612 0 390 422 386 END
START -2756 9964 2828 9294 3630 -3046 614 0 391 425 386 END
START -1860 13384 -7532 9783 7977 -4420 614 0 391 425 387 END
START -7028 19168 7032 9062 8314 -6957 614 0 392 426 387 END
START -8728 17064 8148 6861 3516 -7488 613 0 392 427 388 END
START -3148 12932 -1908 6537 3083 -6495 614 0 393 427 388 END
START -9736 6396 3568 7623 2412 -9908 614 0 393 428 389 END
START -7488 10348 -2856 8326 1064 -11742 616 0 393 428 389 END
START -6156 17588 6372 8801 -2479 -13378 617 0 394 429 390 END
START -11568 15092 10136 5990 -10186 -14650 616 0 394 429 390 END
START -6040 1736 2124 7250 -6755 -16632 615 0 394 430 391 END
START -4212 3852 -2016 9941 -262 -20595 616 0 395 430 391 END
START -2692 11304 896 10404 1872 -22996 617 0 395 430 391 END
START -11060 10168 8148 8393 -1409 -27147 616 0 394 432 392 END
START -5464 -2144 -832 3118 3108 -32768 613 0 395 430 392 END
START -7208 -16404 -8004 4510 12100 -32768 611 0 395 431 392 END
START -12508 -10024 -16792 8228 27812 -32398 611 0 395 431 393 END
START -32768 -14416 -4824 5256 26893 -24698 612 0 394 432 393 END
START -32768 -17492 -4852 4677 12985 -13587 613 0 394 433 393 END
START -32768 -3816 -13664 3095 -1584 -2125 615 0 394 433 393 END
START -23660 -1024 -6008 -1566 -12836 4212 615 0 394 432 394 END
START -14500 -3220 -3348 -3010 -9338 3868 616 0 395 432 393 END
START -6284 2128 -14228 -1242 518 1282 616 0 395 432 394 END
START -6412 5552 -13096 701 6871 -363 616 0 396 432 393 END
START -9920 7412 -5052 1327 7391 -1122 617 0 396 433 394 END
START -18300 8680 1780 594 2478 -928 617 0 396 433 394 END
START -24156 8016 5660 -147 -2507 -523 606 0 398 433 394 END
START -20072 6780 1696 -1691 -3712 81 619 0 397 434 394 END
START -14408 5124 -4532 -2619 -2778 474 619 0 397 434 394 END
START -19308 -976 812 -2622 -3317 -218 619 0 398 434 395 END
START -17264 -1240 -368 -1872 -3066 -544 619 0 398 436 394 END
START -12132 5580 -12288 -154 -223 61 619 0 398 434 395 END
START -9944 7744 -6056 239 1584 324 619 0 398 434 395 END
START -10816 7068 -9464 379 3125 699 620 0 398 434 396 END
START -13360 8528 -2184 125 2114 744 620 0 398 434 396 END
START -20444 8924 4216 61 -162 1692 620 0 399 435 396 END
START -17752 8668 1360 -153 -2062 1673 620 0 399 434 396 END
START -14036 6320 -3332 -1054 -2830 1543 620 0 399 435 396 END
START -12276 4152 -6324 -1884 -1399 510 620 0 399 435 396 END
START -17500 -1084 -828 -1607 -1460 -221 620 0 399 435 396 END
START -12336 6012 -13000 -67 62 314 620 0 400 435 396 END
START -12804 5160 -13804 -102 508 300 620 0 401 435 396 END
START -10456 6460 -10320 -100 1078 415 621 0 400 435 396 END
START -12296 7508 -2188 -99 -570 548 621 0 400 436 396 END
START -18620 8260 4464 -443 -1546 752 620 0 400 435 397 END
START -18840 6976 3100 -919 -1251 794 620 0 400 435 397 END
START -13344 5020 -4608 -1133 -229 509 621 0 400 436 397 END
START -12612 2776 -5876 -1394 -147 -54 621 0 400 436 397 END
START -16984 -1224 -1908 -1315 -255 -710 621 0 401 436 398 END
START -13644 2504 -9820 -119 1243 -770 621 0 400 436 398 END
START -11020 7888 -5352 13 2135 92 620 0 401 436 397 END
START -9836 7668 -6652 135 2093 52 621 0 401 436 397 END
START -10380 7136 -9076 176 2091 -65 621 0 401 436 398 END
START -13232 8596 -916 224 776 170 621 0 401 436 398 END
START -11876 8268 -3588 462 139 77 621 0 401 436 397 END
START -10728 7924 -5276 418 209 203 621 0 401 437 398 END
START -16696 8488 1456 64 -340 -238 621 0 402 437 398 END
START -14592 8656 188 -135 -239 157 621 0 402 437 397 END
START -21196 8212 4912 -552 -945 492 622 0 402 437 398 END
START -21160 8240 5248 -959 -2182 331 621 0 402 437 399 END
START -18900 6288 1796 -1540 -2484 646 622 0 402 437 398 END
START -15728 584 -2904 -1866 -1246 355 622 0 402 437 398 END
START -18400 -1416 -28 -1739 -1039 -1 621 0 402 437 399 END
START -15380 20 -4952 -1144 103 -243 621 0 400 437 399 END