START -3044 -1452 15228 -943 -126 290 634 0 585 661 622 END
START -2956 -1404 15176 -974 -171 369 635 0 584 661 623 END
START -2960 -1464 15288 -972 -80 449 635 0 585 661 624 END
START -2964 -1252 15244 -1168 62 654 634 0 585 661 624 END
START -2452 -936 15224 -715 435 874 633 0 586 662 625 END
START -2404 -1092 15476 -490 984 970 632 0 588 662 625 END
START -3240 128 16308 -707 1114 1394 632 0 588 663 626 END
START -2312 -3868 13500 -1045 1722 621 631 0 588 664 627 END
START -4472 632 17584 -1415 1572 1088 631 0 588 665 628 END
START -4188 2204 18544 -1039 2245 1074 630 0 588 666 629 END
START -5316 1672 20204 -1706 2034 1126 630 0 589 668 630 END
START -6656 868 22144 -2135 1600 1232 628 0 590 669 631 END
START -3488 -3356 16584 -2847 2409 1117 628 0 590 670 634 END
START -200 -3088 6796 -1497 5377 844 628 0 591 672 637 END
START -9272 1504 25044 -983 5255 1716 628 0 592 673 640 END
START -1700 -2368 17152 -1865 3460 2223 627 0 593 675 642 END
START -9272 -7956 21484 -814 4558 1746 628 0 594 676 642 END
START 1192 -396 13692 2352 8262 2748 629 0 593 676 638 END
START -8192 1484 25660 3263 7232 3364 629 0 592 674 630 END
START -4164 -3140 18636 4641 11441 3026 630 0 591 666 619 END
START 1692 2256 9924 8224 16961 3869 631 0 589 660 612 END
START -1752 6516 18900 9715 18992 5973 631 0 586 655 608 END
START -2404 4052 14032 10102 20800 8359 633 0 576 648 603 END
START -7552 1120 15992 12125 24995 9383 634 0 559 633 593 END
START -6224 11764 17340 14105 30935 12452 634 1 542 610 577 END
START -4972 7652 10396 12062 32767 15232 634 0 526 584 557 END
START -10416 4508 10324 12049 32767 17299 635 0 511 561 536 END
START -9564 13928 9692 12220 32767 22632 634 0 496 540 514 END
START -10388 9736 4448 11459 32767 25007 636 0 478 519 494 END
START -14360 10376 1064 10776 32767 24672 636 0 462 502 476 END
START -16820 17144 11232 8851 30769 27047 635 0 445 485 460 END
START -10236 10120 4724 5825 24990 26952 634 0 432 473 448 END
START -6652 10960 -6000 6228 23144 26168 635 0 419 463 438 END
START -14944 16168 9880 5744 21976 25809 635 0 409 452 427 END
START -8048 11596 1060 4619 17988 22885 632 0 398 440 414 END
START -12112 6476 2992 5406 14638 19175 631 0 391 432 405 END
START -3616 14708 -7424 6135 15432 17267 630 0 386 427 396 END
START -12772 15216 10644 4321 10653 14579 628 0 383 422 389 END
START -12800 7080 7296 3484 10182 7713 625 0 380 419 386 END
START -1600 12448 -7408 4957 14024 3268 623 0 379 418 382 END
START -9740 14424 5848 4857 13818 1365 622 0 378 418 381 END
START -9612 12012 4680 3873 11724 -1180 620 0 377 417 380 END
START -12236 3736 3076 3772 12205 -3718 617 0 376 416 379 END
START -9788 4440 -2648 5417 12526 -5775 615 0 376 417 379 END
START -7896 10660 -628 6550 12050 -5505 615 0 377 417 379 END
START -18000 11360 8752 5779 2899 -6220 615 0 377 418 380 END
START -10112 4132 -2276 5277 -145 -7332 614 0 378 418 380 END
START -13404 -164 980 6202 -893 -9961 612 0 379 418 380 END
START -8972 1984 -4448 6928 3476 -11069 612 0 379 413 380 END
START -7796 8508 -1864 6938 5058 -10811 612 0 380 419 381 END
START -17548 7940 6580 6024 -2244 -10716 611 0 381 419 382 END
START -9148 2236 -5528 6161 -6302 -10311 612 0 383 420 381 END
START -12924 -1708 -420 6942 -8258 -12138 613 0 384 422 383 END
START -3856 7284 -3488 8327 -4675 -12901 614 0 385 423 383 END
START -12688 6276 5020 6817 -6993 -14938 614 0 386 424 384 END
START -11832 -884 1792 6041 -3915 -18636 613 0 386 424 385 END
START -10480 -2896 -1480 7049 2341 -21825 611 0 387 425 385 END
START -7280 2604 -6736 6736 9239 -21349 609 0 387 425 385 END
START -22280 -276 1464 4840 6607 -19063 608 0 387 425 386 END
START -24144 -7528 -3348 3132 5088 -16289 608 0 387 426 387 END
START -22452 -2808 -15504 3089 4648 -10454 608 0 386 425 387 END
START -29360 3152 328 1645 232 -3355 607 0 387 424 387 END
START -30220 3948 2848 124 -7615 1478 608 0 387 425 387 END
START -15864 3068 -6760 -1455 -9526 3256 609 0 388 425 388 END
START -12700 2132 -6360 -1857 -5076 2908 610 0 388 426 388 END
START -12504 1352 -5080 -711 1322 1247 610 0 388 426 388 END
START -12960 6704 -11928 778 5294 1110 611 0 389 426 388 END
START -16372 10592 1596 1083 4624 1464 611 0 389 426 389 END
START -22180 9824 5000 -59 418 1221 612 0 389 426 389 END
START -21708 9744 5012 -386 -694 973 613 0 389 426 390 END
START -16784 7180 -1196 -1158 -328 778 613 0 389 427 390 END
START -12544 4532 -7544 -1668 231 10 613 0 390 427 391 END
START -17188 996 -2088 -1602 -908 230 613 0 390 427 390 END
START -19088 -876 372 -1332 -2077 -211 613 0 390 427 390 END
START -14688 1372 -5472 -123 -1228 132 614 0 391 428 390 END
START -9508 8688 -6584 238 1441 464 614 0 390 428 391 END
START -9792 7848 -9404 149 1813 452 614 0 391 428 391 END
START -13268 9540 -980 -44 2435 928 615 0 391 428 391 END
START -12556 8424 -3328 439 1833 1331 615 0 391 428 392 END
START -19696 9376 4652 -573 -721 1579 615 0 391 429 392 END
START -18580 7284 2000 -1680 -1795 1324 615 0 392 428 392 END
START -15056 1256 -3788 -2037 -768 520 615 0 392 429 392 END
START -17908 -1160 108 -1655 -1266 -452 616 0 392 429 392 END
START -14876 660 -4408 -312 194 -248 616 0 392 430 392 END
START -12188 5804 -13200 117 1373 -333 616 0 392 429 392 END
START -10076 7688 -9584 90 2675 399 616 0 392 429 393 END
START -14544 9244 -16 -69 1604 739 616 0 392 429 393 END
START -13388 9108 -1656 -13 391 632 616 0 392 429 393 END
START -12180 8728 -3528 -305 -559 469 617 0 393 430 393 END
START -19188 8980 3952 -965 -2112 693 617 0 393 430 393 END
START -17820 6720 1760 -1646 -1472 236 616 0 393 429 393 END
START -15868 676 -2192 -1682 -495 -526 617 0 393 430 394 END
START -18012 -1172 472 -1205 -1032 -1332 616 0 394 430 393 END
START -12176 6472 -14168 377 1412 -1058 617 0 394 430 393 END
START -9928 8452 -6880 353 2074 368 617 0 393 430 394 END
START -16076 9440 744 -57 769 82 617 0 393 430 394 END
START -10936 7344 -11336 284 2278 -104 617 0 393 430 394 END
START -20904 8648 4880 -324 -789 623 617 0 394 430 394 END
START -19840 9036 4392 -658 -2269 268 617 0 394 430 394 END
START -18752 6760 2104 -969 -2175 202 618 0 394 430 394 END
START -12312 4628 -5724 -1093 -1362 51 617 0 394 430 395 END
START -17972 -904 48 -1118 -1018 -696 618 0 395 431 394 END
START -15840 112 -3732 -820 -609 -969 618 0 395 431 395 END
START -13400 4928 -11756 -89 615 -512 618 0 395 431 395 END
START -11192 7168 -12064 583 2065 89 618 0 395 431 395 END
START -11912 7124 -12800 635 2751 280 619 0 395 431 395 END
START -10380 8684 -5968 124 1405 847 618 0 395 431 395 END
START -17760 9248 1052 -367 -246 1308 619 0 395 432 395 END
START -20352 7840 3412 -1061 -1637 845 618 0 395 431 395 END
START -13516 5180 -4384 -1730 -222 432 619 0 396 432 395 END
START -18176 -808 -256 -1762 32 -223 619 0 395 432 396 END
START -17816 -580 -952 -1524 -423 -1002 619 0 395 432 396 END
START -13668 4580 -10988 -166 553 -373 619 0 395 433 396 END
START -10984 7228 -11916 387 2360 196 619 0 396 432 396 END
START -12548 9056 -3352 70 1361 942 620 0 396 433 396 END
START -20172 8840 4188 -284 134 682 620 0 396 433 396 END
START -19452 9000 3652 -438 -1082 1375 620 0 396 433 396 END
START -18560 6748 2092 -1189 -1634 1096 620 0 396 433 396 END
START -15480 992 -3124 -1559 -436 8 620 0 396 433 396 END
START -14976 780 -4408 -1679 -290 -227 621 0 397 433 396 END