START -1948 -3520 14676 -961 -581 177 631 0 628 680 635 END
START -1816 -3416 14864 -987 -626 170 631 0 628 680 636 END
START -1868 -3676 14780 -958 -738 171 631 0 629 680 635 END
START -1716 -3356 14640 -1043 -696 221 631 0 629 680 635 END
START -1368 -3564 14400 -662 -543 194 632 0 628 681 636 END
START -1268 -3756 14500 -546 -627 191 631 0 629 680 636 END
START -2436 -1756 15560 -1030 -1542 703 631 0 629 680 636 END
START -2296 -5840 13772 -1348 -2383 236 631 0 629 680 636 END
START -3304 -1652 16652 -1764 -3407 1002 632 0 629 680 636 END
START -2552 -632 17600 -1506 -3271 1096 633 0 629 680 636 END
START -1024 -3196 14892 -1859 -2382 924 634 0 628 681 636 END
START -2844 -6996 16520 -1887 -1591 -17 634 0 629 680 636 END
START 3156 -3560 6936 -151 502 -28 635 0 628 680 637 END
START 3868 -716 12432 60 1161 514 635 0 628 680 636 END
START -4020 724 20448 -349 -762 900 635 0 628 679 637 END
START -5120 -408 21188 -1435 -2332 889 635 0 628 680 636 END
START -5264 -9304 17160 -1691 -1991 -350 636 0 628 679 636 END
START 4968 -1648 8864 -40 522 834 636 0 628 679 637 END
START -1720 828 19504 -699 -2091 1202 636 0 628 680 637 END
START 1088 -2720 13996 -1910 -1649 650 636 0 629 679 637 END
START -192 -5488 8668 -959 -953 -207 636 0 628 680 637 END
START 4336 -1808 9912 -172 833 986 637 0 629 680 637 END
START -6884 100 25800 -989 -2529 1590 636 0 630 680 637 END
START -2340 -6804 20624 -1836 -2464 1606 637 0 631 680 639 END
START 1092 -5592 13264 198 392 1433 638 0 632 682 639 END
START -3104 -632 28004 1097 2291 2373 639 0 633 682 641 END
START 2176 -6048 19488 1014 6189 2240 640 0 634 684 644 END
START -4240 -8292 18932 3305 7908 2317 641 0 629 685 647 END
START -3868 -1376 27552 6553 8905 4992 642 0 622 685 643 END
START -220 -5020 20024 7859 9581 5891 643 0 614 680 627 END
START -3740 -7740 20384 11304 13528 5503 642 0 609 671 608 END
START -2888 2824 26096 12693 18366 8100 643 0 601 662 599 END
START -1256 -4988 19212 12894 26709 9862 642 0 591 654 595 END
START 7328 5372 6800 15277 32767 13901 643 0 569 640 591 END
START 2036 6448 9624 12859 32767 17010 642 0 545 620 584 END
START -7868 780 11992 10688 32767 17770 640 0 521 589 568 END
START -652 7712 -3948 10628 32767 20779 638 0 501 555 545 END
START -10144 8068 7796 8615 32767 23111 634 0 480 524 517 END
START -14060 3704 6148 6835 32767 22937 632 0 458 500 491 END
START -13996 7728 -6184 7931 32767 22913 631 0 436 476 466 END
START -20564 12172 13516 6760 32767 23252 626 0 420 456 443 END
START -14716 6312 6232 5559 25011 22480 624 0 409 444 426 END
START -19004 3012 10360 4613 17366 21196 621 0 401 437 415 END
START -7752 9204 -4092 6186 16820 20559 620 0 395 432 405 END
START -16424 11940 13660 5799 10961 20166 618 0 389 427 398 END
START -9648 6628 5172 4778 8473 18507 617 0 383 424 391 END
START -13740 4160 8168 4407 7477 15832 615 0 381 422 388 END
START -8776 8508 -2120 5541 7364 14065 614 0 378 419 385 END
START -4764 11660 -2212 6721 8154 12797 614 0 376 417 381 END
START -13724 13708 12240 6252 2151 11839 615 0 376 416 380 END
START -5764 10712 2508 5381 706 9826 614 0 376 415 379 END
START -8480 6392 3640 6291 -104 7513 614 0 375 416 379 END
START -8972 4576 5876 7230 1594 4562 615 1 376 415 380 END
START -5620 9336 -4564 7482 5979 2160 613 0 376 414 380 END
START -2836 11940 -4084 8086 9734 653 613 0 377 414 380 END
START -10988 13736 5988 8230 8608 492 614 0 377 415 380 END
START -15156 12512 7824 7295 4015 -482 613 0 378 414 380 END
START -7456 9412 -2164 6283 3440 -1850 614 0 379 415 381 END
START -10684 4772 -204 6219 4041 -3288 613 0 379 415 382 END
START -14592 2120 3772 7095 3371 -4947 615 0 380 416 381 END
START -8892 10328 -7536 8505 4054 -5218 614 0 381 416 382 END
START -7308 11088 -644 8100 3562 -5292 614 0 382 416 383 END
START -14940 11584 6148 6380 2841 -6288 614 0 381 416 383 END
START -7608 6556 -5536 5162 6863 -7216 614 0 382 416 383 END
START -15964 2320 1316 4714 6981 -7818 615 0 382 416 384 END
START -18404 1696 2244 5853 2761 -7899 615 0 383 417 377 END
START -11260 8764 -7896 7738 -2479 -6832 615 0 384 417 384 END
START -8740 10684 104 7408 -6197 -7645 615 0 385 417 385 END
START -7752 8256 -1236 5255 -1884 -8646 616 0 386 419 384 END
START -6572 5188 -6276 4221 5428 -10695 616 0 386 419 385 END
START -15776 -136 1260 4520 5941 -11756 615 0 387 420 386 END
START -14768 2516 -5124 6587 2184 -11214 615 0 387 420 386 END
START -9804 8844 -2248 7502 -2780 -9895 615 0 388 421 387 END
START -13660 7080 2620 6072 -6419 -11432 617 0 389 422 388 END
START -6224 5524 -4960 4551 -1393 -13646 616 0 389 423 389 END
START -14864 -376 2552 4118 827 -15868 616 0 389 424 389 END
START -13712 140 -3308 5633 736 -16887 617 0 389 425 390 END
START -8760 6012 -2764 6366 1020 -16494 617 0 390 425 390 END
START -16088 4852 2484 5353 -993 -15903 616 0 390 425 391 END
START -11576 -920 -7428 4014 2200 -15426 617 0 390 426 391 END
START -21448 -6660 -1688 2850 6228 -13633 617 0 390 427 391 END
START -22360 212 -15276 3008 6358 -9707 617 0 390 427 392 END
START -22272 1984 -11176 1682 1841 -4509 617 0 390 427 392 END
START -27456 4448 2608 -478 -5565 409 617 0 390 428 393 END
START -22820 3960 648 -2017 -6778 1909 618 0 391 428 392 END
START -15500 3812 -4040 -2950 -3932 1864 618 0 391 428 393 END
START -15732 76 -1840 -2687 -836 1091 618 0 391 428 394 END
START -18612 -1448 1384 -1982 782 -578 618 0 391 428 393 END
START -18068 -1496 -568 -943 1833 -1364 618 0 392 429 393 END
START -15544 4996 -13248 242 2876 -1264 618 0 391 429 393 END
START -13424 6568 -8924 517 2168 -60 619 0 392 429 393 END
START -14420 7612 -3292 7 1182 412 619 0 392 429 394 END
START -11460 7172 -5892 -260 1714 482 619 0 392 429 392 END
START -16644 7640 396 -1034 73 403 620 0 392 430 394 END
START -14036 7592 -2692 -794 -486 773 620 0 392 430 394 END
START -19888 7848 3332 -1119 -2150 1174 620 0 392 430 395 END
START -13356 3688 -5284 -1577 -1590 858 620 0 392 431 395 END
START -13660 1564 -5108 -1375 -1045 684 620 0 393 431 395 END
START -16856 -2020 -1776 -932 -740 157 621 0 393 432 396 END
START -14268 2300 -8876 -167 540 256 621 0 393 432 396 END
START -12868 5192 -12624 121 891 883 620 0 394 431 395 END
START -10868 6704 -5656 55 1018 742 621 0 394 432 396 END
START -11012 6300 -8620 -116 597 851 621 0 394 432 396 END
START -13548 7312 -532 -493 92 1538 621 0 394 432 396 END
START -12108 6880 -3392 -660 -219 1187 621 0 394 432 396 END
START -17992 5144 1560 -1381 -2395 1260 621 0 394 432 397 END
START -12184 3048 -6064 -1749 -1243 1144 622 0 394 432 396 END
START -18580 -2208 1320 -1235 -1610 58 622 0 394 432 397 END
START -15472 -1016 -2772 -516 -606 -182 622 0 394 432 397 END
START -10472 6332 -9592 517 1918 623 622 0 394 432 397 END
START -11720 6068 -10988 518 2053 299 622 0 395 433 397 END
START -12428 7592 -3280 -41 -69 361 622 0 395 433 397 END
START -19152 7756 3340 -243 -1194 828 622 0 395 433 397 END
START -19340 6224 3060 -814 -2470 557 622 0 395 433 397 END
START -13076 4048 -4808 -1231 -1137 403 622 0 395 433 397 END
START -12856 2092 -5680 -1338 -68 -172 622 0 395 434 398 END
START -17584 -1808 -1312 -829 -278 -692 622 0 395 433 398 END
START -14396 2340 -8488 276 495 -257 622 0 395 433 398 END
START -12708 5820 -13188 394 1141 124 622 0 395 433 398 END
START -10236 7080 -6900 268 2011 389 622 0 396 433 399 END