START -12292 5880 7504 -1327 -135 359 489 0 678 466 492 END
START -12132 5820 7364 -1384 -56 381 489 0 678 467 491 END
START -12248 5972 7272 -1343 -142 340 489 0 678 467 491 END
START -11912 5496 6596 -1318 -380 187 489 0 678 467 491 END
START -12192 5288 7112 -1338 -585 318 490 0 678 467 491 END
START -12844 6396 7844 -1516 -393 457 489 0 679 467 491 END
START -12448 4296 7128 -1594 -433 21 489 0 678 467 491 END
START -11848 6532 6740 -812 183 -3 489 0 678 467 491 END
START -13240 4268 7880 -1889 -1859 258 490 0 678 467 491 END
START -13996 7736 10932 -1565 -2004 816 489 0 679 467 491 END
START -12368 5752 8496 -1604 -1288 657 489 0 678 467 491 END
START -12708 3248 8464 -1717 -1047 17 490 0 678 468 491 END
START -15652 -200 10956 -1444 -1336 -364 490 0 678 468 491 END
START -7440 9440 2340 -168 2188 1079 490 0 678 467 491 END
START -17956 9956 15024 -844 48 2114 490 0 678 467 491 END
START -17328 8656 14288 -1592 -803 2283 490 0 678 468 491 END
START -15876 452 12460 -2215 -1389 1334 490 0 678 468 491 END
START -9148 7548 -3728 -1311 267 1310 490 0 677 468 491 END
START -12224 10508 8980 -1315 2228 2851 490 0 677 468 491 END
START -17324 7888 14040 -2647 -1461 3862 490 0 677 468 492 END
START -17576 -8 12800 -3283 -2599 3346 490 0 677 468 491 END
START -13776 3100 3488 -2371 -2248 3538 490 0 676 468 491 END
START -13708 10436 11728 -1726 -138 5505 490 0 676 469 491 END
START -15656 7780 14044 -2584 -2631 6032 490 0 676 469 491 END
START -16540 324 13672 -2401 -3370 5113 490 0 676 469 491 END
START -7228 8772 -956 -288 151 5996 490 0 676 469 491 END
START -5888 10152 1988 260 1672 6750 490 0 676 469 491 END
START -14448 11740 15076 628 407 7221 490 0 676 469 491 END
START -10564 8560 11620 879 484 6963 490 0 676 469 491 END
START -10832 4360 11032 1504 800 6077 490 0 676 469 491 END
START -13656 2160 12048 2468 -363 5118 491 0 675 470 491 END
START -7368 9508 -1488 4980 1211 5734 490 0 675 470 491 END
START -7824 12904 9740 6195 16 6464 490 0 675 470 492 END
START -10276 13268 12952 6768 -2616 6512 491 0 675 470 491 END
START -6132 7812 7652 6739 -3559 5398 490 0 676 470 491 END
START -12416 2644 13172 7543 -4960 3920 491 0 676 470 492 END
START -3132 11464 -1660 9751 -1991 3925 491 0 675 471 492 END
START -9336 14008 11400 9889 -3954 4514 491 0 675 471 492 END
START -5328 8336 6540 9806 -4892 3595 491 0 674 471 492 END
START -11572 3740 12116 10062 -6253 1860 491 0 674 471 492 END
START -1824 12196 -4120 11859 -4061 1404 491 0 674 471 492 END
START -5896 15332 7656 11854 -4604 1868 491 0 674 471 492 END
START -4164 10916 4968 11337 -5800 455 491 0 674 471 492 END
START -9256 6416 9544 11120 -7278 -1583 491 0 673 471 492 END
START -5020 12064 -5892 11864 -5981 -2449 491 0 673 471 492 END
START -11088 16360 8568 11208 -5359 -1435 491 0 673 471 493 END
START -4520 10772 1948 9815 -6086 -1862 491 0 673 472 492 END
START -10244 6544 7396 9183 -5631 -3497 491 0 672 471 492 END
START -4464 13752 -9376 9328 -1037 -3481 491 0 673 471 492 END
START -10068 17332 4576 7920 1507 -2521 491 0 673 470 492 END
START -12980 15408 7036 6178 82 -1927 491 0 669 471 493 END
START -7276 13288 360 4835 -718 -2498 490 0 674 471 493 END
START -10008 10108 2532 3252 -2491 -3162 490 0 675 471 493 END
START -9224 9516 -2848 3035 -2458 -3360 490 0 676 472 493 END
START -5092 16960 -4436 2742 817 -2610 490 0 677 472 494 END
START -13884 17040 3844 1060 -242 -2132 489 0 677 473 494 END
START -15272 15168 5788 -890 -2324 -1776 489 0 678 473 494 END
START -11836 8612 2456 -2434 -3387 -2679 489 0 678 474 494 END
START -10512 8008 -2536 -2907 -2658 -3580 488 0 679 474 494 END
START -5252 14800 -4348 -3056 2524 -1675 488 0 681 474 494 END
START -15252 12620 7144 -4937 175 -940 487 0 681 474 494 END
START -9360 10108 1508 -6075 1026 -850 487 0 681 474 494 END
START -12652 6444 5644 -7352 182 -1366 485 0 683 475 495 END
START -10656 7560 -2052 -8084 541 -2020 485 0 682 474 495 END
START -6144 11360 -7136 -7786 4994 -943 485 0 683 475 495 END
START -16852 12288 11176 -9072 3062 532 485 0 683 475 496 END
START -12236 9336 7128 -10523 116 121 485 0 684 475 496 END
START -10744 6664 5996 -11830 -2230 -674 485 0 684 475 496 END
START -11800 4508 3472 -12437 -4243 -1721 484 0 684 476 496 END
START -5736 11612 2136 -12273 -867 -445 485 0 684 475 496 END
START -14184 11416 12628 -13666 -4220 -170 484 0 685 476 496 END
START -13512 1896 10900 -14779 -5789 -678 485 0 684 476 496 END
START -6496 8564 -4500 -13805 -4829 -851 485 0 684 476 497 END
START -12640 11652 14396 -14366 -3831 83 484 0 684 476 497 END
START -9548 7936 11224 -15887 -3450 -146 485 0 684 468 497 END
START -15152 940 13176 -16363 -4426 -1472 485 0 683 476 497 END
START -7588 7512 92 -14087 -3676 -34 485 0 684 476 497 END
START -14220 9076 15128 -13140 -7708 1505 484 0 684 476 497 END
START -8524 4748 10072 -13980 -10984 835 484 0 683 476 497 END
START -10556 2688 8336 -13626 -11073 300 484 0 683 476 497 END
START -8736 10004 14632 -12662 -6279 1486 484 0 681 475 496 END
START -6292 4188 8732 -14548 -9044 1076 484 0 681 474 496 END
START -13072 -1940 14592 -14066 -10396 -831 484 0 680 474 497 END
START -9716 7516 14976 -11527 -8819 179 484 0 680 473 496 END
START -9020 4932 15856 -12621 -12992 394 484 0 679 473 495 END
START -11944 -832 14392 -13749 -15557 -283 484 0 678 471 493 END
START -7052 8244 12248 -13108 -18394 1496 483 0 675 469 491 END
START -10012 4508 8236 -16869 -28179 242 484 0 670 467 491 END
START -15060 6276 60 -19586 -32768 -1241 485 0 662 464 489 END
START -16668 11788 12236 -24963 -32768 -2711 487 0 642 458 485 END
START -8016 2248 2664 -32768 -32768 -4543 490 0 631 452 482 END
START 32767 -32768 -4668 1782 -21930 -5494 484 0 632 463 480 END
START 26092 26964 32767 1819 21682 12537 477 0 614 450 467 END
START -10152 -4332 28236 -13787 15412 4301 478 0 615 454 468 END
START -2480 -3672 15696 -2271 7463 -2727 481 0 620 455 469 END
START -7052 -60 17632 -395 -4210 738 481 0 623 455 467 END
START -3772 -5784 19856 -670 -3755 -1899 481 0 623 456 468 END
START 1156 2948 19544 2592 6600 924 482 0 622 457 469 END
START -9756 4152 25496 1214 3965 1911 481 0 621 458 469 END
START -1104 -184 10920 -139 3311 469 481 0 621 458 469 END
START -5456 -1776 12384 347 2177 -831 482 0 623 458 470 END
START 2400 5760 11340 1404 4324 95 482 0 623 458 470 END
START -5920 5768 21500 551 843 351 482 0 623 459 470 END
START -5480 3984 21316 -588 -796 296 482 0 624 459 470 END
START -848 -1960 14324 -1527 1191 -511 483 0 623 459 470 END
START -12 696 7160 -313 3968 -791 482 0 624 459 471 END
START 3060 3800 8112 181 4927 -130 482 0 623 459 471 END
START -4312 4440 19860 -346 1015 181 482 0 623 461 471 END
START -736 156 12912 -1248 330 -85 482 0 623 460 471 END
START -1660 -2556 12688 -1178 940 -714 482 0 623 460 471 END
START 3044 3976 7876 538 3842 -624 482 0 623 460 471 END
START -3600 5404 19952 419 3865 -17 483 0 623 460 471 END
START -9840 4372 24608 -803 61 70 483 0 622 460 471 END
START -1368 1648 13780 -1194 363 -119 483 0 623 460 471 END
START -8808 -3808 17792 -1204 -81 -1024 483 0 622 461 471 END
START -3300 5756 18484 35 1910 421 483 0 622 461 471 END
START -9628 5040 24648 -1171 -1451 711 482 0 623 461 471 END
START -904 -632 11864 -2255 -410 37 483 0 624 460 471 END
START -5248 -1032 9980 -1594 -390 -534 483 0 624 461 470 END
START -316 5608 16168 -421 1911 431 483 0 624 461 472 END