START -5380 -1532 14116 1597 -1325 1216 528 0 580 557 541 END
START -4976 -1192 12360 2004 -1185 1166 528 0 580 557 541 END
START -6804 -824 15412 2196 -1658 1119 529 0 580 557 541 END
START -4864 -1304 14120 3594 -2103 1715 528 0 581 557 540 END
START -10152 -900 18332 2811 -3332 1880 528 0 581 557 540 END
START -8100 -1032 17492 2206 -2931 947 528 0 581 556 541 END
START -3848 -2976 14584 2049 -2570 -670 528 0 581 557 541 END
START -8880 2024 18680 2028 -4124 -853 528 0 582 557 540 END
START -6820 700 17588 2479 -4048 -2263 528 0 581 557 541 END
START -776 -1740 14520 868 -3276 366 528 0 582 557 540 END
START -5092 -204 16556 -252 -3220 111 528 0 582 557 540 END
START -3216 3868 19532 429 -2769 1724 528 0 582 557 540 END
START -472 1252 14212 -2896 -5786 3051 527 0 583 556 540 END
START -3420 -9680 13220 -2384 -4927 25 525 0 583 556 540 END
START -5824 2992 19628 7672 -2636 3248 523 0 582 555 541 END
START -2220 468 15320 2590 -4135 2235 521 0 580 553 541 END
START -7164 -9244 15664 6425 -2491 2285 517 0 579 549 541 END
START -7704 2836 22292 7428 -1139 3600 514 0 578 545 538 END
START -1800 -1764 13540 5948 -676 3281 511 0 576 540 535 END
START -480 -16 2924 6811 994 2656 507 0 574 534 530 END
START 560 180 1756 7744 4452 3899 504 0 571 530 524 END
START 2532 4004 8128 8073 5872 5283 502 0 567 522 517 END
START -7040 4220 20056 7161 4744 6209 498 0 563 511 509 END
START -2668 -988 11916 6270 7297 6665 494 0 559 499 501 END
START -3724 -64 5212 7540 8883 7326 490 0 559 486 491 END
START 52 4792 -3632 9455 12520 8362 485 0 561 473 481 END
START -6632 9748 12308 10189 11672 9207 480 0 566 460 470 END
START -8652 9216 14408 8040 7226 7936 475 0 572 447 457 END
START -7384 5032 14256 4026 3806 6128 471 0 579 436 446 END
START -6740 6800 9896 1440 2587 7323 467 0 591 429 438 END
START -400 12808 8068 300 -545 9583 467 0 604 425 434 END
START -10804 11968 21064 -2402 -4983 8950 466 0 615 422 431 END
START -5200 740 12964 -4131 -4528 8418 464 0 621 420 427 END
START 3656 2248 2800 -1709 1466 7162 462 0 624 419 425 END
START 7184 7628 9244 987 13423 8725 462 0 628 418 425 END
START -1676 8784 17524 2413 21486 8378 460 0 631 418 425 END
START -8144 6724 18284 2819 24211 8028 460 0 635 419 425 END
START -12920 -208 18848 3710 24731 6567 460 0 639 420 425 END
START -5556 6432 3372 7233 27271 6249 461 0 642 421 426 END
START -5084 10096 15004 8977 27147 6026 462 0 646 422 427 END
START -3336 7328 8996 9196 28956 6321 464 0 650 423 428 END
START -13812 2632 15100 10239 30917 5616 465 0 653 424 430 END
START -6700 9792 -688 13051 32755 5549 467 0 656 424 432 END
START -11128 13708 12768 14046 31497 7083 467 0 659 425 433 END
START -10452 9328 9320 13144 25123 8137 469 0 660 424 434 END
START -16096 4508 13448 13443 19832 6899 470 0 663 424 435 END
START -8240 10588 -5668 15149 20123 8002 470 0 665 423 435 END
START -14212 14588 12128 15283 17090 9155 472 0 668 424 437 END
START -7720 10444 6324 13841 15501 8873 474 0 671 425 439 END
START -13064 6448 5160 13806 11854 7933 475 0 672 426 440 END
START -7900 12784 -8076 14524 10309 8860 476 0 673 427 441 END
START -14012 15204 7624 14338 5839 9327 476 0 674 428 441 END
START -8200 14228 5456 13187 5251 8057 477 0 675 428 442 END
START -12244 6840 8064 11834 4746 7873 478 0 678 429 443 END
START -10968 6988 2228 11739 2684 5920 479 0 681 433 446 END
START -6168 13568 -11040 12549 2887 6034 480 0 683 436 448 END
START -8944 17956 1200 12010 2668 6491 480 0 686 436 449 END
START -11060 16264 3112 10878 855 6564 480 0 687 437 449 END
START -4860 14272 -2440 9923 -626 5586 481 0 688 438 450 END
START -12224 7604 5016 8632 -3570 4016 480 0 691 439 451 END
START -8216 10388 -4848 8500 -4564 3928 480 0 692 442 452 END
START -1860 17300 -9388 8693 -3371 3256 478 0 695 449 455 END
START -6888 18600 -3280 7473 -4464 2716 478 0 696 452 458 END
START -1164 14088 -5164 6281 -2150 1226 476 0 697 452 458 END
START -5096 12540 -3968 4222 -1717 231 476 0 697 451 458 END
START -12344 8264 2136 2605 -6471 -1374 476 0 698 450 458 END
START -8352 11432 -9984 2151 -9948 -2352 476 0 699 450 456 END
START -5880 16868 -7152 562 -11789 -3145 476 0 699 450 456 END
START -10752 17172 -2556 -2957 -17512 -4308 476 0 700 450 455 END
START -6488 8164 -3488 -6738 -16053 -6679 475 0 700 450 454 END
START -4464 8236 -9716 -8840 -11854 -7984 474 0 700 450 453 END
START -2644 14768 -9272 -11264 -6337 -7271 474 0 699 449 452 END
START -14204 12960 2396 -14947 -10943 -7538 474 0 698 450 451 END
START -16012 3248 3768 -18055 -16758 -9656 472 0 699 448 450 END
START -8360 10156 -12860 -18773 -17380 -8990 471 0 698 448 448 END
START -13548 9440 344 -22319 -23436 -7374 470 0 698 447 448 END
START -13700 2136 5832 -24178 -25995 -8392 470 0 697 447 448 END
START -5284 9428 -8088 -24774 -22877 -6026 469 0 697 447 447 END
START -15204 9232 9548 -26179 -21875 -3310 468 0 698 446 447 END
START -11220 2680 6684 -28522 -21978 -2978 468 0 697 446 447 END
START -5872 6060 -6068 -27500 -21109 -2470 468 0 696 447 447 END
START -14696 6016 15452 -26044 -22516 -247 467 0 696 447 448 END
START -11164 -196 13440 -26752 -24348 -51 467 0 697 446 448 END
START -4576 4068 536 -24699 -20941 -113 467 0 696 447 448 END
START -10476 5764 19532 -23744 -19352 491 467 0 697 447 449 END
START -6892 -2780 15484 -24730 -17049 143 467 0 697 447 449 END
START 968 4876 6024 -21526 -12602 601 466 0 697 447 449 END
START -13972 4892 24008 -21034 -18743 1016 466 0 695 447 449 END
START -12180 -3932 21216 -21161 -24306 -1060 465 0 696 447 449 END
START -12536 7828 27564 -21110 -25805 -1267 465 0 693 446 448 END
START -10752 2220 16784 -27700 -27765 -5655 465 0 685 444 448 END
START -3044 -23452 12404 -15596 -31212 -3123 468 0 684 449 453 END
START 19544 -6604 32767 16055 2747 -4065 466 0 684 444 449 END
START -2660 23632 32767 -5493 14031 1715 464 0 686 442 449 END
START -9596 -13628 20008 -6004 5495 -437 465 0 687 446 451 END
START -3020 848 4148 4644 -1045 -1387 465 0 686 447 451 END
START -6300 5344 22988 4094 -9439 -969 465 0 683 447 451 END
START 576 -2980 16248 1794 -5157 -718 466 0 682 448 451 END
START 4208 1668 4572 2055 2344 -125 466 0 682 449 452 END
START 4584 4896 7868 2343 7850 1068 466 0 682 449 452 END
START -9664 4684 25972 897 3593 1461 466 0 680 450 452 END
START -2952 1944 17960 -491 173 1055 467 0 680 450 452 END
START -6868 -3756 17412 -800 -2630 -246 467 0 682 450 452 END
START 4140 6052 10060 1044 10 483 467 0 683 450 452 END
START -3192 6080 20612 356 -570 860 468 0 682 450 453 END
START -5024 4660 23624 -1352 -2395 910 468 0 684 449 453 END
START 384 -812 14088 -2711 -748 -180 469 0 684 450 453 END
START -4704 -1964 10732 -1894 -222 -829 469 0 684 450 453 END
START -7460 4800 22804 -856 565 486 469 0 685 450 453 END
START -7464 3028 23468 -1904 -2933 544 469 0 685 450 453 END
START -1192 -2012 14728 -2710 -1552 -349 469 0 685 450 453 END
START 2268 2672 3736 -535 3159 278 469 0 685 450 453 END
START 1868 4508 11216 -368 2652 823 469 0 684 451 453 END
START -7244 2768 23652 -1291 -843 1057 469 0 685 451 454 END
START -1488 -1940 14924 -2234 31 236 469 0 685 451 454 END
START -4072 -1956 10508 -1440 905 -412 469 0 685 451 453 END
START 2356 4864 11464 87 3898 587 470 0 685 451 453 END
START -5276 5084 21868 -151 1093 672 469 0 685 451 453 END
START -688 1140 16224 -1312 -1710 208 469 0 685 451 453 END
START -6168 -4252 18384 -1444 -1726 -912 469 0 685 451 454 END