START -8436 5648 10952 -827 -613 -133 488 0 689 457 469 END
START -8392 5716 10752 -818 -778 -165 488 0 689 456 469 END
START -8128 5616 10384 -934 -1303 -136 489 0 688 457 470 END
START -8620 5344 11588 -806 -1258 127 488 0 689 457 470 END
START -8884 6720 12552 -678 -1455 250 488 0 689 457 470 END
START -8416 7616 11924 -750 -1397 354 488 0 689 457 470 END
START -8464 5152 11144 -1079 -1402 187 489 0 689 457 470 END
START -6824 6076 10296 84 590 -591 489 0 688 457 470 END
START -9416 4272 11280 -1049 -921 -266 490 0 688 457 470 END
START -10000 7500 14624 -852 -937 196 489 0 689 457 470 END
START -10660 7352 15772 -1032 -1359 406 489 0 689 457 471 END
START -11044 620 14180 -1214 -1873 -409 489 0 689 457 470 END
START -6540 4244 3880 -93 27 -304 489 0 689 457 471 END
START -3016 7552 164 -37 1459 -89 490 0 689 457 471 END
START -1760 9556 4868 -283 2285 465 489 0 689 457 471 END
START -12928 9992 18740 -999 132 889 489 0 688 457 471 END
START -5656 5848 10552 -1681 -100 570 490 0 688 457 471 END
START -11916 -112 15504 -2105 -225 -173 490 0 688 458 471 END
START -7540 4508 3668 -1199 1296 -451 490 0 688 458 472 END
START -3700 9940 8524 -1162 3129 950 490 0 687 458 472 END
START -14268 9120 18464 -2169 567 1659 490 0 687 458 472 END
START -5884 4892 9156 -2874 1494 1497 489 0 687 458 472 END
START -12892 -260 14876 -3488 1777 853 489 0 686 457 472 END
START -7452 4796 2204 -2744 5838 1737 489 0 685 458 472 END
START -5000 9488 7660 -3464 6421 3661 489 0 684 458 473 END
START -15688 7996 17772 -4321 4132 5211 489 0 685 458 473 END
START -13256 92 13356 -4968 3755 4328 490 0 683 458 474 END
START -12028 80 9776 -4574 3862 4151 490 0 685 458 474 END
START -5112 7028 2528 -3547 6210 5715 490 0 685 459 474 END
START -10604 8944 15976 -3187 7498 7114 491 0 685 459 475 END
START -13008 5768 16260 -3412 6411 7136 492 0 685 460 476 END
START -14692 -1280 16168 -3101 5987 4770 493 0 685 461 477 END
START -3600 8260 5564 -1002 9343 4651 494 0 685 461 477 END
START -13340 9984 19760 -502 9465 5657 494 0 686 461 478 END
START -9568 5924 13048 -978 6669 5955 494 0 686 461 478 END
START -13028 504 14564 169 4683 4846 494 0 687 461 478 END
START -12476 1528 10564 1121 2304 4004 495 0 686 461 479 END
START -3920 8868 2748 3555 4974 4258 495 0 685 462 479 END
START -9292 11440 16412 4256 6019 4950 495 0 686 462 479 END
START -10884 8580 15448 4053 4663 5226 496 0 686 463 480 END
START -8312 4864 10952 4563 4195 3904 496 0 686 463 481 END
START -13184 1116 14508 5596 2279 2710 496 0 687 463 481 END
START -6396 7460 1480 7739 3819 2777 496 0 686 464 481 END
START -2736 12300 8320 8598 3885 3066 496 0 687 464 482 END
START -12488 12140 17700 8558 1647 3108 497 0 686 465 483 END
START -9116 4628 11720 8383 1708 2067 498 0 686 466 483 END
START -11184 2852 10248 8948 -1149 585 498 0 686 466 483 END
START -3696 10360 -1244 11138 -480 765 498 0 686 467 484 END
START -6752 14012 10532 11296 -2111 1346 498 0 687 467 484 END
START -4484 8916 7004 10969 -3207 470 499 0 686 468 484 END
START -10312 4348 12516 11014 -3835 -1045 498 0 686 468 484 END
START -2884 12256 -3232 12342 -852 -1194 499 0 686 468 485 END
START -12392 14364 12556 11201 -3849 -451 499 0 686 469 486 END
START -8368 6496 7428 10797 -5986 -2360 499 0 685 470 485 END
START -10868 4236 8688 10842 -7391 -3711 500 0 686 470 486 END
START -2240 14072 -2696 11187 -3059 -2987 500 0 686 470 487 END
START -11812 14356 10776 9421 -4587 -2508 500 0 687 470 487 END
START -8884 7540 6480 8444 -4333 -3974 500 0 686 471 487 END
START -7336 9180 -2412 8630 -4040 -4764 500 0 686 471 487 END
START -3776 14120 -5884 9093 -991 -4228 500 0 686 471 488 END
START -13788 15148 9712 7721 -2928 -3538 499 0 687 471 487 END
START -8688 11936 4204 6474 -4237 -4164 499 0 687 471 487 END
START -13020 5268 8224 5962 -6323 -5889 499 0 687 471 487 END
START -5304 12464 -8460 6373 -4422 -6323 498 0 687 471 488 END
START -3040 15884 -2760 5731 -539 -4871 498 0 688 471 489 END
START -12964 14388 7316 3871 -2174 -4795 498 0 688 472 489 END
START -11420 7868 5388 2652 -1684 -5629 497 0 687 473 490 END
START -14020 5228 7180 1970 -2968 -6655 497 0 687 473 491 END
START -6624 13020 -8544 2376 -385 -5848 496 0 687 473 491 END
START -6152 15244 -2340 1488 893 -4954 496 0 687 473 491 END
START -12460 12148 5036 16 -417 -4807 496 0 687 473 491 END
START -8084 9968 1324 -988 1086 -5078 496 0 686 473 491 END
START -14084 5684 7168 -2029 2278 -5470 495 0 687 473 491 END
START -15608 3720 5728 -2474 2190 -5801 495 0 687 473 491 END
START -8364 12456 -7172 -1915 4809 -5169 495 0 686 474 491 END
START -11400 14376 2504 -3260 4199 -3744 496 0 686 474 491 END
START -11688 9972 3028 -4897 3598 -3384 495 0 687 474 491 END
START -17180 3020 8624 -6017 3132 -3934 496 0 686 466 492 END
START -13704 4924 1280 -5773 3733 -3953 495 0 687 474 492 END
START -9104 12372 -1296 -5926 5764 -3005 496 0 687 475 492 END
START -15616 9140 7012 -7258 1340 -2042 498 0 687 475 493 END
START -11624 6344 3848 -7998 7 -1804 495 0 687 475 493 END
START -17944 1584 9996 -8690 -1703 -2072 496 0 687 476 494 END
START -11256 7652 -6932 -8083 -168 -2434 495 0 688 476 494 END
START -8368 10500 -936 -8511 2940 -779 496 0 687 476 494 END
START -14760 7716 7528 -9980 1031 -278 496 0 687 476 494 END
START -11876 4608 5612 -10848 663 -225 496 0 687 476 494 END
START -19164 248 11468 -11167 -3141 -681 496 0 686 476 495 END
START -10168 8476 -4568 -9991 -2713 63 496 0 687 476 494 END
START -13396 10736 8304 -10700 -6286 1166 496 0 686 476 495 END
START -10996 5672 6824 -12008 -9443 1451 496 0 686 476 495 END
START -15512 52 10184 -12268 -11543 296 496 0 686 476 494 END
START -5948 9560 1932 -11586 -8069 1648 496 0 685 476 495 END
START -16168 9564 13744 -12830 -11002 2740 496 0 685 476 494 END
START -10020 2616 9836 -13861 -12438 1662 496 0 685 476 494 END
START -5556 7408 -1608 -13112 -11419 1468 496 0 684 476 494 END
START -15176 7652 17104 -13798 -13228 2550 497 0 682 475 494 END
START -13284 -372 14196 -15354 -15942 1747 497 0 682 472 494 END
START -6672 5696 -1604 -14090 -15594 2082 498 0 680 471 493 END
START -14812 4788 17448 -14010 -22082 2318 498 0 680 470 493 END
START -10284 -2328 12020 -13229 -23453 1691 499 0 680 469 492 END
START -3228 7352 12248 -11811 -18733 3466 498 0 679 468 490 END
START -3260 2476 11556 -13930 -19746 3065 498 0 677 467 488 END
START -7112 752 7684 -13499 -18100 1727 498 0 674 465 486 END
START -10260 6640 20924 -13796 -16546 1751 499 0 669 464 485 END
START -4980 -700 16144 -16859 -15642 -1243 498 0 662 462 484 END
START 3568 7628 5716 -19464 -7498 -2868 498 0 651 459 483 END
START 2232 -16756 5996 -16764 -9295 -2993 498 0 677 465 483 END
START 304 -13360 16184 9162 1062 1457 496 0 675 464 483 END
START -364 18344 25004 1632 12373 -719 491 0 666 458 480 END
START -3304 2296 22568 -5156 9046 -1821 490 0 663 459 480 END
START -7952 -3644 10968 -1427 5653 -1973 491 0 665 460 480 END
START -11376 4548 24044 1741 3497 -1496 491 0 664 460 480 END
START -972 600 12708 1513 1105 -2105 491 0 662 460 478 END
START -8764 -2344 14236 2128 1422 -2415 492 0 659 460 478 END
START 360 6904 6296 3088 5064 -505 492 0 658 459 477 END
START -12316 5552 23944 1043 604 -297 493 0 657 458 476 END
START -7912 -1780 17660 271 -922 -995 493 0 658 458 475 END
START -5380 2204 6572 479 -1103 -1900 492 0 659 458 474 END
START -1108 7816 9896 823 3137 -526 493 0 658 458 475 END