START -9484 5748 11448 -675 141 -199 490 0 665 468 479 END
START -9324 5600 11256 -669 -183 -209 490 0 664 468 480 END
START -9060 5516 11436 -511 -632 -155 490 0 665 467 480 END
START -8360 6000 11204 -504 -455 -19 490 0 664 468 480 END
START -8748 4784 10904 -421 -173 -189 490 0 665 468 480 END
START -8800 3968 10852 -513 -171 -355 490 0 664 468 480 END
START -7852 5048 9948 -227 666 -384 490 0 665 468 479 END
START -9884 7416 13052 -883 -413 565 490 0 665 467 479 END
START -7280 4020 8708 -206 321 -166 490 0 665 467 480 END
START -7856 2048 8736 -1000 -1325 18 490 0 665 468 480 END
START -8076 1116 10648 -1219 -1302 -54 490 0 665 467 480 END
START -7928 2152 7296 -813 -986 -540 490 0 665 468 480 END
START -3868 8096 3256 -166 753 -284 490 0 665 468 480 END
START -3496 9780 7328 -148 1469 349 490 0 665 468 480 END
START -13240 9260 17796 -648 -459 1012 490 0 665 468 480 END
START -6220 4336 10296 -1369 -551 629 490 0 665 468 480 END
START -12596 -908 15820 -1512 -1482 -644 491 0 664 468 480 END
START -3572 10236 8312 -263 2968 405 490 0 665 467 480 END
START -7984 10668 13804 -1022 1876 1360 490 0 665 467 479 END
START -6420 4492 10292 -1912 1471 1148 490 0 664 466 479 END
START -12708 -544 15444 -1869 948 -28 489 0 663 466 478 END
START -4928 6840 1204 -849 5165 634 489 0 659 466 478 END
START -7348 10808 13980 -1070 7880 1951 486 0 655 465 477 END
START -9980 7424 15904 -2126 6213 3258 487 0 648 465 477 END
START -11248 1828 14112 -3750 5811 4032 486 0 639 464 475 END
START -8040 7608 -2440 -2480 6771 8476 486 0 636 463 475 END
START -15564 8972 16100 -1556 3214 5949 485 0 634 462 475 END
START -7004 5216 12232 -2244 5570 6186 485 0 632 461 474 END
START -13652 1864 13708 -4126 7305 8061 485 0 628 459 474 END
START -7308 9152 6204 -2226 11528 9758 485 0 624 459 474 END
START -19304 7968 18368 -366 6783 9439 485 0 623 450 475 END
START -7636 6264 8948 -22 7327 6925 485 0 623 459 475 END
START -10276 2664 14056 -412 10428 6785 485 0 623 460 476 END
START -6636 6048 4076 -280 18228 7815 485 0 624 460 476 END
START -5436 9884 -792 959 24003 9492 485 0 624 460 476 END
START -16276 10696 13804 1960 20393 9386 485 0 625 460 476 END
START -11492 6096 8960 2495 14276 8656 485 0 626 460 476 END
START -16036 2276 14420 1774 10134 6704 485 0 627 461 477 END
START -7948 7444 -1112 3314 13168 7616 485 0 629 461 478 END
START -12396 11996 11480 4408 13553 8093 485 0 630 462 478 END
START -7768 6076 6640 4525 10691 7827 485 0 632 463 479 END
START -15436 2588 13044 4721 8841 6401 485 0 634 463 479 END
START -9008 6912 -628 5254 9667 5584 485 0 636 464 480 END
START -5844 11892 -4144 6861 10566 5791 486 0 638 465 481 END
START -12708 13280 8744 7150 7324 6325 486 0 641 466 482 END
START -13736 11408 11896 7087 3326 6140 486 0 642 468 482 END
START -12992 4408 10708 7043 1292 4970 487 0 644 468 483 END
START -11768 4656 6484 7503 1098 3712 487 0 645 469 484 END
START -6360 10940 -6796 9076 3773 4011 487 0 648 469 484 END
START -3540 14476 -2216 9796 5023 4984 488 0 649 470 485 END
START -14572 13584 10996 9453 -246 4654 488 0 650 471 485 END
START -6572 11416 3772 9470 -3130 3886 488 0 653 471 485 END
START -9076 7796 7012 9661 -5697 2363 488 0 652 472 486 END
START -12688 6032 9716 9611 -6522 1308 488 0 655 472 486 END
START -4664 13820 -8908 10555 -4177 1487 489 0 656 472 486 END
START -12972 16404 6388 10561 -4449 1941 489 0 656 472 486 END
START -11844 14632 6028 9776 -7238 1979 489 0 658 472 487 END
START -9424 9184 4900 8864 -7357 632 489 0 659 472 487 END
START -12516 6856 6684 7940 -6988 169 489 0 660 472 487 END
START -8816 9372 -1996 7505 -6579 -712 488 0 663 472 487 END
START -5312 13432 -12800 8098 -4056 -781 489 0 662 472 488 END
START -9352 17012 780 7988 -2060 -100 489 0 663 472 488 END
START -13920 16252 6764 6694 -3937 -156 489 0 665 472 488 END
START -7664 13836 252 5249 -4330 -788 489 0 665 472 488 END
START -7420 10936 -780 4501 -4563 -1752 490 0 667 472 489 END
START -11828 7412 1072 3937 -6320 -3128 489 0 668 473 488 END
START -7136 12676 -10064 4402 -4236 -3421 489 0 669 473 489 END
START -7948 16900 -728 3720 -3528 -2792 490 0 672 473 489 END
START -6792 12704 -1852 2533 -4110 -3306 490 0 674 473 490 END
START -13364 5732 4812 1761 -3540 -4639 490 0 677 474 489 END
START -11184 7956 -1460 1701 -2593 -5028 490 0 679 475 490 END
START -5680 15160 -6312 1919 264 -4102 490 0 682 476 489 END
START -13752 15672 2372 777 -2215 -3500 490 0 683 476 489 END
START -7984 11196 -1724 -622 -3537 -4298 490 0 684 474 489 END
START -11500 7928 2924 -2046 -4545 -5061 490 0 685 474 489 END
START -11008 8908 -5088 -2018 -3676 -5088 490 0 686 475 489 END
START -8628 15020 -1860 -2836 -3077 -4265 490 0 688 475 488 END
START -11748 11576 2264 -4834 -4235 -4753 489 0 689 475 488 END
START -15988 4616 6152 -6377 -5224 -5975 490 0 690 475 488 END
START -9472 10988 -10952 -5996 -2909 -5676 490 0 690 476 488 END
START -15712 11816 6928 -7570 -6429 -4036 482 0 690 475 488 END
START -15572 5532 6516 -9540 -9014 -4278 489 0 691 475 486 END
START -16100 3792 5696 -10245 -10774 -5061 488 0 690 474 484 END
START -13484 13572 5152 -10447 -7989 -3538 488 0 691 473 481 END
START -9520 9056 2624 -12819 -10044 -3487 488 0 691 473 478 END
START -16052 2664 7776 -13916 -12106 -4329 488 0 691 472 476 END
START -6388 10956 -4148 -13178 -8771 -2512 489 0 690 472 475 END
START -10272 7940 5296 -14513 -12597 -1074 488 0 690 471 473 END
START -16948 2044 9892 -15684 -14993 -1876 488 0 689 469 472 END
START -6748 10380 -1368 -14553 -12226 -724 489 0 688 468 471 END
START -8596 6556 6080 -15384 -15838 -220 489 0 688 468 470 END
START -13432 2336 12196 -16104 -16180 -637 489 0 688 467 470 END
START -4460 10020 3660 -14626 -11596 733 489 0 685 466 470 END
START -12996 7192 13000 -15370 -15392 1968 489 0 684 466 470 END
START -14636 -1560 12736 -15356 -16840 304 489 0 684 466 470 END
START -2756 6084 -1812 -12052 -11662 506 490 0 684 466 470 END
START -10488 7144 17932 -12261 -9669 1327 490 0 684 466 470 END
START -8336 -84 13756 -13602 -4772 778 490 0 684 466 470 END
START -10464 -124 8476 -12698 -2599 3 490 0 682 466 470 END
START -4360 5168 3512 -10577 -2626 787 491 0 682 466 470 END
START -12252 4192 17088 -9919 -9809 1514 491 0 681 466 469 END
START -7700 -128 11976 -9789 -12660 298 491 0 681 466 469 END
START -3480 4968 2364 -7931 -11027 344 491 0 680 465 468 END
START -3928 8816 15748 -8446 -9465 909 490 0 680 464 466 END
START -8960 6628 19924 -10803 -9955 216 490 0 678 463 465 END
START -12112 -792 18932 -12064 -9967 -2035 490 0 673 462 464 END
START -5656 9792 10928 -12831 -10946 -3210 490 0 661 459 463 END
START -10040 5068 12520 -18672 -20554 -6185 491 0 646 456 463 END
START -2936 -6172 -5688 -20889 -25516 -8761 492 0 661 448 464 END
START 5136 -13536 26576 13383 -25878 5121 489 0 666 449 460 END
START 6680 17188 29732 -2041 -984 -3402 487 0 658 445 457 END
START 7592 1252 8724 -7610 13032 312 487 0 659 448 458 END
START -9572 4812 25344 -2793 7269 677 487 0 657 451 460 END
START -4012 1092 14812 -766 1871 -853 487 0 655 450 460 END
START -7580 -2556 18696 474 -1139 -1183 488 0 653 450 460 END
START 2212 5184 9692 2553 2395 219 488 0 652 451 459 END
START -2692 5812 17964 2480 2606 630 488 0 651 451 459 END
START -5044 3944 20312 1239 -72 845 488 0 651 451 459 END
START -132 2352 13272 -390 952 595 488 0 650 451 459 END
START -2420 72 12900 -1071 1399 -67 488 0 650 451 459 END