START -11484 -4696 16984 4405 7172 3576 556 0 533 570 547 END
START -12132 -4316 17488 5044 7426 4278 557 0 535 569 546 END
START -14096 -3308 17724 6568 7412 6159 551 4 540 541 557 END
START -16132 -3240 17532 8642 5265 8220 557 0 531 565 544 END
START -17656 -4876 16900 10412 2427 9848 558 0 531 561 537 END
START -16920 -4228 17776 13626 732 11431 556 0 516 556 538 END
START -15856 -3684 17836 16074 169 13039 555 0 520 549 537 END
START -18060 -1484 18404 16603 222 13665 554 6 514 545 535 END
START -14252 -1052 13004 16478 -314 13604 555 0 507 542 534 END
START -13664 3864 15228 17483 -420 15491 555 0 508 538 533 END
START -11068 340 14500 18543 566 18071 555 0 503 535 529 END
START -13200 -1588 13936 18378 -1 18390 520 0 507 531 525 END
START -18904 2780 14000 18740 -2072 18283 555 0 500 524 527 END
START -18104 664 17324 17379 -3472 18479 555 32 526 535 540 END
START -12240 7284 9924 17118 -2058 18574 552 1 500 523 525 END
START 1752 -1612 3708 15739 -1681 17354 552 2 499 526 523 END
START -11568 3044 13416 15528 -1511 17881 548 20 507 525 524 END
START -1908 7844 -2556 15638 582 17084 553 0 495 523 517 END
START -4692 2976 7208 14187 475 15790 554 0 492 519 515 END
START -10076 3468 12384 12639 -721 16338 555 15 482 522 484 END
START 1332 11428 4036 10993 -513 15668 546 8 492 533 533 END
START 716 6680 2436 9849 -2326 13282 553 0 488 516 511 END
START 1276 4404 4840 9580 448 13177 553 4 488 518 527 END
START 900 8932 2552 9255 3966 14295 549 0 484 511 509 END
START -9300 14428 7196 9618 3822 14272 554 0 485 500 509 END
START -5124 9172 6124 8206 1705 13056 549 0 484 508 497 END
START -4128 8252 6724 7081 -1019 11942 549 86 487 494 496 END
START -1228 7352 5084 7600 -606 11338 542 1 476 504 488 END
START 1116 9012 2900 9228 3499 14433 539 0 472 498 484 END
START -4976 12440 6928 10358 6008 16671 541 17 467 502 481 END
START -6264 14464 7272 9408 2966 15405 540 4 462 489 469 END
START -12240 13436 13200 7631 -3059 12860 535 0 455 479 463 END
START 6908 10608 136 6742 -5520 12289 500 0 444 486 456 END
START 1544 13240 3176 8662 -2124 14959 519 7 441 459 443 END
START -4652 12048 12804 7082 -1130 13077 526 96 440 419 355 END
START -3604 14956 8196 7166 -2951 9780 515 0 422 439 426 END
START 2092 14808 5380 4644 -2830 7887 512 0 410 430 417 END
START 7896 16688 3612 3362 -1278 7252 515 15 390 450 415 END
START 7572 22328 2472 3555 -964 7921 508 2 391 415 404 END
START 2528 20348 1044 2289 -4686 4777 509 0 393 398 404 END
START -1120 16504 6368 924 -6198 186 507 0 390 406 394 END
START -708 17464 5404 -1826 -4706 -1443 499 8 387 405 390 END
START 3544 15712 1624 -5519 -1868 -4647 508 36 397 401 395 END
START 3696 18516 -36 -9403 -2412 -9365 503 0 385 402 390 END
START 10164 16976 -5256 -12435 -2315 -15042 501 34 387 402 383 END
START 9404 17916 -1788 -15545 335 -18196 490 38 384 414 282 END
START 14344 22384 936 -18228 755 -20220 483 0 388 400 390 END
START -256 26776 11396 -25774 -5832 -25109 479 0 388 402 387 END
START 3504 15512 -1028 -32768 -4279 -32768 438 12 360 448 398 END
START -8684 4524 2488 -32768 -19048 -32768 476 0 366 407 390 END
START 14608 -12884 -6180 -32768 -18290 -32768 476 0 389 407 391 END
START -7892 -19676 15064 -22367 -9622 -16342 477 0 391 410 391 END
START -12880 -15756 23856 -11526 4185 -6102 453 20 391 426 407 END
START -32768 -12140 32767 -4562 1645 4 476 4 391 407 393 END
START -22836 -6008 21356 919 -4111 -2506 473 0 391 411 394 END
START -9540 -1060 15844 5322 -3286 -228 482 0 401 346 398 END
START -3012 6564 13264 6892 330 108 475 0 392 399 393 END
START -6888 17004 13272 6646 3623 1017 482 36 392 413 393 END
START -3884 15420 9388 5348 3394 950 479 0 393 417 395 END
START -3636 14132 7480 4259 2083 337 478 3 396 413 395 END
START -7184 7468 10364 2974 -1392 484 488 0 405 392 398 END
START -6620 6496 12188 1740 -2339 606 481 0 401 418 395 END
START -10628 5828 15732 1658 -2045 1208 458 23 438 418 435 END
START -2292 4420 9288 867 -681 1888 479 6 403 415 406 END
START -7400 4408 13228 364 -1539 2842 483 0 396 415 397 END
START -10844 4560 15036 305 -1164 2665 489 0 412 412 398 END
START -4912 3688 11508 487 -1717 2997 482 1 392 416 398 END
START -588 7644 9296 -238 -2793 1840 497 0 391 427 423 END
START -3416 15552 10876 -1580 -2939 1334 485 0 401 416 402 END
START 4580 14420 10960 -3310 -1010 104 486 2 400 412 398 END
START 3900 7260 8568 -4426 1226 -125 493 0 401 368 366 END
START -5104 14376 11064 -4285 1598 -159 484 0 399 413 398 END
START 4556 7048 10688 -3546 384 -843 491 136 398 422 382 END
START -172 13456 10964 -3295 -2176 -1336 488 0 407 416 398 END
START 776 7832 13624 -3463 -2321 -1318 485 0 402 418 401 END
START -156 10668 15400 -3563 -910 -871 571 96 412 310 443 END
START -4500 11584 15052 -3079 564 -344 486 1 404 419 399 END
START 2884 5364 10412 -2199 729 -172 488 0 401 415 397 END
START -14856 15420 18276 -1602 -491 -43 487 0 401 413 404 END
START 4028 11032 11932 -1087 -403 222 490 7 402 418 399 END
START -1128 12624 12428 -702 -1074 346 469 114 410 448 401 END
START 3120 8328 11300 -815 202 523 487 0 401 419 398 END
START -12708 16628 17404 -200 -1500 1048 504 2 396 420 399 END
START 6608 12176 10404 -703 554 756 488 0 406 429 397 END
START -21176 17464 19928 -99 -844 931 492 0 403 419 399 END
START -18804 13444 18804 68 -744 949 497 12 411 428 405 END
START -13716 12420 13832 137 -322 861 490 0 399 424 399 END
START -5488 10408 9224 79 93 309 501 44 405 379 356 END
START -5976 7012 8688 49 283 -26 490 0 408 418 399 END
START -4156 3696 9024 -628 311 -528 483 0 411 411 404 END
START -5452 3240 12624 -796 -525 120 490 8 400 419 400 END
START -12248 4056 18360 -931 -1405 690 504 109 402 428 401 END
START 3100 2328 5544 -818 75 612 493 10 403 414 399 END
START 5232 13360 6764 -1157 238 1369 493 0 403 423 399 END
START 4748 14652 8164 -1093 -14 1235 496 0 405 420 399 END
START 484 14036 9360 -1227 -1513 1299 491 0 403 419 400 END
START -5504 13608 13532 -1701 -1807 1536 505 0 333 428 426 END
START 4124 14756 8804 -2229 291 1698 494 7 406 428 403 END
START -11600 12316 15056 -2232 -424 1601 496 0 405 421 401 END
START -6340 13104 13828 -2438 -73 1144 490 0 406 420 395 END
START -10428 13884 17188 -2395 -1099 705 500 0 408 421 400 END
START 4404 14972 8888 -2217 -602 396 489 20 381 371 405 END
START 2396 14196 11032 -2035 -86 371 496 1 407 422 401 END
START -2732 14292 13780 -1725 -122 98 494 0 405 421 401 END
START -7196 14364 17644 -1431 -446 46 494 10 404 427 388 END
START -11720 13160 17812 -997 -154 281 493 0 412 419 403 END
START -15564 13980 20064 -777 -391 405 487 37 370 433 375 END
START 4464 14724 8828 -820 394 204 490 2 405 423 404 END
START -16020 12968 18544 -273 -1566 205 495 1 405 422 402 END
START -5020 14024 13920 -594 -1559 185 495 0 407 425 402 END
START -10016 15088 17792 -1140 -1077 501 496 0 403 420 401 END
START 6356 14460 7944 -1559 824 501 506 44 405 421 390 END
START -16956 13996 20656 -1308 -1052 787 488 0 412 421 402 END
START 2812 14940 9096 -1358 89 546 488 2 405 414 402 END
START -17236 12672 19232 -655 -2746 892 497 4 408 418 405 END
START -7164 13936 16412 -847 -1979 1009 493 10 406 420 401 END
START -12092 14820 19720 -1356 50 740 507 166 406 485 400 END
START 9288 14956 5560 -1590 835 689 495 2 400 422 401 END
START -18208 13564 21100 -1189 -1192 1192 495 5 406 422 404 END
START 908 13948 10376 -1497 218 906 490 63 416 358 404 END