START -4252 -8600 -3420 2413 -662 482 664 1 573 609 592 END
START 12416 -1432 23576 20353 31853 10903 656 0 570 609 593 END
START -25296 -5936 7208 4719 1360 -2997 661 0 567 609 589 END
START -15124 -268 16052 -281 -835 -3739 668 38 583 613 576 END
START -8072 -2164 12788 -1405 5556 4337 658 1 573 608 593 END
START -6628 -2820 10640 -3007 5573 3457 659 0 573 608 592 END
START -3556 -4428 9648 -3809 7394 3460 661 0 573 611 595 END
START -9064 -5472 12868 -4429 6963 2557 658 0 574 614 593 END
START -15732 -6096 16764 -4935 800 733 666 79 484 612 596 END
START -12664 -2020 15320 -4983 -6074 -1596 657 0 575 613 591 END
START -9564 -3932 16100 -7176 -14449 -1117 659 0 573 609 590 END
START -13672 -2420 14520 -8119 -17967 -2846 659 0 571 611 591 END
START -9824 -9436 18064 -5524 -15770 -4134 660 8 571 588 595 END
START -13676 -4200 24228 2379 -5896 -2116 661 0 573 610 591 END
START 4816 -4984 7064 3359 1166 1300 659 1 574 610 592 END
START -6920 -8732 17460 3510 4701 1911 660 8 574 614 590 END
START -1244 -1476 12884 4461 4598 53 660 0 574 610 592 END
START -9712 -8276 13796 4614 3192 -2154 655 0 581 608 568 END
START 744 -6864 10556 4271 3531 -1038 662 0 574 610 590 END
START -836 1448 15096 4843 4745 -339 659 0 573 610 591 END
START -8744 -3208 14808 4839 5307 -1300 660 0 575 614 589 END
START -5684 -5792 18372 4706 5737 251 657 0 574 608 590 END
START -6640 -348 21840 6954 6765 2247 664 27 589 615 601 END
START -14324 -3456 21012 9351 5502 3368 660 0 568 607 589 END
START -18608 -6740 26404 11364 4402 5287 659 0 568 601 587 END
START -12552 -3732 24804 14201 4802 7462 658 23 564 596 584 END
START -17604 1828 27628 18004 5391 9703 657 9 551 584 582 END
START -24056 0 25616 21630 4197 10715 656 0 546 580 580 END
START -23580 -6616 25908 23899 3222 12657 653 0 537 577 579 END
START -12812 -7120 16036 26614 3687 15070 651 1 535 564 571 END
START -14868 -2896 18432 29194 2314 16972 644 1 527 559 562 END
START -15504 5544 18048 30680 2696 18470 644 0 481 550 546 END
START -9556 7228 5560 31744 1627 19431 632 0 511 532 534 END
START -9520 984 7764 30910 -1015 19278 624 0 497 525 526 END
START -6592 -1608 6788 30315 -3915 18388 611 0 492 513 518 END
START -616 3656 304 30651 -4661 20030 598 0 476 503 502 END
START -2840 6276 -3192 30892 -4814 19348 594 31 425 499 452 END
START -12956 3256 8268 30272 -5953 18011 576 0 460 480 479 END
START 2560 1056 156 28311 -6279 16641 564 0 452 474 469 END
START 6028 9952 -5952 27231 -3947 16942 571 55 478 464 449 END
START -1292 5008 -2668 24818 -5054 13637 556 0 436 452 453 END
START 8472 1928 -4804 20271 -2944 10858 549 0 426 442 438 END
START -408 8856 1748 19500 -2438 11767 563 15 460 438 401 END
START -3440 6980 -1268 17273 -1283 10804 540 0 408 423 418 END
START 26208 8440 -19140 14369 5063 16722 533 0 401 417 410 END
START -13052 11592 4408 13502 -2104 8445 542 12 396 416 397 END
START 16644 11748 -16152 9843 -1773 4693 515 6 395 411 400 END
START 6240 9956 -3408 7929 -1738 4741 508 0 393 407 397 END
START 6308 11372 -4456 5411 675 3467 504 0 391 398 395 END
START 1576 13216 -4312 4094 747 1541 502 0 390 405 390 END
START 1960 10784 -3776 -5835 2508 -1710 507 108 409 360 400 END
START -3272 11008 3884 -3323 -4018 -5221 496 0 391 405 391 END
START 6112 11160 -3224 -5705 -637 -4769 500 0 389 404 390 END
START 9056 14888 -3892 -8880 -1042 -7587 487 0 392 410 377 END
START 5680 22508 -304 -11775 1097 -10717 489 0 390 403 389 END
START 6728 22248 668 -14347 1330 -13036 490 0 393 403 390 END
START 4244 21248 1256 -17098 -89 -15845 492 0 396 410 408 END
START 15368 18284 -3908 -19155 1140 -17818 494 0 394 406 389 END
START 2832 13888 2196 -23081 -594 -19069 490 1 395 405 390 END
START -5296 11596 5412 -27872 -6595 -21906 488 8 396 289 418 END
START -7852 8004 7300 -32768 -7725 -32629 496 0 393 405 391 END
START 10040 3592 -6132 -32768 -9219 -32768 492 0 394 411 392 END
START -7684 5228 5632 -30253 -7884 -30840 510 28 406 413 393 END
START 1556 772 -2188 -25759 -8475 -23390 496 6 398 405 399 END
START -19048 684 15140 -20369 -9669 -18185 496 0 398 405 398 END
START -23388 2540 20328 -16308 -6002 -11406 552 11 395 394 403 END
START -8100 580 13644 -12826 -3440 -9714 481 7 404 410 404 END
START -19180 5296 14888 -9567 -4128 -9358 500 0 388 405 394 END
START -15492 3536 14588 -7789 -2268 -8422 499 2 400 407 392 END
START -10736 2060 10708 -6497 -1504 -7151 501 0 406 413 371 END
START -17924 1388 16648 -5435 -3836 -5663 498 4 401 410 400 END
START -10232 632 14676 -4525 -5098 -4186 494 0 400 409 403 END
START -5776 7152 16680 -3975 -1116 -2256 491 0 420 396 411 END
START -14452 7364 14608 -3877 40 -1568 498 0 403 407 399 END
START -16748 4176 16040 -4952 -1432 -1562 498 0 400 408 397 END
START -11496 -212 14816 -4951 -1852 -1506 503 13 390 420 407 END
START -9368 1020 15480 -4276 -1852 -11 499 0 404 408 401 END
START -4568 8744 8808 -2002 1477 888 498 4 404 410 400 END
START -9552 3376 11336 -2001 1077 548 500 0 412 412 400 END
START -7920 -588 13152 -2456 -1544 -60 497 0 405 407 401 END
START -5516 7252 10228 -808 -1099 162 502 0 423 410 398 END
START -6716 3852 9056 -546 -441 -271 499 1 406 409 402 END
START -4840 -24 11160 -1436 -485 -707 503 0 404 401 406 END
START -3584 7036 15808 -360 2124 202 497 0 403 410 403 END
START -9832 3496 10524 13 2649 -441 498 2 401 411 403 END
START -9436 -992 13160 -1035 -1074 -365 502 0 404 408 393 END
START -8196 6256 11040 102 881 89 501 0 403 409 405 END
START -12768 3480 12296 -49 -592 -499 494 0 395 469 408 END
START -13736 1504 15884 -794 -2147 -307 498 3 402 408 403 END
START -6052 6376 15176 -11 -559 -88 545 24 475 413 408 END
START -10812 3964 10308 -427 14 -571 498 0 405 410 403 END
START -9764 416 12116 -1408 -703 -443 498 13 403 408 404 END
START -5120 8804 7420 -725 424 234 498 15 404 413 402 END
START -8820 3604 8868 -845 -103 -496 497 0 402 410 403 END
START -8776 -1440 11128 -1871 -2895 -949 552 29 393 400 413 END
START -5968 5208 13296 -1641 -1920 -752 499 0 406 411 403 END
START -11876 6348 11280 -1311 -2227 -1226 496 2 403 412 404 END
START -9156 5696 10336 -1942 -596 -1447 502 0 416 416 383 END
START -2648 1040 7472 -2927 -1020 -1991 495 0 391 409 403 END
START -5676 4804 12760 -3476 -1787 -1525 495 0 404 411 404 END
START -10464 6652 8720 -2990 -2964 -2541 517 18 394 412 416 END
START -14040 1752 13664 -2910 -4823 -3862 498 3 410 410 405 END
START -13544 -904 15840 -1735 -4616 -2767 497 1 405 407 405 END
START -2748 -1960 10916 -1047 -1494 -1137 504 0 349 420 387 END
START -10244 4124 16744 -1452 216 320 497 0 401 411 409 END
START -17048 7460 15440 -1086 1532 240 496 0 404 410 403 END
START -19308 3100 17216 -1483 -151 -445 494 0 407 410 405 END
START -3552 -1832 9152 -1880 -1790 -709 497 0 401 409 405 END
START -5092 3020 17444 -1064 -1410 174 486 32 351 421 393 END
START -10232 6464 11980 -80 -356 231 500 0 404 412 406 END
START -10448 1236 13584 -636 28 471 496 0 405 419 405 END
START -11344 1696 15792 -918 -1128 706 498 0 403 414 393 END
START -15068 6484 13620 40 -526 326 498 0 402 416 407 END
START -14136 2336 14028 -597 -1561 118 542 0 412 336 418 END
START -10532 72 14320 -1240 -2886 81 497 0 402 411 405 END
START -2092 6848 9852 -409 -378 530 506 28 360 416 406 END
START -9300 2696 12228 -1244 374 300 497 1 407 409 404 END
START -9316 -1232 13260 -1685 -485 451 495 0 406 414 405 END
START -5432 5116 12816 -741 367 1013 496 1 414 407 409 END
START -8912 3696 9964 -232 -258 642 498 0 406 412 407 END