START -9624 -6524 13180 5016 2265 -6457 525 0 625 723 611 END
START -9740 -6808 12996 4923 2439 -6593 510 0 616 664 602 END
START -9444 -6280 11908 4915 1947 -6783 503 16 615 666 601 END
START -7444 -5944 11080 4778 3345 -6555 499 43 612 664 604 END
START -9540 -6860 11464 4445 3821 -4702 495 0 614 663 603 END
START -10888 -7120 12928 4796 3750 -3621 483 17 634 608 602 END
START -11044 -7540 14328 5085 2172 -3254 496 0 612 666 603 END
START -10624 -7724 13336 4420 452 -3580 496 0 613 667 606 END
START -9636 -6980 11280 4122 -571 -3376 495 0 617 644 604 END
START -7372 -6604 9168 4249 700 -2938 499 0 609 672 609 END
START -7828 -880 11976 3932 903 -407 498 0 616 671 611 END
START -10384 -6776 13460 2702 -132 -238 496 4 613 673 614 END
START -13404 -2584 12600 2709 -197 -183 502 0 616 674 611 END
START -17212 -6104 18408 2039 62 668 490 0 622 676 611 END
START -14092 -3568 16004 2100 2515 3075 506 0 629 678 610 END
START -19912 -2536 15992 2697 3253 4801 505 11 630 683 617 END
START -8500 -4316 11400 2744 4436 6322 487 34 646 690 613 END
START -13820 -6996 14820 2992 3604 7506 504 0 640 682 619 END
START -12152 -7996 14368 2716 2663 9364 503 0 642 684 621 END
START -13464 -7464 15084 2136 3964 11946 506 19 656 689 616 END
START -10936 -8228 13432 1903 3851 14826 504 0 642 687 624 END
START -6988 -9028 11200 2066 3090 16870 502 0 652 686 625 END
START -18900 -8248 16716 2058 1478 19334 495 56 654 687 627 END
START -22216 -7308 15908 2182 -41 20705 499 0 652 687 623 END
START -27164 -5568 20604 2618 191 22827 502 0 650 687 624 END
START -3892 -4408 3136 2655 2223 25794 499 0 656 687 623 END
START -7888 -5468 4160 2982 906 27658 498 2 650 690 622 END
START -4236 -5792 1864 2986 -857 28012 500 0 657 687 632 END
START -2880 -4564 860 2954 -1225 29622 496 0 650 688 620 END
START -27656 1736 20812 3204 -2156 32136 496 2 652 689 622 END
START -27500 2352 18548 2267 -2449 32767 517 20 630 693 622 END
START -14296 -3364 12716 1798 -873 32767 497 0 652 690 622 END
START -19024 -2296 18328 1918 -3799 32767 496 0 647 688 623 END
START -10004 -5612 11744 1856 -412 32645 505 15 678 695 603 END
START 4548 -6012 1348 2179 -3479 31644 498 0 651 691 618 END
START -23796 428 21080 2227 -4964 30980 499 1 646 690 620 END
START -21636 -88 18328 2127 -6062 30624 501 11 628 694 629 END
START 6776 -1432 -1092 2582 -1146 28749 500 6 647 689 622 END
START 5380 28 1320 2766 2962 28407 500 0 646 690 626 END
START 3212 1420 3884 2163 -167 28294 499 0 650 691 626 END
START -12920 -180 15444 1219 -3090 26600 501 0 644 690 625 END
START -3144 -116 9176 1305 -1886 24528 508 64 613 695 613 END
START 19388 -620 -4852 2811 144 23114 503 6 646 688 627 END
START 17620 964 -3544 2789 -1509 23297 502 0 649 691 627 END
START 14328 244 -2952 2743 -3718 21959 502 0 648 692 627 END
START 10224 972 1708 2842 -4330 19034 501 0 646 691 627 END
START 6208 2564 7608 2948 -4246 17287 509 9 621 696 565 END
START 652 2964 9220 2757 -3621 17212 504 0 649 691 628 END
START -536 2512 8812 1887 -3791 15158 482 19 651 692 628 END
START 2336 4184 8844 895 -4139 13788 503 7 650 691 629 END
START 7684 4512 6192 -978 -4315 11968 504 10 649 691 629 END
START 15556 3116 2032 -2394 -4991 9158 509 25 636 671 634 END
START 20920 3144 1116 -2720 -5592 6857 503 1 648 692 631 END
START 11388 3920 7120 -2926 -4774 4814 503 13 649 690 631 END
START 18028 4296 4012 -3286 -3835 2679 484 0 652 692 631 END
START 6512 5960 10172 -3698 -1470 1067 503 0 649 692 630 END
START 9124 5676 9216 -4059 1559 452 508 0 676 689 633 END
START 6692 8168 11948 -4532 1891 958 505 3 652 691 630 END
START -2040 8892 15976 -4641 -2060 1220 511 32 650 690 631 END
START 13428 4472 4808 -4020 -2366 61 505 1 648 691 631 END
START -7656 10092 20700 -3379 -3285 1566 505 0 650 691 628 END
START 5156 6508 12744 -2431 -377 1690 508 75 652 714 633 END
START -1264 7840 17036 -1990 -221 2072 503 9 650 692 632 END
START 17008 3604 3364 -1688 -430 1598 508 3 651 693 630 END
START 15128 3888 4544 -1417 -919 1649 507 4 653 692 631 END
START 10168 5120 7844 -1256 -1725 2177 503 0 650 691 631 END
START 4372 6804 11772 -1436 -2296 2293 494 26 641 695 620 END
START -644 7096 15176 -1692 -1700 936 510 0 653 692 631 END
START -4804 8192 19160 -1831 -1428 719 507 2 650 693 631 END
START 19876 2924 1276 -1744 206 773 504 0 649 688 631 END
START -11248 9484 23136 -1873 -2003 1637 510 1 651 692 631 END
START 11620 4964 5636 -1674 253 780 525 17 654 668 635 END
START 6024 5744 9872 -1844 -2323 1642 512 0 653 692 631 END
START 288 7040 14304 -1903 -3930 1806 508 2 651 692 632 END
START -5092 7624 18708 -1803 -4164 2022 505 0 648 692 630 END
START -9176 8668 22196 -1470 -2956 1639 508 0 645 691 631 END
START 21664 3792 668 -1072 -812 1684 519 119 651 696 632 END
START 17612 3996 3800 -683 -652 1449 509 0 652 688 632 END
START 12848 4512 7900 -489 -3707 1210 507 1 648 692 631 END
START 7484 5368 12416 -59 -4967 738 510 0 650 692 631 END
START -456 11436 19484 221 -5003 431 508 8 650 695 631 END
START 5580 11500 15116 823 -2463 -19 500 17 640 704 634 END
START 13116 12196 11776 1511 -2736 -1687 510 0 649 696 630 END
START 21928 12900 8004 1917 -5184 -3659 509 12 648 692 632 END
START 588 11808 22892 2336 -4917 -6331 507 0 654 691 632 END
START 6508 13032 21020 2526 -4466 -8967 509 0 645 691 632 END
START 15512 10472 17236 2345 -6426 -14238 510 23 654 691 634 END
START 32767 6336 1540 1451 -7604 -20915 510 1 647 682 634 END
START 26352 5260 6612 -415 -11762 -28701 514 0 647 691 632 END
START 27332 4316 5260 -4132 -10943 -32768 543 19 652 659 633 END
START 31328 5056 2496 -6307 74 -32768 515 0 646 690 632 END
START 26644 724 5564 -8572 8947 -32768 510 0 649 690 632 END
START 12244 -2260 5140 -9414 12268 -32768 528 21 649 694 646 END
START 504 -10248 3744 -9613 13861 -32768 518 14 654 692 635 END
START -13268 -16984 5036 -6899 11887 -31438 518 0 658 691 634 END
START -32768 -17884 10908 -3942 8015 -9964 530 5 656 694 634 END
START -32768 -9912 12312 -4537 -30499 -18818 517 0 653 695 637 END
START -6320 2036 -132 -5410 -30505 -27905 518 0 654 693 633 END
START 6216 9712 8292 1541 -2070 -10556 518 0 652 693 635 END
START 3832 16888 11092 1830 19471 3582 534 19 636 695 638 END
START -21816 9592 21580 2999 15689 4529 521 0 649 692 630 END
START -25272 10864 23592 1793 4425 -2341 521 0 651 691 633 END
START 13092 7624 -28 184 -1663 -5016 520 0 648 687 603 END
START 12792 5180 756 -959 -2087 -3695 519 0 649 692 633 END
START 7588 3476 2672 -1763 337 -2055 525 0 653 703 628 END
START 3632 2340 4392 -1875 176 -1377 521 0 649 691 634 END
START -28308 5956 26840 -1949 -2858 -1512 519 0 650 695 634 END
START 9104 1940 1104 -1158 -212 -2604 520 10 643 692 635 END
START -12484 4932 14448 -440 -545 -1495 521 0 647 690 634 END
START -13764 4640 15464 413 -1948 -812 544 18 643 693 631 END
START -11308 6752 12184 1091 -1991 -744 521 0 650 691 636 END
START -12456 7932 12528 1087 -1289 -1057 521 0 647 691 634 END
START 8964 9516 -708 281 1194 -1832 529 10 653 671 637 END
START 9224 10588 -524 -587 3269 -1911 515 0 645 690 635 END
START 6016 9248 400 -1303 3962 -1870 463 1 646 694 633 END
START -4120 6344 5816 -1863 2812 -2206 517 0 646 689 634 END
START -4476 5704 5416 -2426 2241 -2537 521 1 647 691 634 END
START 6760 8040 -2556 -3060 1789 -2308 483 23 612 691 635 END
START 8108 7340 -4512 -3856 -717 -1867 519 0 647 689 634 END
START 10864 6588 -7300 -4769 -1063 -2095 521 0 646 690 634 END