START -5524 -4752 13716 -1388 -33 -49 559 17 486 613 597 END
START -5152 -4668 13668 -1517 413 -145 564 0 562 606 596 END
START -4780 -4856 13596 -1812 1935 -166 529 11 563 604 612 END
START -5384 -5280 13328 -2113 2913 -289 563 0 563 606 595 END
START -5944 -5164 13664 -2468 2718 -116 561 2 564 606 596 END
START -6028 -4836 12760 -2223 2828 -482 640 16 534 609 598 END
START -4056 -3684 11752 -2731 2728 -287 560 8 560 607 600 END
START -3960 -3764 9688 -3062 3242 89 562 0 564 604 595 END
START -2288 -4648 10084 -2961 4300 33 568 0 574 608 582 END
START -3968 -5356 11236 -3004 4510 276 563 8 564 610 598 END
START -7480 -8692 13848 -2544 4205 102 565 8 575 614 596 END
START -8124 -7076 11876 -1770 4810 243 562 0 571 613 599 END
START -3460 -5920 13656 -2537 5585 911 561 4 567 611 597 END
START -7476 -4524 12568 -2294 7253 281 566 1 575 618 595 END
START -2676 -8500 13032 -2244 9598 407 561 4 569 614 598 END
START -5652 -1004 16728 -405 12381 1996 561 0 569 620 599 END
START -7028 -3632 14512 832 14384 1138 558 0 568 617 603 END
START -10284 -7096 17172 536 17040 974 562 0 570 620 601 END
START -7952 -8588 15896 1891 16875 1699 568 0 570 623 625 END
START -17592 -7684 19672 4577 14229 1970 559 3 578 624 602 END
START -14572 -7008 17212 6044 12777 1906 559 0 576 628 603 END
START -11012 -64 12520 6471 10378 1935 520 19 561 639 610 END
START -12616 256 12060 7445 6579 2107 557 0 582 637 603 END
START -10196 1068 10988 8134 2077 1456 556 0 591 641 604 END
START -16224 200 13816 7897 -1944 1067 556 8 594 659 604 END
START -24480 -1892 18268 8469 -2812 1027 556 1 599 654 606 END
START -6884 -1464 9500 8524 -1837 2169 559 0 604 653 608 END
START -9768 124 11332 9474 -1450 3301 548 0 613 663 610 END
START -15048 -3244 15212 10436 -234 3706 541 0 616 668 613 END
START -3164 -6984 588 10080 -2151 6002 483 0 631 672 630 END
START -5584 -5928 1616 10489 -4936 8972 524 0 636 684 620 END
START -32768 -5488 23832 10448 -9028 11012 515 0 646 687 622 END
START -5584 -10464 1912 10570 -6207 12998 541 10 652 692 626 END
START -13040 -10144 6412 10533 -10718 15688 504 0 659 691 624 END
START -2256 -7868 -2336 11018 -5559 16914 501 0 659 693 626 END
START -19528 -2644 11272 10478 -6626 19223 506 52 692 683 628 END
START 3628 -2572 -3220 8848 -1874 22519 505 6 665 694 628 END
START -384 -1672 -844 7923 -2722 24492 496 0 663 696 629 END
START -128 -2964 392 7068 -5990 25277 462 20 670 681 631 END
START -30028 -4708 20780 7034 -8704 27107 496 0 664 696 622 END
START 2232 -9784 -824 7461 -8582 26900 500 0 664 696 628 END
START 7504 -8048 -3756 6886 -7100 26368 514 115 672 690 631 END
START -19600 -3040 15452 6761 -7168 27347 502 0 664 692 642 END
START -15688 -2836 11336 6955 -4972 28807 497 9 664 695 629 END
START 7104 -3204 -5940 7234 -2474 28886 486 25 606 699 569 END
START -15796 3992 11920 6283 -6812 28540 501 0 665 695 630 END
START -6212 3144 7552 6491 -11398 28314 503 0 663 696 627 END
START -17260 7996 18120 5599 -10998 28532 525 16 637 698 634 END
START 8816 7424 4244 4829 -8095 27856 501 1 660 708 630 END
START 8200 6824 6228 5051 -7102 26980 506 1 661 696 631 END
START 6272 7464 6688 5755 -6522 25673 507 12 686 697 637 END
START 3424 7004 7152 6071 -5728 24545 501 0 659 694 629 END
START -1496 8528 10684 5392 -4757 23682 488 13 656 691 632 END
START 18144 9268 184 4662 -4136 22961 499 0 645 697 629 END
START 18136 10772 1456 3854 -3701 21279 499 0 656 696 629 END
START 7504 8444 7236 2259 -4252 18158 486 15 653 701 644 END
START 14868 12276 4572 1584 -2936 14912 495 1 649 696 630 END
START 18480 15772 6168 1860 -363 13934 496 0 648 698 628 END
START 12464 13768 10848 -636 -513 13193 496 4 651 695 631 END
START 17416 15832 8244 -1779 -3616 8668 494 0 646 694 629 END
START 14408 13984 8812 -2179 -5794 5685 462 2 650 697 608 END
START 18000 15396 8256 -2824 -6019 4748 493 0 647 697 628 END
START 9564 14604 12128 -3069 -5589 3393 493 0 648 697 628 END
START 13096 16852 10676 -3791 -3400 2029 495 0 597 701 623 END
START 5572 14816 13092 -4316 -1653 1500 493 1 640 696 630 END
START 368 11152 15660 -4226 -739 618 495 0 649 695 625 END
START 13256 16988 9124 -3373 1689 1628 501 0 660 698 621 END
START 3588 13980 13092 -2672 831 2128 493 0 644 696 628 END
START 5664 16784 11696 -2131 -486 1854 524 48 653 677 631 END
START 13840 16952 9156 -2379 -1965 2177 488 2 654 694 629 END
START 3700 13644 14312 -2301 -1710 2367 498 0 648 695 625 END
START 10732 14892 10932 -1896 294 2485 484 26 647 714 630 END
START -972 11308 16620 -1537 1609 2885 494 2 646 696 628 END
START 2664 13128 14468 -1431 1451 2944 495 1 646 695 628 END
START 8672 14276 11396 -1728 -312 2618 500 8 649 688 631 END
START 14464 14480 7816 -1870 -2029 2248 496 3 645 694 628 END
START -1868 11656 17340 -1818 -3616 2818 500 0 644 695 629 END
START -2340 8260 17160 -1573 -6163 2938 500 0 643 694 630 END
START -5692 10444 20532 -1387 -6944 2378 496 6 644 696 628 END
START 14736 5660 7180 -1085 -5606 1483 503 0 645 697 617 END
START 8720 7588 12056 -913 -4717 1231 501 0 642 695 628 END
START 2916 8896 16928 -728 -4971 533 495 0 643 696 629 END
START 696 10416 19860 -571 -5410 -448 496 4 646 693 631 END
START 2808 12860 20856 82 -5028 -1576 496 0 640 695 629 END
START 7072 14528 19684 196 -5381 -3302 505 56 644 684 629 END
START 15604 15712 15956 184 -8296 -6608 496 3 639 694 628 END
START 10444 12652 17980 157 -8615 -11708 491 0 640 692 629 END
START 20164 10276 10680 -29 -5568 -16019 503 109 638 691 626 END
START 22756 8136 6368 -990 996 -20458 500 0 640 692 629 END
START 16728 10244 10836 -1467 4825 -22951 504 0 647 694 628 END
START 16264 8352 10076 -2116 7268 -25798 503 0 653 713 633 END
START 17036 6076 7220 -3591 7117 -31168 509 0 645 694 629 END
START 9680 6696 10508 -4496 7145 -32768 508 0 645 693 633 END
START 8552 4332 8020 -6937 10993 -32768 520 0 649 693 624 END
START -2408 980 9948 -8435 12363 -32768 511 0 644 693 629 END
START -8008 -7096 8248 -6251 6622 -32768 513 1 646 693 629 END
START -29136 -8188 17232 -3426 -5468 -25811 508 4 646 692 632 END
START -32768 -10656 23492 -7298 -20962 -24605 516 0 646 695 631 END
START -15972 -8524 1292 -7456 -24736 -25349 512 0 644 694 632 END
START 1216 -944 216 -2704 -7263 -14800 514 53 644 679 630 END
START 4216 5636 2168 82 12102 -7360 514 1 640 695 631 END
START -1344 8436 4592 1551 14382 -2809 512 0 638 693 631 END
START -1416 10092 6012 1642 9319 -1961 553 13 622 693 622 END
START 4516 10948 5084 1129 2319 -2411 512 1 641 691 634 END
START 6272 10624 4948 269 1188 -1682 521 47 611 690 632 END
START -696 11908 11616 -1463 1852 -1240 513 0 640 687 612 END
START -6564 6564 13528 -1949 1607 -953 504 0 640 692 630 END
START -1208 4192 8396 -1956 -462 -1088 519 76 628 694 637 END
START 4756 2384 4652 -1437 -2507 -1197 514 0 641 692 632 END
START -6384 3568 11288 -736 -3002 -855 514 0 642 692 632 END
START -4520 3916 10780 -63 -1078 -63 516 0 640 690 632 END
START -4980 3404 9800 -40 1429 368 518 0 639 691 632 END
START 9776 2020 1664 -270 -189 690 512 13 645 696 632 END
START -29172 8796 29648 -421 -4129 1268 511 0 641 691 632 END
START 8920 3100 3204 -114 252 429 505 0 646 675 598 END
START -25196 10780 27544 -601 -1787 1433 518 0 641 692 631 END
START 1448 4512 7464 -876 -2403 702 518 2 641 691 632 END
START -22632 10448 23852 -1584 -4049 661 514 0 641 691 647 END
START -7268 4744 11880 -2093 -4643 -172 515 0 641 692 632 END
START -11436 4868 14532 -2617 -2409 -897 518 73 642 680 620 END