START -6596 -4836 12856 -907 -407 -24 564 70 570 572 591 END
START -6656 -4824 12732 -892 -416 -5 558 1 561 603 586 END
START -6536 -4768 12748 -821 -412 16 595 16 559 606 572 END
START -6684 -4848 13044 -909 -557 37 554 0 561 602 586 END
START -6264 -4028 12948 -491 -146 -31 550 6 565 609 586 END
START -6540 -4940 11184 -584 37 -160 555 3 560 603 587 END
START -7652 -5284 11460 -1192 -590 171 559 0 558 603 586 END
START -6932 -5048 10472 -898 -175 193 556 0 561 619 589 END
START -6672 -4284 10324 -554 177 218 558 0 559 602 587 END
START -8592 -1044 14400 -507 27 643 565 27 518 577 586 END
START -4292 -3228 13172 -681 34 748 553 3 561 602 586 END
START -9444 -6588 16252 -1146 -372 -337 564 142 566 606 585 END
START -6964 -1592 11572 -419 493 643 556 0 535 603 588 END
START -12196 -6544 16804 -1136 -1377 -210 556 0 558 601 586 END
START -1396 -5344 10252 -1124 74 565 560 0 566 598 582 END
START -6360 -2216 10096 -581 -223 187 556 0 562 601 587 END
START -6112 -7300 13232 -1180 -649 -603 557 0 563 603 587 END
START -3276 -7472 14172 -1580 -19 -330 559 0 558 604 584 END
START -6308 -5860 17168 -1775 727 465 556 0 558 603 586 END
START -3408 -1360 15368 -1957 1718 620 566 0 590 607 549 END
START -5328 1348 13132 -1847 2826 -324 558 0 561 604 585 END
START -4132 -2820 14276 -1838 3497 -1041 551 0 562 604 588 END
START -3100 -2656 14880 -1600 5480 -1700 552 11 525 615 604 END
START -3476 -2848 13348 -1192 9172 -1824 559 0 563 608 589 END
START -3280 -2008 13092 -580 12983 -2498 552 0 565 612 585 END
START -3360 -3804 13172 -244 15343 -3166 562 0 567 606 608 END
START -3216 -3296 13260 214 14904 -3643 554 0 565 614 594 END
START -5428 -2188 14260 461 16281 -4236 556 0 567 617 594 END
START -6632 -4324 14304 1777 15540 -3166 552 0 570 620 596 END
START -7840 -4268 12784 3367 11182 -3220 551 0 568 620 597 END
START -27036 -1120 25300 4189 4200 -5293 556 1 569 622 596 END
START -23076 -2488 21828 5149 -2546 -7471 556 5 575 609 592 END
START -21416 -980 22348 6149 -3479 -7317 555 0 576 628 598 END
START 568 -2468 10340 6201 -4356 -6279 554 0 577 630 599 END
START 1916 -3152 8800 7149 -4011 -5317 554 0 583 638 598 END
START -20448 -7840 21024 8876 -6027 -4154 553 0 588 644 600 END
START -28928 -11368 26144 10312 -9555 -3109 555 18 627 651 626 END
START -28040 -12912 21644 11227 -9113 -2847 558 30 615 659 605 END
START -18256 -11956 14844 13569 -5911 -115 555 3 620 664 604 END
START -32768 -4640 24828 15075 -5621 4933 550 0 632 670 608 END
START -3980 -7644 9052 15503 -1026 9932 549 0 636 664 613 END
START -6588 -8244 7644 14987 -279 12202 538 0 647 681 609 END
START -11192 -9800 10124 14824 -1775 13688 535 0 653 684 615 END
START -21748 -8324 17340 14660 -2345 16577 513 85 659 703 614 END
START -22224 -6748 14288 14232 217 19241 524 9 664 691 619 END
START -27032 -6260 18064 14019 -758 21680 521 0 665 694 622 END
START -3436 -3852 -888 13165 -2551 23821 521 37 704 693 622 END
START -23156 2308 14160 12418 -6917 25232 519 5 664 691 624 END
START -9700 3424 9748 11684 -2370 26384 517 0 669 695 623 END
START -308 -1524 2956 10738 -1601 28610 516 0 670 694 624 END
START 2060 -596 2236 10147 -3259 30384 516 0 685 696 626 END
START -31216 -1908 23036 9700 -5943 31276 518 1 672 697 627 END
START -768 -7344 1632 9703 -6403 30642 503 28 673 706 626 END
START -5160 -6432 5612 9457 -6274 30158 503 0 672 697 626 END
START 14828 -6316 -7028 8916 -6363 29483 515 0 671 697 627 END
START -14144 -2172 12980 8793 -6873 28448 515 28 673 688 630 END
START 5048 -592 3584 8969 -4336 26391 516 0 671 695 629 END
START 4044 160 5072 8210 -595 25967 515 0 669 697 629 END
START -4132 -720 10600 7247 -353 24644 500 0 674 701 634 END
START -640 -800 8772 6395 -701 23460 514 0 668 697 629 END
START 1900 -368 8324 5282 -3010 22920 524 29 675 694 633 END
START 7856 -628 3788 4407 -7569 21494 515 0 671 696 629 END
START 13224 -568 -808 3747 -10725 19988 516 0 670 696 631 END
START -4012 1400 11948 3491 -12676 17312 495 0 678 699 619 END
START 4896 3448 8388 4190 -8661 15266 514 0 668 695 625 END
START 1328 4128 10628 3124 -4662 13823 519 12 666 696 629 END
START 452 4284 10692 2583 -1657 12401 515 0 671 697 628 END
START 4124 3724 9228 1466 -2412 10244 513 1 668 696 630 END
START 11640 3836 6484 379 -3613 8563 523 77 669 688 635 END
START 17872 3924 3416 -533 -4547 6429 520 0 668 697 629 END
START 18076 5504 4412 -1189 -5335 4809 519 19 727 698 632 END
START 16844 4212 3572 -1706 -3994 3105 516 0 667 696 634 END
START 19352 5224 2940 -2382 -726 2104 515 0 667 697 630 END
START 13952 6424 5964 -2801 1718 1912 519 0 682 706 632 END
START 5212 7596 10560 -2756 1242 2078 516 0 666 697 630 END
START -3008 10732 16740 -2906 -1308 2429 524 80 677 701 628 END
START 11020 6568 7008 -2723 -2774 1800 516 0 667 697 630 END
START 5456 7932 11056 -2570 -3888 1780 516 0 666 697 630 END
START -520 9000 15544 -2060 -2349 2179 488 88 667 718 636 END
START 13676 5100 5292 -2027 46 2020 512 0 663 695 629 END
START -3656 12336 17516 -1819 -897 3421 518 0 664 697 632 END
START 820 8208 14060 -1824 -1095 3180 508 3 658 693 631 END
START -4496 9408 18656 -1780 -2641 3728 514 0 662 696 631 END
START -7300 10456 20876 -1270 -2922 3905 509 27 636 692 634 END
START 11976 6348 7216 -714 -430 2865 518 0 663 698 628 END
START 6188 7380 11476 -873 -3000 3347 514 0 660 696 629 END
START 560 9092 16740 -1164 -4724 3167 518 0 666 692 634 END
START -2020 9940 20224 -1139 -6703 2501 515 3 661 694 630 END
START -980 10992 20792 -833 -7322 814 525 0 657 742 629 END
START 4484 12620 19940 -658 -9045 -1317 514 0 654 695 631 END
START 16860 8316 13752 -1276 -8573 -5789 517 0 645 694 628 END
START 32767 6260 1920 -1036 -6774 -11262 498 26 634 698 632 END
START 32767 5712 8256 -1346 -4243 -19377 514 0 646 693 623 END
START 32767 7024 7924 -2436 -1233 -25568 515 0 648 693 629 END
START 32767 3596 6632 -3960 4654 -32768 548 20 662 695 651 END
START 30872 1896 4364 -5306 12214 -32768 520 0 651 693 631 END
START 20156 724 5848 -5038 19237 -32768 522 0 657 694 632 END
START 6172 600 8860 -4396 25331 -32768 533 73 686 697 635 END
START -15824 -9008 6224 -3285 16600 -32768 529 0 664 697 633 END
START -32768 -15908 2960 -2619 -12048 -20981 531 1 664 697 634 END
START -29572 -7796 -2504 -7459 -32768 -27168 491 17 679 700 629 END
START -30484 -844 18000 -5249 -12674 -21370 529 13 651 700 633 END
START -3928 1684 3400 -2183 18698 -9824 534 0 666 697 634 END
START -5884 2728 5724 2092 17163 -1271 530 0 669 696 635 END
START -9456 10404 11084 2369 -105 -1810 516 22 594 700 639 END
START -22164 11596 25552 2239 -8920 -4492 531 0 666 696 635 END
START 17168 9604 -424 1967 -504 -4868 531 4 666 696 635 END
START 10684 7368 832 484 6336 -2379 533 2 665 696 638 END
START 5620 4048 1664 -949 4043 -2450 531 0 666 696 638 END
START -23208 8536 22180 -2372 -1109 -2690 530 16 692 690 636 END
START -10644 6020 11568 -1998 -3218 -3207 531 0 666 698 635 END
START -7936 8536 12380 -1710 -4402 -3318 532 1 666 696 635 END
START 12968 8380 -860 -1024 2928 -3007 529 0 672 695 635 END
START 10972 7748 -844 -120 5469 -2164 529 0 665 695 636 END
START 11800 7208 -2448 706 5706 -1977 527 5 664 695 636 END
START 13336 7976 -3708 1223 4565 -1712 528 0 663 697 637 END
START 14932 8812 -4660 1073 2743 -1328 530 0 664 695 632 END
START 16556 8752 -5568 713 1785 -1319 543 9 662 713 634 END
START 16188 8848 -5284 335 2453 -1081 535 0 662 695 635 END
START 14756 9104 -4988 72 3397 -716 531 3 659 693 635 END