START -13180 -416 10064 3444 -1128 16355 546 0 639 674 609 END
START -12696 -672 9800 3458 -1076 16547 551 1 638 677 610 END
START -10276 -476 8232 3457 -143 16746 546 15 640 677 617 END
START -8856 1116 8896 3027 1290 17645 546 0 640 676 608 END
START -8436 3440 10048 2729 3100 19610 543 30 667 679 620 END
START -9988 2408 8756 2414 2863 21218 561 1 643 677 613 END
START -10460 2100 8940 1544 -271 21049 544 0 640 677 612 END
START -6868 4320 7868 1637 -1676 20836 543 15 675 678 623 END
START -3768 4032 7616 1804 -1725 20897 541 0 635 677 613 END
START -6820 6768 13588 1545 -1424 21487 541 0 639 677 613 END
START -5788 2960 12352 1413 646 22677 538 0 635 677 616 END
START -6168 1548 11316 1837 -179 22402 538 0 632 676 612 END
START -6784 4024 12012 1932 -1533 23183 509 0 635 679 613 END
START -9880 2916 14276 2165 -1855 21477 531 0 625 674 612 END
START 2676 1064 9096 1661 -1325 21588 530 0 626 676 613 END
START -1720 9740 13808 2183 -188 21950 531 0 629 682 617 END
START -2060 4256 9752 2485 792 20685 530 2 625 675 614 END
START -2932 1820 10984 1833 589 20886 603 23 666 679 617 END
START -1364 1008 11452 1926 1157 21621 520 0 626 675 613 END
START -5020 3848 14344 1116 -1112 21473 525 0 626 671 613 END
START -1472 6296 11152 509 -3057 21290 531 0 643 685 616 END
START 444 5956 11544 240 -4294 20642 525 0 633 678 614 END
START 5028 10960 8036 383 -3583 19772 502 19 618 677 610 END
START 10544 13028 11288 -26 -2768 17891 520 0 641 685 614 END
START 7240 13532 13012 664 -933 16034 517 0 646 683 616 END
START 5888 12716 11848 75 1503 14343 521 0 638 685 609 END
START 7732 11484 10068 910 5100 12696 516 0 651 684 620 END
START 12012 8268 7584 1090 4403 9769 469 16 623 688 613 END
START 14184 6668 6600 942 766 6278 520 2 658 689 619 END
START 7176 5092 10304 -713 -2666 4399 511 7 660 689 620 END
START 11888 4204 7312 -1796 -2813 3685 510 0 662 692 627 END
START 12796 4076 6804 -2198 -2600 1778 513 0 663 691 621 END
START 9016 4316 7756 -2076 -2117 673 512 100 667 683 624 END
START 12308 5084 6388 -2523 -2075 -214 511 0 664 690 621 END
START 11804 5632 6468 -2734 -1085 -508 508 0 665 692 621 END
START 6624 7184 9500 -2873 -149 -516 506 9 667 692 624 END
START 440 9004 13400 -2869 -439 313 507 0 666 693 622 END
START 6812 16072 10644 -2909 380 1112 503 16 632 693 629 END
START -3800 12884 16920 -2906 -501 752 508 0 667 692 624 END
START 2188 14560 14184 -2763 -1467 872 511 45 665 696 623 END
START 7144 16404 11852 -2513 -2361 1253 504 0 679 694 617 END
START 1020 12992 14408 -2218 -2577 1198 506 0 667 693 622 END
START 7400 15828 12152 -2249 -2101 1437 581 13 654 706 625 END
START -60 11936 15248 -2124 -2136 1635 504 0 668 691 621 END
START 3404 13480 13408 -1815 -2067 2238 503 0 665 693 621 END
START -6188 10660 19064 -1584 -3706 2131 495 5 662 694 608 END
START 4096 7068 11036 -1252 -4458 1912 502 3 664 695 622 END
START -1908 8924 16016 -862 -5412 2150 504 1 663 692 623 END
START -4936 11156 18368 -765 -4724 2237 500 0 660 694 620 END
START 7504 6860 9056 -891 -3648 2082 503 0 663 695 622 END
START -192 12780 14632 -800 -4101 2743 503 34 650 695 639 END
START -5104 10072 17100 -1054 -4118 3050 499 0 661 695 624 END
START 9856 6632 7124 -1265 -4347 2668 502 3 659 693 622 END
START 4644 7412 10676 -1596 -5865 2956 502 19 669 690 617 END
START -836 8972 16040 -1678 -6358 2466 501 6 658 692 623 END
START -1816 10208 19744 -1599 -7360 1315 503 4 657 694 621 END
START 18272 6124 9816 -1033 -5686 -1285 503 2 657 690 624 END
START 27768 3660 7472 -343 -4860 -5397 503 8 658 694 623 END
START 32767 3264 9524 473 -6085 -11914 508 11 628 685 624 END
START 32767 8680 14892 927 -9368 -19752 503 0 657 693 623 END
START 32767 7540 13592 -175 -11844 -28010 505 0 659 693 623 END
START 32767 5260 12184 -1365 -7387 -32768 509 78 665 674 629 END
START 32767 4372 5352 -2757 9022 -32768 511 3 659 692 621 END
START 23116 -2064 7264 -3398 21026 -32768 513 0 663 694 625 END
START 1688 -5636 6928 -1034 23238 -32768 548 10 663 689 627 END
START -9068 -11608 304 1060 15644 -32768 515 7 660 693 629 END
START -32768 -12100 12548 528 -522 -30350 516 0 663 695 625 END
START -32768 -6816 4692 -817 -15108 -32768 528 54 666 690 626 END
START -4552 -1640 -6596 -267 -13203 -32768 519 0 660 698 628 END
START -32768 5796 17488 -465 -4400 -22949 520 5 662 695 629 END
START -7192 -1896 1208 472 6463 -15973 518 0 661 694 628 END
START -19348 -1128 9340 1417 3613 -10250 521 0 657 696 626 END
START -19104 1336 7608 896 -2489 -6969 519 0 657 692 627 END
START -17784 3216 8788 470 -5531 -4028 521 0 658 693 626 END
START -3660 4532 4160 -393 -1401 -3293 519 0 658 694 628 END
START 2768 5168 1724 -708 5938 -1489 520 0 657 692 626 END
START 1900 3764 1876 -1046 7237 811 561 35 639 675 628 END
START 2964 3848 2164 -1476 4033 544 520 0 656 693 627 END
START -17432 7448 19652 -2003 -1440 883 484 21 673 684 629 END
START 2524 5360 4524 -1427 -1702 317 520 0 656 694 628 END
START 3228 5112 3732 -970 866 315 522 0 660 692 626 END
START -3156 4100 8408 -1363 610 1189 517 1 654 690 627 END
START -12076 4948 15520 -918 1687 1166 526 0 654 691 627 END
START -356 3492 3644 120 1535 950 515 0 652 700 629 END
START -13840 6128 17244 -294 -3169 1580 519 0 655 695 627 END
START 800 3512 6112 234 -2043 847 528 0 674 696 632 END
START -12340 6320 18376 -373 -2457 1299 521 0 653 690 627 END
START -7200 5636 13568 -55 1845 837 611 1 654 690 626 END
START -2564 5276 9048 -574 1305 770 522 1 655 695 627 END
START -20112 8212 21288 -1038 -2285 1200 521 0 653 690 627 END
START 5480 3456 2104 -487 -473 -220 522 4 654 686 624 END
START 10484 3136 -968 -881 -1472 -38 522 0 652 691 627 END
START -22684 8584 23580 -1015 -1715 289 470 8 644 714 629 END
START 14100 3304 -4360 -984 1873 -173 522 0 655 691 628 END
START 13460 2620 -4252 -1099 1391 64 521 0 652 689 627 END
START -30704 8180 27864 -1315 -2055 704 524 3 651 691 624 END
START 13920 2264 -3484 -867 930 299 521 0 651 690 627 END
START -30624 9620 28872 -1037 -2433 1024 530 4 630 695 621 END
START 9296 4272 476 -626 2591 303 522 0 649 691 627 END
START -31304 10304 29332 -1448 -4650 1625 529 9 657 694 630 END
START 1640 3772 5096 -946 224 378 518 13 651 689 627 END
START -27664 9716 27204 -1309 -5236 1504 519 0 647 689 626 END
START -1304 5256 8820 -1032 325 232 553 17 654 690 630 END
START -6552 5576 11636 -1163 -2029 989 521 0 645 689 626 END
START -7484 5588 11952 -1135 -472 357 520 44 647 693 642 END
START -8248 5312 11928 -1249 760 -13 516 0 643 688 625 END
START -10444 4928 13232 -1483 -1549 391 521 0 645 687 624 END
START 15300 1796 -5712 -1092 959 -368 531 12 675 689 631 END
START 16956 2416 -6448 -987 2607 -314 524 7 643 687 626 END
START 17384 2128 -7288 -948 3952 -10 534 11 652 703 626 END
START 17808 1864 -6844 -647 4468 219 522 0 645 684 625 END
START -18252 6344 19044 -1129 3017 1006 524 0 642 683 625 END
START 15988 1616 -6552 -684 3416 917 526 5 634 683 626 END
START 16504 2332 -6336 -657 1647 1534 535 5 630 680 623 END
START 17968 2988 -6432 -490 167 2103 515 88 627 636 623 END
START 19012 3152 -6428 -798 -538 1971 537 0 620 667 620 END
START 17840 3076 -5980 -782 -944 1744 537 0 615 660 618 END
START 19200 3556 -6216 -975 -1098 1063 545 3 612 656 617 END
START 17244 3584 -5440 -964 1299 972 537 0 605 651 615 END
START 15524 3924 -3980 -1497 -254 1169 546 38 629 652 621 END