START -7448 -2920 10640 1006 792 -118 614 0 578 625 609 END
START -8256 -3392 10336 1727 1492 -195 614 0 579 632 612 END
START -9736 -3164 13172 2953 3704 -491 613 0 576 630 610 END
START -5696 -3920 7972 4146 6576 -800 611 12 622 623 611 END
START -9728 1212 14468 3079 3224 -3048 614 8 577 631 611 END
START -11372 -2844 14620 1533 1872 -1033 563 6 578 628 615 END
START -9204 -3376 14336 1122 3698 192 616 0 574 630 609 END
START -23852 -7000 21596 1071 3396 1342 615 0 576 630 610 END
START -10764 -3960 15276 -10 2960 878 618 0 573 634 564 END
START -16596 -4984 17256 -1968 -5643 -814 610 3 577 631 610 END
START -16320 700 19068 -3236 -11473 -9886 613 0 577 630 611 END
START -13480 -6224 17616 -5001 -24860 -17338 626 16 592 633 607 END
START 19020 -7072 9064 3184 -6484 -6865 614 0 575 630 610 END
START 4724 -396 13620 5232 12648 5867 614 5 579 630 609 END
START -8468 -8600 18468 5421 14429 2466 614 49 589 622 612 END
START -4776 -4792 16812 5697 11994 -2010 617 3 581 633 610 END
START -2220 1400 12868 6919 13339 -2548 615 8 582 631 610 END
START -12436 6772 12696 6894 6885 -1071 653 26 567 622 613 END
START -15208 7356 14656 6045 194 -2201 614 0 583 633 610 END
START -10140 4192 15536 4695 -4410 -4276 612 0 583 634 609 END
START -4580 2636 15028 3931 -4019 -4680 607 0 588 631 611 END
START -5904 96 18108 3577 -865 -4128 603 3 577 637 610 END
START -12796 -3928 22200 3713 3146 -3566 595 13 670 639 625 END
START -7020 -5564 16992 6140 11216 -821 574 5 595 639 609 END
START -14876 -7356 18968 9271 19368 4653 575 0 588 640 606 END
START -13864 -6284 8860 11693 25367 10128 541 19 597 645 652 END
START -31608 -1768 14152 14075 21920 13935 561 28 592 644 608 END
START -16288 2860 5496 13889 15768 14080 550 3 589 645 607 END
START -32768 -3088 14344 13413 6029 13581 550 0 590 647 606 END
START -25556 -6040 9300 13016 -648 15684 545 0 592 659 610 END
START -18092 -6908 1696 11871 -3380 18013 539 0 589 655 607 END
START -25608 -5044 4516 11896 -5164 19824 535 0 593 657 608 END
START -24392 4680 9524 11349 -5756 23509 525 27 568 666 615 END
START -10404 -340 1636 8970 -2692 26878 532 1 591 663 610 END
START -13656 -52 3360 7450 -2953 28978 527 0 600 665 610 END
START -17856 -1928 5248 5494 -3163 28530 521 13 602 666 612 END
START -6796 -4992 -4400 4908 1494 30336 519 7 606 669 612 END
START -28512 2280 9760 4177 -812 32767 520 0 607 670 613 END
START -29028 2048 10520 3587 -5675 32767 518 0 609 672 612 END
START -8624 4684 -808 2795 -7857 32767 516 0 610 673 615 END
START -11120 6276 5112 1790 -9419 32767 489 22 526 655 620 END
START 748 8784 2044 515 -7824 32767 512 4 612 676 617 END
START -14996 8536 10116 405 -9081 32767 511 0 615 675 615 END
START 8960 4996 -3292 -24 -8214 32767 501 0 622 673 618 END
START 14796 3828 -4928 -53 -8602 32222 511 0 620 677 618 END
START 19788 4540 -2932 -817 -7230 27723 538 20 590 679 617 END
START 2212 5720 9308 -1703 -5968 26410 510 3 620 683 619 END
START 9444 5432 2848 -3117 -4233 22814 508 1 628 680 618 END
START 15812 6180 1420 -4240 -4560 17937 509 0 636 677 639 END
START -3436 7768 17336 -4680 -6420 16168 505 0 634 683 621 END
START 14892 2748 2544 -5372 -9828 12132 504 0 638 684 622 END
START 8776 5100 5672 -5925 -12591 6845 517 9 644 679 647 END
START 8576 9336 7048 -6904 -11299 3197 504 0 641 686 622 END
START 10328 9148 5988 -7179 -6289 1674 509 0 646 689 623 END
START 1772 9736 10000 -7739 -1805 1865 511 0 644 685 623 END
START -2748 12604 13428 -7887 -953 931 508 0 644 688 623 END
START -1208 14084 13080 -7911 -264 759 504 0 651 685 627 END
START 3068 15808 11512 -7446 -262 1395 508 0 644 692 623 END
START -7420 13072 20220 -6436 -2977 1600 506 0 645 689 622 END
START -4444 14032 20256 -5301 -5308 1966 505 0 633 690 629 END
START 932 10260 18208 -3961 -7175 1099 504 0 646 690 627 END
START 2368 11892 20912 -2604 -9448 -363 503 0 647 691 625 END
START 14660 9896 14996 -1350 -7894 -1402 502 0 644 689 623 END
START 20852 7908 10784 -410 -5983 -3328 503 0 643 689 624 END
START 18948 9400 11824 326 -6444 -5884 511 17 648 630 627 END
START 20840 7916 10000 784 -8625 -8672 504 0 647 690 624 END
START 22116 9688 9056 731 -10413 -11623 504 0 644 690 625 END
START 21568 8392 8136 514 -10569 -14551 510 0 644 690 591 END
START 20612 10140 8812 120 -8408 -17955 504 0 646 689 625 END
START 21484 8700 5492 -608 -3960 -21372 506 0 647 688 624 END
START 18492 9952 6100 -1503 2214 -24554 511 8 646 686 620 END
START 17368 7124 2772 -2239 8219 -26829 510 0 645 689 624 END
START 8416 5940 5796 -3192 9574 -28737 519 0 647 690 625 END
START -3648 4404 11936 -2952 4862 -27489 512 0 647 690 626 END
START 4756 -1788 152 -3158 -317 -28274 512 6 647 691 626 END
START 2312 -2208 2132 -3630 -512 -30520 497 18 653 696 604 END
START 6464 -4148 -664 -4069 7113 -28560 512 0 651 691 626 END
START -20888 -4428 12064 -3262 10887 -21844 515 3 649 692 625 END
START -27800 -4784 10692 -2317 2940 -17985 525 0 655 673 625 END
START -10892 -3260 -2664 -1869 -12501 -19235 518 1 650 690 627 END
START -8488 7720 5832 -3095 -13272 -16171 513 0 648 692 625 END
START 6304 3428 -1904 -2736 -3829 -9994 515 0 649 689 626 END
START -29156 3448 22676 -1823 3250 -4849 513 13 644 692 629 END
START -788 1764 3348 -826 7730 -4627 518 0 647 691 626 END
START -27088 8392 23412 -567 1881 -2722 521 2 641 689 625 END
START 100 4772 2532 -98 -2611 -2683 505 2 645 690 627 END
START -11292 6428 13780 -384 -4993 -2359 516 5 645 693 627 END
START 1080 6776 4676 501 -342 -2591 538 21 673 683 650 END
START -7720 8796 11360 732 3201 -1838 517 0 645 690 627 END
START -16224 8912 15984 1012 2317 -1964 525 0 617 691 631 END
START -20444 8212 17532 1330 -90 -2123 514 0 648 688 627 END
START 6592 7928 -1944 1700 -220 -1914 518 0 642 689 626 END
START 8860 8756 -2940 1771 1237 -1288 550 63 660 694 639 END
START 9316 9488 -2972 1570 3603 -888 519 0 646 689 626 END
START 8516 10616 -2184 1591 4465 -979 475 29 642 733 626 END
START 5192 10448 -1036 1581 2869 -180 519 0 646 687 627 END
START 2320 10580 424 1474 -632 -322 520 0 645 689 624 END
START -820 8912 3536 1250 -1021 -1241 534 2 644 679 629 END
START 3644 10252 1980 567 2240 -1342 520 0 644 690 628 END
START 3544 9812 1340 171 2126 -1002 544 13 641 704 623 END
START 4952 8544 -332 101 -97 -1612 515 6 642 688 626 END
START -24088 7984 19632 -111 -3570 -1368 523 120 650 669 608 END
START 9324 7760 -3344 300 1120 -1727 518 1 627 690 628 END
START 11156 8408 -3892 361 2207 -1956 519 0 642 690 627 END
START 11420 8264 -4320 348 3734 -1844 513 24 650 693 632 END
START 10236 8144 -4576 275 4058 -1682 519 2 641 689 626 END
START 9176 7844 -4408 220 1761 -1420 522 12 620 685 629 END
START 10688 8256 -4932 147 286 -1695 520 2 644 688 626 END
START 12044 8604 -5148 70 -174 -1495 519 0 643 689 627 END
START -22832 8956 19160 6 -977 -1001 528 0 644 687 627 END
START -21996 8648 18476 -33 -1653 -943 520 0 640 689 627 END
START -20372 8660 17184 89 -212 -1018 478 15 643 666 624 END
START 12192 9744 -5196 105 1717 -1281 519 0 643 691 628 END
START 11784 9948 -4720 107 2331 -1199 520 0 643 690 627 END
START 11660 10148 -4384 201 2413 -1375 526 0 635 688 628 END
START 11364 10228 -3828 274 3036 -1514 521 0 642 689 628 END
START 10180 10340 -3416 162 2199 -1059 534 15 609 683 631 END
START -24128 17208 24120 -273 -1784 -336 519 0 642 690 627 END
START -23100 17552 24460 -998 -919 -209 521 0 643 689 627 END
START 8232 14428 4976 -1060 2648 -181 522 0 651 672 632 END