START -9748 -6744 14492 5273 701 -8945 490 23 603 663 617 END
START -9508 -7248 14048 5960 2143 -9191 524 0 629 666 613 END
START -9980 -7468 13848 7984 6117 -8618 531 1 629 668 613 END
START -12076 -7556 13652 9601 9560 -6603 528 3 630 667 615 END
START -15924 -7860 14868 10885 11175 -4169 534 0 625 669 614 END
START -19152 -8140 14076 11355 10166 -3317 536 0 622 669 614 END
START -20936 -8560 15012 11546 6807 -2771 574 11 607 686 618 END
START -20256 -10144 14760 11442 2125 -853 535 0 623 670 614 END
START -18068 -8700 11660 11462 287 2650 535 3 625 669 614 END
START -17500 -8848 7328 12736 870 5058 540 0 621 653 597 END
START -14352 -5096 7040 12446 1781 7519 535 0 618 668 614 END
START -16024 -8488 12492 11290 1877 8402 537 0 616 668 615 END
START -13648 -992 7596 10002 3759 10971 536 3 565 669 611 END
START -3052 -9584 -404 8309 3966 11700 538 7 615 668 615 END
START -6796 -9848 3828 7250 2578 14835 546 17 632 667 615 END
START -7092 -512 4128 6323 2811 16879 529 0 613 668 613 END
START -11684 -3940 5500 5527 2471 17886 535 0 619 668 613 END
START -17260 -4460 9068 3801 1945 19729 521 0 628 655 581 END
START -19128 -7320 11544 2468 1095 20416 533 0 621 672 613 END
START -12972 -8152 7880 1494 -155 21310 529 6 624 671 614 END
START -11532 -7952 6944 637 -729 22980 534 41 634 631 612 END
START -13772 -7360 9660 207 270 24125 518 0 633 677 616 END
START -8276 -4920 6744 -1129 15 26031 477 7 631 681 618 END
START -1464 -4840 1964 -1974 -523 26996 506 5 638 680 618 END
START -16560 -5012 11332 -2328 -3207 26446 503 3 640 682 617 END
START -21144 -4048 14044 -1633 -7288 25056 503 12 635 682 619 END
START -672 -2444 1296 -913 -5550 23903 493 0 647 686 619 END
START -1948 2288 4260 -661 -3265 23631 491 0 643 685 622 END
START 1300 3660 2908 -999 -208 23680 498 0 644 672 624 END
START 3584 3080 1400 -1477 793 22946 489 2 643 687 622 END
START -8820 1336 10604 -1538 779 22975 489 0 637 686 621 END
START 4440 556 -1316 -1406 -1219 22659 485 0 642 686 623 END
START 6388 1596 -672 -1293 -5739 20968 485 0 641 687 621 END
START 10548 1804 -1644 -1062 -7540 20011 496 1 638 687 621 END
START -7304 7176 12608 -617 -8157 19927 483 0 646 687 623 END
START -5608 7460 12004 -418 -6760 20149 482 1 647 689 624 END
START -15936 12648 22884 -820 -6284 20494 488 39 650 702 627 END
START 20452 10528 -1840 -1429 -2045 19449 483 7 649 688 625 END
START -6272 8968 15560 -1537 -6498 18898 486 1 641 690 624 END
START -19568 7280 25348 -1601 -6680 18452 495 32 647 690 626 END
START 16612 1032 -1020 -1537 -3169 16663 487 0 654 691 626 END
START 8184 1608 5272 -1483 -5875 15682 487 3 650 694 627 END
START 13180 1020 2932 -726 -3519 16934 462 19 666 699 648 END
START -11232 2764 16904 -582 -4672 16524 478 0 657 693 627 END
START -7676 3000 11392 -777 -8523 14882 484 1 659 694 630 END
START -7724 2264 13108 -331 -9054 14752 470 73 677 701 629 END
START 5688 2644 4240 252 -6844 14998 481 2 661 696 628 END
START 1372 2720 7508 -69 -6431 13942 485 0 675 696 628 END
START 5844 1136 7924 -670 -5003 12787 485 0 661 695 626 END
START 14236 1152 3712 -1142 -4281 10880 483 0 660 696 627 END
START 3516 3600 12152 -1646 -4920 7660 491 89 637 699 619 END
START 8472 5012 11412 -2174 -4765 5948 485 0 661 696 628 END
START 14064 3640 7128 -3028 -5953 4185 487 0 660 696 629 END
START 6772 4764 12424 -3484 -6739 1249 485 0 659 696 626 END
START 15196 3796 9840 -3412 -2422 -2901 484 0 660 695 626 END
START 18440 4864 8332 -3236 5077 -3266 479 16 638 700 669 END
START 4468 4592 13112 -2770 6359 -2569 486 3 659 696 628 END
START 5948 4356 11804 -2706 2363 -4032 489 0 658 697 626 END
START 10028 3776 8308 -2333 -525 -4761 488 15 650 700 629 END
START 3364 4136 11060 -1605 -1461 -3374 486 0 660 696 623 END
START 7144 4656 7980 -1114 -2148 -1274 489 0 661 698 628 END
START -7384 5772 16596 -701 -2732 -1079 488 0 659 696 628 END
START -1500 5076 13616 -60 -2341 -360 491 0 662 697 628 END
START 5556 4460 9312 98 -1192 553 454 21 643 698 631 END
START 3752 6512 11132 -519 173 1234 491 0 660 696 628 END
START -2652 8164 16268 -823 -2573 2707 454 15 646 672 631 END
START -7836 9360 20284 -943 -2906 2709 491 0 660 697 628 END
START 13048 4520 6336 -876 -3892 2524 490 0 660 697 627 END
START 8644 5492 10044 -933 -4391 2335 494 6 653 697 625 END
START 2712 6924 14624 -995 -3562 2124 490 0 659 696 631 END
START -3096 8076 17932 -1199 -2889 2108 474 36 660 681 574 END
START -8136 8880 21424 -1163 -1950 1643 493 0 662 696 632 END
START 12988 3896 6228 -896 -1935 1016 492 0 660 697 627 END
START 7884 5316 10204 -918 -3912 788 526 17 654 701 630 END
START 1908 6852 14432 -982 -4535 828 492 0 658 696 630 END
START 2048 12088 15400 -1224 -4690 1247 462 10 647 696 629 END
START -8188 9012 22112 -1228 -3445 272 490 0 662 697 619 END
START -9028 9532 24124 -1012 -4390 -302 493 0 657 696 632 END
START 15648 5264 8836 -372 -3286 -1857 499 45 657 700 668 END
START 12196 7492 14524 50 -4818 -4052 492 7 655 696 629 END
START 8976 8968 19852 278 -9313 -6448 495 0 653 696 628 END
START 12208 9800 24280 1122 -14083 -11884 495 9 651 694 629 END
START 32767 4296 7844 1521 -14483 -20870 493 0 649 695 628 END
START 32767 1396 7896 -438 -12286 -32768 487 0 649 694 626 END
START 32767 2376 7752 -2206 -2055 -32768 495 11 649 694 630 END
START 32767 -1772 1168 -5340 17890 -32768 499 0 649 695 628 END
START 12628 -6652 4676 -6187 25482 -32768 501 0 652 696 629 END
START -308 -9908 4392 -4112 15657 -32768 497 5 650 696 607 END
START -13796 -12564 5836 -2759 3530 -32768 503 7 657 696 632 END
START -29636 -14176 14180 -1470 -5636 -32768 504 9 657 696 630 END
START -32768 -4344 19368 -3916 -7718 -32768 508 126 658 698 639 END
START -20160 -7112 -308 -3106 -6609 -25580 508 0 656 694 630 END
START -32768 -6748 21936 -245 -15375 -15791 504 0 651 694 631 END
START -19744 -5212 7676 2373 -6854 -11230 508 3 652 694 629 END
START -22264 5216 13492 4733 7130 -4611 513 0 649 705 631 END
START -18728 12184 15120 5198 15586 -1196 507 0 645 694 632 END
START 336 16008 4172 3417 10221 1155 507 1 650 692 631 END
START -4452 16456 8568 1737 3381 830 510 0 650 698 588 END
START -8212 18116 15248 151 -416 495 507 5 649 694 631 END
START -9476 17884 18184 -919 -1109 872 512 0 605 695 602 END
START -8068 16324 18172 -1810 -3 1330 504 0 648 693 631 END
START -7744 14952 16756 -1683 97 2171 512 1 648 693 629 END
START -5152 13504 14292 -1476 -1313 2120 510 0 648 694 627 END
START 2760 6004 6208 -1620 1344 2284 507 0 647 692 631 END
START 212 13440 9948 -1153 2227 2485 499 16 635 691 622 END
START 2852 12700 8316 -945 3059 2523 511 0 648 690 630 END
START 3900 13112 8508 -737 1952 2010 515 26 666 689 629 END
START 6176 12800 7936 -782 2169 1349 512 0 638 689 630 END
START 7240 12748 6576 -769 1159 1354 511 6 637 686 628 END
START -23656 13680 24380 -657 -949 766 503 0 634 685 628 END
START 7496 12824 5780 -1342 -21 406 511 3 632 683 626 END
START -25392 12584 23024 -1290 -2956 89 518 0 626 660 620 END
START 152 13664 9920 -2275 -1695 -438 511 0 622 679 625 END
START -6768 13576 12860 -2572 -2499 -753 513 0 618 674 624 END
START -14744 13460 17324 -3305 2725 -1790 513 0 605 670 621 END
START 20428 11552 -4568 -4285 4655 -2364 515 0 607 664 623 END
START -5736 9580 10264 -4892 2895 -2144 517 0 600 661 621 END
START -26276 8272 23840 -5418 1853 -1888 520 0 598 660 616 END
START -25960 9616 23140 -6163 1461 -2167 516 2 599 659 619 END
START -10888 3704 11476 -6622 3279 -2997 526 0 599 660 619 END