START 388 13572 7724 -1083 -4060 1677 600 0 542 583 584 END
START 396 13468 7724 -1106 -4535 1755 604 0 542 579 577 END
START 344 13428 7084 -1144 -5544 2193 601 0 541 582 584 END
START -272 13340 7260 -1103 -7073 2700 603 6 564 590 590 END
START -496 13980 6932 -909 -9082 3371 601 0 545 589 587 END
START -496 12312 7048 -1650 -12498 3287 616 0 550 593 581 END
START 1516 11728 8244 -2220 -13169 3710 592 0 557 598 595 END
START 2740 11388 7888 -1911 -11410 3979 595 0 564 606 597 END
START 3116 13756 7076 -741 -8102 3962 605 17 512 641 597 END
START 7308 14872 8556 -177 -5690 6117 597 6 582 625 605 END
START 1172 12116 8612 42 -4110 5513 598 0 590 633 607 END
START 9836 16984 5412 581 -3495 6633 601 0 596 643 613 END
START 12280 9916 348 592 -5625 5651 605 0 607 647 608 END
START -528 14736 12068 202 -6705 6757 595 0 618 655 614 END
START -2952 15380 10484 1015 -5520 5821 607 0 623 662 622 END
START 9916 11988 2576 1364 -3836 5506 610 13 632 671 644 END
START 7736 8548 5980 948 -3593 5411 612 0 641 671 627 END
START 3956 12896 9484 -80 -4443 5452 615 0 641 675 630 END
START 9064 18956 8692 -272 -1702 5087 614 29 645 678 634 END
START 4672 15648 6408 655 1578 5335 614 0 648 682 634 END
START 4244 12372 5012 1050 3104 4114 601 8 658 684 625 END
START 7876 9028 2316 -38 1883 3374 614 1 651 685 638 END
START 9132 7440 3900 -1881 1271 3840 584 2 663 692 663 END
START 7668 9348 5220 -2864 1559 4556 619 0 659 690 642 END
START 8292 16932 7112 -3395 2498 5013 605 22 647 703 646 END
START 7556 15804 8156 -3689 2117 4560 618 0 661 690 644 END
START 9756 18000 8624 -3966 1227 2862 615 1 662 692 643 END
START 4964 15376 8976 -3104 721 2032 619 4 687 694 645 END
START 11176 9340 3612 -2488 2186 1969 619 0 665 693 641 END
START 8972 7648 5296 -2310 2028 1406 658 20 672 685 653 END
START 3212 7140 9876 -2266 1082 1055 618 0 665 693 647 END
START 6236 6344 9332 -2467 898 957 627 84 665 694 646 END
START 5796 9992 11420 -2650 1811 1229 620 1 665 694 638 END
START 2140 12924 13996 -2261 1611 1356 620 1 661 694 647 END
START 1844 11460 13216 -1854 648 1460 615 7 663 681 652 END
START 1168 13472 12812 -1709 -200 1429 622 0 665 694 649 END
START 8328 16016 9904 -1505 -1243 981 629 7 669 696 642 END
START 12320 18456 9232 -1048 -359 955 619 0 664 695 645 END
START 8960 17820 9176 -455 -280 650 626 0 665 697 648 END
START 5456 12988 7504 360 49 -216 621 0 666 695 648 END
START 6316 8256 5744 288 1300 -830 622 0 665 694 646 END
START 1500 7748 8996 -730 -508 -314 621 0 666 695 648 END
START 14724 6724 2844 -1680 821 57 620 0 663 694 648 END
START 1900 13416 12424 -2118 6 1558 621 0 665 694 648 END
START 5844 15236 10064 -2166 1029 1792 621 0 663 697 647 END
START 11836 17388 7656 -2070 862 1419 615 5 598 695 630 END
START 13656 17920 9300 -1603 590 970 619 1 662 693 646 END
START 9724 17000 11804 -478 -1492 546 624 4 666 670 655 END
START 4312 15760 14964 575 -2750 -384 622 0 660 691 642 END
START 4452 14272 15124 1802 -1976 -1163 624 0 658 689 642 END
START 11588 12544 9968 2876 943 -2334 622 5 670 693 655 END
START 18004 9936 5592 4018 4554 -4234 620 3 656 688 639 END
START 15800 8624 6540 5105 7098 -5674 628 0 659 688 629 END
START 6696 8656 11316 6008 4979 -6044 619 0 652 686 632 END
START 3600 7824 13008 6009 -1089 -6985 619 1 653 686 634 END
START 8408 6888 8840 6316 -7951 -8848 616 2 653 686 636 END
START 12544 6952 4412 5759 -13910 -10388 620 0 653 691 632 END
START 10532 5928 3980 4792 -16771 -12393 571 20 622 676 633 END
START 5892 7324 5848 4382 -15801 -13969 621 0 655 687 633 END
START 4068 7392 5140 3935 -10872 -14298 621 1 652 682 633 END
START 3268 7336 4284 2589 -4380 -14804 593 72 662 698 631 END
START 2032 8108 3744 2131 360 -14040 625 0 658 690 633 END
START 10084 6004 1048 1313 1407 -13432 624 0 659 690 636 END
START -1824 7044 7868 1022 26 -14502 623 3 661 692 631 END
START 7200 8580 2396 409 -75 -15407 624 0 659 690 634 END
START -2096 5804 15580 -1757 -3164 -16203 652 0 666 695 642 END
START 4956 9548 3500 529 -578 -16255 625 1 662 692 635 END
START 1604 8484 4564 -439 2242 -18339 625 2 666 691 635 END
START 16 11996 4440 -4061 7651 -21681 629 4 664 692 634 END
START 2764 16276 6868 -816 15085 -21486 626 0 662 692 634 END
START 2464 13756 6708 -1859 17160 -22070 619 0 664 656 610 END
START -4680 10932 7908 -1569 12437 -23205 626 1 665 691 634 END
START -2116 7080 3836 -1286 9183 -27428 627 0 663 693 636 END
START -10324 8408 8612 -890 9358 -27602 609 21 671 673 639 END
START -4888 3900 2320 -225 14231 -25064 631 4 665 693 634 END
START -4856 44 -2896 -302 17629 -20791 625 0 664 691 630 END
START -5200 -2028 -10008 1836 15885 -17024 619 15 670 736 640 END
START -32768 2928 2104 3005 7095 -14348 626 0 664 693 633 END
START -32768 4616 3912 3819 8923 -10981 626 0 664 694 637 END
START 8908 7260 -21672 3374 13196 -6866 626 23 668 697 639 END
START 11524 10060 -20564 2922 12756 -3357 627 0 662 692 634 END
START -31404 21772 13632 1616 2916 -684 627 0 663 693 634 END
START -7500 20604 248 445 1510 -332 658 0 667 736 639 END
START -28984 23652 15584 -267 -2688 198 630 1 664 691 634 END
START 3996 21148 -5048 -1653 1460 367 632 11 639 689 635 END
START 7296 20308 -6676 -2625 3494 367 626 0 663 694 635 END
START 8516 19556 -6496 -2906 3878 500 626 0 664 692 635 END
START 9800 18216 -7580 -3192 3918 611 627 0 663 692 636 END
START 10260 17640 -7976 -2943 3694 857 626 0 662 692 635 END
START 9936 17368 -7852 -2599 3594 1044 653 20 638 699 630 END
START -8572 14824 3280 -2363 81 1640 625 1 662 683 636 END
START -2184 14088 -1200 -1915 3327 1748 628 0 663 692 633 END
START 4364 13180 -6260 -1780 -497 2251 627 0 661 687 640 END
START 9892 12952 -10428 -1744 -1627 2490 628 3 664 693 635 END
START -32768 14376 24608 -2012 -5155 2423 627 5 664 692 635 END
START 688 7356 -3688 -1918 97 1441 625 0 657 692 634 END
START -3452 7804 -828 -2479 -6763 2519 628 0 664 691 635 END
START -6992 8136 1852 -2812 -5070 2098 576 0 666 693 630 END
START -10212 8564 4160 -2946 -2487 1785 625 0 663 690 634 END
START 15820 5268 -14752 -2791 1135 1209 627 0 663 692 635 END
START 17296 5244 -15344 -2564 1735 977 625 0 636 692 637 END
START 18412 5188 -15888 -2417 1310 1026 624 0 659 691 635 END
START -30900 11172 17200 -2003 -2217 1288 633 0 663 697 636 END
START -5364 9996 -500 -1241 696 963 625 0 663 691 634 END
START -26980 10808 14480 -1541 -2213 1390 625 1 662 692 635 END
START -11164 10708 3448 -861 4271 901 630 53 634 692 614 END
START 13128 11168 -12496 -647 4804 897 624 1 660 692 634 END
START 13604 10940 -13216 -553 4499 1197 623 0 660 692 634 END
START 14168 10864 -13664 -607 1386 1759 625 0 662 694 630 END
START -32756 20408 20860 -995 -2105 2911 623 0 663 692 634 END
START -520 18132 -512 -1662 559 3385 628 0 659 692 634 END
START -31756 20316 19764 -1672 -131 3899 619 0 657 689 633 END
START -2016 18764 816 -2234 4159 4162 618 0 655 688 632 END
START -2896 18836 1884 -2198 3116 4527 628 19 674 689 653 END
START 4092 13588 -5276 -2360 2816 4910 615 2 640 678 625 END
START 4896 13544 -6592 -2521 1381 5721 613 0 625 670 621 END
START 5220 14008 -6668 -2174 -207 6850 613 0 608 655 615 END
START 6068 14152 -6500 -2042 -1644 7685 602 0 590 639 608 END
START -32768 13328 22608 -2904 -5545 7748 617 22 574 579 607 END
START 9860 7536 -9592 -2229 -770 6854 589 0 558 608 591 END