START 2316 13752 6348 -41 -6851 1676 603 0 564 609 592 END
START 2452 13864 6584 -70 -7181 1622 605 0 566 614 597 END
START 2660 14324 6544 -480 -7579 856 605 0 570 616 597 END
START 4060 14220 6352 -396 -7496 1033 604 4 572 624 597 END
START 4404 14760 5804 75 -5513 1988 604 0 577 625 598 END
START 3064 13792 4824 -48 -4959 1971 522 35 585 640 600 END
START 3264 12584 3692 -761 -5236 1797 604 0 585 634 603 END
START 3380 12816 3664 -862 -5067 1889 591 11 570 652 601 END
START 3116 15108 5444 -780 -4909 3178 607 0 598 644 602 END
START 6668 15028 7252 -1806 -4073 3515 606 0 602 649 605 END
START 2196 11844 6884 -1138 -2665 2645 608 16 593 646 614 END
START 7908 12140 5640 -1453 -265 4206 600 0 607 657 610 END
START 3660 15640 5136 -438 1592 3718 607 0 605 657 612 END
START 2356 10500 7428 -1701 408 3655 609 0 612 660 614 END
START 940 17444 9872 -2283 392 4715 607 1 619 662 616 END
START 1600 16668 6764 -1286 1548 3626 608 0 625 669 618 END
START 6204 11276 3660 -1640 1408 2462 609 0 628 670 619 END
START 4752 8676 5448 -2558 1158 2867 575 33 648 674 668 END
START 10156 9020 4048 -3283 3010 3332 613 0 635 674 625 END
START 2888 12960 8484 -3415 2648 4615 580 14 640 678 625 END
START 5036 16792 8972 -3516 1538 4114 611 9 641 681 628 END
START 8328 18668 7284 -3424 261 3333 615 0 644 682 632 END
START 2984 15512 8180 -2811 -724 1373 615 1 650 683 635 END
START 5332 12524 6780 -2224 932 1627 615 1 650 686 635 END
START 4180 8856 6672 -2314 2047 1734 623 0 662 690 599 END
START 4744 7940 8016 -2736 1229 1433 614 0 656 687 637 END
START 11052 7616 4824 -3200 1955 1212 588 0 651 694 638 END
START 7352 9744 7492 -3262 988 993 617 0 656 693 638 END
START 8028 17408 9480 -2990 928 1764 618 0 655 688 639 END
START 10432 19108 8308 -2147 1576 1115 621 4 656 690 641 END
START 4944 17312 9204 -1444 630 843 615 0 655 690 641 END
START -1052 15916 11640 -345 -241 -152 629 15 653 696 628 END
START 2824 13700 7996 -214 -374 -653 618 0 653 691 641 END
START 10696 10768 2236 5 1156 -1067 597 25 655 692 642 END
START 11104 9140 2140 -145 1041 -1047 617 0 655 690 643 END
START 3436 9260 7064 -447 -472 -767 618 0 656 688 642 END
START 10484 7656 4408 -1284 -887 -597 617 1 656 690 643 END
START 12016 8440 4508 -1476 -1187 -308 618 0 657 691 644 END
START 5532 10884 8924 -1534 -1283 -22 604 18 638 692 622 END
START 12120 8452 4120 -1670 -1670 138 618 0 657 691 644 END
START 5916 10660 8880 -1715 -3272 477 618 0 659 692 643 END
START 288 13200 13756 -1773 -4413 574 611 0 660 692 646 END
START 1396 14964 14524 -1629 -4918 318 619 2 662 692 643 END
START 8660 16640 11300 -1294 -5843 -318 620 42 663 692 622 END
START 3656 14436 14956 -947 -6092 -1047 617 2 658 692 643 END
START 11040 16956 10648 -807 -3510 -2211 618 0 659 693 644 END
START 7756 15528 12636 -439 1215 -3402 602 16 637 676 637 END
START 10876 16684 9716 413 7712 -4460 618 1 661 693 644 END
START 11620 18076 8000 1974 10244 -2671 663 6 658 693 643 END
START 388 16296 13212 2547 2561 -2881 619 0 660 672 642 END
START 8288 18500 10540 3247 -5001 -6151 619 0 659 693 641 END
START 11308 19104 10548 3815 -9902 -6726 635 16 649 682 643 END
START 9124 17552 10060 4359 -10251 -6794 621 0 660 693 640 END
START 3440 15268 9384 4244 -9790 -7932 621 3 659 693 639 END
START 9368 16816 4808 4098 -6743 -9090 578 0 662 696 643 END
START -796 14064 9368 4400 -3417 -9626 621 0 659 692 635 END
START 6104 15952 6340 4137 560 -10384 623 0 658 693 635 END
START 10288 17544 4988 4159 5598 -10465 622 0 657 692 639 END
START 11456 18280 3852 4581 8238 -10827 623 0 658 693 632 END
START 4324 17104 5144 4921 7448 -11689 641 18 658 693 604 END
START -7012 14680 9784 3974 6724 -13294 623 7 656 690 631 END
START 232 16480 4280 3247 8159 -14109 625 2 655 691 626 END
START 7724 18336 92 2420 12795 -14289 628 25 656 654 628 END
START 10728 19384 -460 1398 16370 -13786 625 0 654 690 627 END
START -148 16912 2940 173 16523 -13531 624 20 653 689 626 END
START -15928 14200 11524 -629 11637 -14251 625 0 650 688 627 END
START -7240 9612 4220 -1276 6829 -15602 625 0 652 690 629 END
START -16428 12692 10220 -1987 5693 -15777 624 0 655 691 628 END
START -7264 7364 1016 -2335 7412 -14747 629 11 659 726 631 END
START 280 6144 -4524 -1729 8972 -12165 628 0 659 691 631 END
START -24552 8360 10924 -1328 9774 -8758 617 0 656 690 630 END
START -20868 9284 6760 -460 6639 -6902 626 5 656 691 630 END
START -26884 10972 12056 -19 1146 -5619 625 0 657 691 630 END
START -30388 12564 14968 789 112 -4527 630 30 659 693 647 END
START 14388 10664 -15620 1403 1674 -3410 629 2 658 691 631 END
START -13404 18052 5264 1489 1271 -2069 629 0 657 691 632 END
START -7536 18068 1720 1056 -1919 -853 627 0 652 679 634 END
START -2904 17684 -972 589 -2335 -235 627 0 657 692 630 END
START 2368 16844 -4076 296 -794 -364 627 0 656 693 631 END
START 8388 15356 -7984 341 2782 -921 638 7 677 691 632 END
START 14188 13716 -12052 335 4500 -1115 627 0 657 691 632 END
START 19340 12232 -15156 372 1994 -733 614 7 656 696 637 END
START -27852 19884 18972 390 975 -675 622 0 657 692 631 END
START -20976 18360 13812 308 2480 -664 630 8 673 697 625 END
START -11108 16132 5732 187 1884 -647 627 1 658 691 620 END
START -464 14448 -2200 -40 3025 -628 628 0 657 693 631 END
START 9316 12496 -8976 -206 3967 -819 627 0 657 692 623 END
START 15488 11364 -13008 -344 3164 -520 626 0 657 690 631 END
START 18648 10652 -15000 -284 2519 -355 631 0 662 696 646 END
START -19052 16852 11940 -220 418 -121 624 0 657 690 637 END
START -10540 15764 5204 -339 -103 72 619 0 654 692 632 END
START 464 14360 -2456 -516 2463 -301 634 5 626 696 605 END
START -112 10704 -2400 -846 2818 -185 625 0 657 692 632 END
START -8808 11108 3560 -1103 2330 -132 629 34 655 691 633 END
START 19284 10712 -15372 -1054 3725 -441 625 2 661 692 631 END
START -23972 17844 15480 -972 1143 20 627 8 655 692 631 END
START -17180 17128 10860 -917 2014 -254 632 9 673 696 639 END
START -7808 15840 4060 -1007 -329 332 621 0 655 691 631 END
START 160 14640 -1612 -1014 1003 162 620 0 635 693 630 END
START 6952 13444 -6296 -1036 3839 -188 628 0 656 687 643 END
START 13384 12308 -10788 -993 3189 23 625 0 654 690 631 END
START 18124 11128 -14744 -943 3642 39 631 71 666 690 631 END
START 21428 10284 -17144 -923 2333 286 625 0 650 688 628 END
START -25604 19364 17240 -761 751 536 628 0 647 706 627 END
START -20120 18300 13484 -561 1342 560 623 4 649 687 627 END
START -14552 17096 9456 -594 23 947 624 4 648 686 626 END
START 16020 10564 -12368 -467 3011 329 621 0 644 686 575 END
START 12656 10524 -9856 -415 3410 520 623 0 645 683 624 END
START 8792 10768 -7428 -401 3647 726 659 7 647 679 626 END
START 3292 11148 -3688 -486 2525 922 622 1 643 682 625 END
START -576 11588 -628 -650 -204 1083 623 9 643 682 623 END
START -4188 12040 2072 -858 -2579 1257 621 8 644 681 622 END
START -8132 12324 4972 -744 -1071 1331 622 1 643 680 622 END
START -11472 12492 7380 -867 363 1210 622 18 646 680 627 END
START -14912 13028 10124 -907 1666 927 620 2 644 682 624 END
START 20824 12844 -14472 -1020 3296 1075 619 0 643 681 622 END
START 20932 12744 -14828 -1308 1946 1705 617 0 647 684 623 END
START -24860 20360 17968 -1985 -3390 2942 619 0 644 682 623 END
START -6836 22008 10532 -2874 1080 2783 620 0 647 683 622 END
START 17896 14404 -10152 -3100 1807 2702 617 0 641 683 623 END