START 1936 13336 8124 143 -503 -226 600 0 541 576 580 END
START 1828 13368 8256 171 -594 -204 623 20 534 567 586 END
START 1616 13300 8040 235 -865 -127 601 0 541 573 580 END
START 1728 13628 7732 379 -1120 34 637 0 547 556 585 END
START 1368 12576 7072 613 -1645 -308 603 0 545 580 579 END
START 264 11992 9140 -185 -2892 259 605 0 554 601 572 END
START -788 12056 11060 384 -2770 511 603 1 551 585 577 END
START 548 13448 10260 628 -3402 718 590 16 557 591 586 END
START 1452 11476 6380 949 -3686 149 600 0 566 597 585 END
START 332 15920 5868 699 -5466 943 604 0 571 612 587 END
START 4560 13792 5836 -69 -6860 1868 606 0 590 624 590 END
START -4408 13108 9748 954 -7443 929 606 10 598 636 594 END
START -664 12124 11516 183 -7052 2481 648 16 592 651 576 END
START 9084 17724 5132 956 -6720 3351 605 0 621 652 603 END
START -488 12756 8636 1551 -7098 1725 604 4 627 652 610 END
START -1128 10836 7896 345 -7690 2639 609 1 639 666 608 END
START -4948 14280 8608 -1193 -9328 3388 610 0 645 673 614 END
START 5184 13952 4380 -1594 -10508 4260 614 8 652 680 619 END
START 9268 19632 6080 -1577 -7606 5202 611 0 654 679 620 END
START 5356 19288 7024 -1001 -5112 5367 577 16 647 684 618 END
START 136 15748 6484 -1066 -2986 4648 612 1 657 687 626 END
START 4920 11984 1424 -1530 218 4715 616 1 658 686 630 END
START 5596 8656 756 -2398 586 6122 620 75 664 655 668 END
START 7816 7484 3384 -4021 -1475 7148 615 0 661 688 633 END
START 5832 9880 6552 -4864 -1423 7849 627 21 667 679 627 END
START 7036 9324 6964 -5450 -1809 7880 609 0 663 690 637 END
START 2704 12384 10768 -5540 -2046 8012 618 0 662 691 637 END
START 8552 15820 8836 -5394 -412 6995 615 0 663 693 639 END
START 12248 17612 8416 -4774 2011 6124 616 0 665 691 637 END
START 7572 15936 9476 -4025 3492 5628 622 0 629 713 634 END
START 3064 14160 11576 -2900 3598 4115 618 2 666 694 639 END
START 3076 15260 11700 -1981 3335 2872 617 1 665 692 639 END
START 3588 13268 10360 -1331 3133 1873 616 0 665 691 642 END
START 10912 10632 4904 -981 3481 856 619 0 663 693 639 END
START 11768 8540 4112 -895 3686 56 605 20 658 704 644 END
START 7856 6648 8464 -1370 2540 176 619 0 667 694 640 END
START 12856 6584 5616 -1648 3041 444 608 0 668 694 657 END
START 10576 8164 7204 -1666 511 611 617 0 664 697 640 END
START 5732 15184 11672 -1594 -798 456 639 0 667 694 641 END
START 12604 17700 9576 -1319 -471 -68 610 3 668 696 641 END
START 13828 18140 9612 -790 453 -713 621 1 667 694 641 END
START 8612 16844 11560 572 540 -1746 623 11 670 688 630 END
START 2572 15972 14660 1700 792 -2689 619 1 666 693 638 END
START 2916 14136 13732 2603 687 -3562 625 0 673 672 638 END
START 10508 11568 8432 3405 888 -4738 619 0 665 693 640 END
START 15308 9580 4344 4069 2175 -5852 620 0 665 693 639 END
START 10744 8252 5780 4878 2594 -5659 621 1 666 694 639 END
START 2844 8736 10152 5234 1150 -5673 620 0 666 693 637 END
START -1552 8664 12664 5254 -611 -5799 626 0 662 698 602 END
START 1536 7908 10776 5517 -2319 -6297 620 3 668 694 636 END
START 8276 7160 6092 5952 -3284 -6787 618 0 666 695 635 END
START 10864 7340 3572 6265 -2794 -6901 622 0 665 692 635 END
START 6532 9488 5752 6688 -2224 -7042 619 3 665 694 635 END
START 192 12148 9680 6843 -1269 -7021 601 14 665 696 637 END
START 8568 9512 2816 7127 157 -6645 621 0 666 693 634 END
START 16 15912 7408 7209 -465 -4909 622 66 665 688 633 END
START 5928 17984 4756 7061 -2952 -4944 621 0 664 690 623 END
START 11256 19520 2868 6414 -7138 -6962 619 0 664 693 628 END
START 6696 18260 5772 5473 -8457 -8772 620 12 670 687 634 END
START 13484 20312 2836 4643 -5289 -9628 621 1 664 687 629 END
START 9780 18524 2512 3303 -176 -10571 620 0 664 693 629 END
START 14392 19992 144 2649 6653 -10714 606 6 663 692 630 END
START 13056 20716 1136 1988 10800 -11603 620 0 662 692 625 END
START 9720 19468 2188 933 11154 -12499 582 20 668 695 617 END
START 12296 20220 1380 -61 10290 -14860 621 0 665 692 625 END
START 5972 18368 4000 -739 11575 -17234 621 6 664 692 627 END
START 10248 19472 84 -1426 15887 -17989 624 42 667 687 631 END
START 56 16200 3424 -1321 17875 -17810 620 0 663 692 626 END
START 4648 17048 1344 -1253 19030 -17294 622 0 665 693 626 END
START -14504 14088 10784 -775 15510 -15694 670 9 670 709 628 END
START 4008 6000 -5776 -171 13545 -14949 624 7 664 693 626 END
START -872 6448 -3944 426 9288 -14305 623 0 663 693 626 END
START -9332 8928 888 414 4896 -13742 627 0 667 689 624 END
START -17884 10312 6496 321 2391 -11316 623 0 665 693 625 END
START -25880 11652 12132 163 3668 -9570 625 1 669 673 583 END
START 6936 6132 -11256 87 6275 -8303 623 0 664 693 626 END
START 7120 6300 -11296 -218 4087 -6393 625 0 664 694 626 END
START 7600 6840 -11588 -461 4041 -5275 626 0 658 695 618 END
START 8092 7096 -12300 -820 2998 -4585 622 0 663 691 627 END
START 9104 7816 -12508 -1011 1370 -3719 632 0 628 695 646 END
START -10004 10548 440 -1111 -1321 -2527 627 2 663 692 627 END
START -24320 13240 10788 -1020 -5252 -1365 623 0 663 692 626 END
START 14588 12424 -15564 -645 1130 -1642 591 13 688 692 609 END
START -27704 21624 16744 -1398 -3411 145 623 0 660 693 624 END
START -3804 21792 3468 -2079 -901 933 622 0 661 692 628 END
START -5828 22072 5848 -1975 -567 1018 622 0 655 699 634 END
START -9744 22416 9368 -1896 577 1326 623 4 661 693 627 END
START -15052 22656 12324 -1633 -728 1612 624 3 663 692 628 END
START 19056 15740 -13832 -1889 2728 1512 625 0 664 692 634 END
START -31632 17048 20752 -2058 -1319 1860 623 0 658 692 629 END
START -10632 10752 6084 -2152 -4810 2023 623 0 660 693 628 END
START -16988 11744 11012 -1890 206 1141 618 4 654 697 635 END
START 22380 6360 -16916 -1653 2464 744 622 0 663 693 628 END
START 22968 6316 -17532 -1616 1981 683 601 0 663 692 627 END
START 22496 6512 -17304 -1510 1512 511 621 0 660 694 629 END
START -15184 10576 7788 -1505 1284 593 623 0 661 691 627 END
START -9852 9724 4240 -1464 402 800 604 50 670 691 636 END
START -3676 9004 -40 -1634 3069 567 626 0 660 692 627 END
START 7420 8308 -5892 -1946 1479 696 634 13 658 694 632 END
START 2000 8760 -2020 -1971 608 735 621 0 660 691 627 END
START -4248 9552 1940 -2152 -3843 1648 623 0 659 690 629 END
START -10624 10280 6392 -2075 -2657 1472 624 0 660 690 628 END
START 20400 6008 -15812 -1790 2813 268 626 6 660 691 628 END
START 22004 6076 -16972 -1853 3930 68 629 81 663 698 637 END
START 22552 5908 -17920 -1792 4784 81 622 0 658 692 626 END
START 21932 5992 -17440 -1828 4923 266 624 0 660 693 628 END
START 20572 6400 -16352 -1779 3758 149 625 8 661 692 627 END
START -13312 10152 6540 -1628 1938 313 623 0 663 693 627 END
START -7132 9280 2196 -1399 250 466 617 11 675 694 685 END
START -1840 8888 -1140 -1441 1763 407 624 0 659 692 627 END
START 2664 8432 -4100 -1501 2230 453 622 0 659 691 629 END
START 3284 8728 -2748 -1709 2606 524 626 0 661 691 625 END
START -2824 9416 1356 -1958 972 976 625 0 659 693 627 END
START -26860 16092 17704 -2219 -3230 1926 566 7 653 685 636 END
START 20040 6248 -15160 -1817 3214 423 623 0 658 692 628 END
START 22112 6092 -16440 -1754 3232 407 624 0 662 692 629 END
START 22652 5992 -17144 -1709 3297 499 608 0 659 689 628 END
START 22104 5992 -17452 -1627 3316 651 624 3 659 691 626 END
START -18236 10424 8816 -1587 2987 941 625 0 671 696 601 END
START -12736 9892 5472 -1558 1786 1245 623 0 658 691 628 END