START -3396 7220 9464 13039 -1244 20283 602 0 584 631 598 END
START -3164 7188 9272 12622 -1131 20120 600 2 586 631 591 END
START -3212 6640 8368 11869 -499 19482 602 0 585 632 595 END
START -3428 7216 7532 10993 -701 19458 609 18 592 639 601 END
START -2916 6216 5988 10035 -1950 17822 604 0 587 637 596 END
START -2004 6072 5420 8444 -2722 16890 607 0 590 638 590 END
START -2764 6200 7904 7509 -1993 15911 597 17 590 648 600 END
START -624 5928 5416 7005 -1235 14394 604 0 591 638 597 END
START 640 9732 4820 6063 -1442 13870 605 16 543 642 600 END
START 6392 8100 1576 4694 -1524 13529 598 8 593 637 596 END
START 800 6888 4108 4326 -2270 11183 602 7 589 638 596 END
START 4436 11560 3288 3132 -1689 12072 602 0 592 639 598 END
START -7904 11328 10536 3032 -619 10166 603 6 590 638 596 END
START -1584 7424 9884 1436 255 9795 603 0 596 642 577 END
START -1688 11852 9124 329 167 10153 598 2 590 639 591 END
START -372 12904 7272 666 -32 8328 600 1 590 640 599 END
START 3332 8328 6788 446 -1171 7244 602 1 592 641 600 END
START 6048 6844 7332 -619 -2930 7105 601 1 596 644 601 END
START -64 11192 11808 -854 -4677 7798 601 0 599 646 602 END
START 3168 15888 11148 -802 -5167 6798 601 0 602 650 604 END
START 6336 17152 9916 -318 -6410 5132 606 0 615 662 612 END
START 1152 14992 11732 604 -6924 3750 606 1 612 660 608 END
START 3264 12388 9444 1075 -6762 3104 577 13 618 665 613 END
START 7612 9384 3260 769 -7032 3117 607 1 633 673 614 END
START 2252 8852 7096 -175 -10768 2948 614 0 645 680 619 END
START 1896 8024 10488 -699 -12646 1572 614 1 674 689 621 END
START 10980 7728 6428 -791 -10036 1321 618 0 661 691 632 END
START 10728 9456 5296 -877 -5485 1765 628 22 664 696 634 END
START 11800 8264 3100 -846 -2801 2922 632 0 670 697 640 END
START 4296 10704 9184 -1085 -4410 3400 629 4 676 696 641 END
START -1328 14044 14236 -1330 -7033 3346 627 3 671 692 647 END
START 2276 12276 11476 -1415 -8378 3081 629 2 675 699 645 END
START 2520 14440 11516 -1253 -7350 2585 631 0 677 700 645 END
START 1496 13128 11704 -1248 -5996 2489 630 0 669 700 646 END
START 3996 15016 10792 -1006 -4702 2372 631 0 678 700 645 END
START -528 13600 13084 -676 -4599 2179 601 39 680 686 655 END
START 1684 15224 11664 -326 -7149 1970 632 3 679 702 647 END
START 10124 17264 9504 -56 -11080 1176 630 0 676 701 647 END
START 7548 15600 11980 402 -13699 -456 623 0 683 698 668 END
START 15428 17324 8468 1413 -12984 -1797 627 0 676 699 645 END
START 11540 14768 9716 2424 -13547 -4173 624 0 674 700 648 END
START 16996 16840 7996 3212 -15549 -6951 624 5 676 696 646 END
START 11436 14476 10500 4088 -18472 -9447 623 3 672 699 646 END
START 8444 12264 11188 4428 -19152 -14263 620 0 670 698 643 END
START 11480 9344 8204 4685 -14590 -19550 626 13 670 688 654 END
START 17148 6304 2444 5561 -5110 -24646 626 0 668 696 638 END
START 19560 2828 -2396 6608 5877 -28360 626 0 668 697 638 END
START 11344 3668 -192 7226 15626 -30624 629 5 623 691 640 END
START 12040 1868 -4428 8637 22630 -31450 627 3 669 696 638 END
START 1460 2860 -968 9677 25608 -30706 628 3 670 699 636 END
START 3216 3924 -5224 9586 24226 -28531 629 0 669 701 634 END
START -12912 6588 -240 8412 20717 -26221 630 0 671 698 636 END
START -6580 7224 -9516 6194 17056 -22345 620 16 658 700 641 END
START -31912 11120 2928 4515 11260 -15331 632 0 672 698 633 END
START -21296 12748 -2292 1581 5778 -12223 631 1 673 699 634 END
START -180 12744 -14452 -1289 -4095 -9519 642 12 675 676 635 END
START -17868 23024 2328 -4557 -9632 -6576 632 3 652 700 637 END
START 12580 19124 -16516 -6589 -2329 -4633 629 0 671 698 638 END
START -22192 18896 8568 -7672 -2996 -1376 630 0 672 699 638 END
START -23888 13860 11860 -6908 -537 -277 635 15 662 692 644 END
START 19880 7424 -16724 -5131 1068 -16 626 0 673 699 639 END
START 20664 8028 -16260 -3679 -2441 375 632 0 674 699 639 END
START -15012 12252 8800 -2225 -7631 1134 601 0 644 696 639 END
START -24020 14264 14616 -850 -10623 1524 630 0 671 698 638 END
START 23380 11416 -18120 523 -1479 1041 631 1 673 698 639 END
START 19264 11308 -15464 726 2483 963 629 1 669 698 639 END
START 11360 11688 -9508 606 4387 876 631 4 673 699 639 END
START -236 12148 -1328 201 2565 1149 605 0 681 710 644 END
START -12416 12784 6624 -262 -1434 1568 630 0 676 698 639 END
START -21560 13656 13220 -280 -723 1413 629 0 672 700 639 END
START 12228 10944 -10496 -298 310 1254 630 0 671 700 638 END
START 2444 11312 -3700 -587 233 1367 632 0 673 702 639 END
START -8844 12128 4396 -1159 -1934 1739 635 0 676 703 682 END
START -17692 12804 10868 -1221 184 1407 634 0 672 698 638 END
START 9732 10624 -7744 -1247 2045 881 631 0 670 699 639 END
START 1172 10780 -1664 -1401 637 914 632 2 671 699 636 END
START -8976 11528 5508 -1706 -1735 984 628 0 672 698 639 END
START -17088 12100 11056 -1463 -1495 705 642 25 676 696 649 END
START 12264 10356 -8896 -857 2254 -13 631 0 673 699 639 END
START 5408 10564 -4076 -881 1011 -137 631 3 671 699 644 END
START -3704 11060 2232 -932 -362 -157 646 6 675 695 636 END
START -13412 11956 9088 -1003 -1084 -258 630 1 672 701 639 END
START 16356 10584 -11564 -670 2019 -990 615 23 689 698 640 END
START 13164 10460 -9168 -310 3573 -1435 630 0 669 701 638 END
START 4500 13568 -2896 -151 2422 -1418 630 0 671 698 637 END
START 12636 12172 -8296 -97 1479 -1738 609 14 690 697 618 END
START -22620 18764 16684 -174 -544 -1693 632 0 665 699 639 END
START -16752 17272 11496 -441 -2177 -1281 633 0 671 700 639 END
START -19176 21468 15092 -1280 1871 -1120 636 0 676 639 645 END
START 17832 19264 -9064 -1850 3524 -803 626 0 671 700 639 END
START -6068 16936 4980 -2029 132 -277 632 0 672 699 639 END
START 3960 17432 -1736 -1924 1419 -65 637 25 645 702 615 END
START 11952 17096 -7312 -1848 78 404 630 0 671 698 638 END
START 18432 16904 -11008 -1583 2295 255 633 0 679 720 634 END
START 21016 17264 -12432 -1604 644 691 630 0 640 698 635 END
START -17904 17532 13088 -1654 -1026 1031 629 0 669 697 638 END
START -22660 13940 15628 -1839 -3716 1315 595 24 645 701 625 END
START 22800 7384 -16084 -1384 3160 -80 629 0 669 693 638 END
START 20724 7992 -14040 -1338 3317 52 630 2 668 694 638 END
START 15612 8460 -10384 -1455 4043 315 617 10 667 710 635 END
START 5556 9028 -4860 -1336 2197 488 632 0 663 697 637 END
START 12856 8376 -9472 -1418 3276 307 636 55 669 727 636 END
START 18972 7644 -13028 -1183 2399 210 628 4 666 697 635 END
START 22928 7008 -15396 -934 1110 38 628 0 664 696 633 END
START 25568 7080 -17008 -912 2112 -239 628 0 662 684 641 END
START 26120 7344 -17300 -698 2255 -439 625 9 663 695 633 END
START 25168 7348 -16128 -507 1987 -832 636 3 700 701 620 END
START -9904 11276 7108 -350 1476 -1259 626 0 660 694 631 END
START -4376 10448 3116 -309 579 -1638 625 0 659 696 632 END
START 1184 9804 -1016 -397 1457 -2175 628 0 661 697 603 END
START 6232 8956 -5536 -457 2892 -2340 624 0 658 692 632 END
START 10328 8256 -8724 -625 4459 -2766 631 51 629 696 694 END
START 13972 7484 -11112 -419 1888 -2675 628 0 682 694 632 END
START -32188 13700 19980 -285 728 -2214 625 0 659 690 627 END
START -32008 13584 19968 -89 1999 -1956 628 21 673 691 634 END
START 4664 11296 -5912 299 6253 -2039 624 0 663 695 629 END
START 228 11744 -2888 341 4542 -1532 623 0 661 694 631 END
START -2956 11916 -952 312 626 -1178 630 0 661 696 630 END
START -5016 12220 528 150 -2545 -870 626 7 660 694 631 END
START -23264 12408 13236 -64 -3923 -483 624 1 661 696 566 END