START 5260 12760 5636 -2362 2377 1402 632 0 671 696 644 END
START 5232 12740 5892 -2468 2293 1439 641 0 671 698 645 END
START 4680 12756 6264 -2656 1701 1273 630 0 670 695 647 END
START 4344 12296 6612 -2885 754 1070 627 38 675 687 645 END
START 5436 13340 7000 -2759 773 841 631 3 674 696 645 END
START 5248 12748 6936 -2536 589 -853 633 0 673 697 646 END
START 5196 12364 6084 -2442 1353 -502 630 1 673 697 644 END
START 2888 12944 6820 -2330 1673 -215 631 0 673 696 646 END
START 2720 15652 8564 -2410 846 257 634 0 680 696 665 END
START 7508 14072 7892 -2713 922 768 632 0 672 697 645 END
START 2844 11248 7924 -2091 513 -465 670 11 670 714 616 END
START 4404 15000 8544 -2339 1533 944 631 0 674 696 647 END
START 10376 10016 2156 -1299 1565 -368 635 0 671 697 647 END
START 8832 9488 6540 -2115 556 280 626 1 671 698 647 END
START 8820 16832 5052 -1213 1373 268 631 0 672 696 648 END
START 7872 12000 4048 -426 1494 -425 632 0 645 695 650 END
START 3988 9156 8872 -1091 -264 -83 628 0 672 696 648 END
START 1260 13220 10780 -1567 -1891 1188 617 31 677 721 651 END
START 4740 14388 9476 -1541 -1332 1170 635 0 671 698 650 END
START 8584 19600 9436 -1123 16 1025 632 0 671 697 648 END
START 1708 14216 8148 234 292 -192 629 0 671 697 646 END
START 7692 10456 3304 95 487 -632 629 2 672 696 648 END
START 8348 9020 5856 -1183 -324 -26 631 0 673 698 647 END
START 1584 12948 10480 -1683 -1510 949 630 0 673 696 648 END
START 3784 15936 9308 -1777 -1115 1093 598 0 672 695 651 END
START 8692 19352 8320 -1637 -459 1102 630 0 672 697 647 END
START 6452 18216 7508 -1377 -81 707 632 0 721 702 667 END
START -548 16444 9964 -413 -937 -207 630 0 673 697 648 END
START 960 14008 8416 -210 -665 -574 630 7 675 697 648 END
START 5440 9316 5624 -509 -689 -760 628 0 674 696 647 END
START 476 8892 9984 -1203 -1760 -379 627 0 669 697 649 END
START 11368 8564 5556 -1447 -1003 -303 630 1 672 699 647 END
START 10916 8008 5792 -1169 -2359 -109 629 0 672 695 648 END
START 11072 9284 7624 -781 -5080 -166 635 16 678 698 649 END
START 4908 11856 12988 -298 -8623 -472 623 0 672 697 647 END
START 2844 14368 15776 447 -10870 -723 627 0 671 700 647 END
START 6792 12600 12980 1246 -11572 -1473 629 0 670 695 648 END
START 4500 15040 14716 2158 -10778 -2863 627 0 673 697 648 END
START 5716 13152 12572 3067 -9970 -4312 617 0 721 695 648 END
START 12576 10580 5796 3321 -11269 -5595 625 0 669 696 645 END
START 5388 13172 9348 3250 -11949 -7095 624 0 670 695 646 END
START 12692 10292 2608 2820 -11299 -8727 635 28 667 696 643 END
START 16580 8144 -228 3235 -8196 -10258 629 0 677 695 643 END
START 11864 9084 2448 3435 -4896 -10738 627 0 667 695 644 END
START 14936 6932 -328 3462 -3829 -11739 630 17 675 693 638 END
START 7560 6876 2972 3483 -2410 -13933 627 0 667 695 640 END
START 13388 6164 -1736 3810 1900 -15055 628 0 668 696 640 END
START 5536 6020 1964 4523 5990 -15779 636 31 673 685 638 END
START 11296 5584 -1220 5137 8504 -16770 629 0 667 694 635 END
START 13980 5172 -2380 4813 10877 -19727 647 4 666 694 632 END
START 8040 6716 -976 5421 15638 -20050 631 3 667 694 634 END
START 12652 5688 -6292 4557 18168 -20867 631 0 666 695 628 END
START -4228 7148 1668 4355 18820 -21366 636 12 664 697 632 END
START -14200 7988 4540 4123 19224 -20492 632 0 669 696 629 END
START -6212 8192 -2700 3272 16952 -18856 634 3 667 693 628 END
START -16928 9120 3996 2548 16690 -17706 615 23 680 697 623 END
START -1564 8968 -9528 2200 19230 -13809 626 4 669 693 631 END
START -6376 11484 -8508 1119 15959 -10118 634 0 668 695 629 END
START -32768 18396 13952 -257 6263 -6791 663 25 672 695 629 END
START -11652 19996 -288 -1712 2926 -5210 636 0 669 696 631 END
START 9360 15892 -13980 -2917 -3429 -3053 632 2 669 696 630 END
START -32768 16568 20076 -3570 -9674 -1765 634 0 669 694 630 END
START 6500 9860 -8264 -3182 -1315 -2325 636 50 670 698 606 END
START 3124 10420 -5732 -2535 -3296 -1122 632 0 668 696 629 END
START -29468 15004 16812 -1814 -2543 -631 632 0 669 695 629 END
START 16896 12420 -15500 -897 4146 -981 641 13 675 696 625 END
START -10868 18440 4860 -476 1169 -267 628 1 668 694 633 END
START -5364 17104 1636 -105 -572 220 635 1 669 695 628 END
START 1852 15692 -3500 269 1622 -87 631 0 667 693 633 END
START -352 12116 -2256 233 2373 -453 632 0 668 695 630 END
START -9084 12652 3860 -48 -290 -184 632 0 668 695 639 END
START -17896 13116 9448 -456 -2667 369 633 1 668 694 631 END
START -25536 13772 14652 -653 -1306 329 629 18 671 694 622 END
START 18612 10460 -16200 -420 3384 -242 636 0 667 695 630 END
START 13112 10496 -11920 -383 4109 -430 632 0 668 693 629 END
START 3792 14148 -4616 -440 2056 -201 636 0 669 683 632 END
START 11860 12436 -10564 -468 2991 -301 634 3 669 695 628 END
START 17388 11500 -14132 -542 -206 -12 631 0 668 694 627 END
START -26832 19204 17340 -588 -1210 -97 632 0 666 692 631 END
START -20936 18212 12824 -795 -3182 370 632 0 668 696 630 END
START -20452 22172 15844 -958 -3737 868 638 0 689 696 605 END
START -26540 21816 19472 -1116 -1327 661 631 0 668 694 631 END
START 20128 18516 -11772 -1537 3167 599 633 0 668 698 631 END
START 15612 18848 -9116 -1937 3066 598 640 8 672 686 634 END
START 8 15628 -408 -2142 1596 930 629 0 662 694 629 END
START 2968 20492 776 -1619 -1580 904 685 13 649 697 666 END
START -3984 21412 5752 -1572 -2527 923 632 0 668 694 632 END
START -11368 21584 9804 -1748 -1408 912 633 0 667 694 631 END
START -18708 22540 15036 -2014 1706 1222 631 0 667 690 651 END
START 23456 15936 -15272 -2406 937 1396 633 0 666 695 630 END
START -24380 16852 16104 -2518 -3487 1583 631 0 657 693 631 END
START -17052 12748 11508 -2595 -5689 1550 636 3 664 695 633 END
START 24472 6888 -18580 -2190 482 306 633 0 665 697 631 END
START 24804 6940 -17928 -2106 308 263 635 22 654 694 653 END
START 24368 7228 -16912 -1784 1349 177 634 4 668 694 630 END
START 21736 7500 -14908 -1620 1974 158 632 0 665 694 631 END
START -6952 10628 3616 -1394 2043 71 633 80 670 698 635 END
START -500 9832 -888 -1323 3111 -223 634 9 664 693 632 END
START 9984 8696 -6260 -1433 3824 18 637 27 667 691 643 END
START 4548 9220 -2420 -1485 2055 414 633 0 664 692 631 END
START -1204 9644 1164 -1642 -1518 814 633 0 664 694 631 END
START -7004 10404 5284 -1605 -2511 1003 638 1 664 693 632 END
START -13540 11348 9868 -1425 838 310 634 0 661 693 632 END
START -18208 12208 13244 -1443 506 401 620 19 667 665 658 END
START 24696 6464 -17128 -1364 3163 -127 629 5 664 693 630 END
START 24436 6536 -17012 -1268 2559 -326 633 0 665 693 631 END
START -18264 11488 10960 -1185 -287 -173 637 8 681 702 632 END
START -17144 12468 10448 -766 -2639 -14 634 4 664 692 632 END
START -20592 12712 12876 -609 67 -428 634 0 665 691 631 END
START -24212 12900 15084 -703 -502 -502 633 0 663 693 632 END
START 21028 10744 -16080 -506 2710 -894 634 0 668 694 625 END
START 20064 10520 -15692 -332 4068 -897 641 19 678 699 633 END
START -13432 17872 8676 -483 -132 -181 634 0 663 693 631 END
START -8436 17040 5080 -495 -2243 284 634 0 666 694 632 END
START -4460 16256 2440 -327 -1596 -106 599 7 596 678 635 END
START -460 15644 -692 -304 -2652 188 632 0 663 692 631 END
START 3156 15232 -3244 -13 24 -464 602 0 672 706 580 END
START 4008 11476 -4476 202 3963 -1156 633 0 664 694 632 END
START 348 11812 -1920 217 3860 -1198 634 0 663 694 635 END
START -2328 12128 72 169 2280 -1121 632 1 664 693 631 END