START 2248 11960 5580 -9283 -2773 8303 509 0 418 448 656 END
START 1820 12036 6084 -9298 -3230 7598 504 2 413 459 649 END
START 3084 13072 5600 -10293 -2828 6100 503 52 401 412 652 END
START 4788 12676 4984 -10359 -976 4961 502 4 413 457 650 END
START 4836 14016 5548 -9597 2222 6062 507 0 411 458 650 END
START 2816 13128 5040 -10054 2866 4925 504 25 411 459 651 END
START 2644 9316 4748 -10427 -215 5061 501 2 412 463 653 END
START 3500 10188 5508 -9542 192 4512 502 32 415 471 658 END
START 1728 14060 9776 -8583 895 6455 500 0 412 460 652 END
START 5040 14264 11972 -7963 349 6240 553 0 411 462 652 END
START 1364 10988 9872 -7174 -10 4716 504 10 409 463 653 END
START 396 12600 14616 -7559 -1853 4212 505 0 411 461 652 END
START 1784 12488 9264 -4654 723 3475 500 0 414 467 662 END
START 7120 8668 9688 -4732 1729 3644 505 0 411 465 651 END
START 2788 19224 15052 -3976 1877 3687 472 0 419 451 668 END
START 780 13688 11740 -2610 968 1645 508 2 399 461 651 END
START 4156 7868 7968 -4481 -1325 -64 502 0 412 468 651 END
START 10156 7608 9424 -2527 167 470 507 0 413 468 655 END
START 3084 16976 14032 -1379 1896 1765 508 0 407 465 650 END
START 3228 18364 12544 -979 633 879 515 0 397 478 658 END
START -2064 14420 11660 348 -1557 -224 509 1 411 469 650 END
START 5108 11920 7180 866 -1841 -1020 496 6 402 471 651 END
START 4736 9012 6164 1035 -1663 -905 508 0 408 469 650 END
START -652 7972 9636 973 -3385 -713 506 0 411 469 653 END
START 9288 8500 6272 549 -2240 -494 511 0 413 468 651 END
START 1812 11420 11008 269 -2122 546 513 8 412 471 652 END
START 1588 13808 10112 119 -304 300 521 11 418 510 656 END
START 7692 17836 6256 707 3051 -3 508 0 412 470 651 END
START 2300 12928 6516 1693 3001 -619 503 7 402 475 638 END
START 8008 10236 2812 1054 1319 -1091 510 1 412 476 651 END
START 6668 8884 4376 342 -904 -1427 500 27 383 472 654 END
START 1816 8576 8832 -384 -1699 -1353 511 0 413 475 651 END
START 3940 7748 8368 -913 306 -1546 512 0 411 472 651 END
START 7288 9460 8080 -1091 2775 -982 510 31 413 482 652 END
START 992 12280 14240 -963 2052 -936 511 1 412 474 652 END
START 1000 14384 14960 -822 -81 -483 525 50 401 464 651 END
START 8556 17168 12640 -720 -2031 -2085 511 1 410 478 650 END
START 6012 15956 13420 -330 -1685 -3133 511 0 408 478 651 END
START 11860 18644 10660 434 1302 -4270 515 0 412 479 653 END
START 14224 20752 10488 1729 4899 -4762 513 7 412 485 651 END
START 7664 18588 11072 3003 5977 -3781 502 0 421 445 655 END
START 8592 21084 11532 3892 4226 -4823 513 0 409 448 651 END
START 5972 21536 11724 5502 3848 -3944 514 2 412 479 652 END
START 10340 22088 9200 6246 1959 -3672 508 14 366 485 655 END
START 9812 20868 7568 6583 865 -4219 515 0 414 483 651 END
START 2736 18800 8996 7742 710 -4131 535 12 422 488 646 END
START -2980 18172 10372 8627 2231 -3796 511 1 409 483 652 END
START -1736 16056 8348 9721 3485 -2863 516 1 412 483 651 END
START -8636 18516 13380 10044 2221 -2002 510 92 424 476 659 END
START -3552 19492 10144 9402 -651 -1253 514 0 413 481 652 END
START -9060 18164 10856 9076 -1087 -1529 514 0 418 483 649 END
START 668 18548 3484 9555 1746 -466 535 0 424 528 652 END
START -7228 17640 8524 11332 4484 1228 512 0 410 482 650 END
START -8392 15996 8208 10412 4414 2073 516 24 396 484 643 END
START -208 12888 1912 9844 628 1787 512 0 416 482 654 END
START 7452 11260 -3580 8920 -506 786 511 3 412 482 646 END
START 7700 9480 -3220 7880 -3039 -219 509 0 417 489 648 END
START 1796 7864 -204 7256 -3160 -1630 511 0 421 481 643 END
START -260 7548 5104 7863 -1368 -2261 475 19 424 487 635 END
START 2596 7468 4804 6016 -2696 -2322 511 0 415 484 640 END
START 9280 6260 580 4712 -5473 -5756 508 0 415 480 638 END
START 14860 8068 -1812 3004 -7855 -11578 512 1 415 479 635 END
START 18872 8848 -4920 178 -2877 -21677 507 0 414 479 634 END
START 17852 -2092 -10304 677 9977 -32768 503 9 394 483 644 END
START 11260 6076 2272 8445 16188 -32768 512 2 418 481 636 END
START 15664 3784 1260 305 8631 -16816 508 1 415 479 636 END
START 5584 3228 176 2656 6301 -16366 516 0 414 512 637 END
START -1520 6144 4204 2039 -2786 -24078 505 0 408 481 638 END
START -2712 5720 3404 -1252 1618 -32768 508 0 415 480 637 END
START 6492 1432 -3328 2040 8350 -31739 511 0 418 480 638 END
START -5968 4740 4492 5790 14971 -22863 506 3 416 482 639 END
START -8744 1656 -420 2825 19303 -15475 533 42 423 484 651 END
START -7704 -1080 -10688 3540 15528 -7644 503 0 415 481 638 END
START -32768 4796 8136 4618 11587 -13499 507 0 417 481 639 END
START -32768 4416 4988 2402 1798 -22002 530 9 404 478 640 END
START -18444 10436 -6764 3660 5578 -18376 507 1 414 478 636 END
START -4088 11432 -19324 5122 7863 -9223 506 0 417 482 640 END
START -32768 22260 11776 3736 -2169 -6912 513 2 441 484 637 END
START -4796 20140 -9752 816 -3455 -8643 507 0 422 481 640 END
START 3048 18568 -13736 260 -731 -6882 507 0 416 480 638 END
START -19764 17096 4724 209 2155 -3115 519 65 413 480 642 END
START -25200 16428 7696 -173 1002 -665 502 1 407 480 638 END
START -28876 15784 10776 -349 -297 -1425 506 9 416 481 639 END
START -3116 9328 -6832 -995 -665 -2369 509 0 411 440 645 END
START 1160 9028 -9308 -1416 -3110 -1682 506 0 416 482 639 END
START -24836 11428 6112 -1285 -5546 -1324 506 0 416 486 639 END
START -1912 10988 -11156 -179 -363 -801 517 0 424 475 619 END
START -21384 17924 4364 -519 -270 719 507 7 417 486 640 END
START -25368 18424 8920 -371 -1551 1279 505 0 417 482 634 END
START -25892 19196 10864 -972 -2732 1954 511 0 416 483 639 END
START 3136 13504 -9216 -1716 -395 2074 506 0 421 482 639 END
START 5752 12100 -10872 -1634 -385 1266 539 16 516 491 629 END
START -26744 11752 12292 -1645 -2013 1447 507 7 417 481 641 END
START -1568 6096 -4948 -1125 2250 1090 507 3 416 486 642 END
START -2516 6500 -4032 -1035 2565 545 534 18 387 481 647 END
START 2268 5124 -9500 -1518 1432 109 507 0 414 480 639 END
START -9772 6912 136 -1611 -206 173 504 0 417 482 642 END
START -16880 8076 5416 -1483 -4438 877 512 0 415 474 640 END
START -25684 9748 11064 -1275 -3399 1002 507 4 418 482 642 END
START 16484 4244 -18388 -1000 857 -134 513 97 422 445 642 END
START 13072 4988 -15468 -1098 1238 -417 507 0 416 480 641 END
START -5672 6056 -4656 -1178 -588 -368 507 0 414 480 640 END
START 3748 5036 -10940 -842 -924 -312 506 9 426 472 623 END
START 11240 4884 -15552 -825 398 -263 505 0 409 483 641 END
START 15932 4336 -19040 -876 1436 -389 533 0 414 480 638 END
START 17568 4244 -19936 -703 1250 -348 506 3 416 481 641 END
START -20808 8964 5896 -884 507 -270 505 0 417 477 639 END
START 11456 5476 -14752 -1019 2118 -452 494 109 466 492 689 END
START -3908 6964 -5804 -657 -3168 -389 509 12 415 483 641 END
START -32768 11108 15472 -439 -3400 -245 507 0 419 483 642 END
START 6584 8232 -15428 -74 697 -554 513 7 397 491 637 END
START -32768 11152 14820 -573 -3399 -463 507 0 418 483 638 END
START -7620 9372 -4808 -63 1345 -884 443 0 417 484 641 END
START -16056 9880 1236 -378 -1581 -224 506 0 421 489 641 END
START -24016 10324 6696 -377 -1331 -500 508 0 421 483 640 END
START 14632 8344 -21756 -269 1874 -984 519 12 431 456 638 END
START 13764 8248 -20144 250 2819 -735 504 0 417 487 644 END
START 10332 8136 -17688 32 2895 -647 506 0 415 482 640 END
START 5644 7812 -14732 -71 1468 -713 507 0 416 484 641 END
START -84 8308 -10492 -284 -718 -332 504 0 418 482 641 END