START -3680 10076 3780 6200 2289 18644 526 0 408 443 600 END
START -2772 9316 3100 6404 2381 18387 532 0 410 455 602 END
START -2796 10324 5844 6765 2127 16824 518 0 410 445 602 END
START -1656 11768 4684 4910 1158 14525 510 0 410 442 603 END
START 1152 11156 3620 5390 3089 14108 502 0 408 440 605 END
START 11572 9680 -5976 2306 3031 12863 496 0 404 439 603 END
START 9316 11976 -3372 2968 3092 13057 397 31 394 380 611 END
START -3732 14408 4480 1521 619 13625 480 0 404 442 606 END
START -756 13688 5312 1237 302 12460 485 0 401 442 608 END
START 1680 9628 5164 635 1048 10434 480 0 399 437 613 END
START 1348 12880 1700 239 1201 9705 481 0 398 438 611 END
START 10580 9540 -872 -887 1470 10723 482 0 392 443 616 END
START 10224 13936 -3456 -895 326 8995 471 1 395 444 615 END
START 6704 8916 656 -2147 -1294 7517 490 0 404 416 613 END
START -1344 13196 7836 -2750 -1584 8060 480 0 391 446 615 END
START 5732 16376 6996 -4663 -1157 6731 480 0 392 444 617 END
START 4940 15804 424 -2663 573 5210 470 0 393 434 616 END
START 6812 10892 296 -3619 695 5522 481 2 388 447 620 END
START 152 8036 5996 -4105 -1401 5518 445 7 380 458 628 END
START 2332 10484 5360 -4469 -2574 5771 476 0 389 449 622 END
START -2756 15304 9904 -4782 -4312 4932 496 9 388 513 625 END
START 1148 15152 7900 -4675 -3665 4170 510 0 391 451 626 END
START 6600 18176 5440 -3879 -1537 4187 482 1 390 454 628 END
START 6816 18764 4708 -2939 544 3877 570 32 398 480 627 END
START -1096 15984 6692 -2194 990 3251 482 0 391 452 631 END
START -592 13540 5928 -2323 237 2534 481 3 391 454 632 END
START 6568 9444 652 -2120 1931 2512 486 0 380 457 629 END
START -1096 7516 6812 -3396 -66 2390 483 0 389 457 634 END
START 6548 6540 2156 -4268 576 2910 485 0 396 430 633 END
START 6208 8580 2484 -5264 -412 3730 486 0 392 460 638 END
START 988 15864 7308 -6017 -620 4206 495 19 404 432 636 END
START 8332 18864 4004 -6844 1413 3838 487 0 391 467 637 END
START 8236 18352 2940 -7553 4171 3094 494 23 391 488 637 END
START 8556 19600 5892 -7912 7419 3105 485 0 395 469 637 END
START 2440 19500 5548 -7240 7731 3927 487 0 395 470 638 END
START -5592 19952 10848 -6995 4600 3042 488 25 385 473 637 END
START -7888 18468 13924 -6982 2064 4018 488 0 393 472 636 END
START -872 19176 11596 -6407 212 3536 489 0 393 479 637 END
START 392 18104 12732 -5300 1178 3085 489 0 396 474 636 END
START 8220 15880 8028 -4037 4646 2914 489 0 395 476 638 END
START 12836 13388 5264 -2544 5164 2448 493 70 386 475 634 END
START 12556 11308 6676 -1326 3819 1791 497 5 398 484 638 END
START 13252 12888 6052 -208 1683 1267 491 2 397 482 637 END
START 13012 10732 5928 388 -601 433 493 4 394 487 641 END
START 7652 8064 10064 692 -2146 -278 493 0 394 487 638 END
START 13960 7312 5956 1081 740 -709 486 15 398 464 647 END
START 14532 7184 3744 1131 267 -859 492 0 397 492 640 END
START 536 13744 13984 1110 -2910 -1342 480 19 396 510 645 END
START 4916 11256 9300 933 -2465 -1577 494 6 393 492 639 END
START -1744 13672 13308 759 -2810 -2201 492 1 398 492 639 END
START -4084 15964 14604 558 -2828 -1599 491 0 407 489 641 END
START -104 12788 11104 266 -3552 -1732 494 1 392 495 638 END
START -5080 14520 13536 179 -3713 -1328 508 0 433 489 639 END
START 10316 10044 2796 575 -443 -1433 490 0 394 491 637 END
START 2432 13488 10900 1109 3899 -793 491 0 399 494 638 END
START -6632 15808 16560 1427 4668 -317 503 0 410 461 638 END
START -7244 17252 18072 1473 740 -940 494 6 398 496 638 END
START -1044 18208 12860 1617 -2838 -1088 498 0 399 501 637 END
START -4348 16372 15168 1864 -7080 -1486 472 6 398 498 637 END
START -2572 18912 13692 2206 -5716 -1760 496 0 392 497 634 END
START 3052 15876 10936 2739 -2572 -3225 498 0 396 497 630 END
START 15312 10776 1992 3119 531 -3338 497 3 395 498 639 END
START 7580 12352 6872 3278 -605 -3226 495 0 398 498 638 END
START -2576 14112 12896 3966 -3160 -3282 481 17 369 481 642 END
START 13940 10332 1192 4963 -1443 -3861 497 0 397 500 635 END
START 6800 11964 4380 5644 651 -3051 498 4 397 498 637 END
START -1020 13444 9436 6388 1160 -2664 499 10 395 494 641 END
START 16364 9660 -2584 6812 5435 -1950 497 0 395 498 638 END
START 11044 10324 -440 7100 6550 -1505 466 6 403 498 635 END
START 3396 11408 5316 7540 4708 -2089 496 2 400 498 637 END
START -5208 13656 11892 7306 924 -2122 498 0 385 499 637 END
START -9344 15800 13984 6640 -1380 -4140 487 31 457 501 634 END
START 12416 10904 -632 6204 1366 -6541 501 0 398 499 636 END
START 17152 7580 -4928 5556 2966 -7953 500 2 399 502 637 END
START 20320 6132 -8152 4731 3539 -11067 500 0 408 496 639 END
START 16628 6552 -5324 5079 5043 -11032 499 0 399 499 638 END
START 13960 6164 -3896 4739 4891 -13047 505 20 404 497 636 END
START -5688 6624 7028 4615 4416 -15841 497 5 404 496 639 END
START -364 6148 3296 3302 5743 -18856 502 0 401 500 638 END
START 8864 3944 -3776 2620 6857 -22497 499 32 414 402 650 END
START -4708 4464 2308 2856 8249 -24406 499 0 405 499 637 END
START -3724 2632 2852 2590 11358 -24563 499 0 404 501 638 END
START 280 1924 428 3116 9961 -26267 496 11 338 535 642 END
START 5556 2164 -552 1727 8549 -30506 501 1 402 501 640 END
START 11008 2484 -3740 112 8916 -32768 502 82 405 502 641 END
START -8092 4064 5352 -662 13362 -32768 498 0 403 500 641 END
START -5344 -6428 -3048 1606 19002 -32768 500 0 407 508 640 END
START -17588 -7584 1408 7645 29607 -27547 461 12 403 501 645 END
START -32768 2172 4272 2685 25524 -9547 501 0 401 505 642 END
START -32768 2548 -7372 2152 6535 -2061 502 3 403 504 641 END
START -32768 -2836 -11144 2514 4140 -16824 516 13 515 521 659 END
START -24276 11320 -11016 659 1865 -12552 505 0 404 511 642 END
START -32768 16044 7656 835 3323 -2024 500 4 403 509 642 END
START -32768 14240 8172 642 4570 -1102 505 0 410 512 641 END
START 7228 9680 -19104 -89 2969 -2464 502 4 409 510 645 END
START 5220 11824 -14464 -622 -99 -2166 501 0 395 506 643 END
START 564 10904 -10148 -907 -907 -2092 501 0 408 465 642 END
START -8488 11904 -3176 -724 -382 -820 505 0 404 510 642 END
START -13464 11088 -2528 -884 -297 758 512 0 393 511 643 END
START -7764 10388 -7632 -665 -304 -611 505 0 413 511 644 END
START -1300 10040 -11972 -229 951 -1563 502 0 404 510 642 END
START -20900 15832 1560 -97 2431 288 519 19 397 545 645 END
START -26392 15936 4968 -49 1721 1868 507 0 405 509 643 END
START -29112 16500 7436 -847 -1308 2988 503 0 406 510 643 END
START -28040 17520 8208 -1369 -2975 3902 505 0 406 508 644 END
START -4196 12072 -7556 -1981 -2248 3720 504 3 408 509 645 END
START -21504 8576 5612 -2439 -4891 3696 504 0 434 508 644 END
START -16524 7532 2436 -2713 -2272 3165 499 7 405 513 643 END
START -1488 5208 -9296 -2764 -299 3145 501 0 406 505 642 END
START -5716 5248 -6376 -2796 -1770 3143 505 76 414 416 645 END
START -23112 8624 5224 -2624 -5027 2737 494 1 405 507 643 END
START -21988 8636 4828 -2460 -4139 2155 501 0 409 508 643 END
START 7264 8312 -16408 -2749 -2965 1986 529 85 412 494 643 END
START -27428 16252 9216 -2858 -5966 2515 501 2 410 499 643 END
START -26968 16040 9180 -3160 -7300 3241 500 7 407 508 643 END
START -9404 18020 2780 -3044 -989 3208 530 23 395 512 634 END
START 9764 11464 -14108 -2988 1559 3405 500 0 404 509 643 END
START 12740 12484 -15420 -2870 769 3702 500 0 409 507 643 END
START -32768 13800 16704 -2640 -1993 3946 532 19 446 509 651 END
START -15016 8404 4144 -2632 -544 2854 501 0 407 513 643 END