START -5728 -712 10880 1412 757 893 590 0 589 610 618 END
START -4816 -2116 8800 3152 1926 1288 625 3 588 629 617 END
START -8140 1228 12500 3017 3845 581 625 25 615 633 636 END
START -1228 -1264 5716 2253 6261 2151 623 0 585 626 613 END
START -5336 -1800 10316 -539 2775 15 627 0 587 627 613 END
START -11404 -1460 15336 -2149 1730 381 624 0 588 628 615 END
START -4356 -3268 10484 -3378 2550 523 619 0 586 627 615 END
START -8556 -4184 13212 -5025 -1558 -1008 595 2 532 629 614 END
START -12320 -1792 16952 -7095 -8635 -5116 611 0 587 627 614 END
START -5752 -908 17232 -7295 -12100 -5595 621 0 586 626 618 END
START -1448 -5372 13544 1144 -880 1279 628 0 584 626 615 END
START -7172 -4128 11904 2800 2899 2448 621 4 586 626 614 END
START 2264 -5368 10612 3377 1872 188 621 0 583 625 613 END
START 2084 -1192 7680 4366 3067 -2208 617 1 608 624 613 END
START -3292 -5344 11784 4612 5209 -1766 617 0 578 623 612 END
START -5620 -4724 13812 5283 7851 -344 594 25 602 629 611 END
START -13052 -1676 17304 6319 8491 999 617 0 572 618 611 END
START -10480 7520 18340 7114 7861 2757 614 0 568 621 612 END
START -17780 8032 20616 7816 4754 3748 616 49 526 612 615 END
START -13812 9336 19720 8595 2819 4766 609 0 563 617 609 END
START -20540 8392 23768 9788 2309 6004 608 0 554 615 609 END
START -552 7724 11796 11166 3237 7315 605 6 545 609 610 END
START -5184 5704 11860 13112 4995 8070 603 11 540 605 611 END
START -13956 6252 15052 15589 11848 11794 629 21 515 597 612 END
START 2968 10024 3828 16546 16807 17804 593 4 513 590 607 END
START -24252 10020 19604 16273 12381 19402 591 0 504 581 607 END
START -32768 7104 30544 15847 4799 18191 623 109 492 575 605 END
START -15088 2852 9456 16109 7183 17170 588 3 495 562 606 END
START -9788 2220 5220 16905 4862 19327 584 1 477 549 603 END
START -11152 3016 5384 17274 4944 23242 595 3 504 539 604 END
START -22136 6312 13136 17178 5101 24009 587 2 460 522 600 END
START -2156 7736 -1788 17597 7943 24329 583 0 451 508 600 END
START -7948 8696 1408 16815 4683 25905 555 25 426 477 603 END
START -12972 13244 9596 15809 2714 26541 590 0 436 487 598 END
START -8020 12320 5552 14958 4436 27272 592 0 429 474 593 END
START 1104 7008 -1052 13315 316 25900 596 52 425 476 598 END
START 3148 8536 -1196 12985 -826 24866 589 0 411 455 598 END
START -22864 7204 16660 11602 -1826 24631 593 0 409 449 596 END
START 16884 -168 -11000 9414 325 21798 591 99 451 452 573 END
START 16692 1644 -11888 8074 2866 19209 569 0 405 443 597 END
START 11104 1792 -7436 6826 4308 18227 541 0 402 443 599 END
START 21076 1912 -12728 5169 4386 14944 534 0 402 435 599 END
START 23892 3896 -13552 3865 5967 13243 516 0 392 432 598 END
START -132 3356 2520 310 7106 10161 507 22 381 439 599 END
START 9376 6164 -3468 1458 8602 10561 486 3 393 428 600 END
START 8860 5912 -3116 -617 5919 9548 474 0 395 434 603 END
START -9576 12764 11448 -3307 3111 6814 471 0 395 426 604 END
START -6768 14496 7384 -1893 4336 6790 468 0 395 427 604 END
START -9556 14236 9724 -2941 2548 7224 489 32 463 437 590 END
START -11600 14220 11460 -3157 -288 5995 464 4 385 425 609 END
START 2992 10380 3584 -4330 -596 4405 464 4 391 435 610 END
START -4992 14480 9828 -4426 1007 3688 470 49 393 424 619 END
START -8304 16888 10900 -4003 4294 4013 458 0 386 435 615 END
START -4124 14856 7800 -3965 6826 3340 463 0 387 441 613 END
START -11988 17952 13700 -4022 6426 3291 452 21 388 438 612 END
START -3180 14212 8104 -4243 4154 2383 463 0 390 438 614 END
START -9224 17464 13832 -5044 2388 1429 462 10 395 443 616 END
START 7324 14384 2656 -4223 4603 1625 464 5 396 441 616 END
START -3760 15340 9972 -4297 3089 2563 465 0 395 440 617 END
START -10348 17308 14616 -4262 1079 2440 466 11 399 436 636 END
START 2204 13844 6360 -4340 3153 1624 467 0 401 445 620 END
START -5804 15964 12716 -4454 3485 2201 469 0 404 443 622 END
START 8176 11596 2228 -4338 3195 2376 452 28 407 403 627 END
START 396 13536 8056 -4319 1327 1893 472 0 407 436 622 END
START -6184 16252 13072 -4157 -676 1807 471 15 360 440 624 END
START 6912 12100 3820 -4089 -1101 1013 473 0 404 448 624 END
START -1744 14664 10180 -4089 -2797 153 474 0 409 452 626 END
START -8508 17888 15624 -3836 -2686 -278 483 0 398 460 603 END
START 5972 13848 7348 -2858 -3705 -731 474 0 406 448 627 END
START -3052 16404 14648 -1960 -7709 -301 477 0 411 450 626 END
START 15072 13612 2720 -1030 -10346 -1005 481 22 387 454 621 END
START 10216 14620 6712 481 -12839 -979 473 4 413 453 629 END
START -2516 15560 13648 1442 -12537 -845 476 0 412 452 624 END
START 860 15596 10812 2998 -12952 -955 480 127 418 449 623 END
START -5332 15428 13992 4182 -12267 -970 476 3 413 451 629 END
START 5592 15220 3140 5067 -10947 -1238 477 0 411 451 630 END
START 14564 15304 -3980 5728 -9862 -2346 479 43 424 421 613 END
START 296 18488 4704 6069 -5296 -2333 482 0 418 456 630 END
START 8476 15636 -3028 5828 2349 -3084 477 0 416 455 630 END
START 12868 12696 -7772 5842 7894 -3290 478 9 421 455 631 END
START 9212 10132 -7304 5856 8750 -2777 478 0 418 454 630 END
START -860 11248 -1360 5691 147 -2536 470 6 416 442 634 END
START 9700 8084 -9168 4909 -7435 -4244 480 10 419 456 633 END
START 15604 6376 -12004 4589 -8314 -6440 484 0 417 457 633 END
START 6460 9868 -4276 3544 -4475 -7800 489 12 423 464 614 END
START -7324 13024 6536 1930 2451 -11250 484 0 417 454 630 END
START 936 11144 -1308 -57 9066 -15592 481 0 412 455 630 END
START 12356 5724 -9460 84 13716 -19787 482 11 417 456 632 END
START -4420 10308 3968 1420 15567 -15296 480 0 416 456 631 END
START -5144 9368 3216 436 8973 -16458 502 7 419 456 632 END
START 3380 6892 -2336 -241 3076 -21938 484 0 415 456 628 END
START -12668 11424 8068 -1568 2467 -25408 482 0 416 456 632 END
START -2828 9856 160 -1291 7342 -25644 482 23 381 451 634 END
START -15004 9540 5912 79 17099 -20529 483 5 418 458 630 END
START -27800 9128 10820 -627 20381 -18078 482 0 424 456 632 END
START -10496 7532 -2940 -359 24601 -15080 496 0 419 459 632 END
START -32768 7688 17888 -77 13172 -10636 482 0 418 459 632 END
START -32768 9656 17872 664 2249 -9085 484 0 418 458 633 END
START -6544 5992 -9324 -62 -5697 -9035 534 22 395 460 656 END
START 2060 8800 -12352 -334 -4272 -7286 486 0 412 459 633 END
START -22392 13572 5364 -248 -589 -5264 486 0 419 460 633 END
START -23664 14376 6748 -22 2196 -3702 486 9 417 463 648 END
START -24920 14828 7952 -2 5344 -3733 483 0 420 458 631 END
START -27168 14712 10628 256 6005 -2818 447 42 450 463 649 END
START -5640 14036 -4304 408 5130 -1318 485 0 421 463 631 END
START -1876 14084 -6940 -330 -2004 -1544 484 0 419 461 633 END
START -18824 20152 7016 -1156 -8450 241 425 23 444 438 634 END
START -9464 20952 3772 -1904 -4700 1544 485 0 417 464 630 END
START -5576 14936 -808 -2285 -1683 1439 482 0 420 461 632 END
START -9680 14732 2748 -2184 -2886 1587 490 48 414 469 650 END
START -18400 10188 8884 -2064 -2399 1101 485 1 419 459 631 END
START 9004 5920 -10628 -1425 1238 -328 485 0 422 466 633 END
START 10020 5448 -11120 -1126 1854 -393 527 22 407 465 635 END
START -26952 9820 13124 -557 -1608 -436 484 0 423 460 631 END
START -27944 9000 13600 87 -2101 -282 485 0 420 453 630 END
START -27804 9408 13516 181 -2475 -875 489 5 420 477 630 END
START -4836 8360 -3060 587 -1431 -932 486 0 421 461 629 END
START -7356 8300 -1472 588 -1856 -1042 474 27 371 473 653 END
START -9472 8688 -308 824 730 -1645 486 0 421 461 627 END
START -11864 8900 684 605 -2854 -1078 485 0 421 462 626 END