START 292 14092 3660 -6135 6120 201 499 27 444 430 639 END
START -648 15360 4236 -7024 5330 109 515 0 434 494 636 END
START -696 14128 5356 -6883 4049 424 512 29 466 505 640 END
START -52 14664 6744 -7452 1078 779 514 0 440 498 636 END
START 1940 16832 8000 -6872 623 1297 516 9 389 503 649 END
START 3228 17112 8452 -5880 1047 1155 514 0 435 504 635 END
START 2376 16804 10164 -5580 571 1260 513 0 436 498 637 END
START 3300 16712 10560 -3877 720 1928 516 0 436 491 644 END
START 4092 19672 14512 -2701 924 2552 515 4 436 498 636 END
START 8260 13500 11456 -1561 621 1478 496 78 447 498 620 END
START 8152 14184 7560 122 1287 172 515 1 433 498 639 END
START 3228 17372 14804 587 606 1505 475 24 416 503 654 END
START 1452 15404 9268 1873 2133 276 508 0 437 498 635 END
START 8040 10984 9912 1425 2114 318 521 6 436 498 635 END
START 10568 19400 5052 1564 2667 953 513 0 433 495 635 END
START 7608 14108 3956 2176 2214 -232 516 0 434 497 636 END
START 5492 9228 5420 1092 522 -34 519 9 438 499 611 END
START 1392 13192 9652 -34 -1219 1388 515 0 435 497 638 END
START 4188 19428 7124 -340 -946 1019 516 1 436 495 639 END
START 20 15920 6472 188 -1020 5 516 0 434 498 635 END
START 3664 9916 3664 -611 -1474 -385 515 5 430 501 637 END
START 6288 9372 4212 -1757 -858 63 518 0 434 501 635 END
START 1192 17356 8048 -2447 -1462 1208 509 7 414 498 635 END
START -604 16464 9048 -2780 -667 1369 515 1 432 494 636 END
START 5580 20008 7400 -2652 483 1178 516 0 351 500 636 END
START -2676 16800 8152 -1791 719 624 514 0 436 496 635 END
START 804 14288 6096 -1248 797 180 507 4 434 499 639 END
START 168 9888 6696 -1306 1151 -371 516 0 433 494 637 END
START -1920 9416 9584 -1708 -790 22 514 0 439 499 637 END
START 6124 11432 6724 -2075 -246 425 512 3 439 498 636 END
START -252 14384 12176 -2001 -1177 1238 515 6 433 496 636 END
START 5844 11724 9076 -1552 -960 1125 534 25 407 506 637 END
START 812 14752 13168 -1183 -438 885 515 0 434 498 635 END
START 4276 17296 11420 -635 1933 168 510 0 438 497 637 END
START 8060 20828 8952 337 5008 -342 515 1 446 498 635 END
START -8 19228 11584 1443 5426 -1255 516 7 434 498 630 END
START -3084 17852 12420 2257 5729 -1397 521 0 430 502 665 END
START 2440 15744 7900 2562 4082 -1451 517 0 436 502 634 END
START 9148 13464 3148 2589 3141 -1872 465 17 450 502 632 END
START 8844 12708 2692 2809 1820 -1761 518 0 437 500 634 END
START 8336 14164 2212 1932 -393 -1529 514 1 428 498 633 END
START 8916 11948 1208 1705 -3407 -1078 524 0 437 505 608 END
START 1532 11832 6080 1862 -5725 -672 512 0 436 499 634 END
START -5068 11656 10732 1530 -7924 -727 518 14 395 498 633 END
START 4360 11748 3600 1831 -7931 -1164 520 0 431 497 633 END
START -2772 11448 8440 1799 -7765 -1419 519 0 437 498 634 END
START -4640 10636 9796 2220 -5653 -1539 592 30 440 503 618 END
START -472 10680 5804 3058 -1957 -1831 517 0 435 502 631 END
START -6728 10732 10072 3616 -212 -1714 515 0 436 498 632 END
START 3428 10344 2456 4201 1542 -1780 508 18 423 509 620 END
START -5384 10800 8672 4271 901 -2027 518 0 438 498 630 END
START -8784 10644 11324 4166 -616 -2325 518 21 438 499 633 END
START 2364 10296 2768 4417 1076 -3065 516 0 430 499 629 END
START -4940 10000 7164 4509 1071 -3078 515 0 433 497 631 END
START -6912 9836 8916 4682 2900 -3626 519 38 442 519 635 END
START 1124 10168 2896 4710 3868 -4153 514 2 441 499 627 END
START -6284 10456 7968 4276 3092 -4719 517 0 444 500 628 END
START -7632 10216 9012 3667 3091 -5738 516 0 434 499 630 END
START -2400 8824 5112 3297 3668 -6341 514 0 435 497 631 END
START 4952 8020 788 3477 5180 -5314 509 18 389 505 602 END
START 10136 8392 -2260 2836 5717 -5325 520 1 440 498 627 END
START 11948 8676 -3204 2275 4059 -6185 517 1 436 497 626 END
START 8036 10116 -360 1693 3174 -6942 516 2 434 499 627 END
START -140 11712 3992 1033 3227 -7283 516 0 436 496 626 END
START -8556 13508 9828 1047 3369 -6638 521 46 436 495 633 END
START 10628 8832 -3040 1379 4783 -6712 518 3 436 499 626 END
START 1728 10496 2812 1014 3514 -7401 516 0 439 498 626 END
START -7640 12156 8764 602 1505 -8085 503 5 434 492 627 END
START -13952 14452 13064 153 789 -8554 512 8 442 499 627 END
START 10108 8744 -4104 307 2581 -8330 523 21 483 524 631 END
START -96 10316 2888 607 3457 -7837 515 0 436 499 626 END
START -7852 15924 7672 676 1529 -7880 516 11 436 500 630 END
START -18356 13484 15732 716 -447 -8665 516 0 423 500 625 END
START -19760 14960 16296 336 -1552 -9628 516 0 437 497 625 END
START -356 9360 1892 157 984 -11127 504 32 408 500 629 END
START -8720 10348 7684 694 1188 -10382 516 0 437 490 624 END
START -15204 12268 12308 955 1433 -10383 521 1 436 499 625 END
START 4744 7060 -1600 1062 1652 -12042 521 18 444 486 628 END
START -1792 8568 3312 1085 1258 -13815 517 2 434 498 625 END
START -7844 9604 7628 996 296 -14905 514 0 435 497 625 END
START -11736 11096 9368 363 1236 -16296 516 0 436 498 625 END
START 11548 5344 -6936 1362 6560 -19106 514 0 437 498 628 END
START 6928 6480 -2608 2160 13516 -19766 493 85 439 560 629 END
START 6148 5596 -3416 3426 17090 -20685 514 0 433 497 627 END
START -15996 7752 10560 4152 17693 -22587 518 0 441 497 624 END
START -6520 7572 1716 5570 18921 -24518 525 0 436 501 616 END
START -10008 4556 -1300 5915 21499 -28783 512 0 436 498 627 END
START 7352 -3128 -18000 9720 25698 -22731 512 0 433 499 626 END
START -23584 6204 -656 10306 24440 -13224 503 5 436 506 629 END
START -32768 12444 10156 9613 8516 -4754 507 2 436 494 629 END
START -18036 5948 -16296 4745 -3879 -10770 510 2 433 497 628 END
START -11244 2400 -18072 1621 -13251 -13814 517 0 435 498 630 END
START -18780 7232 -7864 2389 -4445 -8714 515 0 430 485 633 END
START -17424 10280 -9240 4072 6931 -2496 513 0 433 499 634 END
START -17860 17068 -6252 3964 10152 -844 511 5 434 499 632 END
START -23824 18620 840 2591 7123 -1132 513 13 438 500 639 END
START -6676 15080 -10552 973 6361 -124 507 0 432 502 631 END
START -1300 14980 -13184 -52 3066 1540 509 82 427 499 634 END
START -32000 15244 9872 -1431 -3248 1302 513 5 434 517 635 END
START -7448 8688 -7812 -2053 -4106 -47 507 0 434 500 635 END
START -3752 7744 -10396 -1886 -868 -97 539 7 447 531 631 END
START -2404 6792 -11616 -1795 2718 493 511 0 434 503 636 END
START -1996 5272 -13248 -1463 3528 666 511 1 434 500 635 END
START -11272 5248 -7688 -1506 1859 825 502 8 371 507 639 END
START -14032 5168 -5508 -1319 -746 1274 511 0 434 498 635 END
START -17536 5868 -2652 -1101 -3546 1950 510 0 434 499 637 END
START -19872 7984 -2844 -534 108 1611 511 6 431 499 634 END
START -14160 7576 -6716 -563 1039 1515 511 0 431 499 635 END
START -1968 10252 -13440 -344 2600 1509 506 21 440 510 624 END
START -6508 11800 -9356 -658 -1635 2756 513 3 435 498 636 END
START -22532 17456 7064 -1016 -1405 2869 516 0 435 500 635 END
START -484 10576 -10076 -1616 772 2436 499 26 436 528 640 END
START -6544 10732 -5896 -1875 -2887 1854 511 0 435 499 632 END
START -22076 6800 5096 -2104 -3486 849 512 0 434 498 636 END
START -18016 6008 1772 -2034 -706 424 524 0 443 544 639 END
START -13736 5412 -1316 -1857 763 206 514 2 435 500 636 END
START -9692 4880 -3896 -1616 1677 148 477 67 437 471 639 END
START -2152 3504 -11128 -1219 2126 -88 516 0 434 500 636 END
START -5428 4704 -8712 -889 694 -326 510 0 436 496 634 END
START -8652 4984 -6556 -975 1467 -376 517 3 430 521 638 END