START 4144 12712 6284 -4925 -3008 1266 499 1 428 489 651 END
START 3552 12652 6584 -4811 -2982 1493 491 20 401 492 649 END
START 3820 12732 7000 -4931 -3273 1373 497 1 428 489 652 END
START 4468 12212 6752 -5077 -2473 1304 500 1 426 495 645 END
START 5516 12864 6624 -4720 -738 1132 503 0 424 491 651 END
START 4352 11292 5996 -4831 177 1036 498 0 422 489 651 END
START 3328 11108 8140 -5291 -948 1040 500 0 337 496 653 END
START 3856 9668 8536 -4823 -666 731 501 1 428 492 651 END
START 3164 10544 8276 -4025 -420 506 529 18 439 465 658 END
START 6120 16112 8972 -3670 -290 1285 505 0 426 490 651 END
START 5980 10812 9048 -3303 138 1487 501 0 426 490 647 END
START 7148 13784 5972 -2037 2084 316 502 1 428 492 652 END
START 6072 9952 10792 -1888 2456 1166 496 2 427 490 650 END
START 3292 15804 8008 -1171 1804 1184 514 48 438 499 653 END
START 11380 11344 3740 -954 677 -422 502 0 424 491 650 END
START 5116 9976 10260 -690 667 525 500 7 422 493 650 END
START 5112 19208 12584 -59 423 1633 504 0 429 492 651 END
START 4064 12804 7696 1273 1201 107 503 1 428 490 650 END
START 4624 8384 8084 1037 918 -224 502 0 428 492 647 END
START 8784 9380 7712 357 76 988 502 1 425 490 650 END
START 6480 17084 8044 753 -174 549 503 8 429 492 650 END
START 10288 10440 3464 1429 517 -826 503 0 428 497 650 END
START 6360 8040 6196 1295 -58 -376 506 0 426 491 651 END
START 9748 8380 6940 271 -172 129 502 0 428 490 650 END
START 6896 16300 9876 -3 -161 948 504 3 427 489 650 END
START 2872 16704 9020 691 342 548 502 0 427 490 649 END
START 10128 10120 2724 833 752 -919 507 0 429 489 647 END
START 5860 8888 5532 142 -255 -737 503 0 428 490 650 END
START 10468 7328 5376 -802 -506 -265 504 0 427 491 642 END
START 8068 9316 7512 -1178 -1650 134 503 0 426 490 650 END
START 7016 17524 10072 -1179 -1032 758 501 13 391 500 651 END
START 3632 15492 10588 -1214 -205 617 503 0 428 490 650 END
START 8800 18560 8284 -1043 1048 634 466 8 428 489 651 END
START 9192 18776 7180 -627 332 123 504 0 427 489 650 END
START 980 13956 8740 -6 649 -781 506 0 428 492 649 END
START 6024 8612 5012 -554 -431 -758 501 0 434 487 649 END
START 8464 7364 5900 -1240 -663 -451 507 0 428 491 647 END
START 11208 8188 4776 -1623 -612 104 504 7 429 491 650 END
START 548 14440 12368 -1726 -1009 467 502 0 434 492 650 END
START 5884 17052 9832 -1736 -374 982 501 25 481 499 651 END
START 10800 18892 6924 -1745 978 1061 503 0 424 488 650 END
START 9600 18692 6796 -1571 1382 1093 498 17 400 486 627 END
START 9256 17740 7152 -3371 57 548 504 5 424 478 649 END
START -5288 17132 13012 -1348 -662 -13 501 4 425 491 650 END
START -4784 15220 12844 -1050 -1025 542 501 0 424 492 647 END
START 604 16592 10204 -1199 -471 714 493 0 423 487 647 END
START 11016 10824 2588 -1066 1007 85 531 18 418 512 654 END
START 10480 9028 2592 -916 2104 360 502 0 422 492 649 END
START 3592 8748 6888 -1270 -103 301 496 11 429 497 648 END
START -1760 9208 12388 -1778 -2968 94 503 0 426 492 648 END
START -740 8528 13360 -1821 -3657 379 502 9 424 493 647 END
START 6016 7056 10436 -2173 -4208 -70 502 5 425 485 650 END
START 14908 6540 5360 -2139 -4103 -663 502 0 424 494 649 END
START 16856 7516 5012 -1247 -2414 -497 465 20 428 494 651 END
START 11812 10464 8952 -545 -821 -1295 502 0 420 494 646 END
START 17008 8476 5024 -2 -608 -1956 503 0 421 493 647 END
START -920 14260 17516 -82 -5518 -1486 500 14 427 498 651 END
START 8828 10276 10512 -109 -8785 -3011 504 1 425 495 644 END
START 4472 13144 13560 325 -7729 -4008 502 4 424 494 647 END
START 12452 10932 7640 1194 -4500 -4260 500 0 430 494 646 END
START 4552 13228 12532 2000 46 -4716 502 0 425 495 646 END
START -1200 14576 15384 3196 3490 -3765 529 24 422 505 624 END
START 4944 11164 10484 4056 4079 -3466 502 0 423 495 648 END
START -3676 14392 15704 4518 2093 -3068 504 0 425 495 645 END
START -4608 16536 16088 3906 -1376 -3786 505 0 433 489 649 END
START 152 13500 11200 4722 -2511 -4103 502 1 423 494 647 END
START -4120 15464 14208 5000 -2705 -3960 503 0 425 496 646 END
START 6868 11060 6052 5493 464 -4942 508 5 429 450 648 END
START -700 13256 10752 6098 1111 -4280 505 3 423 499 646 END
START -4460 15816 13344 6597 2560 -4517 528 17 404 432 652 END
START 2524 11756 7992 6249 3008 -5867 504 0 432 489 648 END
START -3968 13604 12572 5425 558 -7330 505 0 428 497 646 END
START -3532 15144 11632 4561 -210 -8380 505 14 413 509 625 END
START 2912 10756 5144 4357 1189 -9061 506 14 426 496 646 END
START -3608 13180 9800 4884 2960 -8698 505 4 426 499 647 END
START 4332 8952 3168 4241 2056 -9377 502 0 431 495 648 END
START 312 15612 6856 3526 1072 -11193 505 0 425 495 646 END
START 8116 17464 3040 2385 2431 -12523 511 0 433 466 644 END
START -7060 15016 11388 1490 3301 -14367 505 1 431 494 646 END
START 1412 14172 3096 618 2505 -16398 504 0 426 496 648 END
START 7884 15312 1844 2036 7329 -14052 503 5 427 495 651 END
START -11232 13404 12872 634 6723 -13777 505 0 423 491 646 END
START -6912 13772 9508 240 1990 -17529 509 26 436 478 657 END
START -12116 11724 13596 -644 2639 -20771 506 0 458 497 647 END
START 12288 5404 -6256 -1184 10268 -24342 508 0 430 496 645 END
START 10176 1276 -4612 2919 16807 -20873 536 24 431 512 650 END
START -10860 4924 8296 3044 16474 -19354 507 13 426 495 649 END
START -13920 3224 6904 3560 11712 -23834 507 0 425 497 646 END
START 4544 3196 -5512 3584 11839 -29352 501 23 426 496 646 END
START 2176 4692 -5048 3225 16586 -31800 507 7 424 498 649 END
START 7468 -2256 -14556 4993 24976 -31967 510 1 426 498 649 END
START -12608 1648 -1604 11194 32767 -21799 507 0 425 497 650 END
START -7840 8544 -2072 9869 32767 -15562 499 2 438 461 651 END
START -9296 5372 -9512 7493 12191 -17867 509 0 426 494 649 END
START -32768 7492 6844 4507 -5222 -24833 507 0 433 497 649 END
START -32768 4448 3540 3295 -3469 -21726 511 80 430 499 622 END
START 4868 1564 -22096 3652 9862 -13030 504 0 431 497 649 END
START -32768 8460 5344 2375 7194 -9926 504 2 430 499 649 END
START -32768 8940 4876 2298 303 -9534 505 4 426 503 651 END
START -32768 10384 1788 1084 -4195 -7936 506 1 427 495 649 END
START -5960 10932 -17860 1276 -147 -5960 505 72 437 486 648 END
START -31488 20160 5532 386 -888 -2429 509 5 428 502 647 END
START -26204 20616 4688 -669 426 -821 502 2 429 497 647 END
START -18660 19692 920 -1262 -236 -91 510 19 382 501 624 END
START -11220 18808 -3432 -1828 -530 408 502 0 427 496 649 END
START -19696 13476 1720 -2136 -1797 1316 501 2 426 497 649 END
START -28136 9416 8008 -2305 -5080 1531 515 0 435 494 653 END
START -30020 9088 10368 -1849 -2294 1306 506 1 430 497 650 END
START 9164 2364 -16072 -1302 2132 1223 507 3 428 496 651 END
START 10400 1764 -17332 -1204 2208 1406 505 1 428 496 649 END
START -27924 4988 7944 -921 -742 1644 504 0 428 496 649 END
START -27224 4948 7804 -1120 -1371 1844 510 134 437 478 638 END
START -17392 5004 416 -614 -3367 1487 506 5 430 502 650 END
START -15372 5036 -672 -514 -2327 1321 506 3 428 496 649 END
START -13900 5536 -1512 -325 421 1415 466 23 391 498 639 END
START -10548 5648 -4380 -250 2189 1060 505 0 429 496 653 END
START -7552 9692 -6736 -144 2307 919 510 0 428 497 649 END
START -2304 5540 -11180 -397 1654 786 507 0 428 497 649 END
START 248 5924 -13096 -354 1350 648 506 5 426 499 650 END
START 972 6712 -13296 -382 1147 467 504 0 432 494 654 END