START -4560 -1412 12576 -362 1062 650 601 0 550 602 597 END
START -5536 -2120 11800 47 1429 680 601 0 550 602 597 END
START -7560 -1108 13444 380 2686 527 601 0 550 602 596 END
START -3176 -2096 10156 860 6815 1480 601 0 550 602 596 END
START -8508 -1040 13912 461 6264 340 600 0 550 602 596 END
START -9372 -1248 15992 -324 6697 1912 600 0 550 603 596 END
START -8212 -1624 17368 -1869 9652 974 599 0 550 603 596 END
START -10208 -4940 16904 -2060 10008 -916 599 0 550 603 596 END
START -17320 -4980 20056 -1612 3643 -4274 599 0 550 603 596 END
START 968 1652 13064 -1791 -4124 -4240 599 0 550 604 596 END
START -11736 -3560 19280 2195 -2701 -1476 600 0 550 604 595 END
START -7116 -532 19204 3571 588 1200 600 0 550 604 594 END
START -11268 -2968 22484 4227 7484 2655 600 0 551 604 589 END
START -12844 -3028 21588 4181 10305 3817 600 0 551 604 584 END
START -6940 -7572 14404 4239 16946 4942 600 0 551 601 577 END
START -11280 -5512 9268 4315 23995 5644 598 0 547 591 567 END
START -8448 132 4076 3517 32767 6898 596 0 536 572 553 END
START -9032 5516 4796 2339 32767 8209 591 0 518 552 535 END
START -14604 8968 6532 344 32767 10075 587 0 503 534 517 END
START -19752 9656 7120 -2165 32767 12189 584 0 492 518 498 END
START -21264 6328 872 -4564 32767 13704 583 0 481 499 475 END
START -26608 2676 3740 -7058 32767 14090 581 0 468 480 451 END
START -25080 6536 -7040 -9470 32767 15239 578 0 450 459 425 END
START -14900 11860 -6588 -11428 32767 16981 578 0 430 439 404 END
START -22852 11868 1128 -15544 32767 18641 574 0 411 423 388 END
START -22188 4080 1340 -17764 30821 17454 567 0 398 412 377 END
START -16352 1320 -4764 -19091 26559 15494 557 0 389 406 374 END
START -6572 4460 -12484 -18288 26175 14921 547 0 383 406 373 END
START -11092 5324 -956 -18545 22299 13874 534 0 378 405 371 END
START -13892 2556 1636 -18683 19603 12719 526 0 373 404 368 END
START -13880 -1456 4204 -17668 14884 9796 517 0 372 406 368 END
START -13860 3224 -5244 -16588 12325 6978 512 0 371 406 369 END
START -6744 8092 -3424 -15603 13134 6147 509 0 371 408 370 END
START -7748 5812 -2672 -15215 11232 5758 506 0 371 408 371 END
START -12180 2356 -1500 -13357 9680 4592 505 0 371 410 372 END
START -16720 1500 1856 -11943 6062 2871 503 0 371 411 373 END
START -12452 -1668 660 -10585 3947 1088 502 0 371 412 373 END
START -14132 3208 -8680 -8740 3589 116 503 0 372 415 374 END
START -7240 5308 -9160 -7305 6059 -496 503 0 373 415 375 END
START -5088 8156 -7192 -6634 6929 -699 503 0 374 415 375 END
START -17384 9500 2724 -6130 5153 -645 503 0 375 418 376 END
START -15804 8468 828 -5514 2715 -1167 503 0 375 418 376 END
START -12628 6636 -2088 -4587 812 -1641 503 0 376 418 376 END
START -18552 2820 -36 -3652 -1995 -2032 503 0 376 418 377 END
START -16184 1172 -812 -2792 -3170 -2669 502 0 376 419 378 END
START -18892 2880 -6352 -1391 -3630 -2446 503 0 377 420 377 END
START -7592 8756 -8836 -1182 -1159 -1524 503 0 377 421 378 END
START -16976 11156 792 -1679 -1083 -1047 502 0 378 421 379 END
START -11796 6612 -4956 -1931 775 -1023 503 0 378 421 379 END
START -17172 1308 -720 -1970 -36 -1481 503 0 378 422 379 END
START -13952 -292 -2516 -1554 -711 -1478 503 0 379 423 380 END
START -19156 5472 -9812 -480 -2172 -1140 503 0 380 423 380 END
START -10448 11176 -6572 -320 -1591 -389 503 0 380 425 381 END
START -14216 11660 -2008 -976 -3326 600 503 0 381 424 381 END
START -10472 7868 -3524 -1274 -2274 315 504 0 382 425 382 END
START -17600 4276 -656 -1220 -2222 -113 504 0 382 426 382 END
START -16876 2376 -340 -1061 -1962 -635 504 0 382 426 382 END
START -15604 1740 -3400 -635 -2288 -953 505 0 383 426 383 END
START -18856 3736 -6464 -95 -2117 -729 505 0 383 427 384 END
START -7148 9136 -8820 115 -1228 -631 505 0 384 427 383 END
START -7420 10168 -7072 150 -1197 -761 506 0 385 427 384 END
START -10960 11024 -2100 215 -2045 -483 506 0 385 428 384 END
START -11260 8564 -832 215 -2906 -488 506 0 385 428 384 END
START -8508 6372 -2852 460 -2776 -959 506 0 386 428 384 END
START -7736 5296 -4196 676 -2826 -1888 507 0 386 429 384 END
START -9372 3912 -3572 1032 -2993 -2729 507 0 387 429 384 END
START -11760 32 -348 1434 -2113 -3981 507 0 387 429 385 END
START -7932 -1408 -1852 1682 531 -4970 508 0 387 429 386 END
START -7280 -2080 -3024 2141 2876 -5980 507 0 387 430 386 END
START -19340 3120 -5364 2712 2633 -6443 507 0 388 430 385 END
START -17484 4224 -8524 3429 2383 -6546 507 0 388 430 386 END
START -7104 8164 -7344 3859 2445 -6624 508 0 389 431 387 END
START -11032 9064 -3000 4097 2067 -6492 508 0 389 431 386 END
START -10644 6604 -3088 3889 2973 -6761 508 1 389 431 386 END
START -7904 4632 -6204 3652 5331 -7383 508 0 390 431 386 END
START -18028 912 -1104 3652 5386 -7671 508 0 390 431 387 END
START -17456 -1724 -1596 3806 4015 -8205 508 0 390 432 387 END
START -19384 -984 -7492 4536 1675 -8430 507 0 390 431 387 END
START -18776 1832 -11208 5326 800 -8188 507 0 390 431 387 END
START -11436 6680 -7548 5270 798 -7714 507 0 391 431 387 END
START -16496 7120 -2200 4753 466 -7176 507 0 391 432 387 END
START -15860 5832 -1996 4131 2484 -7302 507 0 392 432 387 END
START -15044 772 -5124 3758 4006 -7618 506 0 392 432 388 END
START -19404 -1684 -2756 3746 4789 -8082 507 0 392 432 388 END
START -18276 -3696 -6876 4402 4562 -8129 506 0 391 432 388 END
START -12272 3240 -13776 4861 5889 -7023 506 0 392 432 388 END
START -20620 5908 -1800 4189 2891 -5771 507 0 392 433 388 END
START -16748 3244 -5024 3933 2590 -5850 507 0 392 433 388 END
START -20352 -1128 -4400 3917 1896 -5981 507 0 393 433 388 END
START -18212 -4420 -7416 3756 2166 -6108 508 0 393 433 389 END
START -13796 2404 -15028 3867 3590 -4859 507 0 393 433 389 END
START -20964 4872 -3640 2933 2675 -3421 508 0 394 433 388 END
START -18228 2708 -5244 2345 1599 -2936 508 0 393 433 389 END
START -19848 -1580 -5380 2068 1573 -2754 509 0 393 433 389 END
START -17152 -6000 -7272 1705 2135 -3136 509 0 394 433 389 END
START -20328 -2512 -12224 1765 5058 -2315 510 0 394 433 389 END
START -12180 4112 -10512 1114 5829 -507 511 0 394 433 389 END
START -18532 2344 -5688 469 3548 28 512 0 393 433 390 END
START -19792 3316 -4188 572 1229 460 512 0 394 433 390 END
START -13560 560 -8144 741 -88 677 514 0 394 434 389 END
START -13880 -876 -7664 719 -478 959 514 0 395 434 389 END
START -11548 4 -8048 500 376 849 515 0 394 434 390 END
START -11004 544 -7620 234 2062 937 515 0 394 434 389 END
START -14660 -1040 -6392 -82 3182 745 516 0 396 434 390 END
START -18448 -3416 -3924 -78 2803 292 515 0 394 434 390 END
START -15956 -6232 -4136 -73 1902 -221 515 0 394 434 389 END
START -15552 -6672 -6932 242 903 -358 515 0 395 435 390 END
START -19752 -3944 -10092 601 4 -339 515 0 395 436 390 END
START -18036 -288 -14540 596 -79 -66 515 0 395 435 390 END
START -10748 1588 -15280 651 331 350 515 0 395 435 390 END
START -14848 516 -16200 432 1473 349 515 0 395 435 390 END
START -9420 2064 -15140 180 1621 870 515 0 395 436 391 END
START -11072 4124 -10532 -49 1627 1484 515 0 395 435 391 END
START -16748 4696 -5064 -413 -691 2184 516 0 396 436 391 END
START -11684 -152 -8748 -536 -772 1877 515 0 396 436 391 END
START -12656 -1280 -8996 -582 -790 1546 516 0 396 436 391 END
START -15736 -6480 -4556 -775 -1657 880 516 0 396 436 391 END
START -13464 -7036 -6476 -619 -1116 767 516 0 397 436 391 END
START -15996 24 -16296 -342 -321 1083 516 0 397 436 392 END
START -9816 1776 -15412 -407 956 1230 517 0 396 437 392 END