START -10496 6652 1340 -7660 27434 -1706 496 0 379 406 379 END
START -11448 6140 988 -7334 27979 -1442 493 0 379 407 379 END
START -16280 7028 2020 -6509 26056 -1259 486 0 380 408 380 END
START -18260 7364 3420 -5649 21314 -1420 479 0 379 410 380 END
START -15336 7584 1700 -5019 18560 -1720 476 0 379 410 380 END
START -14204 8448 772 -4345 18134 -1372 473 0 379 411 381 END
START -15128 5764 256 -4035 16497 -1523 471 0 379 412 382 END
START -12764 9364 -2336 -3287 15085 -970 471 0 381 413 382 END
START -14564 5456 -4576 -2267 13056 -1746 471 0 382 415 381 END
START -19008 2752 1792 -2280 9823 -1998 470 0 382 415 382 END
START -18508 2216 1336 -2237 7327 -2301 471 0 383 417 383 END
START -21496 3420 2052 -1810 4982 -2333 471 0 384 417 384 END
START -15988 1272 136 -1270 2474 -2281 471 0 386 418 384 END
START -7484 360 -4248 -868 739 -2292 472 0 387 419 385 END
START -2832 -300 -7448 -659 457 -2693 474 0 388 420 384 END
START -1600 -448 -7124 -288 423 -3076 474 0 388 420 386 END
START -2648 -616 -6076 -46 739 -3576 473 0 388 421 386 END
START -6184 -284 -4868 107 2237 -4090 473 0 390 422 387 END
START -12836 1272 -2988 446 2813 -4318 474 0 389 423 386 END
START -10800 8116 -10776 814 2344 -4152 474 0 390 423 387 END
START -7056 9800 -10580 1052 2887 -3725 474 0 391 423 387 END
START -15560 12456 2220 541 2113 -3533 474 0 391 424 388 END
START -15744 10856 2364 209 2513 -3623 475 0 392 425 388 END
START -13416 8932 -944 204 3681 -3767 475 0 392 424 388 END
START -10816 6340 -4192 505 2779 -3941 475 0 392 425 388 END
START -19072 2144 948 863 475 -4459 475 0 393 426 389 END
START -14852 3892 -1932 942 437 -4530 475 0 394 426 389 END
START -17636 1468 556 902 1046 -5084 476 0 393 427 389 END
START -15036 -892 0 921 1833 -5413 475 0 394 426 389 END
START -17588 356 -16 923 1953 -5368 476 0 394 427 390 END
START -14100 -1628 -904 1186 1702 -5472 476 0 394 427 390 END
START -14172 -940 -3724 1558 2011 -5854 477 0 395 427 391 END
START -12840 7620 -11248 1589 3360 -5444 476 0 395 427 391 END
START -17304 10764 -628 1078 2592 -4176 477 0 393 428 391 END
START -18824 9452 2256 1154 1732 -4650 477 0 395 428 391 END
START -11384 2640 -5772 1349 2061 -4794 477 0 396 428 391 END
START -16348 1376 -1684 1705 1659 -5700 477 0 395 428 392 END
START -13460 -2520 -3688 1939 1713 -6530 477 0 396 428 392 END
START -14244 6156 -12604 2309 2749 -6248 478 0 396 428 392 END
START -14968 9792 -1992 1931 3737 -5269 478 0 396 429 392 END
START -19108 8280 1124 1621 1774 -5012 477 2 396 428 393 END
START -15956 5472 -1336 1837 1632 -5318 477 0 397 428 392 END
START -16396 372 -2528 2055 1316 -6014 478 0 397 429 393 END
START -17284 -1840 -924 2079 2324 -6677 478 0 397 429 393 END
START -18372 -4 -8264 2503 2576 -6663 478 0 397 429 393 END
START -18600 3680 -13080 2563 2861 -6225 478 0 396 429 394 END
START -12092 8916 -6968 2132 4883 -4957 478 0 397 429 394 END
START -16788 8420 -2012 1708 4206 -4469 478 0 397 429 394 END
START -11032 2680 -6928 1732 6314 -4500 478 0 397 428 394 END
START -19976 -2004 -1412 1459 5794 -4614 479 0 397 429 394 END
START -17868 -4892 -2548 2218 3809 -5036 479 0 397 430 394 END
START -20112 1656 -13068 2945 2630 -3980 479 0 397 430 394 END
START -11112 7052 -9488 2792 2415 -2504 479 0 398 430 395 END
START -14212 4288 -3736 2327 2027 -2096 479 0 398 430 394 END
START -10080 1412 -7876 1996 4393 -2467 479 0 397 430 395 END
START -19244 -3112 -2916 1700 3878 -3437 480 0 399 430 395 END
START -17364 -3876 -9536 1780 2375 -4236 480 0 399 429 395 END
START -18828 -128 -13628 2335 1805 -3943 480 0 400 430 395 END
START -9428 5884 -10196 1947 551 -3357 480 0 399 430 395 END
START -14104 3488 -2480 1822 -1175 -3923 480 0 399 431 396 END
START -6928 292 -6600 1860 1393 -5289 479 0 399 431 396 END
START -7024 -1560 -7108 1820 3234 -6710 480 0 399 431 396 END
START -9876 -7428 -3996 2476 4492 -8932 481 0 399 431 396 END
START -16056 -4356 -11556 3459 4302 -10381 480 0 400 431 396 END
START -8084 2524 -12600 3509 4037 -10392 481 0 400 431 396 END
START -21912 2248 -1812 2789 -680 -9686 481 0 401 432 396 END
START -16884 -280 -6616 2485 -356 -9322 482 0 400 431 397 END
START -21992 -4828 -6112 1778 1306 -8271 482 0 401 432 397 END
START -19384 -9360 -11528 1221 3432 -7109 482 0 401 432 397 END
START -18664 -416 -19800 1067 4769 -4112 482 0 401 432 397 END
START -27052 2512 -5508 -179 1326 -1076 482 0 402 432 397 END
START -24804 1232 -4680 -798 -1854 569 482 0 403 432 397 END
START -19880 -3936 -7464 -1049 -2075 1535 482 0 401 432 398 END
START -15552 -9296 -5684 -1272 -2126 1152 482 0 401 432 398 END
START -18236 -1636 -16272 -893 163 1876 483 0 402 432 398 END
START -11780 620 -16236 -926 1299 3076 483 0 402 432 398 END
START -18484 3304 -2892 -1287 -1054 3617 483 0 402 432 398 END
START -10260 -2680 -8236 -1150 -2747 3233 483 0 402 432 399 END
START -15860 -6960 -3300 -909 -3552 1634 483 0 403 432 399 END
START -14192 -6924 -8492 -615 -2628 509 483 0 402 432 399 END
START -16776 -3732 -12800 -273 -941 660 484 0 403 433 399 END
START -6796 2668 -12220 -367 1108 1216 484 0 403 432 399 END
START -11784 3544 -6948 -723 -160 1515 484 0 403 433 399 END
START -17224 2908 -2680 -825 -1835 1591 483 0 404 432 399 END
START -9860 -3088 -9028 -620 -2322 1118 484 0 403 433 399 END
START -12860 -4472 -7644 -300 -3787 765 483 0 404 433 399 END
START -14036 -9260 -5000 -157 -4742 36 484 0 404 433 400 END
START -14284 -8644 -7724 368 -5389 122 484 0 405 433 400 END
START -12884 -728 -15076 893 -5313 907 485 0 404 433 400 END
START -9204 1728 -12032 788 -5155 1631 488 0 404 434 400 END
START -14048 3176 -6524 608 -7100 2847 491 0 403 435 401 END
START -14988 -1212 -6340 585 -9814 3408 495 0 403 435 401 END
START -14240 -2768 -7280 943 -12814 3467 499 0 404 435 402 END
START -19512 -8172 116 1512 -17579 3266 503 0 405 435 404 END
START -21264 -3880 -8044 2891 -22201 3612 508 0 406 437 407 END
START -12976 1768 -7472 3793 -24718 4721 512 0 408 439 411 END
START -20780 584 1040 4037 -30803 5753 515 1 412 440 416 END
START -15308 -1912 -2868 4569 -32768 5720 519 0 415 443 421 END
START -20156 -5356 3244 5024 -32768 4607 523 0 420 447 426 END
START -16044 -5244 -4 5574 -32768 3449 527 0 423 450 433 END
START -16620 -2072 -3620 6133 -32768 2828 529 0 429 454 440 END
START -6976 3044 -2436 6002 -30933 2964 532 0 434 460 448 END
START -16644 2724 9012 5162 -29812 2365 535 0 439 465 454 END
START -15352 1516 8972 4483 -27114 1349 536 0 444 470 461 END
START -8268 -3132 4024 4100 -24706 47 538 0 449 475 468 END
START -9032 -4440 5824 3656 -22560 -917 539 0 454 480 474 END
START -14900 -4532 8852 3573 -20174 -2325 541 0 459 486 480 END
START -10244 220 1204 4002 -15216 -3223 541 0 465 491 485 END
START -8840 2960 4392 3881 -11056 -3019 543 0 471 497 489 END
START -9352 2652 10708 2957 -8555 -2997 544 0 478 503 494 END
START -11596 1112 11916 2260 -7627 -3190 545 0 487 512 500 END
START -10184 -2640 8964 1610 -6466 -4000 546 0 498 523 507 END
START -15516 -4388 11024 1666 -6000 -4586 548 0 510 535 518 END
START -10616 1428 3756 2092 -3908 -4228 549 0 522 546 527 END
START -10852 3684 11144 1332 -3346 -3788 550 0 532 557 534 END
START -12384 -888 10012 1068 -3463 -4269 551 0 541 566 539 END
START -12200 -5168 10796 626 -2166 -4748 551 0 548 574 544 END
START -15348 -4868 12148 1145 -1596 -5014 552 0 555 582 548 END
START -12340 -336 3804 1663 -84 -4326 552 0 561 589 552 END
START -12144 4476 10724 1415 -647 -3858 553 0 565 594 556 END