START -8596 8580 -2780 -3146 -4345 2346 470 0 402 424 397 END
START -8064 8628 -2904 -3052 -3224 2130 470 0 402 424 398 END
START -8004 8636 -2676 -2753 323 1585 470 0 403 424 398 END
START -9068 8604 -1744 -2460 2397 910 471 0 403 425 399 END
START -10812 8796 -1204 -2156 2627 461 471 0 404 426 399 END
START -11172 9568 -1552 -1665 1503 -25 470 0 404 426 399 END
START -11836 8072 -1812 -1231 -282 -661 471 0 404 426 399 END
START -9360 11096 -3532 -352 -690 -604 471 0 405 427 400 END
START -11528 5836 -688 -537 -2033 -1151 472 0 405 427 400 END
START -12296 8348 -276 -718 -2098 -955 471 0 406 428 400 END
START -9972 10516 -904 -840 -1131 -910 472 0 406 428 401 END
START -7712 12204 -1588 -872 1156 -1015 473 0 406 429 401 END
START -3628 10596 -4904 -808 2973 -1232 473 0 406 429 401 END
START -13380 9888 128 -603 3070 -1262 473 0 407 430 401 END
START -8456 9912 -3668 -343 3138 -1458 473 0 408 429 402 END
START -5288 9228 -5760 -139 1102 -1910 474 0 409 430 403 END
START -6236 8380 -5156 70 -735 -2422 475 0 409 430 403 END
START -9820 8168 -1936 427 -756 -2935 475 0 409 430 403 END
START -12948 6548 1024 480 -193 -3786 475 0 409 432 403 END
START -12256 4884 1476 620 1242 -4603 475 0 410 432 404 END
START -9656 2740 436 889 1532 -5529 476 0 410 431 404 END
START -10560 2504 -1156 1038 1463 -6261 476 0 410 432 404 END
START -14604 4324 -3584 1962 1460 -6551 476 0 411 431 404 END
START -6032 10360 -8104 2425 2842 -6167 477 0 411 432 404 END
START -13820 12092 1876 2444 1349 -6224 477 0 412 432 405 END
START -11508 10564 256 2815 1027 -6548 477 0 411 432 404 END
START -8284 7792 -3252 3155 1292 -7492 477 0 412 432 405 END
START -14740 3276 660 3374 881 -8559 477 0 412 431 405 END
START -11492 348 -320 3600 1148 -9295 477 0 412 433 405 END
START -11284 340 -2684 3976 1900 -10198 478 0 412 432 405 END
START -15564 3644 -6796 4949 3099 -10655 478 0 412 432 405 END
START -6384 9948 -7936 5418 5626 -10202 478 0 413 433 406 END
START -16292 9828 332 5197 3821 -9430 478 0 413 433 405 END
START -12460 6744 -3908 5330 2571 -9657 478 0 413 433 406 END
START -12120 4828 -5796 5649 1351 -10254 479 0 412 433 406 END
START -14100 -756 -2412 5922 1035 -11030 479 0 413 433 405 END
START -18284 4764 -10888 6744 1424 -10471 478 0 412 433 406 END
START -12408 9720 -6548 6481 2266 -9132 478 0 413 433 405 END
START -13956 6144 -4768 5930 1121 -8752 479 0 413 434 406 END
START -12592 4260 -6948 5815 1704 -8954 478 0 413 433 406 END
START -15000 -1764 -2404 5672 3077 -9520 478 0 413 433 406 END
START -18404 4188 -13376 6095 4428 -8862 479 0 413 434 407 END
START -12248 5972 -12776 5925 5971 -7342 479 0 414 434 406 END
START -20176 8048 -1416 5354 3451 -6493 480 0 413 434 407 END
START -17508 2312 -5140 5385 2671 -6520 479 0 413 434 407 END
START -19096 -1136 -1968 5145 3074 -6889 480 0 413 434 407 END
START -20468 1048 -11496 5373 4386 -6327 479 0 413 434 407 END
START -13000 7288 -8860 4474 6373 -4873 480 0 413 434 407 END
START -16632 4856 -6424 3366 5380 -4125 480 0 413 433 407 END
START -15912 2328 -8776 2835 4521 -4004 479 0 413 434 407 END
START -18240 -3780 -4184 2271 2796 -4507 480 0 413 433 408 END
START -19384 3232 -16736 2717 1603 -3749 480 0 413 434 408 END
START -17468 7792 -6096 2038 1461 -2509 480 0 413 434 407 END
START -18548 7032 -4356 1242 -442 -1733 480 0 413 434 408 END
START -16664 1472 -7240 844 -816 -1754 480 0 413 434 408 END
START -19500 -1320 -3612 461 -2080 -2234 481 0 412 434 408 END
START -18388 -1604 -9216 699 -2085 -2175 480 0 413 434 408 END
START -9144 5036 -13132 982 327 -1151 480 0 413 434 408 END
START -13284 6720 -7368 570 404 -470 480 0 413 434 409 END
START -17636 6196 -3472 268 23 -84 480 0 413 434 409 END
START -16672 6376 -4440 137 488 98 480 0 413 434 408 END
START -14344 6200 -6832 33 563 329 481 0 413 434 409 END
START -11400 5460 -9672 -88 675 609 484 0 413 434 408 END
START -17276 5684 -4724 -315 440 777 480 0 413 434 409 END
START -17596 4532 -3808 -481 -273 1372 481 0 412 435 409 END
START -12948 2144 -7440 -710 -28 1063 481 0 413 434 409 END
START -12404 388 -8628 -770 -175 787 481 0 413 435 410 END
START -17124 -896 -5592 -888 -598 664 481 0 414 435 409 END
START -18576 -3276 -3196 -972 -892 109 481 0 413 435 410 END
START -14688 -5580 -4476 -982 -628 -231 481 0 413 435 410 END
START -19448 32 -12084 -387 -443 -102 481 0 413 435 409 END
START -14840 1912 -15140 -277 432 314 481 0 413 435 409 END
START -9300 3324 -13304 -250 1282 712 481 0 413 435 409 END
START -10560 4788 -9240 -434 739 825 481 0 413 434 409 END
START -16148 4952 -4460 -628 -335 847 481 0 411 433 410 END
START -17396 4092 -2940 -944 -1048 1172 481 0 411 433 409 END
START -12928 2128 -6472 -1159 -184 558 481 0 412 433 410 END
START -17276 -1872 -4400 -1127 -567 291 481 0 411 433 410 END
START -16776 -4408 -3068 -1023 -282 -539 481 0 411 433 410 END
START -18404 -1976 -10112 -180 -645 -632 481 0 411 433 411 END
START -8324 3712 -11416 226 1013 252 482 0 412 434 411 END
START -12284 5072 -6736 194 734 462 482 0 413 434 411 END
START -9128 4360 -9660 336 459 229 481 0 412 433 411 END
START -15228 5124 -4516 341 750 40 482 0 412 433 411 END
START -12248 4876 -7832 336 978 -74 482 0 412 434 411 END
START -9484 4252 -9792 417 692 -5 482 0 412 434 411 END
START -9016 3168 -12344 602 895 -71 482 0 412 434 412 END
START -13724 4784 -6852 655 436 158 482 0 412 434 411 END
START -11144 4380 -8800 618 -173 405 482 0 413 434 412 END
START -17152 4836 -3816 388 -580 630 483 0 411 434 412 END
START -15324 3060 -5124 10 -410 401 483 0 412 435 412 END
START -16284 4132 -3748 -133 -189 333 482 0 412 434 412 END
START -16184 -1092 -5772 -282 -119 91 482 0 412 434 412 END
START -17328 -4312 -3172 -194 -492 -276 483 0 412 434 412 END
START -13804 -5708 -4204 17 -797 -970 483 0 412 434 413 END
START -18356 -2620 -8936 604 -914 -984 483 0 412 434 413 END
START -8968 4236 -10776 591 373 -676 483 0 413 435 412 END
START -8944 3264 -12948 419 1 -458 483 0 413 435 413 END
START -11832 5816 -6764 490 -359 -760 483 0 413 435 413 END
START -15976 5804 -2152 385 -2154 -932 484 0 412 435 413 END
START -12420 3780 -4428 629 -3123 -1191 483 0 413 435 413 END
START -15700 -348 -2744 903 -4557 -2463 483 0 414 435 413 END
START -13352 -3416 -2212 1198 -4218 -4248 484 0 413 435 413 END
START -16580 -1416 -9840 1972 -2257 -4885 483 0 413 435 414 END
START -7652 3196 -11220 1596 738 -4061 482 0 413 435 413 END
START -18180 2460 -4380 750 -96 -3441 483 0 413 435 413 END
START -15252 -408 -9188 83 -265 -3041 483 0 413 435 413 END
START -16820 -2408 -9676 -399 -1330 -2456 483 0 412 435 413 END
START -17408 -8168 -5476 -810 -2544 -2217 484 0 412 435 414 END
START -17908 -1232 -17460 -438 -695 -631 484 0 413 435 413 END
START -16184 3200 -5840 -991 -210 940 483 0 413 435 414 END
START -17352 2380 -3448 -1456 -418 1614 484 0 413 435 413 END
START -12100 -288 -7080 -1372 910 1761 484 0 412 435 414 END
START -17968 -5080 -2292 -1137 849 1584 484 0 413 435 414 END
START -14088 -7136 -2516 -568 749 1456 484 0 412 436 414 END
START -15148 -1632 -14688 401 1001 1726 485 0 412 436 414 END
START -8812 832 -12080 889 1988 2225 488 0 413 436 414 END
START -11748 3560 -6496 1188 1442 2561 490 0 412 437 415 END
START -17384 3616 -1476 1132 388 2739 493 0 412 437 416 END
START -15136 1524 -3904 1432 572 2305 498 0 412 438 418 END