START -8312 6880 -5784 -4889 1495 -4994 468 0 675 445 462 END
START -8392 6936 -6052 -4692 1704 -5191 470 0 676 445 462 END
START -9520 7192 -5620 -4322 1442 -5287 468 0 675 444 461 END
START -11660 6724 -4780 -3653 -488 -5134 468 0 675 442 460 END
START -11332 7140 -4632 -3057 -1587 -5079 468 0 676 441 459 END
START -9968 7052 -4416 -2532 -945 -5428 468 0 675 440 459 END
START -9980 5604 -3860 -1980 1106 -5969 468 0 675 440 459 END
START -7936 8544 -4948 -1706 2604 -5546 468 0 675 439 459 END
START -9464 10568 -5568 -670 3020 -5719 468 0 674 438 458 END
START -14368 4348 -1228 -66 1539 -7046 467 0 674 436 457 END
START -12652 3280 -1328 354 3280 -7600 467 0 673 435 456 END
START -7020 3620 -5832 835 4385 -7988 467 0 673 436 455 END
START -9696 4992 -5404 1303 4018 -7938 467 0 673 437 455 END
START -16704 6052 -1216 1608 3155 -7906 467 0 672 438 456 END
START -3740 1372 -8872 1909 2282 -8238 467 0 672 438 456 END
START -6044 1668 -8568 2228 936 -8133 466 0 671 439 456 END
START -10796 3136 -8532 2441 -298 -8362 467 0 671 440 457 END
START -9796 11364 -11092 2650 1097 -6894 468 0 671 441 457 END
START -19348 12168 -844 2200 707 -5696 468 0 671 442 457 END
START -19508 13736 -4076 537 966 -1722 469 0 668 443 458 END
START -23652 9260 -4288 510 -826 -3226 469 0 667 442 458 END
START -23536 4704 -100 -18 -5547 -2397 469 0 667 443 458 END
START -16684 2392 -5844 -1018 -6192 -1815 470 0 668 443 458 END
START -18560 11788 -11584 -1275 -4022 611 470 0 668 443 459 END
START -18196 12892 -3560 -2529 -4803 2698 471 0 668 443 459 END
START -16116 8320 -7612 -3853 -5139 4429 471 0 670 443 459 END
START -23296 4080 -2380 -5013 -6601 5834 472 0 669 443 459 END
START -23124 9852 -10432 -5047 -8539 8727 472 0 669 442 459 END
START -18820 13672 -4152 -5320 -8534 12354 472 0 669 443 460 END
START -15316 9156 -3692 -5392 -10223 13450 473 0 669 443 460 END
START -15672 2852 -1616 -4832 -10864 13822 473 0 668 444 460 END
START -11964 11040 -7376 -3734 -8856 15568 473 0 668 445 461 END
START -14472 12488 588 -3612 -9152 17189 474 0 667 445 461 END
START -7772 8472 -2740 -3224 -8405 16729 474 0 666 445 462 END
START -10424 3632 1564 -3002 -7521 15144 474 0 666 445 462 END
START -11520 6548 -5088 -2056 -6222 13545 474 0 665 446 462 END
START -112 12872 -5604 -1545 -2657 13062 475 0 665 445 463 END
START -6044 12340 3040 -1467 -2965 11688 474 0 665 446 463 END
START -3224 8068 -640 -1144 -2004 8962 475 0 664 447 464 END
START -5952 6972 1244 -805 -2451 5983 476 0 664 447 464 END
START -4564 5312 456 -422 -1508 3085 475 0 664 448 464 END
START -1240 3148 -872 69 106 209 475 0 665 447 465 END
START -5084 5312 1256 586 -448 -1417 475 0 665 447 465 END
START -5720 6772 1468 1083 275 -3899 476 0 665 448 465 END
START -5500 5092 1124 1578 989 -6457 476 0 665 448 466 END
START -2872 3088 -268 2016 2919 -8753 476 0 665 449 465 END
START -2832 2724 -1348 2616 4326 -10876 476 0 665 449 466 END
START -9872 9004 -7448 3310 5231 -12254 477 0 665 449 466 END
START -5460 10908 -7716 4018 6890 -12217 477 0 665 449 466 END
START -12140 12904 -328 4407 4828 -12026 478 0 665 449 467 END
START -8228 8144 -2592 4932 4017 -12577 479 0 664 450 468 END
START -8712 7392 -4320 5302 4429 -13299 479 0 664 451 468 END
START -10736 3424 -1292 5172 7139 -14162 479 0 664 451 468 END
START -16036 8664 -7664 5527 9270 -13814 479 0 665 451 468 END
START -11700 12996 -6548 5541 11569 -12261 480 0 664 451 468 END
START -16056 10716 -3124 5187 7890 -11399 480 0 665 451 468 END
START -18632 7548 -4428 4885 5723 -11525 481 0 664 451 469 END
START -16660 3536 -7280 4379 3160 -11507 481 0 664 452 469 END
START -13180 11720 -12532 4010 3605 -9986 481 0 665 451 468 END
START -17740 12984 -2708 1801 2924 -6925 481 0 657 452 469 END
START -28500 5612 -12932 1060 423 -1624 482 0 657 454 469 END
START -18984 9656 -7156 1500 -2984 -2687 481 0 654 453 469 END
START -24852 4308 1328 1039 -6352 -1644 481 0 655 453 470 END
START -12172 9964 -14544 750 -1996 -201 483 0 654 453 470 END
START -9204 11480 -11520 -49 2237 1081 483 0 654 453 470 END
START -17144 12448 -364 -516 2131 1780 483 0 654 453 470 END
START -15416 9988 -1364 -507 530 1691 482 0 654 453 470 END
START -10004 7512 -5684 -488 120 1010 482 0 654 454 470 END
START -9620 6828 -6964 -569 159 789 483 0 654 453 470 END
START -14892 6152 -3540 -694 -77 574 483 0 653 453 470 END
START -12772 6384 -5020 -656 -625 364 482 0 653 453 470 END
START -17336 5040 -2204 -761 -1556 -205 482 0 653 453 470 END
START -15120 2120 -4956 -384 -2269 -708 482 0 653 453 470 END
START -9564 8556 -12048 25 -680 -171 482 0 652 453 471 END
START -12976 7880 -13280 -131 105 -358 483 0 652 454 471 END
START -13044 11592 -3016 -64 -135 649 483 0 651 454 470 END
START -15680 10912 -424 -199 -630 860 482 0 651 453 470 END
START -12472 8792 -3564 -352 -470 605 482 0 650 453 470 END
START -10988 6708 -5996 -319 -537 234 483 0 648 453 470 END
START -15412 5560 -3360 -231 -1757 -98 483 0 647 454 470 END
START -16564 2408 -304 -171 -2164 -752 483 0 646 453 468 END
START -12960 656 -1544 201 -3263 -973 483 0 646 453 470 END
START -13184 6588 -13620 594 -2933 -1009 483 0 644 453 470 END
START -7636 9012 -11964 464 47 -466 483 0 644 452 470 END
START -10752 10560 -7248 633 517 -123 483 0 642 452 470 END
START -17052 10576 -1640 582 -28 104 483 0 641 452 470 END
START -16412 9084 -1316 563 -509 8 483 0 639 453 469 END
START -18068 9984 -1272 601 -1056 25 483 0 639 452 470 END
START -13472 7680 -4460 560 -1996 -23 484 0 637 453 470 END
START -11456 6088 -6244 639 -2465 -106 484 0 636 452 470 END
START -15168 5064 -2864 701 -2891 -652 484 0 634 452 470 END
START -15908 2148 -100 582 -2751 -1292 484 0 632 452 470 END
START -16764 3800 -8544 937 -1039 -1631 485 0 631 451 470 END
START -13984 6476 -12300 1217 937 -1454 486 0 631 450 471 END
START -12400 10980 -2752 1188 1336 -584 487 0 630 449 472 END
START -16576 10192 -336 1240 80 -183 490 0 627 448 474 END
START -14596 8440 -2240 1573 -1146 -436 493 0 625 446 476 END
START -18780 4156 76 2025 -5613 -860 496 0 620 448 478 END
START -17684 1068 1984 2270 -11371 -1487 499 0 615 448 481 END
START -15428 296 -2460 2984 -15453 -2485 502 0 610 451 484 END
START -11524 6920 -11364 3551 -15017 -2208 505 0 602 454 489 END
START -15652 8924 -1932 2826 -19030 -1825 508 0 594 457 492 END
START -18684 4648 -228 2463 -22826 -2821 511 0 587 462 496 END
START -16256 1060 -2344 2090 -26516 -4171 515 0 581 470 502 END
START -12492 6616 -9304 2944 -29121 -3513 519 0 574 478 508 END
START -21388 9648 2172 1909 -32768 -2306 522 0 571 486 514 END
START -13684 5580 -3552 1295 -32768 -2085 524 0 568 495 520 END
START -21328 1932 5944 236 -32768 -2203 526 0 566 504 525 END
START -16884 740 4668 -403 -32768 -1709 528 0 565 513 529 END
START -20580 6232 -3764 -399 -32768 -1099 528 0 565 522 533 END
START -9200 10032 -640 -756 -32768 688 531 0 565 535 537 END
START -11644 10112 4184 -2169 -32768 989 531 0 566 546 542 END
START -6336 7376 4212 -4032 -32768 840 531 0 566 558 546 END
START -1508 5452 3720 -4990 -32768 550 531 0 565 570 550 END
START -2648 912 10604 -5489 -32768 -883 532 0 564 580 554 END
START 3100 -312 10604 -5806 -28200 -2420 531 0 563 588 558 END
START 120 1832 7628 -5314 -16457 -2345 533 0 560 593 562 END
START -6708 8532 11764 -5983 -12308 -1767 534 0 559 597 565 END
START -1260 10236 11556 -7843 -12393 -1264 535 0 557 601 566 END
START -4848 6284 14420 -10244 -14516 -278 536 0 556 603 568 END