START -9852 9976 -6780 3630 -14316 3542 531 0 570 478 483 END
START -10924 9928 -6892 3443 -12841 3522 530 0 574 476 483 END
START -13692 10824 -5132 2904 -11584 3597 524 0 584 463 476 END
START -13176 11096 -5860 1946 -10806 3788 519 0 592 446 463 END
START -12292 10140 -8208 1060 -7028 4262 513 0 600 435 455 END
START -11936 11560 -8296 27 -2236 4899 508 0 607 429 454 END
START -12324 13172 -5940 -1386 1228 6243 504 0 616 427 454 END
START -14344 10100 -6848 -1600 2396 6142 498 0 626 426 455 END
START -13040 7232 -4180 -2245 1482 6419 494 0 635 426 458 END
START -13560 10328 -4692 -2342 372 6883 491 0 644 428 461 END
START -12760 10116 -3860 -2452 415 6597 489 0 652 430 463 END
START -13764 9752 -2380 -2220 -446 5592 487 0 659 431 466 END
START -14580 9776 -252 -1949 -2249 4888 486 0 663 431 469 END
START -14136 7936 -608 -1696 -4891 4215 485 0 666 429 469 END
START -18156 7508 2996 -1296 -6876 2782 483 0 669 427 468 END
START -40 2800 -7104 -726 -7547 884 481 0 670 425 467 END
START -10284 5024 1552 -272 -7082 2 480 0 670 424 467 END
START -6392 3408 -108 84 -5015 -1215 478 0 671 424 467 END
START -9264 3860 -2632 361 -2281 -2005 477 0 671 424 468 END
START -12916 6132 -7300 900 582 -3185 477 0 673 423 468 END
START -9124 8484 -11564 1107 3712 -3902 476 0 673 423 468 END
START -8488 13440 -2816 1027 5178 -4117 476 1 673 423 469 END
START -10932 12936 248 1058 3775 -4923 476 0 673 423 469 END
START -7204 8324 -2812 1499 2108 -6314 477 0 673 424 469 END
START -9256 7588 -952 1841 851 -7879 477 0 674 424 469 END
START -7112 2940 -1244 2484 2197 -9427 477 0 674 425 470 END
START -10196 2704 -4100 3143 3631 -10657 477 0 675 426 470 END
START -7080 9984 -11312 3680 5095 -10782 479 0 675 427 470 END
START -15600 13424 0 3629 2288 -9445 479 0 674 428 471 END
START -16468 13176 -56 3678 -515 -9294 479 0 674 429 470 END
START -12136 9180 -5096 3700 -1589 -9595 478 0 675 428 471 END
START -13316 3540 -4248 3436 -1578 -10905 478 0 675 428 470 END
START -8900 11988 -11120 3322 2312 -9439 479 0 672 428 470 END
START -27472 18940 -16392 -586 6718 2096 482 0 671 428 470 END
START -28840 15376 -2260 8 1485 -788 482 0 670 428 470 END
START -19876 11712 -3244 379 -9046 568 483 0 670 429 470 END
START -15120 7768 -924 273 -11245 1187 483 0 671 430 471 END
START -13696 9324 -9708 26 -4102 2588 485 0 672 431 471 END
START -9964 13188 -13072 -1104 2050 5905 484 0 673 431 471 END
START -25352 14152 -2368 -2521 2034 9368 485 0 672 431 472 END
START -21340 10740 -5808 -3134 -3265 11540 485 0 671 432 472 END
START -22404 4952 -32 -3807 -11061 12734 485 0 671 432 472 END
START -17868 10528 -13264 -3303 -13330 14608 485 0 670 432 472 END
START -16004 12844 -1572 -3513 -14425 17303 485 0 671 432 472 END
START -12140 9468 -1420 -3155 -13654 17227 485 0 669 433 473 END
START -12120 7912 -7348 -2369 -11548 16222 485 0 669 433 472 END
START -4700 14268 -5852 -2058 -7061 16784 485 0 668 433 473 END
START -5260 12256 -1092 -2227 -6088 15813 486 0 668 433 473 END
START -8340 8256 1004 -1876 -6124 13530 485 0 667 432 473 END
START -3912 3940 -272 -1393 -5340 11015 486 0 666 434 474 END
START -8524 6440 -2960 -460 -4831 9248 486 0 667 434 473 END
START 3080 11996 -8168 68 -2946 7523 486 0 666 434 474 END
START -408 9640 -8108 402 -2439 5401 486 0 666 434 475 END
START 5276 12300 -8992 610 -964 3509 486 0 666 435 475 END
START 2304 14948 -7072 724 289 1291 486 0 666 434 475 END
START -4480 15024 -2204 921 1638 -1010 487 0 666 435 475 END
START -6920 15224 1832 767 1488 -2995 487 0 666 435 475 END
START -3912 14464 456 885 1892 -5014 488 0 665 436 475 END
START -864 11652 -3660 914 3140 -6888 487 0 666 436 476 END
START -2200 11244 -4628 1010 3587 -8496 488 0 666 436 476 END
START -7480 10780 -1596 1108 2679 -9919 488 0 665 436 476 END
START -5400 4996 -1096 1135 3847 -11422 488 0 666 436 476 END
START -7108 5064 -2032 1550 4046 -12041 488 0 666 437 476 END
START -8756 10648 -9460 1907 6084 -12374 488 0 666 437 476 END
START -10552 15444 -1540 1768 6188 -11969 488 0 665 438 476 END
START -9012 11468 -2976 1871 5824 -11961 489 0 666 438 476 END
START -15352 7976 404 2051 4472 -12657 489 0 665 439 476 END
START -13324 5024 160 2053 3505 -12851 489 0 665 439 477 END
START -12808 4148 -2212 2199 2185 -12409 489 0 665 439 476 END
START -12868 11324 -11068 2263 4038 -11226 489 0 665 440 477 END
START -15372 12648 -848 1844 2596 -9531 490 0 664 440 477 END
START -11556 9844 -4772 1865 3277 -8966 490 0 665 440 477 END
START -17256 5204 232 1669 2707 -8993 490 0 664 440 477 END
START -13800 3008 -760 1596 2948 -8727 490 0 665 440 477 END
START -16420 4208 -4572 1965 3639 -7984 490 0 664 441 477 END
START -9456 11424 -11932 2009 5470 -7425 490 0 664 441 477 END
START -17028 13556 -624 1287 2582 -3509 491 0 660 441 477 END
START -18852 9952 -7736 1437 1004 -2473 492 0 660 441 477 END
START -22320 8132 40 1861 193 -3156 492 0 657 442 477 END
START -16732 7972 -2276 1866 -661 -2933 493 0 657 442 477 END
START -13888 3100 -3496 2062 -819 -3114 493 0 657 442 478 END
START -16260 5436 -8384 2640 1929 -3156 493 0 656 442 478 END
START -7600 12496 -8052 2497 4484 -2471 494 0 655 443 478 END
START -14836 10408 -3072 2055 3229 -1731 494 0 654 442 478 END
START -10936 8100 -6576 1832 2969 -1828 494 0 652 442 478 END
START -16772 3956 -1720 1300 1224 -2396 494 0 651 442 478 END
START -18332 4332 -9096 1212 137 -2534 495 0 648 443 478 END
START -14828 7808 -15388 1081 1484 -2045 495 0 648 443 478 END
START -15424 13228 -4720 591 308 -674 495 0 647 443 478 END
START -17452 12092 -3136 -23 -1808 -386 495 0 648 443 478 END
START -12460 9460 -6240 -426 -2795 -538 496 0 647 443 478 END
START -16460 4560 -1428 -677 -4083 -1182 496 0 646 443 478 END
START -16480 4276 -7516 -380 -3703 -1615 497 0 646 443 478 END
START -8124 12052 -9120 -141 -31 -596 497 0 646 443 478 END
START -13680 12864 -3916 -344 190 175 498 0 645 444 479 END
START -17472 11816 -1488 -696 -976 687 498 0 644 444 478 END
START -13880 9388 -4408 -897 -238 774 498 0 644 444 478 END
START -11684 7332 -6476 -786 -321 782 499 0 643 444 478 END
START -15192 5924 -3444 -777 -923 380 498 0 643 443 479 END
START -15124 2928 -1072 -899 -614 -35 498 0 643 444 479 END
START -12496 1332 -2368 -673 -907 -96 499 0 642 444 479 END
START -16296 3360 -6988 -286 -642 -242 499 0 641 444 479 END
START -8276 10452 -11880 -351 1671 78 500 0 641 444 479 END
START -12224 12252 -6208 -631 1718 706 500 0 642 444 479 END
START -16548 11808 -1672 -834 -433 1529 500 0 641 444 479 END
START -11180 6512 -6892 -998 -796 993 500 0 641 444 479 END
START -15196 4764 -3536 -1089 -1525 694 500 0 640 444 479 END
START -13928 1648 -1664 -1010 -1659 -270 500 0 640 444 479 END
START -16208 5152 -10312 -229 -883 -472 500 0 640 444 479 END
START -10220 11252 -8780 -64 1186 72 500 0 640 445 479 END
START -7832 11104 -8616 -98 1030 518 501 0 639 444 480 END
START -13664 11708 -4112 -269 656 493 501 0 639 444 480 END
START -15496 10388 -2760 -261 272 512 501 0 639 444 479 END
START -11040 7980 -5992 -264 328 -131 501 0 639 444 480 END
START -11776 6232 -6308 -179 -118 -618 502 0 638 445 479 END
START -13064 660 -1360 -133 132 -1486 502 0 638 444 480 END
START -16208 2060 -5672 27 -701 -1616 502 0 638 445 480 END
START -16168 5644 -12404 386 -1180 -1469 502 0 638 445 480 END
START -13200 11788 -6520 -44 1153 -764 503 0 638 445 480 END
START -16732 11572 -2036 -431 -371 489 502 0 638 444 480 END