START -9596 3748 12400 4327 6502 4912 594 0 592 647 616 END
START -9716 3788 12292 4389 6444 5077 587 21 561 626 618 END
START -9700 3944 11912 4575 6153 5193 596 0 601 648 617 END
START -8972 3836 11348 4701 6448 4994 585 13 570 677 613 END
START -7396 4288 10072 5749 8750 4513 594 0 600 651 616 END
START -8544 3960 8812 6062 11272 4763 601 2 601 650 615 END
START -11452 4796 10356 6148 12910 5576 594 0 600 650 611 END
START -11360 7304 9284 5993 14090 6276 592 1 603 652 617 END
START -8844 7572 5768 5505 14085 6956 592 0 595 664 616 END
START -13752 5140 10992 4993 11995 6041 585 0 604 653 613 END
START -12852 6124 8256 5114 11037 4832 583 0 606 655 616 END
START -3824 5192 5384 4573 10795 5496 590 15 628 663 640 END
START -3072 7876 996 4902 11151 4620 581 2 609 658 614 END
START -8580 4192 5280 4314 12686 4650 584 17 670 663 620 END
START -3976 3128 1256 3668 16116 6039 572 3 613 658 620 END
START -9168 7916 3612 3327 19722 7027 577 0 617 660 619 END
START -3628 11328 -728 3498 24973 6938 578 15 625 639 619 END
START -9076 12280 1348 3067 27597 7348 579 0 617 663 619 END
START -6940 12036 -2896 2529 29735 7591 579 0 614 662 619 END
START -6244 12248 -4000 1692 31033 7966 576 0 613 663 622 END
START 1260 12172 -9284 493 30999 8159 578 0 617 662 618 END
START 84 11820 -9840 -607 30087 8044 579 11 619 677 618 END
START -2808 11968 -8724 -1927 28369 7601 579 11 619 662 618 END
START -4664 9440 -8384 -3516 22084 7861 579 0 617 662 619 END
START -32768 8732 15776 -4712 19645 7682 578 0 627 679 622 END
START 6948 2308 -16140 -5574 24680 6864 573 0 621 658 618 END
START 4272 2824 -15276 -6128 27996 6610 577 0 619 660 619 END
START -23472 6904 2380 -6423 26138 6514 567 8 629 635 628 END
START -24104 7056 2340 -6595 27083 5161 575 0 620 662 620 END
START -2012 8016 -15192 -7163 29452 4068 563 0 621 637 620 END
START -23704 15304 2700 -7867 26688 5806 577 0 608 661 624 END
START -24756 15984 3688 -9145 27689 5433 573 0 617 663 621 END
START 784 10584 -15436 -10187 27078 3977 568 92 623 660 622 END
START -27136 9284 4344 -10439 22284 4602 573 0 619 665 621 END
START -508 3280 -14780 -10385 23580 2234 571 2 620 656 623 END
START -19036 6884 -2664 -9867 17757 1120 572 17 624 662 622 END
START -5484 7908 -12660 -9222 19286 350 571 0 615 665 625 END
START -8484 12540 -9588 -9283 20400 524 573 0 621 663 622 END
START -14040 13208 -6408 -9438 16190 2492 575 0 623 674 623 END
START -14828 16388 -1508 -10474 16262 -6 574 0 617 663 625 END
START 5756 10884 -17020 -10863 14709 -766 575 0 623 664 625 END
START -30244 11000 8812 -10698 9752 -877 573 4 624 663 625 END
START 2292 4552 -13100 -9997 12682 -2020 570 0 623 660 623 END
START 1044 4288 -13888 -9240 14975 -3386 575 0 621 663 625 END
START 5384 3836 -16920 -8680 11085 -3970 574 0 623 663 626 END
START -31072 9188 7868 -8099 10525 -4651 580 3 621 665 628 END
START 1500 6716 -17116 -6462 15584 -3273 581 1 624 664 624 END
START 7164 7888 -22648 -6650 17864 -4676 595 2 622 663 627 END
START -32768 16256 8396 -6731 10382 -5208 580 6 618 663 627 END
START -12156 17396 -4660 -7378 7924 -4557 581 0 623 663 628 END
START 17732 12252 -24460 -7300 12196 -4772 579 0 620 664 628 END
START -26148 13376 5932 -7209 5315 -4417 644 5 622 664 631 END
START -24248 8820 3860 -6784 5070 -4757 581 0 621 663 627 END
START -29904 9860 7960 -6527 6938 -5832 581 0 622 661 628 END
START 17660 3752 -25996 -6301 10381 -6819 588 5 623 659 630 END
START -7964 7044 -9488 -6078 8294 -6666 582 2 621 660 630 END
START -29680 10476 2252 -6198 8084 -6739 581 0 622 662 628 END
START -32768 10908 4504 -6809 8589 -7732 585 0 623 661 627 END
START 7276 8964 -25548 -8617 11127 -10271 585 2 621 663 630 END
START 16060 5984 -32016 -9897 9953 -11927 586 0 620 665 633 END
START -13712 -1512 7104 6883 24406 -6015 581 8 585 662 618 END
START -32768 32767 32767 -3748 32767 15377 585 0 613 656 625 END
START -26840 6120 -25632 5877 -2442 1725 587 0 612 657 627 END
START -19572 15764 -10036 -293 -19522 -7527 584 0 603 654 620 END
START 7404 9780 -15092 301 -5325 173 590 0 608 654 627 END
START -4780 7028 -7236 197 -1511 5011 586 0 607 652 627 END
START -17424 9408 1072 220 -2761 2819 585 0 594 652 624 END
START -24292 10760 4484 -406 -3983 1521 587 5 605 653 627 END
START -29152 12580 7372 -276 -2559 2011 610 19 600 656 605 END
START -5512 6720 -10912 -278 33 1293 587 0 604 652 638 END
START -18584 8740 -2124 -673 -3521 1219 588 0 605 653 627 END
START -26804 10968 4952 -688 -2437 316 581 0 608 652 613 END
START 11136 4124 -20448 -695 -159 157 588 0 605 648 625 END
START 1012 5312 -14652 -894 -999 823 589 21 614 639 626 END
START -8088 6208 -8904 -1370 -3095 579 588 1 604 651 628 END
START -14696 7212 -4332 -1369 -3587 -190 589 0 603 651 627 END
START 17564 3452 -26816 -1049 758 -1043 550 19 612 652 600 END
START -22560 8600 -636 -573 579 -992 589 7 605 652 627 END
START 16012 3388 -25160 -721 2714 -921 590 0 603 652 627 END
START -17092 7552 -5360 -753 1431 -874 587 1 606 652 628 END
START -15332 7180 -7264 -590 -1147 -1011 591 0 606 651 625 END
START -18476 10560 -4764 -200 -3514 -738 652 8 606 655 630 END
START -18468 10348 -4140 -61 1515 -543 591 0 606 650 623 END
START 8660 10740 -23960 38 3057 -166 588 3 605 651 627 END
START -19396 9832 -5252 127 1304 -346 603 12 614 651 620 END
START 6684 11044 -23064 82 1609 -612 589 3 607 647 629 END
START -13928 10136 -8140 280 2270 -229 609 24 603 656 637 END
START 5028 11688 -21324 47 2980 269 588 7 605 649 629 END
START 2660 11472 -20304 370 2352 -166 590 0 604 651 627 END
START 1604 12020 -19876 343 1943 -378 590 12 607 649 628 END
START 964 12644 -18748 243 2322 -110 589 0 603 653 628 END
START -864 13020 -17044 436 2839 -138 587 69 607 632 663 END
START -4408 13772 -14872 -65 1256 435 589 0 604 652 628 END
START -6936 13984 -12912 -137 304 229 589 0 605 651 631 END
START -8832 14820 -10852 -250 43 489 589 22 606 644 628 END
START -11428 15596 -8484 -290 -294 688 591 0 604 651 629 END
START -13656 16220 -6828 -790 -1403 888 599 48 611 661 635 END
START -11304 17248 -5028 -1443 -272 1138 591 0 604 651 628 END
START 100 11064 -14000 -1713 405 999 589 0 606 653 627 END
START -1904 11208 -12708 -1842 220 909 594 9 605 646 648 END
START -2692 11012 -11388 -1802 -229 889 589 5 607 651 629 END
START -5328 11220 -8956 -1646 -2417 1042 560 31 603 653 628 END
START -19560 7668 -188 -1078 -736 165 593 4 607 651 626 END
START -16396 7296 -2592 -996 -1041 -291 591 0 605 651 631 END
START 7252 4704 -19792 -389 834 -618 601 21 562 633 633 END
START 4700 5004 -17988 -230 1415 -221 589 0 608 651 628 END
START 1304 5504 -16976 -132 932 -291 590 0 604 651 628 END
START -1272 5720 -15600 -191 800 -525 590 0 601 652 628 END
START -2388 5960 -14368 41 483 -569 591 0 604 651 624 END
START 1600 5032 -14808 -85 1456 -464 589 0 610 663 630 END
START 2644 5132 -15604 -163 1603 -288 589 0 605 653 628 END
START 2488 4956 -16184 -92 1670 -52 587 0 610 639 641 END
START 4060 4552 -17448 -369 -557 -87 589 0 606 650 628 END
START -21948 8112 1732 -358 -1592 25 612 31 604 650 629 END
START -20040 7892 744 -255 -912 162 587 0 606 665 628 END
START -18092 7396 -412 -544 -1973 564 590 0 606 651 626 END
START -15988 7300 -2304 -525 -1686 494 587 1 606 650 629 END
START -12644 6768 -4964 -299 -293 20 589 0 606 651 628 END
START -8404 6428 -7952 -366 -944 40 657 23 614 653 631 END
START -4716 6020 -10512 -532 -1212 152 587 0 608 652 629 END