START -8120 2732 12644 -402 -731 26 592 0 589 643 615 END
START -8156 2796 12508 -433 -705 23 598 0 595 649 619 END
START -8068 2756 12692 -448 -540 12 593 3 587 647 617 END
START -8180 2820 12528 -604 -509 93 592 2 583 638 621 END
START -8036 2960 12184 -404 -385 11 595 0 588 642 618 END
START -8268 1708 12064 -840 -586 130 598 22 548 648 596 END
START -8980 848 12472 -1243 -795 269 591 0 592 644 618 END
START -8500 412 11916 -1324 -852 -185 551 28 560 648 620 END
START -7424 712 10376 -681 -131 -316 596 1 586 647 618 END
START -9384 3628 12248 223 736 79 596 0 587 644 625 END
START -7500 4624 12476 45 831 995 589 0 591 644 618 END
START -11760 172 15436 -522 -611 213 599 0 587 645 620 END
START -3436 3900 7196 292 285 -107 596 0 597 646 619 END
START 1088 -964 6884 -599 487 -708 597 0 585 646 618 END
START -10136 9292 15664 -125 -245 459 594 0 589 643 618 END
START -10832 3032 13104 810 723 -874 599 0 591 643 619 END
START -11572 496 15832 678 1309 -482 583 22 665 650 612 END
START -7416 396 14780 610 2771 755 596 0 592 648 618 END
START -3824 8252 11492 1147 4407 1674 607 16 631 646 591 END
START -2824 10160 10728 1962 6720 1511 597 0 595 649 616 END
START -6924 11144 13692 2763 11556 1454 597 0 598 649 617 END
START -10368 5392 12556 3800 18474 2299 601 15 608 654 597 END
START -14320 5896 12796 5496 24467 4070 600 5 606 656 619 END
START -8724 4900 7120 6522 28245 4887 609 0 607 657 620 END
START -12508 3416 7816 5900 29897 4655 603 0 580 663 620 END
START -14192 3844 7072 5062 31328 4869 600 0 615 661 618 END
START -20012 4348 10636 3583 32041 6152 618 53 618 649 623 END
START -14096 3628 3740 3190 32767 6664 598 10 615 665 621 END
START -25108 4752 9616 2607 32767 7033 598 1 618 666 625 END
START -15116 4980 692 1582 29816 8521 608 4 621 672 662 END
START -25976 5652 8944 746 26304 7972 591 5 624 666 624 END
START -32768 6588 14376 133 24981 8298 561 21 613 669 627 END
START -32768 7196 15592 -1 25624 8015 589 0 624 669 626 END
START -32768 7532 15464 -606 25137 9151 590 1 626 671 625 END
START 1568 4516 -15988 -1256 27757 8783 595 76 611 675 655 END
START -828 4916 -16276 -1918 28536 8529 587 0 627 672 625 END
START -24508 12300 2308 -2450 23729 9775 587 0 625 671 625 END
START -13580 11024 -5368 -3839 22060 10300 585 27 595 639 629 END
START -22524 9420 3244 -5907 16119 9761 589 0 626 672 631 END
START -7088 3492 -9700 -6644 16075 8972 589 0 632 672 628 END
START -120 2908 -14604 -7037 18121 9755 587 26 636 677 630 END
START -14392 3920 -6732 -7612 16453 8853 587 0 630 670 628 END
START -19260 6804 -4236 -7911 16971 7534 587 0 629 673 633 END
START -1008 8484 -17228 -8581 17741 7055 589 0 592 674 648 END
START -26516 15684 3568 -9760 12458 8558 590 0 631 673 629 END
START -21904 15980 1764 -11303 13014 7397 588 0 629 672 629 END
START -25336 8220 3308 -12603 9661 6380 575 15 608 676 622 END
START -23920 7256 3616 -12932 10302 5207 586 0 626 671 628 END
START 7320 3484 -17404 -12667 13728 5081 587 6 628 672 629 END
START -22868 6596 424 -12636 12209 4841 611 61 644 675 632 END
START -6312 7440 -11972 -12552 12218 2287 587 5 629 671 628 END
START -2044 10256 -13984 -12526 15192 1720 587 0 624 670 631 END
START -28248 17748 8192 -13490 12482 2938 589 39 627 677 634 END
START 10512 11888 -17728 -13875 15826 1747 582 0 624 671 630 END
START -21480 7152 4352 -13344 10713 1156 585 0 625 669 629 END
START 13488 3088 -20556 -12469 14453 -564 598 17 636 644 632 END
START -24272 7856 4180 -11456 10720 -1521 586 0 621 671 628 END
START -14064 8356 -4040 -10457 13162 -2269 586 2 628 668 624 END
START 13688 7384 -24396 -9917 15122 -2172 587 0 626 671 631 END
START -27784 14916 5204 -9473 11657 -582 611 12 599 671 626 END
START -14444 16680 656 -9676 16214 -2994 587 0 626 672 629 END
START 17620 11048 -21720 -8945 16704 -2969 588 5 626 673 632 END
START -13460 6456 -1164 -7846 13231 -2717 668 14 607 671 633 END
START 17788 2588 -24548 -6163 19673 -3963 590 0 630 671 631 END
START -22448 7484 1564 -5070 14442 -3211 593 0 627 670 636 END
START -29092 10420 4604 -4762 11962 -3521 617 32 627 664 637 END
START 13204 8456 -27208 -4447 16544 -4360 593 0 626 671 623 END
START -13408 14640 -9448 -5140 9262 -2847 590 0 625 671 632 END
START -30708 20924 5772 -6533 10319 -2362 591 0 626 672 630 END
START 15452 10648 -24520 -6558 13757 -3649 591 0 627 672 638 END
START -6840 -1484 2740 1482 24257 -4546 591 0 632 672 638 END
START -25548 19948 14808 1316 32767 7547 592 2 630 670 638 END
START -22788 1720 -10660 4273 12255 4538 590 0 629 668 636 END
START -32768 9948 156 3295 -12656 -4128 586 0 627 665 635 END
START -21072 12008 -2360 2746 -8884 -3845 564 0 624 663 636 END
START 9040 9692 -23660 2651 4604 959 588 2 621 662 635 END
START 2820 9112 -18472 2852 7932 2089 588 0 623 659 634 END
START -492 9400 -16944 2451 5086 641 592 22 629 678 636 END
START 636 9240 -17948 1984 1696 -348 585 0 621 653 634 END
START 1160 9360 -17396 1811 1307 -821 594 0 621 666 631 END
START -2744 9524 -14812 1673 2006 -680 586 0 618 653 636 END
START -9020 9796 -10084 1674 3713 -663 579 0 618 657 633 END
START 9380 9928 -25144 1761 3393 39 574 50 608 637 638 END
START -23476 9840 -2244 1527 90 -158 584 0 617 657 633 END
START -28076 10788 2432 958 -2627 -88 589 0 608 656 635 END
START -30368 10900 4536 725 -2622 -49 585 0 617 657 635 END
START -29316 10544 4796 553 -2491 -140 587 0 619 656 634 END
START -26392 9720 2428 504 -1417 -31 584 3 616 656 637 END
START -22632 8884 -456 441 -1520 145 583 0 616 656 633 END
START -18836 8440 -3244 -74 -594 26 587 3 621 649 638 END
START 11352 4392 -22252 -614 1621 -729 583 1 616 657 629 END
START -5576 6776 -11232 -553 1603 -919 553 70 620 648 636 END
START -176 5776 -14732 -246 337 -260 584 0 614 656 632 END
START 1752 5448 -16676 -464 1994 -246 585 0 618 656 634 END
START 3516 5212 -18580 -526 1455 -709 584 0 622 654 659 END
START 7064 5108 -20020 -636 839 -1024 585 0 612 656 637 END
START 10176 4628 -20796 -520 2041 -929 563 5 610 655 623 END
START 9700 4460 -21188 -469 1357 -297 583 0 614 655 633 END
START 7644 3964 -21124 -359 667 -266 589 0 618 655 637 END
START 7768 4172 -20912 -557 714 -999 585 1 613 656 635 END
START 10208 4296 -21312 -464 1728 -989 586 0 616 656 639 END
START 9564 4416 -20808 -132 2448 -713 576 15 644 666 641 END
START 6900 4592 -19508 101 694 -558 584 0 622 655 634 END
START 4900 4620 -19636 -169 1612 -840 590 21 619 666 637 END
START 5688 4808 -19512 -32 273 -1224 584 0 616 656 634 END
START 6144 4544 -19516 113 1985 -995 585 0 615 655 635 END
START 4208 4604 -18072 210 2920 -923 586 0 589 651 637 END
START -4780 4548 -9848 312 3055 -875 583 1 615 655 635 END
START -2092 3796 -12340 412 3453 -1294 585 55 598 655 638 END
START -1644 5824 -16104 1130 4037 -1288 583 5 617 657 636 END
START -4516 7248 -13540 1958 1002 -837 573 0 618 658 633 END
START -7236 8084 -11916 1697 -82 -749 583 18 621 657 638 END
START -17536 11560 -5484 1554 176 -328 583 0 619 659 637 END
START -15456 11008 -7448 1461 897 43 555 36 628 644 639 END
START -13492 11248 -9560 1453 439 100 590 0 621 658 638 END
START -10688 11176 -10924 1385 74 189 583 0 621 658 637 END
START -5420 10568 -14980 487 -414 -438 584 0 623 659 639 END
START -1560 10372 -16264 849 2451 -22 584 0 621 658 636 END
START -2360 10516 -16236 485 2936 749 591 6 646 665 643 END
START -1632 10076 -18064 526 1804 482 585 0 622 659 636 END