START -9908 2688 12080 5067 3680 3126 603 0 591 638 612 END
START -10300 2528 12004 5340 3509 3269 591 25 602 602 618 END
START -10536 2916 11716 5832 2324 3682 605 0 591 643 611 END
START -9988 3312 12112 5595 927 4135 605 0 602 639 607 END
START -8808 4288 11928 5302 1092 4332 603 2 591 644 610 END
START -7548 3828 10280 5228 3288 3438 604 0 591 640 610 END
START -8768 3400 10812 5121 6615 2846 605 16 591 641 614 END
START -11628 4336 9960 5150 9034 3414 608 7 595 639 613 END
START -14260 7476 11436 5230 8028 4838 603 22 603 660 611 END
START -7164 5800 6700 4079 4677 5152 605 0 594 643 612 END
START -5788 1144 7084 3103 1770 3433 602 0 598 646 611 END
START -9708 4220 8436 3314 1508 2443 600 1 598 645 613 END
START -2124 3148 7368 2621 5570 2964 602 1 600 647 612 END
START -3700 6352 3508 3347 10204 3183 602 0 589 664 621 END
START -9472 2284 7224 3276 13106 4174 600 0 602 654 614 END
START -8296 1468 5864 2781 14532 5502 600 0 530 653 627 END
START -17092 6412 10304 2282 13458 6317 601 0 604 652 615 END
START -17776 7232 9832 1823 14305 6491 598 0 601 656 616 END
START -9504 9484 3716 2201 15865 6712 605 0 607 642 625 END
START -2724 11096 80 1968 17141 6771 598 2 604 657 618 END
START -8656 11460 1844 1550 16190 7364 618 30 608 669 620 END
START -20840 13152 9640 894 18560 8388 599 0 609 660 620 END
START 3884 11192 -7128 261 19424 9027 599 5 613 660 619 END
START 2696 11288 -5856 -575 18106 8930 603 8 613 653 639 END
START -148 11588 -4144 -1154 19852 9118 598 0 609 660 616 END
START -2136 12068 -3468 -1800 23616 9373 566 85 610 661 629 END
START -8832 9484 -116 -2946 20142 9883 598 0 618 662 622 END
START -28516 6728 12484 -3690 21013 10654 591 2 615 665 618 END
START 3060 1880 -10696 -4161 27099 8128 593 0 616 662 623 END
START -124 2500 -9492 -4379 28983 8335 584 0 626 667 624 END
START -21200 6964 2260 -4516 32767 8398 583 0 620 667 626 END
START -19472 7992 -684 -4759 32767 9115 586 75 635 674 628 END
START -5452 9740 -12920 -5567 32767 8413 582 4 624 672 619 END
START -31980 16828 7608 -7226 32767 9158 585 0 626 673 626 END
START -5108 9828 -10556 -8766 31561 8735 533 6 623 672 622 END
START -10780 9940 -5644 -9549 22808 8804 586 0 626 673 629 END
START -21640 6680 3292 -9292 18842 8968 584 0 630 674 628 END
START 480 3624 -13368 -9328 17870 6919 591 37 638 691 642 END
START -612 3760 -12416 -8797 12993 5730 588 1 631 674 630 END
START -20864 8600 1428 -8513 11565 4998 587 2 630 673 629 END
START -17768 8400 -1188 -8368 14920 4377 585 2 630 674 626 END
START 3604 9492 -17124 -8735 15694 3625 588 0 633 673 628 END
START -25364 17568 6348 -9339 11959 3740 572 0 629 673 631 END
START 5384 13732 -14260 -10041 13120 3430 587 3 632 674 629 END
START -12528 11460 -2632 -10362 12848 2984 586 1 630 673 627 END
START -25852 8228 7316 -10166 8033 1732 587 0 632 672 632 END
START 14652 3084 -21148 -9952 9571 -182 584 0 632 669 632 END
START 15804 3248 -21592 -9522 11910 -1512 588 0 631 672 624 END
START -14372 7284 -2664 -8969 8936 -2010 587 0 627 673 626 END
START -22556 9208 1832 -8387 10675 -2529 586 2 636 672 627 END
START 13500 7188 -25812 -8150 15522 -3452 587 3 626 672 630 END
START -18532 13956 -2152 -8528 12835 -3807 587 0 631 673 630 END
START -26140 18928 6964 -9364 12009 -3113 590 37 647 677 634 END
START 16600 12744 -21556 -9678 15919 -3460 583 0 630 672 630 END
START -26828 8916 7964 -8883 10315 -3415 586 0 629 672 630 END
START 14484 3352 -23044 -8157 14128 -4521 579 9 629 672 634 END
START -21076 8092 -196 -7381 11532 -4846 594 0 629 672 630 END
START -15120 7904 -3852 -6576 7677 -4440 594 0 629 671 630 END
START -22408 10908 256 -5865 12819 -4490 551 0 630 672 622 END
START 10260 10832 -23904 -5703 16639 -4247 592 0 624 671 632 END
START -24220 18484 824 -6019 14116 -1461 589 0 632 671 632 END
START -3332 17488 -12756 -7634 18389 -3531 578 0 557 673 615 END
START -29284 12204 3816 -9241 9888 -4082 587 7 626 673 631 END
START -32284 13108 3732 -11233 5558 -4956 593 0 634 672 631 END
START 18560 -1532 -20776 -8015 13995 -10403 557 1 629 669 633 END
START -16604 8092 27208 6148 32767 -6528 530 0 637 662 636 END
START -25116 18620 -15028 1899 28429 18327 584 0 629 661 632 END
START -31700 5040 -7084 5244 -7055 -7609 588 0 628 661 631 END
START -13620 22576 -7272 3122 -9993 -5811 593 0 617 662 651 END
START 6256 17336 -16840 862 6257 5130 586 0 622 658 634 END
START -2432 16228 -11732 2117 6975 5061 587 0 619 661 631 END
START 3128 13056 -12932 824 3345 1761 583 0 617 655 629 END
START 11244 13248 -18992 878 2438 2278 583 0 615 654 629 END
START 14744 13396 -22176 433 3749 2188 594 0 606 658 642 END
START 14064 14208 -24808 103 3095 2269 585 0 614 651 631 END
START -17344 12632 -2712 46 1728 1558 584 0 610 651 631 END
START -5024 12904 -9188 -360 1907 1350 583 5 591 652 632 END
START 5044 12304 -15536 -510 1967 1291 586 0 609 652 628 END
START 9772 12944 -19404 -729 585 1517 586 59 622 655 647 END
START 12280 12852 -22828 -1057 -1305 1106 585 0 611 652 630 END
START -28008 12764 5384 -952 -3816 584 583 0 612 651 628 END
START -7500 7092 -7900 -1012 -2030 509 575 17 671 649 630 END
START -10084 6900 -6120 -849 507 -365 579 0 601 651 633 END
START -10972 6680 -5336 -914 18 -802 582 0 612 650 630 END
START -11384 6812 -5152 -1228 -1519 -575 583 0 612 650 629 END
START 7856 4808 -20708 -449 1490 -1113 582 0 608 650 627 END
START 5680 5300 -19696 -361 112 -991 566 12 616 674 633 END
START 4380 5392 -18204 -364 -225 -1278 582 0 609 650 627 END
START 3016 5740 -17160 -160 -708 -1048 583 0 609 649 626 END
START -21076 10704 -2036 17 -856 -914 586 0 611 654 635 END
START -20272 10852 -3620 30 -508 -813 576 0 609 650 630 END
START -18572 10888 -5188 15 -909 -642 597 0 575 651 629 END
START -14764 11024 -7364 -91 -1424 -957 584 0 604 650 630 END
START -10464 10688 -9664 -263 858 -1116 583 1 608 655 630 END
START 3132 13208 -18644 -499 2711 -780 587 21 615 650 645 END
START 60 13316 -17228 -1025 175 278 584 3 600 649 633 END
START -2952 13428 -16264 -615 1590 -816 588 45 623 636 635 END
START -20016 20292 2464 -1405 -1640 -227 549 0 608 631 629 END
START 8804 12572 -17724 -1916 1564 100 584 0 606 648 630 END
START 7276 12088 -18004 -2013 3018 264 579 15 601 647 628 END
START 5104 11600 -18844 -1911 1163 402 584 3 605 651 631 END
START -21648 10864 1032 -1974 -1570 -108 587 1 606 651 630 END
START -20440 11128 2808 -1645 -2327 38 599 6 631 653 608 END
START -4416 6064 -9608 -1447 -513 303 591 0 605 650 630 END
START -5220 5652 -11120 -1268 -465 33 581 24 605 648 637 END
START -1604 5940 -12672 -1009 50 -745 589 0 609 651 632 END
START -212 5972 -12216 -832 1091 -65 592 0 606 652 628 END
START -588 5836 -13248 -1073 -61 -22 587 3 547 658 642 END
START 308 5648 -14104 -1019 -1468 211 587 4 605 651 632 END
START 2620 4908 -16240 -1036 -1627 78 593 0 598 652 649 END
START 4540 5208 -16300 -848 -978 70 587 0 606 650 635 END
START -22784 9468 3440 -1154 -2218 594 595 38 610 650 622 END
START 4888 5024 -17176 -850 104 -116 587 0 601 650 632 END
START -21728 8512 1360 -931 -1007 4 587 6 604 650 630 END
START -18552 8228 -372 -1176 -3145 -103 590 1 606 646 616 END
START -16336 8104 -820 -852 183 -342 587 0 603 649 631 END
START -15848 7964 -2548 -1193 -172 112 593 12 601 652 649 END
START 1740 5220 -16828 -901 1170 -133 584 0 603 649 627 END
START 2252 4976 -17740 -1432 -1492 -1858 586 2 599 647 619 END
START -19992 10408 -628 -709 -1688 -1632 590 4 606 638 630 END