START -6056 -1532 13560 4956 9558 2880 600 0 584 634 612 END
START -7156 -1412 13944 5103 7562 3054 599 3 582 634 611 END
START -8180 -892 14676 4925 875 1658 599 15 583 634 611 END
START -5216 -668 14820 4147 -4333 -509 598 0 584 636 611 END
START -80 964 14032 4123 -3366 -922 605 13 503 610 616 END
START 1364 156 12420 4393 1717 -802 603 0 582 634 606 END
START -120 -368 12892 4049 8001 -1409 595 60 576 633 609 END
START 1200 736 11576 4443 16352 -703 602 0 586 633 614 END
START 1976 2124 10392 4675 23876 491 602 0 585 635 612 END
START -3324 -1164 13768 4759 29596 811 599 0 584 635 610 END
START -2456 -780 8836 5783 32767 584 603 0 587 637 611 END
START -9356 232 14668 6152 31290 2873 595 0 592 632 612 END
START -15884 2436 15288 7488 30306 2208 602 0 588 638 614 END
START -15220 -1272 15040 7795 31321 2809 597 0 529 639 612 END
START -7664 -1332 8660 8937 32767 3957 600 0 588 644 611 END
START -17740 5084 11184 9562 32767 5746 599 0 592 645 612 END
START -17420 7696 8128 10014 32767 7906 603 0 598 666 613 END
START -12344 10380 2496 9900 32767 9781 600 1 595 648 608 END
START -15256 10596 852 9751 32767 12057 603 0 599 650 614 END
START -23144 10196 2604 8567 32767 13712 605 62 634 654 593 END
START -27644 10900 5920 5576 26639 14237 598 0 599 658 615 END
START -12448 12768 -3068 2936 23656 16114 597 0 602 659 616 END
START -7804 10980 -7160 560 24621 18667 608 0 609 640 612 END
START -23572 11192 3712 -1602 26766 20714 599 2 604 659 617 END
START -29948 9508 8452 -5069 27137 20228 597 0 608 661 619 END
START 8020 3248 -17456 -8295 31879 17650 601 0 667 662 621 END
START -7376 4668 -7828 -11566 32767 16647 597 0 609 661 621 END
START -24352 7752 3000 -13123 32767 17036 598 0 611 665 623 END
START 13064 5256 -25548 -14854 32767 15345 585 0 613 643 628 END
START -23088 11716 2328 -16410 32767 13513 597 9 612 666 625 END
START -10208 14004 -764 -18162 32767 10674 599 2 617 666 622 END
START -32768 9420 12888 -18958 30415 9483 597 0 616 667 627 END
START 1924 3448 -10948 -18872 30215 6158 594 0 599 675 644 END
START 3912 2260 -13088 -17561 28457 3876 597 5 617 668 626 END
START -30252 6580 9512 -14746 22263 5392 597 0 618 664 625 END
START -32400 7036 12432 -13624 21114 1712 599 12 644 671 629 END
START 8112 5960 -17704 -11346 26431 -964 598 1 618 670 628 END
START 15064 4964 -23256 -9556 24717 -1245 597 0 621 673 629 END
START -10616 14984 -1512 -8147 21171 -1078 601 23 649 669 631 END
START 17120 11476 -21792 -7374 25019 -2272 600 1 618 671 631 END
START -20892 12400 3480 -5742 15986 -1352 598 0 621 670 629 END
START -32768 9872 9784 -3333 18840 -937 605 0 628 671 641 END
START 10676 4336 -22788 -2419 19530 -3416 598 0 619 671 631 END
START -15424 7736 -6728 -1702 9873 -3696 602 0 624 671 629 END
START -28360 11340 532 -1080 5413 -3615 606 3 616 671 630 END
START -20560 11100 -5876 -964 5220 -3790 598 4 618 671 629 END
START -1884 13568 -19276 -1429 3536 -2437 599 0 621 672 631 END
START -14724 19780 -4944 -2980 4670 -2259 631 0 608 692 628 END
START -1432 14572 -14524 -5413 5537 -3676 601 2 621 668 632 END
START -17316 11192 -3680 -6233 10511 -4043 599 3 620 671 636 END
START -19436 10388 -7008 -4987 13035 -2753 599 0 617 672 633 END
START -7364 9032 -13168 -4537 15505 -4010 602 6 593 671 613 END
START -2492 4032 -9664 193 16644 1405 596 0 622 669 636 END
START -4376 13752 -8548 7761 12578 7428 596 0 622 670 635 END
START -32768 17544 6536 -2059 4725 -3144 592 0 622 669 638 END
START 1584 13388 -20836 1422 -5198 1388 593 0 622 667 635 END
START -572 16108 -13640 1508 -583 -190 597 0 622 665 635 END
START -1104 17876 -11508 -815 1227 -41 587 1 620 664 634 END
START 4788 13396 -15288 -2057 606 -385 585 0 620 662 633 END
START 6424 12900 -14624 -788 107 112 596 70 614 663 629 END
START 6164 12812 -15520 130 1014 2602 581 0 618 663 635 END
START 6680 13292 -17900 343 997 2732 588 0 623 660 638 END
START 12592 13588 -22592 -1136 937 945 577 0 617 658 636 END
START 18660 14236 -25288 -1068 1296 314 579 0 616 659 634 END
START -13776 14624 -1904 -884 1651 1195 581 13 654 662 660 END
START 268 14168 -13544 -1045 -2020 1882 580 0 618 659 638 END
START -30660 15412 8256 -1162 -3631 2114 578 0 617 659 635 END
START -12028 10340 -4272 -890 -3007 2173 585 12 608 662 611 END
START 12268 5644 -21224 -974 1125 1001 577 0 620 658 634 END
START 2460 7096 -14172 -1281 444 525 565 0 616 658 635 END
START -12296 9956 -3920 -1706 -2471 698 578 0 617 656 635 END
START -23384 12976 4156 -1687 -1587 853 579 4 616 656 635 END
START 16 7608 -12800 -1192 -417 789 573 23 625 638 588 END
START -14112 10016 -2968 -1630 -3470 978 575 3 615 657 635 END
START -24676 12568 4968 -1528 -1826 80 578 0 618 653 636 END
START 4760 6464 -15344 -1686 -1653 -42 577 1 610 646 642 END
START -8900 8728 -5540 -1320 -654 333 577 0 616 657 637 END
START -23432 11324 3148 -1286 -2743 786 587 0 523 660 637 END
START 9560 5600 -19464 -1549 -2464 -176 577 0 619 659 634 END
START -736 7800 -10732 -1537 -561 -526 577 0 622 658 636 END
START -15224 9948 -572 -1461 1053 -360 586 0 618 665 637 END
START 12400 4784 -21324 -1325 681 79 576 1 616 655 637 END
START -30932 14296 8564 -1633 -3338 295 499 7 642 662 634 END
START -8160 8748 -6032 -1844 -2647 -211 579 2 621 657 634 END
START -20576 11184 3272 -1732 -361 -208 577 0 618 657 636 END
START 10952 5144 -19320 -1264 1990 -471 548 7 634 696 631 END
START 2948 5600 -16468 -1125 1960 -403 578 0 619 658 645 END
START 13216 4680 -23480 -1304 1056 -902 575 1 614 659 636 END
START 16260 4544 -23412 -1030 811 -666 584 18 642 662 662 END
START -4328 6560 -11184 -583 521 -238 580 0 618 659 634 END
START 6596 5260 -18584 -653 1294 -220 584 0 616 662 636 END
START 14248 4532 -24520 -791 1281 -407 580 0 621 659 634 END
START 16292 4584 -23852 -805 651 -728 579 0 620 660 637 END
START 9712 4992 -18720 -760 1352 -377 610 21 604 662 613 END
START 7296 5232 -19008 -853 1211 -370 579 0 617 659 639 END
START 14312 4628 -24960 -705 -364 -11 583 14 628 659 599 END
START 17000 4604 -25940 -752 -953 -400 580 3 621 659 636 END
START 14648 4576 -22724 -1173 -900 -1100 584 3 627 661 637 END
START 6472 5296 -17776 -668 159 -854 589 68 627 684 641 END
START 13228 4644 -21992 -61 1648 311 583 0 623 660 637 END
START 14704 4292 -26408 -635 158 405 584 2 624 661 641 END
START -32768 12080 8416 -1060 -4991 -40 583 0 635 661 637 END
START 12632 5572 -20996 -1586 -1199 -1282 585 0 624 661 639 END
START 9940 5636 -18048 21 1600 -431 587 1 625 661 655 END
START 13396 5084 -23432 -1239 3033 361 589 0 629 661 636 END
START 15412 4860 -25924 -358 1134 -335 587 0 624 660 637 END
START 14968 5444 -24160 -1297 377 -1414 585 1 622 662 637 END
START 1152 6728 -14704 -1114 1377 -1288 591 1 625 663 638 END
START 10180 5348 -20056 -665 1596 -528 613 39 629 644 689 END
START -31372 9952 3792 -797 -2179 -711 588 0 625 659 638 END
START -24848 8876 -164 -472 -3827 -751 588 0 624 661 637 END
START -14692 7768 -5808 -777 -4680 -944 592 22 623 665 643 END
START -26356 10752 2128 -744 -3798 -1592 588 0 625 663 637 END
START 13660 8592 -25844 83 2288 -1357 592 0 620 662 637 END
START 3876 8660 -20364 43 2250 -1000 586 6 624 631 635 END
START -6744 9172 -13636 -247 -913 -1083 587 1 625 660 636 END
START -17508 9576 -5992 -395 1282 -1494 593 26 617 666 627 END
START 13132 8020 -27920 -214 3873 -996 590 0 625 661 626 END
START 8916 7788 -26248 -976 773 -1085 586 0 624 662 637 END
START 6228 9596 -22972 -1772 -3229 -2234 591 0 632 666 640 END