START -17748 4496 5916 3816 28235 3415 595 0 599 653 616 END
START -18532 4396 5700 3743 27886 3716 571 32 610 652 630 END
START -18756 4400 4464 3919 25743 4429 590 4 605 653 617 END
START -19008 4316 3384 4107 23198 3284 637 4 601 653 615 END
START -18620 5544 2524 3527 19792 1407 593 2 605 655 617 END
START -17448 5688 452 2819 16776 1085 595 4 604 653 614 END
START -18048 5088 -1660 1832 16703 3177 597 133 615 651 621 END
START -18568 6716 -60 1889 18408 4436 589 1 609 656 618 END
START -22348 9020 3044 1301 17674 5249 588 4 608 656 622 END
START -21900 5280 2328 364 15625 5562 589 0 608 654 621 END
START -22820 3236 2496 -407 12886 4951 594 0 609 657 616 END
START -16420 9276 -2100 -971 12488 6852 589 72 620 660 593 END
START -15832 2680 -3328 -768 12082 5717 589 0 609 657 618 END
START -13680 2104 -3704 -1793 12675 5873 587 0 610 657 620 END
START -18336 7368 -1440 -2862 11808 6634 573 15 612 642 619 END
START -12356 9832 -5644 -3678 9679 7178 593 0 609 657 619 END
START -13540 9792 -5648 -4111 7833 7070 586 1 614 657 622 END
START -11324 9840 -6452 -4232 7432 6483 589 0 620 657 614 END
START -8316 10484 -7864 -4792 9089 6099 586 0 611 657 621 END
START -3672 10984 -10712 -5447 11651 6175 589 0 612 656 620 END
START -22100 9696 1112 -6796 10989 6549 595 19 629 654 621 END
START -29128 6820 5696 -7539 7293 7159 586 0 609 657 624 END
START -32768 6836 9124 -8221 6599 6551 588 0 612 658 621 END
START -32768 6124 9748 -8780 6820 5341 590 0 611 658 621 END
START -28132 5008 5876 -9046 9464 4831 592 1 612 659 619 END
START 1456 1568 -15500 -9072 11653 4307 667 23 614 645 619 END
START -6468 2616 -10376 -8909 10522 3966 586 1 615 661 623 END
START -15624 6044 -5140 -8764 13034 3287 587 0 613 662 623 END
START -5748 8972 -11448 -9365 14917 3692 596 24 680 663 629 END
START -20284 14796 1304 -10975 16528 4022 590 0 619 657 620 END
START -3244 8512 -12460 -11990 15884 3092 593 0 621 668 627 END
START -26788 6220 4696 -12048 12543 2179 612 33 626 667 631 END
START 2360 1916 -15824 -11573 13836 863 594 0 624 667 627 END
START -21916 6392 -352 -10943 11861 1414 596 0 627 670 628 END
START -1860 6928 -16780 -11348 14734 -151 597 6 632 608 629 END
START -22644 14588 1564 -12106 11377 -47 605 0 631 674 630 END
START -908 10960 -12456 -12719 12436 274 603 7 633 673 630 END
START 1864 9948 -14488 -13012 13022 -23 604 0 584 675 630 END
START -22996 7964 3040 -12877 11228 -290 612 1 632 672 631 END
START -280 2604 -13456 -11902 15418 -698 614 0 633 675 632 END
START -14820 5448 -5600 -11606 17214 -3301 606 17 661 672 614 END
START -13432 7864 -7836 -10959 17121 -3734 616 4 636 674 634 END
START 472 9600 -18288 -10882 15732 -2457 618 0 634 675 630 END
START -27432 17436 5652 -11317 14616 -1926 621 0 637 674 633 END
START -21080 9088 1684 -11105 13927 -2277 620 40 645 654 628 END
START -10260 4720 -6404 -10050 12446 -2822 626 0 634 673 633 END
START -7020 5628 -11400 -9016 11603 -2703 618 0 631 670 632 END
START -18396 10160 -4664 -8274 12761 -2546 638 19 637 682 634 END
START -21344 18032 2752 -8780 11129 -1059 604 42 635 673 634 END
START 564 10848 -12812 -8205 12821 -183 623 0 631 674 634 END
START -25040 9232 4684 -7563 9661 -95 621 43 588 674 634 END
START -24428 8452 4676 -7226 8119 -604 625 0 630 670 630 END
START -19880 7368 796 -6532 9068 -1071 622 0 632 674 632 END
START 1704 4920 -16652 -5575 9914 -895 657 69 635 686 644 END
START -3692 6120 -12532 -4791 8160 -670 624 7 630 671 634 END
START -19032 10476 -3468 -4376 6314 -418 626 0 629 672 632 END
START 1344 11868 -18352 -4170 9619 -823 614 9 632 673 635 END
START -316 12684 -17084 -4189 9340 -684 625 0 631 669 632 END
START -22060 19772 3508 -4742 6031 297 624 0 627 670 633 END
START -20836 19808 2504 -5194 4863 683 625 0 627 671 634 END
START -18692 18196 888 -5208 4207 838 629 7 627 670 632 END
START -12528 14592 452 -2864 6449 620 630 0 630 627 612 END
START -11816 19872 2948 329 13097 2645 627 0 628 673 635 END
START -14520 17236 -2592 -672 11402 4494 625 0 628 671 635 END
START -5040 9164 -13340 429 -406 265 624 5 630 667 637 END
START -2540 11676 -13248 421 -2096 1112 624 0 630 665 633 END
START -23732 7996 3288 929 -2307 1928 621 7 603 673 640 END
START -21376 7700 1744 1134 414 2205 622 0 628 669 632 END
START -16296 11400 -2708 710 147 2261 622 1 629 668 631 END
START -18084 11520 -1360 640 -1273 1742 624 0 628 666 632 END
START -11652 7092 -5344 1052 -1025 1695 621 0 625 662 632 END
START -11128 7340 -5132 1082 1606 838 631 24 618 668 646 END
START 8848 4624 -22012 1081 2057 527 620 0 625 667 631 END
START -13092 7620 -4700 550 980 495 619 0 627 667 634 END
START -15536 8060 -2860 166 -1496 1132 620 0 625 666 630 END
START -19796 8808 704 52 113 1090 618 0 626 668 630 END
START -12084 12756 -4972 -656 -3332 2033 606 0 628 668 625 END
START -29064 10072 7232 -501 -3967 1396 616 0 625 665 629 END
START 17200 3684 -25912 -328 -1049 586 617 20 625 667 631 END
START 13536 4512 -22484 -222 2408 529 615 0 620 664 628 END
START 6696 5192 -18404 -553 1617 617 610 0 625 666 632 END
START 124 6092 -13464 -947 -1592 505 619 30 566 667 606 END
START -7200 7172 -7732 -1199 -2194 654 616 0 623 665 632 END
START -17256 8988 372 -1060 -156 869 616 55 626 667 633 END
START -28252 10224 6788 -1298 -812 1145 610 2 623 666 632 END
START 17108 4044 -26576 -1202 830 74 615 3 622 665 632 END
START 12284 4652 -22192 -1549 -3254 462 610 12 588 670 633 END
START 3332 5828 -15060 -1260 1972 -343 613 5 622 664 633 END
START 16536 3984 -25352 -1066 3413 85 616 0 623 664 632 END
START 19728 3324 -28400 -1093 2380 -335 620 1 625 664 635 END
START 18828 3812 -27720 -980 1991 -735 615 0 625 664 635 END
START 12096 4468 -22120 -990 2085 -698 621 27 653 663 634 END
START 7844 4748 -20516 -914 781 -622 614 0 625 657 632 END
START 17360 3572 -26288 -935 2725 -692 613 0 622 662 632 END
START 20196 3092 -28792 -808 2752 -548 614 3 621 665 635 END
START 17680 3248 -26888 -886 1816 -769 616 0 623 664 633 END
START -4784 5920 -12888 -737 1065 -1167 623 0 633 665 652 END
START 6616 4416 -20180 -450 -414 -740 615 0 623 664 633 END
START 14312 3520 -24816 -392 1006 -846 614 0 622 663 632 END
START 18904 3328 -27372 -362 140 -945 609 13 614 667 634 END
START -24572 9076 488 -297 -1633 -874 614 0 620 663 634 END
START -16048 7888 -5212 -213 -30 -815 585 33 625 651 557 END
START -7484 7000 -10524 -206 -504 -529 613 0 619 666 632 END
START 844 5472 -16656 -209 -1710 -564 614 0 620 664 635 END
START 9624 4420 -22304 -279 -1072 -775 617 13 630 654 640 END
START -32492 10664 5532 -96 -3466 -602 614 0 624 667 633 END
START -27584 9708 2472 -27 -3009 -381 619 0 624 664 633 END
START -21640 8808 -1420 18 -2364 -303 619 0 615 665 633 END
START -13824 7336 -7116 -94 -2230 -586 614 10 623 663 627 END
START -28552 11144 2040 -71 -3357 -603 608 12 613 668 622 END
START -32216 11076 4800 -2 -1263 -432 612 0 622 665 631 END
START -32768 10888 5916 99 -2006 -404 609 0 623 664 635 END
START -32440 10684 5124 35 -2744 -363 583 2 616 642 632 END
START -29084 9816 2524 -66 -3278 -340 615 0 622 665 633 END
START -22116 8804 -1728 -135 -3427 -564 620 0 604 669 650 END
START -18572 10540 -4644 152 -1099 -257 614 0 624 665 635 END
START -24784 10740 -780 127 1589 -471 613 8 623 663 633 END
START -27616 10988 856 87 201 -777 614 0 625 666 632 END
START -27032 11100 764 -65 -2791 -403 615 0 622 663 634 END
START -26132 11072 556 -34 -1937 -154 607 83 624 665 636 END