START -17224 7368 3076 3079 32767 9033 579 7 593 653 618 END
START -17048 7416 2824 2376 32767 8537 582 0 599 651 611 END
START -15004 7532 1800 1431 32767 7342 581 87 611 607 599 END
START -13632 7588 -652 -154 32767 8398 582 0 603 655 612 END
START -14404 8540 -2008 -274 32767 11051 585 0 606 658 615 END
START -14968 8724 -4628 -983 32767 10288 583 5 610 660 615 END
START -13640 9828 -6420 -1895 32767 8502 582 0 608 661 620 END
START -16232 13676 -5720 -3092 32767 8528 586 2 613 655 619 END
START -17488 7468 -2520 -4912 28520 9251 583 0 604 663 620 END
START -17924 6736 -2484 -6028 22927 8535 584 0 616 665 619 END
START -15004 10244 -5852 -6620 17631 8768 588 1 620 665 622 END
START -18448 5432 -2796 -6827 12885 7321 586 40 625 667 628 END
START -12268 6092 -2872 -7389 14210 7542 590 0 617 666 624 END
START -6272 10872 -9672 -7972 15568 8975 592 0 620 665 624 END
START -14452 13928 -5176 -8555 15407 7961 541 11 622 666 631 END
START -10344 11844 -9840 -9203 14267 6113 585 0 623 668 625 END
START -8304 12004 -11208 -10019 12522 6028 589 1 623 668 625 END
START -10092 11916 -9068 -9824 12459 8261 593 6 610 670 630 END
START -20944 11608 -380 -11723 11583 4713 591 0 623 669 620 END
START -18604 10648 -588 -12758 10359 3554 591 0 632 670 629 END
START -1136 5872 -12480 -13531 13798 2639 513 10 627 685 628 END
START 4520 3664 -17432 -13700 13951 1172 592 0 629 673 629 END
START -19368 6040 -472 -13735 10094 556 588 0 629 671 630 END
START -22948 6640 1384 -13078 9113 1538 597 33 622 676 654 END
START -28428 6356 6240 -13181 10526 -1806 591 1 630 673 631 END
START -8180 6060 -8284 -12082 15298 -3358 592 0 631 674 632 END
START 10404 4808 -22824 -11527 15146 -3395 620 64 629 673 591 END
START -23356 13344 1216 -11591 11646 -3218 592 0 678 673 637 END
START -1048 14256 -11572 -11871 15049 -3394 592 0 631 674 633 END
START -27708 13184 7404 -11496 9144 -2700 592 0 631 672 633 END
START -22268 10160 3944 -10819 7650 -3389 592 0 622 677 626 END
START 8476 4200 -16156 -9860 10156 -4550 593 14 629 673 634 END
START -2008 4896 -9196 -8582 9566 -4758 594 0 628 674 632 END
START -31748 8544 9140 -7034 10806 -3969 582 23 628 672 630 END
START -3648 7740 -12668 -5912 14017 -4093 591 1 628 672 632 END
START 8224 9064 -23552 -5552 16855 -4549 591 0 628 674 632 END
START -32540 16148 5448 -5212 13024 -3833 592 28 633 681 627 END
START -14240 18288 -3456 -5666 12266 -2085 595 0 627 675 633 END
START 12156 12468 -24240 -6377 11593 -1749 591 0 628 674 633 END
START -4256 7244 -11184 -6767 6936 -2197 591 0 627 674 632 END
START -5676 7680 -10028 -6653 10823 -2749 597 0 627 672 633 END
START 3696 6608 -19148 -6733 6330 -1960 595 0 629 668 633 END
START -29500 10656 2404 -7146 3224 -1820 597 0 628 672 635 END
START 7336 4028 -20608 -4607 6243 -849 596 12 631 672 642 END
START 16408 3248 -10580 4580 19966 -4787 586 2 627 671 638 END
START -16008 21660 5904 1072 24573 4975 587 3 622 666 633 END
START -32768 14728 4488 3900 1241 5974 592 3 619 663 632 END
START -32768 16036 3244 3115 -8501 -3420 585 4 623 662 632 END
START 17140 17172 -25824 1924 -488 182 594 0 619 663 628 END
START 6868 16600 -18100 1371 5030 4652 585 0 622 661 632 END
START -1936 16888 -12868 879 3435 3695 586 0 622 660 633 END
START 6800 13096 -18540 209 80 1489 589 20 599 660 642 END
START -10824 18952 -2688 809 650 2098 585 0 620 657 631 END
START -21520 19484 3360 678 1345 2224 587 31 625 657 634 END
START 14796 15304 -22532 775 2146 2026 583 0 617 659 632 END
START 6836 16956 -18052 492 1403 1752 584 0 619 658 632 END
START -3676 17600 -12172 270 -554 1085 588 0 625 669 635 END
START -15984 18308 -3208 -6 441 1121 585 0 615 658 631 END
START -26404 17976 3300 333 -2535 1092 577 12 631 652 637 END
START 4732 18172 -14104 -168 -1245 1012 585 3 619 653 634 END
START -7404 18040 -9280 -836 -442 338 586 0 618 656 634 END
START -18364 18284 -2336 -783 -2242 -79 572 82 621 654 660 END
START 11640 17572 -19324 -1308 2030 240 579 0 617 657 632 END
START 1460 18852 -12884 -1457 2495 543 586 0 617 656 631 END
START 8004 15784 -17796 -1587 1736 287 583 0 620 659 632 END
START 12664 16324 -20980 -1783 927 -43 586 0 617 657 632 END
START 10588 18076 -17172 -1620 1851 -131 588 0 601 657 653 END
START 4160 15360 -14720 -1572 1405 800 586 1 616 658 633 END
START 10128 16136 -18972 -1212 1811 996 586 4 613 656 631 END
START -16912 14796 -2028 -1459 -926 1464 577 9 600 660 635 END
START -26740 12996 6260 -1372 -2929 1400 586 0 613 658 634 END
START -25624 14540 6164 -1517 -2016 1018 585 2 603 655 631 END
START -13776 9932 -3096 -1202 1242 800 550 16 613 655 655 END
START 8048 5624 -19388 -1125 1733 658 586 4 612 655 633 END
START 716 7164 -14164 -1459 -883 772 585 2 612 654 630 END
START -9812 9580 -5904 -1634 -3711 933 582 0 618 655 631 END
START -21076 12096 2592 -1458 -2716 1031 584 1 613 656 632 END
START 6480 6060 -17116 -1148 60 704 584 21 638 659 644 END
START -26828 14596 5160 -1364 -2819 1295 581 0 612 655 633 END
START -16772 10240 -1864 -1172 -1140 340 583 4 612 655 635 END
START 12644 5064 -20784 -805 1982 -403 585 1 643 656 663 END
START 5744 6232 -16176 -800 2449 -93 581 0 614 656 633 END
START -5924 8140 -8660 -1045 345 397 580 25 614 665 626 END
START -18920 10268 -828 -1169 -1713 743 583 0 613 655 631 END
START 13816 5072 -22768 -1054 150 -57 584 0 612 655 630 END
START 8668 5616 -18512 -1127 -1060 225 585 0 613 667 649 END
START -1640 6908 -10964 -1145 -396 265 582 0 613 656 633 END
START -13968 8956 -2560 -1135 159 164 579 8 612 656 632 END
START -25056 10832 4224 -1257 -1517 395 581 0 613 657 633 END
START 13536 4884 -22360 -1024 1328 -270 582 0 615 655 634 END
START 5788 5584 -17652 -839 2037 -590 573 2 622 658 633 END
START -4724 6732 -10044 -1003 1122 -319 581 4 613 655 633 END
START 14448 4052 -23620 -873 1424 -944 583 2 614 656 633 END
START 18328 3792 -25932 -697 1928 -872 575 0 612 656 632 END
START 16312 4328 -23876 -607 2176 -559 581 1 613 657 636 END
START -7840 6464 -10024 -542 1631 -605 563 16 602 677 638 END
START 2796 5416 -17300 -460 -921 -707 587 3 614 659 639 END
START 12916 4468 -22424 -383 -203 -761 581 0 615 658 633 END
START 17572 3888 -25456 -346 957 -535 581 20 614 659 607 END
START -19192 7924 -2048 -207 -147 -358 581 0 612 656 633 END
START -8740 6416 -9196 -327 -1116 -520 582 6 622 657 615 END
START 3916 5244 -16912 -261 -1403 -694 583 0 613 661 632 END
START -31032 10208 5808 -108 -1583 -262 583 0 614 656 633 END
START -27904 9204 3452 108 -2616 -60 589 21 611 658 590 END
START -19620 7776 -2224 -46 -2837 -310 582 0 613 656 633 END
START -7452 6276 -10132 -117 -3212 -613 575 20 614 658 632 END
START -29780 10416 5280 252 -927 -563 580 0 614 654 633 END
START -31988 10304 6088 223 -1629 -219 584 0 613 658 633 END
START -6508 8988 -13424 237 -2006 -307 587 16 605 659 649 END
START -16324 9556 -6452 315 -172 -823 584 0 610 657 633 END
START -23384 10144 84 190 -1272 -894 584 0 613 657 633 END
START -29320 10416 4972 54 -2318 -348 582 0 613 654 635 END
START -32768 10200 6688 -25 -2194 -231 585 1 613 657 636 END
START -31860 9420 5092 -14 -2873 -446 579 0 615 670 650 END
START -25152 8580 1224 -208 -3424 -728 583 0 611 655 632 END
START -13168 7268 -5724 -172 -3169 -799 583 0 613 660 633 END
START -28228 10780 3500 127 -1267 -327 584 0 613 658 632 END
START -32768 10780 7076 182 -1254 -202 580 0 613 658 633 END
START 1724 8620 -19856 49 -1580 -393 607 10 606 679 628 END
START -6336 9340 -13960 40 -2373 -459 584 0 620 656 629 END