START -9940 4756 11704 3853 -1225 4205 592 26 602 656 615 END
START -10068 5020 12108 3709 -1403 4448 593 0 601 654 613 END
START -9920 5336 12112 3115 -1744 4501 568 37 611 674 618 END
START -8820 4876 11596 2875 -1022 3859 595 1 607 662 615 END
START -7340 5328 11272 3480 2329 3735 598 3 614 663 617 END
START -6608 5756 9800 4846 6707 4180 598 0 617 666 618 END
START -8268 6876 9004 5928 10071 5347 598 0 620 669 618 END
START -9356 7940 9144 5886 11907 6677 598 50 627 721 620 END
START -14348 10172 13384 5280 11720 7699 599 2 626 672 620 END
START -6648 3964 8408 4127 12176 6089 606 0 626 674 624 END
START -10256 6580 7572 4540 13875 4892 602 0 627 675 597 END
START -7020 5024 6976 4157 19532 5141 598 0 632 675 625 END
START -6648 10960 4052 4621 25377 5601 602 77 640 675 597 END
START -10632 5560 3340 4492 27067 6734 598 0 631 676 623 END
START -8888 3672 2584 3392 26956 7141 596 0 629 675 623 END
START -15856 8028 5704 2123 25176 7415 594 0 629 678 625 END
START -21272 8440 8668 1614 23857 7228 594 5 630 675 622 END
START -24528 11588 10132 1245 24629 7659 595 52 635 671 651 END
START -21876 8356 6668 891 26301 7724 592 12 630 674 623 END
START -32412 10012 13636 -16 25781 8036 592 0 629 677 625 END
START 3316 3640 -13204 -1227 27858 7122 624 23 630 668 629 END
START -6212 3372 -7516 -1964 29257 6475 588 0 630 677 626 END
START -816 2772 -12040 -2752 28551 6965 589 0 629 675 624 END
START -32768 7832 9472 -3364 29671 7520 582 0 632 644 601 END
START -32312 8580 6352 -4174 31732 7012 582 0 630 676 626 END
START -1144 8116 -17576 -5721 32733 5392 582 0 631 675 621 END
START -23168 15552 1652 -7601 27690 5986 582 0 635 676 625 END
START -16464 15580 -1584 -9647 28229 6561 580 1 629 672 627 END
START -22832 6960 864 -10888 24948 6914 580 0 629 675 627 END
START -18272 5192 -2976 -11847 24412 3809 580 4 625 674 629 END
START -2292 3332 -14928 -11622 23485 2155 581 0 630 674 628 END
START -21592 8140 -2136 -11326 21762 1983 578 0 628 673 628 END
START -3300 9768 -15452 -12069 19871 2381 583 19 631 674 645 END
START -2344 11156 -12796 -13506 15491 2341 577 3 629 673 628 END
START -23352 8364 3280 -13969 9463 1362 578 0 627 672 627 END
START -21744 7456 3184 -13519 10007 393 600 20 633 680 635 END
START 4852 3156 -15644 -12512 13793 -785 579 0 626 670 627 END
START -21524 8100 1112 -11628 13554 -657 580 2 626 672 632 END
START 984 7680 -15992 -11114 18157 -1978 529 7 621 671 624 END
START -14692 13524 -3408 -10730 18209 -2560 580 0 624 669 628 END
START -17452 17196 3564 -10781 18353 -1556 580 0 624 669 632 END
START -32596 9912 11548 -9714 14507 -1531 587 0 626 670 650 END
START -2900 3996 -8812 -7849 12794 -1954 583 0 622 669 628 END
START -1484 4168 -9928 -6082 13567 -2484 585 2 621 670 628 END
START -9420 5860 -5932 -4378 8662 -2226 590 64 631 674 649 END
START -18048 9608 -1768 -2942 9961 -2278 585 0 624 668 628 END
START -568 11956 -14208 -2351 11106 -2155 586 1 612 667 627 END
START -20632 19220 4880 -2726 9092 -1164 595 20 625 668 627 END
START 6084 12140 -15408 -2592 12748 -1729 587 0 619 667 629 END
START -24608 11968 4108 -1641 8637 276 590 0 616 665 629 END
START -29696 11912 5900 -2316 8169 -2790 571 16 620 678 627 END
START -3328 6560 -12796 -2245 8746 -4695 590 2 614 665 631 END
START 4252 5328 -21076 -2477 4071 -4223 587 0 618 668 628 END
START -32768 10852 2980 -3103 -297 -4177 590 102 618 602 627 END
START 5776 9652 -24824 -4069 4678 -5039 584 0 613 667 629 END
START -3304 14016 -18696 -5467 6471 -5347 585 0 615 667 627 END
START -24020 20644 260 -7925 5557 -4426 593 5 612 672 627 END
START -26424 20324 748 -9277 11584 -3242 590 0 618 668 628 END
START 10264 13292 -22924 -10383 18106 -3565 591 4 610 666 634 END
START -28144 -1332 17892 1609 17084 -2776 585 0 621 667 634 END
START -8800 19588 12984 -116 32767 7548 574 5 622 625 646 END
START -13184 188 -23492 2620 1120 1424 586 5 618 664 630 END
START -3648 4640 -19472 2447 -12247 -7126 612 3 612 667 636 END
START -27168 13660 3700 2683 -6632 -1114 581 1 612 662 641 END
START -31676 10048 4044 2657 912 3901 582 0 614 662 634 END
START -32084 10336 6532 2191 -1878 2338 566 76 612 676 587 END
START -8004 8980 -11416 1963 2012 -836 581 0 610 661 634 END
START 14252 9940 -27916 1912 2818 624 580 0 611 661 636 END
START 14364 7756 -29836 1656 3057 287 549 23 611 670 637 END
START 13780 7768 -29316 1403 3020 -560 582 0 613 662 636 END
START 11260 8124 -27300 1056 3131 -477 580 2 613 660 635 END
START 7004 8752 -23480 970 4058 -562 583 0 612 660 636 END
START -120 9648 -18704 755 3023 -98 582 0 612 659 632 END
START -3232 9500 -17424 306 -2034 -543 582 2 610 660 633 END
START -4144 9632 -16000 267 293 -866 582 0 611 657 635 END
START -6176 9448 -14412 169 -371 -95 590 23 602 644 637 END
START -8044 9684 -12580 232 -379 49 583 1 613 663 635 END
START -21860 9212 -2356 -168 -2833 -73 582 1 614 658 634 END
START -7408 9844 -13492 -58 -2255 -362 582 0 612 659 635 END
START -7064 9740 -13268 21 -445 -100 581 0 612 659 635 END
START -6888 9664 -14116 38 -1508 17 607 62 614 693 640 END
START -21484 9408 -2688 -85 -2227 -214 583 0 613 660 636 END
START -3120 9528 -16720 96 -601 -268 592 0 617 668 593 END
START -21408 9592 -2816 121 -918 13 584 6 611 658 635 END
START -21708 9900 -2520 10 -1154 -8 587 0 614 659 635 END
START 964 5656 -16512 -256 -217 -159 585 0 613 659 640 END
START -1684 5912 -15204 -356 -149 -454 585 8 611 661 636 END
START -2968 6408 -13820 -71 -1164 -328 592 0 619 645 640 END
START -18108 9920 -5180 139 -783 -47 584 0 612 659 635 END
START -9360 7408 -10472 124 -904 56 584 39 612 664 638 END
START -13104 7704 -8772 -59 -1563 -209 589 3 613 659 637 END
START -14916 8392 -7012 83 -2030 -486 587 3 612 659 636 END
START -16188 8620 -5540 107 -1344 -386 585 6 605 658 636 END
START -6576 9880 -13672 225 626 -286 588 0 612 659 635 END
START -21108 9184 -3288 236 -739 -173 592 4 621 675 640 END
START -22416 9492 -3096 258 -1179 -366 588 0 612 659 637 END
START 1608 9952 -20280 201 638 -794 589 0 612 659 637 END
START -20560 10216 -2840 216 -279 -295 588 5 614 659 636 END
START 3692 10300 -21484 312 1664 -410 590 0 614 659 635 END
START 2668 10336 -21940 284 1194 -403 580 26 611 663 638 END
START 2604 10636 -21708 151 1297 -533 589 0 612 660 638 END
START 3736 11388 -21416 54 1548 -552 600 0 608 660 639 END
START 2220 11908 -20292 230 2303 -277 587 0 613 662 636 END
START -860 12880 -17924 222 2635 -341 590 0 611 660 636 END
START -5500 13712 -15228 104 2118 -52 590 0 614 648 637 END
START -10796 14896 -11396 85 945 -25 588 2 613 660 638 END
START 1372 10116 -20984 -11 533 -335 583 13 597 661 645 END
START 5224 10620 -22088 27 1197 -305 589 0 612 660 640 END
START 3336 11036 -21012 289 2333 179 606 0 615 658 639 END
START -92 11220 -20044 261 1864 -174 589 0 616 660 636 END
START -3320 12040 -18100 86 722 -316 587 0 613 660 638 END
START -4568 9340 -16332 183 425 -730 588 1 616 660 638 END
START 520 9488 -19244 116 939 -934 587 2 614 659 636 END
START -19412 9800 -3756 204 -50 -807 591 0 608 663 642 END
START -19228 9920 -4476 82 -198 -789 591 0 614 660 638 END
START -17424 9604 -6776 -198 -957 -949 570 8 619 647 641 END
START -13800 9572 -9708 -168 473 -1288 586 0 613 659 641 END
START -4140 12328 -16592 -399 623 -900 588 0 615 657 640 END
START -9460 13932 -12952 -769 -2140 -258 589 3 615 660 636 END
START -14216 19504 -2652 -2052 -6640 -770 585 2 613 662 638 END