START 3840 16500 5132 -1701 3025 -154 528 0 390 428 399 END
START 5764 16032 3480 -1898 3711 -229 525 10 388 426 407 END
START 3828 14208 3824 -1441 4872 257 527 10 389 428 408 END
START 2044 15104 5532 -1230 2902 832 521 20 440 433 343 END
START 1636 15036 4664 -1064 896 20 527 0 390 433 402 END
START 2368 12640 3340 -1172 -1863 -319 562 20 405 434 408 END
START 1708 12288 6296 -1533 -1705 -160 528 13 395 429 407 END
START 2280 11836 4688 -1206 408 -299 522 0 391 433 402 END
START 3240 14332 1556 -564 3121 -1080 530 0 392 441 408 END
START 1096 16568 6028 -768 1852 1668 528 0 391 432 406 END
START 1972 10976 4752 -979 -1381 -838 539 13 354 443 418 END
START 10632 18020 56 -1215 568 880 528 0 396 432 412 END
START 3264 12292 4160 -1183 457 -875 530 0 386 442 416 END
START 1736 13736 6088 -1769 343 866 529 0 391 434 407 END
START 2236 18144 3576 -510 343 229 530 0 397 428 407 END
START 4612 14096 3492 -23 1383 -602 531 3 359 435 397 END
START 5912 13500 4200 -1655 266 -794 532 0 397 433 409 END
START 356 16404 6380 -1147 -1591 13 539 0 398 434 411 END
START 7188 16100 -516 -1591 -2219 -4235 532 0 395 421 410 END
START 6212 13296 -116 -1265 -4735 -6124 542 42 401 423 413 END
START 5412 19644 7012 656 -3671 -963 544 3 400 420 409 END
START 8296 14156 1444 709 2660 3090 547 0 403 404 411 END
START -5832 12292 8144 -525 3629 2204 556 0 410 417 410 END
START -7924 9604 8704 -813 -1910 -1122 574 0 398 415 409 END
START 3604 9608 4528 -354 -7533 -3004 607 23 384 431 418 END
START 7156 13176 3724 -628 -7800 -1672 640 10 406 419 409 END
START 3080 16192 4600 -1274 -5754 -265 668 0 411 421 409 END
START -5464 17044 9352 -1226 -3634 -360 681 0 409 423 410 END
START -1020 15372 6684 -1815 -2348 598 680 0 408 422 406 END
START -5496 17664 11672 -1606 -2576 1233 674 16 415 423 417 END
START -6440 18156 12720 -1668 -3349 1938 680 4 408 425 410 END
START -260 13320 5744 -2545 -5170 -294 681 0 412 428 412 END
START -3924 15988 9648 -2710 -6854 -1199 685 0 395 433 433 END
START 3032 14184 8356 -1685 -2589 694 676 0 412 424 412 END
START -5760 17588 13220 -1609 -483 2249 676 0 409 426 412 END
START -6720 15048 11432 -1708 -2924 2798 678 28 403 451 423 END
START 9588 10420 200 -2025 -4098 -307 678 0 413 429 414 END
START 552 12788 6124 -2980 -5008 -1831 678 13 374 428 419 END
START -3400 16688 11436 -2526 -1420 476 673 0 406 427 417 END
START 248 11912 6836 -2580 3150 1458 674 4 409 422 414 END
START -12736 17424 18472 -1596 -369 2423 677 15 406 440 419 END
START 1568 13456 6484 -2619 -3829 656 676 0 412 426 418 END
START -6116 14392 11648 -2974 -6162 -1242 676 12 411 427 417 END
START 14144 9800 -1580 -3091 -60 -1745 700 30 419 432 416 END
START 17620 9672 -3500 -2733 5002 795 675 9 412 426 418 END
START 14852 9228 -3344 -3245 5743 611 682 0 415 428 416 END
START 5204 11756 4456 -3077 5667 935 684 13 412 434 419 END
START -7140 15620 14664 -2381 6413 1793 690 1 416 435 418 END
START -12548 17608 16992 -2285 5971 2006 713 0 427 436 428 END
START 1152 12788 6756 -1159 5572 2314 689 0 419 442 419 END
START -6760 17448 13544 -307 3286 3263 688 0 426 447 426 END
START -6456 19380 14580 508 3462 3500 677 12 429 455 450 END
START -5128 16100 12112 1090 3144 3798 655 1 422 453 433 END
START -13572 18448 17408 2353 548 4221 644 16 427 454 433 END
START -2708 14244 9056 2164 -3447 3263 610 0 415 461 437 END
START -13280 16680 16208 2087 -7800 1769 592 2 413 456 439 END
START 11248 11108 536 2310 -8125 984 580 23 412 472 436 END
START 2688 14444 5088 1511 -7525 751 572 0 407 454 438 END
START -6400 16092 10936 783 -3707 1715 563 3 401 454 437 END
START -9992 18212 13572 491 -1173 1836 561 1 397 436 436 END
START -7628 19432 12312 -169 -1648 2331 552 0 392 435 415 END
START -8152 14044 12032 338 -706 1828 524 15 441 429 400 END
START -14220 15056 16544 -1394 -421 712 540 0 391 421 400 END
START -19560 19984 19140 -1423 -3326 4157 537 0 392 419 400 END
START 21220 5548 -6124 -2840 -3158 -1754 545 28 430 428 357 END
START -3672 10244 7008 -2227 1476 189 533 4 397 425 398 END
START 5472 7708 -316 -2230 4030 886 531 1 395 429 398 END
START 1192 12136 5560 -3062 970 701 529 1 395 433 399 END
START -9612 13216 12476 -3474 -4077 734 527 0 397 434 398 END
START -15468 17020 18324 -3532 -2332 412 608 14 379 455 318 END
START 14880 9108 -2884 -2813 1846 -1179 533 0 400 440 399 END
START 20920 8028 -8076 -2261 3347 -388 533 0 401 436 398 END
START 23220 7332 -9996 -2471 2630 -1587 540 3 396 435 408 END
START -2044 10020 6128 -1933 -940 -2987 538 0 406 433 405 END
START 10296 8860 -1092 -1261 -5089 -3344 549 0 406 434 406 END
START -17192 14892 18948 -353 -5888 -1971 557 3 396 426 407 END
START 4728 9452 -2444 628 20 -2359 574 1 394 424 406 END
START -7376 12360 11332 232 -5480 -2013 636 27 403 435 375 END
START -14156 14432 15140 1077 -1244 -1242 617 0 409 447 422 END
START 20256 12564 -11480 1209 1423 180 616 0 426 456 426 END
START -556 18652 5932 1373 -549 615 604 0 483 471 413 END
START 8656 14412 -5140 464 -9178 -1027 570 0 558 466 442 END
START 9748 13040 -5144 -824 -7723 -5816 466 4 610 468 448 END
START 32767 11972 -15744 906 -1161 -1265 501 0 625 470 456 END
START -9232 19780 10480 697 3760 2810 490 0 630 471 464 END
START -9120 17476 8792 1531 4381 3405 500 48 630 496 467 END
START 772 15732 2420 694 -2966 1894 497 0 626 470 463 END
START 14516 14528 -4576 1344 11 1100 500 0 616 469 462 END
START 3548 11664 4632 2269 353 3653 495 0 600 465 464 END
START -7852 12740 12128 1541 -1998 4491 513 0 581 464 461 END
START -15572 13160 14300 1691 3787 1632 513 70 537 470 468 END
START 19932 9964 -12604 2076 6729 3040 516 0 458 465 454 END
START 12308 10952 -4196 1629 8795 894 520 0 440 468 451 END
START 2340 12300 1444 939 5474 123 520 0 435 473 451 END
START -3688 13388 6416 -476 -3410 -738 521 0 423 471 446 END
START -7696 13320 9236 -644 -35 -2248 523 0 416 489 451 END
START -14416 13616 12820 -631 1428 -582 503 3 416 468 442 END
START 25052 10732 -13880 -725 2599 -1507 526 0 423 503 450 END
START 18692 12088 -8980 -468 4602 -1493 504 0 413 478 439 END
START 12312 16700 -3488 -912 2470 -1056 525 0 418 477 441 END
START 18568 14920 -8080 -992 404 -1049 537 21 464 484 420 END
START -19236 22608 20656 -1028 -1787 0 522 0 397 475 442 END
START -18476 22440 19480 -764 -2903 583 523 4 418 477 440 END
START 5980 22968 6992 -1175 -1923 107 539 16 390 457 474 END
START 2760 23660 10336 -1222 460 138 527 1 420 480 445 END
START -1860 24240 12844 -878 301 716 513 31 516 479 444 END
START -3984 23772 13388 -1091 1437 5 522 0 421 478 443 END
START -6984 24156 15132 -596 44 764 524 0 420 479 443 END
START -2920 19632 6468 -143 -3209 735 525 3 424 479 446 END
START 160 19392 5092 -337 -3756 257 525 3 424 480 444 END
START 1788 19436 4024 84 723 129 523 18 425 482 448 END
START 16328 13228 -7280 66 1745 -577 526 0 421 480 446 END
START 15892 12912 -6796 37 819 -349 543 43 428 479 455 END
START -14440 13012 13708 90 -524 -318 528 0 423 480 444 END
START -14244 13588 13844 128 -189 -343 512 48 413 487 406 END
START 13900 13016 -5280 346 2019 -458 535 0 422 486 445 END
START 13444 13172 -4696 324 939 -347 529 0 425 480 444 END
START 14384 13264 -5976 17 -174 -817 532 0 432 481 449 END
START -12632 13276 12564 6 -573 -591 523 7 424 481 446 END
START -13748 13032 13304 48 -791 -74 518 23 401 504 452 END