START 3304 15356 5656 697 1661 1603 669 0 628 683 643 END
START 3096 15292 5396 534 1240 907 667 0 621 681 643 END
START 3304 14556 5000 618 157 -493 659 0 607 673 635 END
START 2524 15000 4436 641 373 -37 659 0 596 669 627 END
START 3272 14972 3420 555 60 918 657 0 582 663 614 END
START 3996 15700 4392 -312 -903 969 616 9 560 647 605 END
START 5900 15460 3300 15 92 1748 613 0 532 631 587 END
START 5212 18356 2180 439 1217 2003 611 18 513 613 573 END
START 6112 16876 1340 74 398 2921 591 6 502 602 563 END
START -1596 13964 4804 -1930 -262 2466 580 2 494 578 552 END
START 3568 12800 512 -727 -3634 264 580 0 496 562 543 END
START 5840 12960 3260 -1549 -5663 1413 578 0 485 551 533 END
START 1892 16116 3776 -880 -4328 697 481 13 458 545 516 END
START 7840 11492 3372 -1684 -3125 136 571 0 465 519 497 END
START 4832 18276 4716 -2277 -2352 888 570 0 450 504 470 END
START 3752 15952 228 -1129 -75 39 561 0 447 493 469 END
START 1364 9496 2832 -1032 -783 -156 559 0 443 481 460 END
START 3720 11764 5260 -1867 -3255 288 557 0 437 482 444 END
START -2028 17112 10696 -1789 -4581 943 553 0 428 461 433 END
START 2508 17160 7448 -1531 -2617 527 545 0 428 430 421 END
START 8520 21500 5460 -427 964 -78 543 0 407 434 398 END
START 1296 14872 3488 495 2785 -502 527 27 387 433 407 END
START 5816 10496 -384 442 4563 251 538 12 400 420 385 END
START -1428 12232 7448 -1069 121 -360 533 5 395 419 385 END
START 8116 10172 2108 -2035 -267 -1217 530 0 393 414 387 END
START 8812 11392 2040 -2429 53 -1262 532 5 391 410 391 END
START 340 17712 7740 -2546 838 -334 534 33 352 425 392 END
START 7388 19244 3756 -2323 2855 48 530 6 388 414 389 END
START 7160 22024 4800 -1889 2583 757 528 0 374 421 435 END
START -2420 16292 6672 -1497 1440 -706 528 0 385 408 394 END
START -4200 17120 8112 -1980 -187 -1723 526 0 382 410 391 END
START 1448 14152 3184 -1439 2718 -90 526 3 388 418 379 END
START 9376 11656 -2392 -1201 4263 137 526 0 390 417 390 END
START 6720 11008 -352 -1161 2483 796 514 102 392 414 393 END
START -1116 11664 6232 -1379 428 -380 524 0 392 422 390 END
START -2264 10988 7920 -1375 -961 -539 524 94 392 414 392 END
START 1336 10136 5008 -286 -1194 -433 530 13 397 420 393 END
START -3280 11472 9656 -246 -1151 -454 530 0 396 420 396 END
START 2816 8800 5164 44 -2399 -1578 569 0 435 432 391 END
START 11672 9280 -404 -312 -1098 -1734 534 8 395 422 397 END
START 12668 9532 -1108 -305 -361 -2095 538 19 400 419 399 END
START 8644 9676 1112 -302 -685 -2095 543 9 398 421 400 END
START 13632 9632 -1996 -509 -1785 -1453 545 4 399 425 405 END
START 9424 11292 840 -704 -3058 -1571 558 0 412 428 377 END
START -1852 13808 7148 -882 -5014 458 589 0 419 435 409 END
START -11600 16660 15156 -1006 -7864 941 606 0 425 446 415 END
START 10536 13760 944 -1062 -7994 -701 616 0 434 455 401 END
START 504 15812 7336 -1556 -7547 -207 613 0 441 454 426 END
START -7676 17000 12824 -1495 -5851 431 626 25 451 446 431 END
START 10140 11976 -840 -2536 -391 -1882 621 0 425 455 424 END
START 18048 9000 -5596 -2782 1621 -262 624 0 423 460 428 END
START 15168 10532 -3740 -2789 2713 115 641 0 421 470 428 END
START 3700 13628 4020 -3204 448 642 636 2 426 467 431 END
START -5432 14992 10232 -2980 -4215 679 635 11 422 489 436 END
START 17964 8576 -3868 -3627 -2709 -2408 651 0 408 457 428 END
START 7088 11208 2692 -2731 2383 420 662 0 409 452 427 END
START -7508 16852 12780 -2516 1175 2722 710 17 358 453 413 END
START 12412 9780 -1724 -2674 671 869 679 2 398 440 419 END
START -816 14324 9284 -3733 -1969 -837 686 0 394 435 413 END
START -13128 13676 17256 -3874 -727 -458 686 0 390 431 412 END
START 21152 7588 -7384 -2558 4300 785 680 2 391 430 411 END
START 2132 11520 6236 -2219 1539 1801 679 58 408 441 378 END
START -14564 16176 17512 -2707 -340 677 675 0 396 431 409 END
START 19576 8216 -7148 -3223 -1458 347 672 7 397 430 417 END
START 4508 9988 5212 -4131 -2331 -2608 660 16 298 431 380 END
START 30768 6580 -12580 -2480 -285 -931 663 0 395 427 414 END
START 23400 7956 -7012 -942 3372 1062 665 4 396 426 414 END
START 9600 10404 2436 -1448 1235 -182 664 0 396 451 417 END
START -5356 13364 12000 -2016 -2115 -404 665 4 393 426 419 END
START 26496 6076 -12756 -2258 267 -2163 669 0 413 427 386 END
START 6932 8784 1396 -296 655 -1541 662 0 405 426 418 END
START 10468 10820 4396 -1318 -630 2 663 0 404 428 415 END
START -8072 13608 15284 -1012 -1731 2735 664 7 399 431 419 END
START -20312 15408 21760 -1730 1227 759 665 0 404 428 413 END
START 18756 8076 -6376 -2694 2322 462 671 1 401 439 422 END
START 6860 9664 2024 -2415 2190 1491 669 0 397 427 413 END
START -6668 12148 12124 -2532 2433 3042 677 0 397 428 415 END
START -17908 13672 20036 -2441 4569 3027 686 7 397 418 415 END
START 20584 7192 -6320 -1263 4062 2148 690 0 391 428 416 END
START 8956 10292 5356 14 1704 3329 690 15 407 428 430 END
START -420 12744 10936 172 -1818 4627 687 0 387 431 415 END
START -12644 15824 17748 559 -3961 4916 669 0 401 434 417 END
START -18176 17460 22596 328 -4513 4363 644 1 449 445 422 END
START 9680 12656 2096 1156 -2699 2180 624 0 393 437 417 END
START -2580 13676 11588 530 -5218 2228 672 23 358 434 404 END
START 25592 8276 -9840 449 -5124 190 586 1 396 439 422 END
START -15932 18420 20268 -218 -6367 57 579 0 407 435 413 END
START 15508 10260 -3088 -863 -2783 -38 509 11 412 468 420 END
START 3664 11184 4120 -980 383 429 577 0 422 434 411 END
START -1688 17872 8660 -858 -1475 2708 544 72 448 427 390 END
START -21748 15504 23380 -281 -2191 2860 564 0 435 428 404 END
START 20176 8592 -7592 -5198 -3644 -3538 559 0 432 424 404 END
START 21280 8592 -10388 -1770 1075 -2338 563 36 439 418 416 END
START -17776 12308 16532 -1809 -1604 711 552 1 440 428 405 END
START -14120 12396 13476 -1338 -1242 348 552 0 443 432 406 END
START -7404 12504 9660 -628 1330 -178 549 25 449 455 405 END
START 27724 11096 -15012 -1029 1541 -1228 555 2 443 437 407 END
START 108 16344 5164 -399 2167 -2680 559 0 447 436 407 END
START 18972 10092 -7848 928 4513 -2142 567 31 459 439 362 END
START 12972 14968 -3356 899 1572 -1436 568 0 452 426 412 END
START 16704 12704 -8220 1370 -1888 -2307 591 17 426 431 412 END
START -17432 22432 19152 -110 -5934 -3453 597 0 435 428 415 END
START 3216 23064 12824 551 498 -530 610 0 403 436 411 END
START -4592 23128 14840 1622 -2614 78 628 0 392 448 461 END
START -11664 22464 17932 1614 -4499 899 618 2 403 465 431 END
START 23608 19304 -8568 475 -2557 2496 613 1 446 483 447 END
START 19104 21628 -5192 1913 -5144 4910 588 7 556 416 473 END
START 26216 22392 -16028 -4286 -17885 865 571 0 635 562 467 END
START 12016 14432 -1600 -3533 -9246 -7753 531 0 655 585 474 END
START 32767 4920 -15840 -1667 -1397 2358 504 0 654 586 463 END
START 24260 8392 -9680 561 10922 4319 503 3 635 566 476 END
START 11920 9504 -2932 429 4591 6493 504 5 637 547 473 END
START 9568 9056 168 -1626 -3834 -938 512 0 631 532 471 END
START 10400 12228 3632 -2142 -3295 -2801 508 0 611 498 471 END
START 32767 6324 -16248 -1845 7953 478 514 0 576 462 439 END
START 31148 2852 -20368 -927 15753 2565 511 0 509 466 458 END
START -9420 6052 7824 2246 12431 9327 517 6 442 474 441 END
START -2896 15736 14036 -557 3647 1692 520 0 422 479 439 END
START 18116 8836 -6608 -4273 111 -5275 516 0 414 483 437 END
START 27180 5492 -15384 -1797 7972 -4150 547 32 416 471 442 END