START 4128 14328 3484 -865 -142 735 526 8 402 422 391 END
START 3864 14096 3664 -814 76 896 523 2 398 425 394 END
START 3940 14068 3312 -555 488 377 524 0 397 425 395 END
START 3692 14104 3768 -233 248 810 524 0 393 426 392 END
START 2492 15152 4556 -321 168 345 529 10 401 423 394 END
START 2064 13384 4688 -1342 -1119 -255 533 0 398 425 393 END
START 1508 12672 7124 -1537 -611 544 527 6 408 427 389 END
START 2536 12348 7268 -1273 628 -38 526 0 399 430 388 END
START 3452 11636 6164 -1046 835 -525 497 32 428 443 413 END
START 4168 12412 -192 -157 1315 -597 527 7 400 436 395 END
START -60 16608 7096 -1275 474 477 491 22 474 433 325 END
START -740 12464 5092 -597 608 -911 526 0 399 431 396 END
START 11152 15792 -1404 -1432 363 411 534 0 395 403 392 END
START 4932 14536 976 -98 -50 -794 529 21 402 430 397 END
START 3768 10748 4716 -1415 -615 -351 527 1 402 427 397 END
START 3076 17544 4820 -1751 -469 778 526 0 398 427 392 END
START 3896 20612 4896 -719 1382 225 528 0 400 423 395 END
START 1532 15028 4144 117 822 -895 524 10 453 432 382 END
START -1596 11248 7520 -909 -1278 -567 529 0 402 426 392 END
START 5124 11684 5336 -1305 -1073 -472 532 58 387 428 379 END
START 5844 12452 4104 -928 -928 -51 530 0 410 420 394 END
START 924 13608 5340 -1862 -3741 -928 533 0 402 418 398 END
START 4252 16260 5544 -1491 -5090 -2951 542 0 403 409 400 END
START 9540 22496 5336 -1211 -705 552 547 1 404 413 399 END
START 400 19696 5980 -261 1836 1695 552 0 409 331 366 END
START -756 12420 2668 352 -1492 706 568 0 402 419 402 END
START 6028 11020 1476 223 -5323 -1134 608 5 426 374 413 END
START -1108 13256 8196 807 -9689 1136 636 3 417 429 407 END
START 5084 12676 3444 -312 -11896 -195 661 5 419 427 410 END
START 14632 12040 -5792 -2215 -3957 -4996 678 8 420 425 422 END
START 10636 8908 44 -485 -417 -3012 685 0 422 432 409 END
START 10184 11404 -616 -1011 3839 2202 689 0 417 438 395 END
START -3640 14924 7988 -1101 1454 3582 686 33 419 435 403 END
START 6424 10504 1168 -1823 -4858 330 682 0 419 435 418 END
START 1508 15560 6424 -3559 -7278 -2655 679 33 373 426 439 END
START 9964 9328 704 -2841 -4868 -831 678 0 420 428 412 END
START 8472 18212 4196 -1833 -714 2915 677 3 420 436 416 END
START 10836 19512 1476 -1286 2735 3451 678 4 418 435 417 END
START 2860 19428 7272 -1306 1811 1686 678 0 420 433 415 END
START 12148 20276 428 -1869 1851 816 672 0 417 451 343 END
START -6748 15556 7556 -1044 -1425 -873 678 0 416 433 416 END
START 2288 18796 3588 -1131 -1050 -289 681 75 378 439 417 END
START 8492 20628 2532 -966 961 1132 676 30 421 436 418 END
START -276 15832 4600 -691 470 -672 678 0 418 435 420 END
START 10640 13000 -3316 -855 3009 -1125 680 7 421 436 406 END
START 16312 10668 -7440 -832 3118 -1154 680 0 425 435 416 END
START 6628 13252 -688 -415 3879 -227 684 47 424 430 418 END
START 14052 10880 -6044 -186 5675 427 690 0 427 440 417 END
START 13356 10024 -4916 79 5133 810 691 0 424 442 418 END
START 5920 11440 2036 381 1910 1837 691 0 425 442 423 END
START 3924 11156 5592 295 3001 2440 688 6 426 446 423 END
START 12524 11220 356 894 3832 3019 635 0 432 471 425 END
START -8260 18340 15440 799 -357 2927 675 6 432 452 431 END
START -8508 18976 13700 691 -3035 1770 659 3 403 393 444 END
START 132 18124 7864 1413 -3816 1668 638 0 423 452 433 END
START 10516 20196 2680 1721 -1654 1583 626 0 417 454 430 END
START 14908 21308 -464 1825 -997 1399 614 0 412 450 430 END
START 12260 21456 1416 1952 527 1149 601 10 407 446 427 END
START 12932 19296 -464 1505 650 1009 597 1 404 429 411 END
START -4748 20760 9892 1344 -264 -25 580 0 390 428 408 END
START -11272 19628 12868 1520 1107 948 594 28 400 383 406 END
START 3036 20660 4840 -28 2954 1220 565 0 373 430 403 END
START -3564 16740 3756 -587 3396 503 547 0 389 415 397 END
START 7728 12816 -4184 -1704 2560 -404 552 0 384 414 400 END
START 17828 10708 -7692 -1978 1744 -1406 543 0 376 414 399 END
START -7924 16528 8544 -2159 -1409 -423 584 0 392 392 437 END
START -11660 19232 14256 -2385 -1630 645 544 0 389 425 398 END
START -15724 19620 16012 -2627 -393 611 542 0 392 424 401 END
START 8796 21072 3536 -2457 -657 1210 481 23 368 437 320 END
START -1328 21524 9436 -2231 -25 666 544 0 394 427 395 END
START -11260 20984 14884 -1486 -1805 -329 549 0 398 435 402 END
START 20184 20856 -1824 -1763 1508 -711 551 25 330 396 401 END
START 11184 16532 372 -1912 -1098 -1075 556 5 393 420 401 END
START 19192 17460 -4524 -1545 -4683 -1628 563 0 397 415 405 END
START 4000 12416 7260 -806 -7260 -2673 586 8 394 428 482 END
START -6364 11416 10388 -894 -5011 -1573 607 0 399 436 412 END
START 27004 9316 -10852 104 -2254 -958 614 0 413 446 421 END
START 22548 9436 -9780 -300 178 -1169 607 0 447 434 431 END
START 18336 10936 -5824 -654 -5261 -209 596 0 492 464 442 END
START 18776 11380 -8960 -1650 -4991 -3319 570 21 597 494 456 END
START -15564 13864 14512 -493 -5301 -1833 532 14 600 524 461 END
START 12020 10744 -4196 1197 2811 158 499 0 613 547 459 END
START -2940 13392 5512 1472 4030 1872 472 57 608 587 487 END
START 24324 11360 -15004 1207 2594 1514 500 4 600 543 462 END
START 24020 10228 -13356 1568 1639 865 500 0 604 527 466 END
START 19620 12016 -8384 1500 935 1110 502 0 597 514 473 END
START 10340 12036 -1692 1606 2041 1931 504 0 594 480 460 END
START 23796 12328 -11304 1519 6418 1403 510 55 575 476 480 END
START -12912 19320 14844 1255 4302 3020 509 6 562 466 458 END
START -8752 18204 9792 1612 1885 4693 515 1 508 469 452 END
START -1164 16228 3940 957 731 3152 550 13 487 458 455 END
START 9504 14612 -2960 331 3560 1456 515 0 445 473 442 END
START 19576 14360 -8884 370 6150 317 524 0 427 478 432 END
START -3336 12664 6092 432 5315 1097 521 2 429 481 439 END
START -9216 13148 10624 -233 455 -477 522 4 421 482 442 END
START -12996 13668 13008 -284 999 -132 520 0 425 484 444 END
START 27148 11980 -14572 -522 3677 -633 521 0 422 484 439 END
START 22324 11720 -11792 -309 6142 -826 525 20 411 481 376 END
START 6728 17344 -464 -615 3143 -995 523 0 427 485 439 END
START 11888 19540 -5584 -1143 3041 -2358 522 0 414 486 439 END
START 17016 16260 -6924 -1011 388 -815 509 0 430 440 418 END
START -17248 23372 20172 -1338 -1152 -487 522 0 418 483 438 END
START 14928 20148 80 -1590 2774 512 522 0 420 480 439 END
START -17000 22468 18960 -1101 -1191 462 527 0 420 483 439 END
START 9716 20308 3652 -1394 1162 -204 525 0 420 478 440 END
START 5652 23472 7608 -1508 1302 -2 537 73 383 492 402 END
START 3356 22580 8456 -744 1261 1141 523 0 421 491 440 END
START -80 23104 10488 -456 -1509 1698 545 16 420 487 440 END
START -632 23336 11184 -701 -1185 789 546 0 442 486 438 END
START -1588 23948 12796 -759 -565 1175 526 5 423 485 436 END
START -3252 23676 13428 -1096 1965 1109 554 33 423 428 453 END
START 21732 15708 -8056 -1560 1213 990 528 0 423 483 440 END
START 22128 15624 -8116 -1824 -1563 1025 525 1 422 486 444 END
START -12644 15196 16920 -1860 -3444 982 518 16 428 490 517 END
START 7436 9588 2156 -1482 2437 -466 522 0 424 487 443 END
START 7180 9132 1968 -1574 1157 -341 525 0 461 490 442 END
START 6640 9396 2500 -1662 -334 73 525 0 426 488 442 END
START -12116 14992 15900 -1937 -2808 1041 527 0 424 488 437 END
START 5348 9324 3096 -1331 1604 -328 530 10 414 383 447 END
START 4432 9520 3952 -1269 1427 -172 528 5 427 489 443 END