START 2000 15056 4480 -467 299 1328 568 0 564 645 603 END
START 2280 14976 4648 -552 -377 1110 575 112 565 621 606 END
START 3348 14556 4440 -528 -1138 637 568 0 552 638 599 END
START 4132 14792 4508 -539 -1402 520 551 16 508 641 601 END
START 4764 15168 3504 -445 -208 276 565 5 529 620 592 END
START 3460 13584 3340 -904 -1022 562 563 1 507 600 585 END
START 2112 13216 5472 -1508 -992 277 561 0 485 564 557 END
START 3444 11564 4160 -991 -971 -484 556 0 472 539 532 END
START 728 11668 3880 -126 -1636 -303 554 4 461 523 513 END
START -1304 16972 7080 -477 -3787 1658 551 0 454 508 493 END
START 4840 12404 3160 -845 -5730 571 537 0 401 499 490 END
START 11468 18808 -36 -1580 -7232 180 545 1 432 477 463 END
START 13780 12168 -3628 -871 -4740 -2556 548 0 420 461 442 END
START 7572 10440 1292 -1396 1325 -2458 540 0 413 449 420 END
START 1324 17608 7760 -1321 5713 -637 539 3 402 433 407 END
START 412 21968 7620 -804 6156 601 538 0 400 451 380 END
START 3128 11360 4620 -618 5203 -1242 520 2 388 414 377 END
START 3908 10596 2548 -3331 2288 -4463 526 121 378 412 378 END
START 728 8164 480 -3113 11 -307 527 16 386 422 402 END
START -324 14276 6636 -3327 -876 116 526 0 387 418 379 END
START 1076 18980 7444 -3709 -288 -278 521 0 382 424 383 END
START 6712 22704 6752 -2688 2756 48 526 0 390 421 384 END
START -2228 16264 6836 -1640 3354 -345 460 35 397 426 388 END
START -3504 14392 5152 -1020 692 -1896 528 1 390 426 385 END
START 4440 12940 1808 918 978 250 527 2 394 429 386 END
START -2036 11288 7616 69 -669 -62 529 0 396 427 385 END
START 10092 11640 2152 -579 1757 79 528 0 396 426 389 END
START -224 15592 9328 -159 8 1192 530 0 401 426 391 END
START 6704 21060 4648 152 711 132 535 0 403 425 394 END
START -5688 18540 8012 1280 -2207 -2249 536 3 393 425 396 END
START -2900 15904 6056 1028 -2117 -3217 536 1 400 414 397 END
START -4860 17888 7920 939 -1975 -3283 536 27 372 436 334 END
START -3188 15736 6792 780 -2029 -1383 549 0 405 435 401 END
START -8720 17328 9924 413 -2353 -859 567 0 416 446 405 END
START -8656 17432 9568 489 -1478 267 586 0 430 456 426 END
START 7352 11888 -1404 -190 -1742 -212 594 0 446 463 414 END
START 11044 12704 -4476 44 -4722 2188 608 20 428 379 429 END
START 13412 13008 -6032 54 -11996 3245 605 9 494 475 426 END
START 6844 14440 -2804 -2262 -15246 -1537 618 0 511 474 429 END
START 17780 11736 -10476 -2317 -17208 -771 646 7 534 466 348 END
START 1776 16432 3228 -1858 -8044 -2864 670 0 474 445 417 END
START -5076 18240 11856 -436 -2941 3625 690 0 454 435 414 END
START -7536 22228 10552 -1614 -7325 3400 708 22 430 467 442 END
START 10244 23600 1192 -2536 -9684 -3181 702 0 404 419 408 END
START 16148 19644 -44 -4471 -4198 -5371 703 0 388 412 406 END
START 15536 20192 -336 -4998 4344 323 630 0 393 345 372 END
START 7220 13388 3032 -2261 5435 -97 677 0 381 410 401 END
START -1992 20512 9796 -621 10291 -2585 645 13 354 421 407 END
START 4008 19868 5452 -1372 8745 3216 684 0 384 412 424 END
START -1200 14084 2728 -2739 4630 -208 680 0 383 417 404 END
START -4156 12516 5616 207 2215 -888 674 25 332 423 371 END
START 504 15464 5640 266 3025 -1560 680 0 382 415 409 END
START 9536 15580 -524 -225 8580 -1233 685 42 385 456 471 END
START 13044 10084 -6644 -423 7260 -91 685 0 386 419 407 END
START 10608 11196 -3528 181 3116 -783 685 0 383 417 408 END
START 164 11700 3164 -363 1296 -975 692 0 381 415 407 END
START -8704 12004 12768 1852 -2330 300 685 0 381 416 407 END
START -13704 14356 16620 -163 3207 330 700 23 360 422 356 END
START -12492 11476 13408 -590 -1676 293 688 0 384 420 409 END
START -10276 12376 11756 -690 -2625 -1415 687 0 385 420 409 END
START 16816 10032 -7344 553 4334 130 680 17 372 431 413 END
START 5400 10492 1372 406 5019 112 691 0 388 424 408 END
START 44 10096 10460 411 -1210 -541 685 26 425 434 443 END
START 18152 8588 656 -178 -2606 -3778 695 3 393 431 418 END
START 24380 7588 -7752 1516 7605 461 697 12 398 438 419 END
START 19140 9480 -5720 2229 13409 3951 689 0 400 445 425 END
START 6216 13704 2056 2047 13455 3508 685 0 405 448 429 END
START 14928 11408 -5940 1195 10209 4352 695 11 414 437 449 END
START 14632 10768 -6088 370 6183 2565 696 0 407 457 434 END
START 5128 10312 -872 553 1281 2774 693 2 408 456 435 END
START -7432 13952 10120 466 -4024 6490 693 0 401 454 434 END
START -17432 17684 18436 -665 -7357 4336 688 0 392 450 433 END
START 16264 10612 -5152 -817 -4788 3155 650 6 399 451 436 END
START 18248 8796 -5604 -1121 -2615 2681 657 2 398 447 428 END
START 28320 7776 -11772 -1196 -4788 199 600 0 410 442 427 END
START 2272 9600 7300 -304 1384 -1392 627 60 418 401 419 END
START 5652 10372 2980 -1636 6253 2087 598 0 407 437 421 END
START 8616 8612 -2592 -568 1626 2772 610 24 424 457 417 END
START 23708 6992 -10836 -2740 -2986 -4113 591 0 417 429 413 END
START -4324 9020 7284 -3154 -1778 -5081 582 1 421 427 408 END
START -1024 10684 6064 -197 3668 2684 576 0 374 446 375 END
START 5500 10660 1236 -1292 650 159 571 0 425 434 410 END
START 17792 7092 -7920 -2041 141 -462 572 14 427 436 408 END
START 27584 7244 -13628 -2643 -1863 -1187 568 9 429 439 420 END
START -5260 11324 7932 -2671 -2716 -1304 568 1 429 445 410 END
START -10288 12464 12424 -1451 -139 -907 508 14 419 442 307 END
START 23260 10880 -12084 -570 4399 -227 566 0 436 445 410 END
START 11648 14724 -3008 -402 2555 -1078 568 0 430 448 412 END
START 21568 13844 -9152 -245 1989 -1033 570 40 443 385 424 END
START -17124 20200 18504 -604 -1550 -483 573 0 414 444 419 END
START -2200 22960 12580 -737 -1046 -1287 576 0 443 440 421 END
START 26752 15216 -10544 -1286 1269 -2528 605 14 442 467 429 END
START -10364 16320 15344 -928 -6014 -3057 588 0 430 404 423 END
START -14592 14844 20688 -203 -2549 -1064 605 0 417 433 420 END
START 23292 9812 -16868 -1822 2705 30 614 11 404 443 427 END
START -5404 10676 8748 -407 -2845 -2262 621 0 410 459 439 END
START 8096 12716 -944 902 -4582 548 620 0 425 478 456 END
START 11980 12164 -4284 1197 -2300 1633 558 9 474 493 402 END
START 19020 10648 -9736 -40 -12259 380 577 14 530 529 491 END
START -12836 14872 11868 -1150 -10400 -6934 547 0 602 578 499 END
START 12900 13896 -4488 -132 -652 -1353 534 0 625 643 420 END
START 24016 12904 -11800 296 -293 1767 521 4 638 635 503 END
START 25440 12688 -12504 1491 1714 1308 516 0 636 637 503 END
START -15868 19688 15572 595 -3047 2578 518 0 625 633 508 END
START -11592 17448 11044 829 -8668 4360 519 0 624 629 496 END
START -11364 21588 17472 -558 -11079 -47 543 93 615 620 505 END
START 29760 17752 -8408 -116 -1336 448 521 0 615 605 499 END
START 23360 19136 -4204 504 4811 1898 523 6 600 558 496 END
START 13424 19088 2568 1088 5420 841 529 0 590 517 502 END
START -1020 21624 9184 1972 754 4905 536 0 554 455 465 END
START -9884 22264 16864 1536 -10818 5012 538 17 501 458 455 END
START 32767 16516 -11788 -1089 -3243 -2452 545 1 468 457 442 END
START 2592 17372 10240 -935 5337 827 540 6 450 457 437 END
START 4640 17600 2800 -378 12276 3092 495 66 451 435 439 END
START 7348 14960 -1612 -776 124 3621 543 0 434 470 436 END
START 19512 15620 -7580 -2251 -4744 59 542 0 432 470 436 END
START 30736 18624 -10232 -2590 -502 -775 533 19 471 474 386 END
START -9264 18444 15228 -2663 2777 1216 541 4 426 472 437 END
START -9864 12376 12336 -2051 6476 968 541 0 423 477 437 END
START -20576 14756 20072 -1870 -621 1201 542 2 425 475 428 END