START 2932 13820 4740 -943 -664 529 533 0 394 435 402 END
START 2624 14964 5692 -647 -922 714 532 0 395 430 403 END
START 3068 16048 6228 -889 -1145 442 533 0 393 431 401 END
START 4052 15576 5380 -1331 116 -745 528 0 394 434 403 END
START 4596 15148 4356 -934 1273 -293 536 5 393 442 407 END
START 3248 13048 2232 -1186 95 -1012 534 2 398 432 405 END
START 84 12004 4512 -652 -1349 -142 493 56 409 412 414 END
START -148 14016 6536 -707 -1332 -623 534 0 398 432 404 END
START 1248 17832 5500 -1177 67 -588 538 156 411 432 407 END
START 6044 13744 4000 -2028 201 -760 533 4 405 434 411 END
START -940 12024 6212 -578 1505 -347 535 0 399 441 407 END
START 9568 18744 1100 -1028 2097 1310 534 0 402 433 404 END
START 9340 12892 168 -569 329 -872 535 0 392 435 404 END
START 6192 11744 4988 -1927 -1765 8 535 91 356 441 359 END
START -1460 18792 7192 -872 -1023 -181 535 3 404 435 408 END
START 3488 14792 2284 -264 852 -951 471 20 352 440 415 END
START 5432 9744 2036 -707 214 -510 534 11 398 436 408 END
START 3980 10420 5752 -1337 -503 -618 539 0 401 435 410 END
START 168 16600 9464 -495 -1594 226 536 0 404 434 412 END
START 5176 20880 8108 1455 457 105 540 0 401 433 408 END
START -820 15304 6344 2350 -1057 -84 538 0 399 435 409 END
START 4808 12388 1408 1435 -1985 -309 540 0 402 423 412 END
START -3504 12420 7200 552 -3965 -2239 570 68 413 409 420 END
START 84 10304 5868 362 -4081 -2376 550 0 406 420 413 END
START 7120 10820 1860 28 -4024 -452 551 6 401 425 416 END
START -1856 17564 8204 141 -5189 718 581 0 418 418 409 END
START 5704 20808 5688 789 -3642 1474 598 0 413 418 414 END
START 6116 21148 5144 1637 -5194 1100 613 2 415 423 415 END
START -1396 20512 5056 1442 -5107 590 636 0 414 422 416 END
START -1516 17048 3436 464 -5314 -1435 645 27 467 427 413 END
START 9912 12200 -2748 361 -3734 -1992 662 0 420 423 417 END
START 2268 15464 4024 706 172 1009 679 0 416 425 419 END
START 1652 13016 5316 -280 -1295 1321 681 0 409 431 423 END
START -5720 12624 8740 -1289 -3804 1406 685 0 424 426 424 END
START -1272 9716 4960 -1956 -3854 -1012 668 26 432 427 424 END
START -2912 9644 6724 -1884 -6041 -989 678 0 415 428 420 END
START 6956 9624 1956 -1917 -4493 535 686 0 419 427 421 END
START 12516 11132 688 -2032 -2092 2676 679 0 419 428 423 END
START 8452 8984 1384 -2528 1180 1700 680 8 405 428 426 END
START -5716 14292 11380 -3888 -1195 -1031 674 87 420 419 390 END
START 9232 7840 -468 -3589 -214 -1148 678 0 418 430 428 END
START 13736 8432 -2556 -3637 1164 1171 679 1 416 430 423 END
START 5556 11520 4896 -3930 -498 323 680 3 419 430 431 END
START -2708 15452 12492 -3826 -1802 917 681 3 417 431 422 END
START -5964 17416 14852 -3578 -841 1415 683 35 420 441 430 END
START -4400 14984 13620 -3594 -550 -1083 683 0 415 428 422 END
START 7216 11116 4416 -2983 2702 -191 683 0 418 431 425 END
START -5724 14220 13604 -2581 236 28 687 0 438 446 432 END
START -9180 16824 16756 -2213 4 173 686 3 423 436 429 END
START 14860 20256 2056 -1227 4182 389 679 47 432 425 429 END
START 7556 20092 3812 -589 6414 1137 688 0 426 438 427 END
START -2796 19632 9264 358 6175 933 692 0 429 445 430 END
START -8724 19000 12608 1448 3872 1031 712 5 435 455 436 END
START -4360 16428 9288 2164 2488 2256 693 0 438 454 438 END
START 4632 15480 2916 2960 2997 1918 695 119 442 459 415 END
START 12904 14028 -2692 3050 4187 1953 693 0 447 461 447 END
START -1768 17016 8536 3919 5200 2079 673 8 442 463 449 END
START 4988 14500 2900 4565 2929 2524 652 0 439 465 464 END
START -3452 12316 8624 4457 -1974 1140 637 0 428 468 454 END
START 11708 11060 -2952 4153 -4831 -807 634 8 424 487 460 END
START 4460 11944 2148 4157 -4306 -1147 612 0 417 463 454 END
START -4364 12872 7968 3738 -2448 -172 602 0 414 458 453 END
START 11032 11972 -2888 2993 -1467 253 595 2 413 448 457 END
START 2684 12316 476 1789 -706 -302 586 6 405 450 442 END
START 8864 7088 2164 14 -305 -2676 581 7 404 458 415 END
START 14348 8708 -6788 226 6008 1528 569 0 394 427 412 END
START -12916 13416 14248 482 2559 4874 567 49 389 433 410 END
START 11532 10980 -3196 -2015 -2413 -329 559 5 395 417 405 END
START 15640 8432 -8020 -3250 -1738 -2030 552 2 392 417 403 END
START -4516 9128 5648 -2525 2959 -536 549 31 392 380 295 END
START -2296 9800 5640 -2395 3309 1363 548 0 393 417 404 END
START 6276 8268 224 -3337 -2222 -120 544 0 392 422 404 END
START 19400 8040 -7240 -3876 -2067 -1123 549 1 397 426 402 END
START -3268 11628 6988 -4433 999 -2286 550 1 394 427 410 END
START 9944 8224 -496 -3571 3819 -2076 553 0 388 431 372 END
START 16388 8080 -3856 -2511 4558 -32 554 1 394 427 410 END
START 20548 7752 -6736 -2316 1712 -1487 558 0 396 427 408 END
START 20788 8728 -5864 -1430 995 -2500 558 0 395 428 404 END
START 9112 9064 1160 -249 1313 -1875 561 0 404 425 415 END
START -2052 13780 9956 -287 889 -1726 576 0 414 434 422 END
START -14404 15068 16028 -296 -1109 -2129 573 0 403 424 415 END
START -4772 11456 7112 178 -1154 -3208 584 0 405 430 419 END
START 7184 10260 -864 464 -2090 -2042 603 17 404 446 383 END
START 16268 10036 -6568 536 -4449 8 619 2 424 456 434 END
START 23256 7976 -10792 -29 -4395 -761 631 0 478 438 439 END
START 27156 9460 -13004 -200 -4212 -28 614 0 468 484 468 END
START 26908 9584 -11520 -187 -2525 -380 603 0 504 500 466 END
START 9704 11256 -2372 -97 -840 134 597 12 557 520 475 END
START 18396 8452 -8596 -672 1007 -1142 558 1 588 543 475 END
START 26476 7408 -13000 -150 235 71 504 19 611 565 415 END
START 28760 6724 -15000 -152 1459 590 527 0 621 552 474 END
START 27496 7008 -13940 -333 -11 1523 515 0 627 550 475 END
START 24320 7764 -10520 -365 -2068 1876 511 6 631 548 479 END
START 19764 8240 -8184 -758 -458 1438 508 3 631 544 477 END
START 12492 8580 -3100 -491 555 1268 504 36 637 505 480 END
START 5732 10100 2104 -669 958 1571 500 0 631 515 472 END
START -2664 10672 9352 -626 -3046 2719 508 4 629 501 470 END
START -10160 12344 14956 -714 -4888 3284 507 0 624 490 471 END
START 28460 7864 -14044 -1110 -1039 1487 508 0 617 480 467 END
START -952 11428 6120 -930 1960 1632 531 24 495 449 462 END
START 7252 10716 -752 -1415 8525 1372 514 0 575 469 461 END
START 11316 8428 -7468 -1186 10686 2060 519 0 502 475 464 END
START 10836 6036 -9276 -850 4930 3820 478 30 449 484 458 END
START -26984 16616 25396 -1868 -424 2328 522 4 429 487 449 END
START -19768 15288 20268 -4632 -2828 -3929 515 16 421 491 454 END
START 24472 12032 -13008 -4322 7306 -3802 531 28 400 492 453 END
START -15280 19332 15756 -3391 8739 -1198 520 0 408 490 441 END
START 2412 22180 8944 -3056 8694 970 517 1 413 489 438 END
START -6768 22368 14328 -3660 83 -2280 515 26 420 498 428 END
START 29784 18428 -8428 -3569 1825 -2215 515 2 417 488 440 END
START -3640 17812 12424 -3457 3415 -2374 517 4 417 488 443 END
START 6272 16844 4920 -2509 -210 -812 514 2 416 470 435 END
START 12672 16820 -332 -1786 -1268 -163 513 0 419 487 443 END
START -23968 17864 25752 -1886 -3673 -915 548 24 385 495 416 END
START 11092 10724 212 -1497 3583 -1709 527 30 434 492 445 END
START 21372 8672 -9964 -999 3819 -1073 520 0 421 493 442 END
START 25344 7620 -12208 -683 1522 -832 534 0 415 497 452 END
START 27296 7952 -12136 -772 -222 -513 523 0 421 494 441 END
START -11032 12776 12212 -902 -789 -797 521 0 424 494 444 END
START -5828 12044 8844 -317 -1957 295 521 0 434 505 423 END