START 4948 14672 2960 -922 1788 -342 554 0 468 503 496 END
START 4624 14748 2756 -913 2057 -111 548 11 469 505 491 END
START 3092 14596 2912 -838 1845 563 555 0 465 500 489 END
START 2012 14608 4052 -915 -412 582 554 33 421 500 483 END
START 2912 14892 4264 -817 -2548 -66 554 3 461 495 474 END
START 3196 14168 4468 -1480 -4088 248 552 11 452 487 470 END
START 2428 14300 6972 -1668 -3544 261 547 3 441 477 457 END
START 4800 13984 5084 -1426 -1124 -103 548 0 425 454 423 END
START 6476 12184 1384 -845 279 -991 551 27 420 472 394 END
START 6792 15544 1232 -702 73 1176 540 3 398 425 396 END
START 3116 6040 2832 -230 -270 142 542 5 397 419 391 END
START -380 20080 6988 1886 239 1264 526 0 388 413 384 END
START 6300 12944 3496 -2944 -6681 1019 523 0 384 408 384 END
START 8460 19992 2764 -2488 4678 -4569 522 0 374 415 382 END
START 7460 13976 -1184 -2150 12548 -2332 519 0 383 401 382 END
START 4588 9532 -628 -678 9759 1404 512 20 412 404 387 END
START -1132 10272 5696 -3099 -103 -22 516 4 381 408 382 END
START 2716 13772 4052 -3754 -4163 -1017 514 0 382 405 383 END
START 7832 19844 4076 -3205 -2094 921 514 2 383 414 385 END
START 7104 20632 3256 -2003 1187 2685 514 4 384 417 388 END
START 1372 16304 4328 -1050 2304 593 552 22 397 422 415 END
START 8104 13264 80 -356 3512 16 511 0 388 410 385 END
START 3468 11040 6280 -1534 1757 -267 524 12 427 349 398 END
START 10140 10288 2764 -1138 1147 -806 519 0 391 421 389 END
START 7820 9720 3484 -665 -1333 -591 519 3 393 416 390 END
START 3108 13216 7344 -661 -6619 -1086 521 0 391 407 392 END
START -816 19288 12004 -263 -4946 -1391 520 0 392 410 392 END
START 2972 21568 6444 -763 -2480 275 514 0 397 414 361 END
START 6616 20148 2740 69 -2859 -656 541 0 390 409 394 END
START -888 17048 4780 1278 -4005 -701 600 0 385 407 394 END
START -2796 18392 7008 1392 -9052 -3452 643 7 382 408 396 END
START 3516 19936 -1992 -1280 -6103 1679 671 0 379 407 397 END
START 1908 15096 -840 -1146 -5368 -4394 653 22 330 424 396 END
START 328 15084 3624 -395 -1719 -2405 664 0 380 418 401 END
START 1472 15964 1932 -811 3803 2466 662 1 381 418 398 END
START -5544 12152 7452 -1286 570 2062 659 2 388 417 405 END
START -6892 11172 9616 -2450 -6038 -1111 655 0 381 417 403 END
START 3344 10700 2396 -2704 -2239 -2843 662 14 387 498 402 END
START 6968 10184 1044 -1480 987 509 657 13 379 417 406 END
START -204 9272 5956 -2245 -613 -286 657 4 381 425 409 END
START 4388 8840 4492 -2366 -43 -403 651 0 384 416 414 END
START 1708 12588 7576 -2902 -523 414 659 5 383 421 410 END
START -7032 16068 13392 -2883 -1927 -13 693 20 376 414 403 END
START 2184 12968 7172 -3036 37 -464 662 0 391 423 411 END
START 7752 18484 3692 -2855 4132 713 664 2 392 425 410 END
START 11512 19764 1956 -2055 6859 1327 667 0 384 429 419 END
START 7232 19528 3888 -1350 6631 979 673 1 398 434 414 END
START -1512 18472 7776 215 4040 397 678 69 408 432 401 END
START -4948 16948 9332 1878 2239 1152 680 0 416 456 431 END
START 1972 16104 4644 2684 626 1954 645 31 460 463 452 END
START 12016 14300 -1564 2444 -664 607 683 0 433 470 456 END
START 12100 13232 -752 2488 -2623 19 668 0 443 479 463 END
START 44 12808 7000 1908 -4640 735 648 1 443 486 470 END
START 8748 10564 1584 963 -5726 29 633 3 435 483 463 END
START -1388 16428 9064 524 -9269 -818 621 0 424 473 449 END
START -1108 18820 9116 829 -2962 -1607 598 0 411 458 440 END
START 6212 20336 4828 1864 169 -1089 585 15 393 444 444 END
START 14964 17636 -460 2023 3897 -2177 574 0 389 434 402 END
START -4576 18856 7712 1174 16798 1230 561 2 383 420 402 END
START -2944 23028 5548 -2168 8357 4129 564 0 381 411 395 END
START 13836 17044 -6144 -3838 619 -3095 555 0 381 413 395 END
START 8332 17968 2872 -4079 1426 -2823 564 61 389 383 423 END
START 8748 21928 2556 -3559 4471 3375 549 0 382 414 394 END
START 6416 19472 2652 -3685 675 1372 548 0 384 416 397 END
START 3056 20168 4416 -3452 -1460 162 546 2 386 412 402 END
START -6240 19160 10548 -1949 191 1192 553 0 385 422 389 END
START -6768 16716 9800 -1623 193 -96 560 0 392 399 394 END
START 172 13796 5128 -510 -224 -1198 552 3 391 418 401 END
START 10276 12276 -568 134 921 -3193 512 2 471 420 403 END
START 14528 11368 -3796 658 -1224 -2875 560 0 391 420 402 END
START 11176 11168 -3800 1081 -2083 -3286 570 0 393 428 402 END
START 12652 15224 -3356 1320 -621 -2032 591 17 391 434 417 END
START -7904 16068 6736 1423 -1578 -349 610 0 411 446 402 END
START 2456 16444 2332 1248 -3408 65 610 2 422 459 426 END
START 10460 15612 -2212 1527 -3606 766 607 0 461 476 435 END
START 19856 13648 -10404 1089 -10284 622 588 0 512 513 447 END
START 8960 16808 -2956 -742 -7631 -4429 560 0 583 564 422 END
START 19400 13056 -9272 562 -1452 307 506 4 609 582 458 END
START 23456 9812 -13596 1767 1778 2236 507 5 615 583 456 END
START 820 14296 3460 2282 2456 1993 504 100 615 581 465 END
START 10216 13584 -4100 2233 -133 2768 498 6 603 562 457 END
START 17804 11340 -8380 2188 -2924 2129 514 105 593 531 458 END
START 4540 13560 3356 3118 -527 1997 508 1 573 493 477 END
START 15380 12784 -3120 2651 4185 1939 512 0 558 450 452 END
START 14208 10704 -4316 2660 5832 5485 569 26 462 444 427 END
START 5048 12424 -3260 1503 6332 3717 518 0 455 453 435 END
START 11972 10684 -6808 1461 6632 2640 524 0 423 456 431 END
START 16316 11184 -7432 508 3884 459 531 5 423 468 430 END
START 12436 11232 -4808 -569 1675 222 531 0 417 465 427 END
START 3440 10136 -160 -1402 1331 -415 543 70 404 475 364 END
START -6244 11928 8304 -625 2551 603 524 0 416 469 432 END
START -10748 11936 11380 -1106 260 365 568 118 406 470 431 END
START 7588 11320 -636 -1001 -605 -269 527 0 415 477 433 END
START -2160 12332 6188 -1506 -1280 -850 529 2 416 471 434 END
START -8672 12152 10812 -958 1273 -1120 530 36 464 469 436 END
START 13616 10820 -4856 -178 2492 -1323 523 0 413 469 432 END
START 17040 13740 -5968 203 1217 -1341 527 0 417 471 432 END
START 23276 12316 -10308 -91 1892 -2490 532 13 420 444 438 END
START 172 17548 5520 57 2844 -1871 521 0 417 472 434 END
START 14404 10940 -5940 -48 4127 -2412 590 118 402 472 451 END
START 17816 13068 -8324 891 4192 -1270 525 0 376 473 439 END
START 22788 12224 -12016 536 2049 -1427 527 4 418 472 430 END
START -3720 17144 7172 106 630 -1591 534 0 427 506 415 END
START 16668 11532 -6028 860 3101 -566 532 1 422 473 430 END
START 8832 11188 -3208 181 3480 -993 530 27 421 474 433 END
START -1796 11936 4844 332 3506 -74 532 0 431 479 432 END
START -11984 12424 11688 -115 -1109 134 530 0 420 476 434 END
START 26016 11412 -13428 65 925 -115 519 25 474 487 450 END
START 21312 11244 -10712 -207 -402 -76 530 2 423 476 436 END
START 14168 11588 -5320 -194 1649 -524 500 10 426 478 434 END
START 5660 11816 420 -73 4379 -822 528 0 420 476 434 END
START -3652 12424 7164 -302 -692 95 529 3 432 476 436 END
START 1604 9860 3404 -797 -1247 -86 528 0 423 482 429 END
START 10976 8900 -2716 -1090 1665 -810 530 0 424 478 435 END
START 18500 8040 -7708 -741 1582 -659 538 38 428 496 376 END
START 23832 7292 -10912 -380 625 -668 529 0 421 479 436 END
START 26876 6964 -12908 -248 1329 -762 541 0 421 479 437 END
START -14684 12992 14336 24 184 -916 528 0 424 480 438 END
START 27960 7264 -13584 -105 1859 -1194 527 0 423 485 435 END
START -7384 12208 8792 28 -2925 -944 461 12 380 495 407 END