START -16932 -680 -2828 -15063 6375 353 533 0 424 444 430 END
START -16624 -756 -2716 -14704 5326 294 534 0 422 447 430 END
START -15592 -732 -1936 -13811 3163 -8 533 1 423 445 426 END
START -14488 -884 -976 -13552 2689 -499 531 0 428 433 427 END
START -14556 -640 -372 -13476 3372 -870 531 0 425 442 430 END
START -14424 -896 -1412 -12368 3334 -1367 528 0 422 442 427 END
START -11268 -1564 -1876 -11122 2098 -1165 528 0 425 443 426 END
START -20684 -2276 5088 -10179 -932 -1164 534 0 432 455 503 END
START -22032 -1660 3664 -9328 -565 -996 534 0 428 444 430 END
START -14764 -2492 -2344 -7729 -145 -1111 534 0 423 442 427 END
START -4744 -820 -6188 -7449 1668 -581 590 18 425 446 389 END
START -11376 -3388 -4536 -7112 1467 -862 533 0 421 446 426 END
START -21216 4668 4296 -6742 1807 552 532 0 427 444 426 END
START -19360 -1340 -3148 -6174 2119 118 536 0 423 454 423 END
START -10116 -1632 -8908 -6784 1615 577 534 1 423 442 428 END
START -11808 5248 -4724 -7660 1207 432 510 30 434 448 390 END
START -12336 2480 -9396 -8649 825 -1065 534 0 421 451 427 END
START -10780 -212 -13040 -9927 414 -2031 535 0 421 443 415 END
START -14420 -884 -10828 -11093 1572 -2743 549 0 428 452 438 END
START -16428 -1216 -9588 -11625 2607 -2813 535 1 426 446 428 END
START -18908 -2248 -8512 -12370 1422 -3062 535 0 424 442 428 END
START -20948 -900 -6696 -13026 728 -3433 537 0 428 470 430 END
START -21260 88 -6252 -13118 -1338 -3386 536 0 425 447 431 END
START -24776 1248 892 -12743 -1639 -3230 532 1 416 449 429 END
START -13348 -168 -4828 -12005 -312 -2991 535 0 423 441 429 END
START -11276 760 -3496 -11615 1785 -1874 538 0 430 445 429 END
START -2564 -2740 -8596 -10577 4537 -937 538 0 422 440 430 END
START -4192 -3704 -4360 -7719 6637 362 535 11 437 450 430 END
START -13164 -5040 1436 -3874 5162 2701 534 0 422 445 405 END
START -32768 -6528 10888 -1822 1263 2486 535 0 434 445 429 END
START -31644 -1748 6440 -1777 -4070 796 540 3 462 444 438 END
START -28016 -2660 1528 -1371 -3910 670 534 9 426 444 428 END
START -27652 244 2736 -1450 -2455 1190 538 0 434 446 430 END
START -16640 -4848 -6272 -1350 -1052 1536 541 17 412 356 441 END
START -5684 -5664 -13644 -1233 1519 902 544 0 429 442 435 END
START -13232 -4996 -7724 -1329 1878 921 538 3 427 446 429 END
START 3124 -7296 -18632 -597 1966 266 538 0 444 457 405 END
START 6560 -7632 -20512 -169 3002 -313 539 0 429 447 430 END
START -14236 -6364 -8656 684 1751 -817 539 4 431 448 429 END
START -8992 -6384 -10544 1238 1567 -1179 536 0 424 450 429 END
START -32768 -2616 5244 1889 -58 -1239 540 0 427 446 429 END
START -32768 -4224 6692 2696 -773 -1852 551 30 444 456 398 END
START -19852 -6472 -4208 4781 577 -3962 539 0 426 450 448 END
START -29780 -6572 708 6499 2506 -5715 541 4 429 449 433 END
START 2472 -6960 -21552 6965 2903 -7367 541 139 429 437 421 END
START -22212 -836 -632 8502 2702 -8344 540 0 427 448 434 END
START -17580 720 -5976 9769 -86 -9782 543 0 429 450 432 END
START -11120 -2088 -10336 11276 -2266 -11363 531 5 430 444 441 END
START -12436 -6352 -1336 13559 -6620 -12647 542 0 426 450 434 END
START -14364 -7400 -2080 16270 -14523 -15304 544 3 429 451 432 END
START -29860 -7260 6180 18606 -26740 -20953 544 6 463 358 438 END
START -23668 -8572 2452 22793 -32768 -24781 540 6 426 455 428 END
START -11808 -7104 -6052 26565 -32768 -26945 541 0 424 454 431 END
START -8008 -4412 -8680 27781 -32768 -29858 543 0 432 446 437 END
START -24036 4288 4372 26490 -32768 -32768 521 21 436 451 435 END
START -20440 1196 9596 24271 -32768 -32768 545 5 433 459 444 END
START -25432 2596 14240 20300 -32768 -32768 544 0 436 461 441 END
START -3748 -4392 -2152 17103 -32768 -32768 544 2 442 462 441 END
START -19228 -2724 12060 14177 -32768 -32460 568 60 449 442 467 END
START 5288 -4564 -2956 12507 -32768 -28541 548 4 445 463 442 END
START -2576 -876 7520 11361 -32768 -22918 544 0 451 471 444 END
START 6960 3700 11160 11135 -32768 -16882 546 1 448 470 446 END
START 12312 -3128 11692 11053 -32768 -12162 484 26 462 450 453 END
START 6556 -7336 20084 11158 -32768 -8956 548 0 450 461 447 END
START 12916 -5192 17864 11309 -32768 -7010 553 0 454 479 448 END
START 15276 -3840 17152 11312 -22425 -3823 554 35 450 477 457 END
START 8880 -4308 7852 14644 -14994 -176 553 0 447 482 446 END
START 6624 -12836 12584 16597 -13260 1749 551 0 454 481 457 END
START 5148 -9680 16980 20906 -13623 4796 554 11 453 484 455 END
START 6832 1504 19664 22526 -11090 8547 541 11 429 486 444 END
START -360 -9472 13240 20469 -14095 7788 556 0 456 484 453 END
START 5068 -10804 13708 20174 -17754 7778 554 0 454 485 454 END
START 12268 -8288 9408 22214 -17928 7745 554 0 455 477 466 END
START 5764 -9056 10480 23716 -17450 6868 557 0 452 479 457 END
START 14824 -4108 15448 22004 -8977 10744 557 0 456 485 459 END
START 11932 -1184 12452 19474 68 12988 561 9 458 491 466 END
START 12480 -9944 6952 17677 -1696 9873 557 0 453 486 459 END
START 13596 -11668 9228 17845 -3123 9248 554 1 452 483 456 END
START 16428 -4544 1224 18941 600 12098 554 0 452 482 458 END
START 5588 -8556 9432 17909 -535 14580 555 0 452 482 461 END
START 7844 -5208 11860 20571 -6844 18682 554 26 416 489 427 END
START 7740 -7992 8204 18551 -11851 13615 560 0 456 483 479 END
START 9772 -11416 13068 16174 -12517 10322 562 0 451 484 461 END
START 19504 -7288 4100 17729 -6029 11404 570 17 454 489 459 END
START 8552 -8068 7560 18163 -7888 10856 564 0 452 482 465 END
START 16608 -7792 7676 17380 -8355 12456 571 0 454 487 466 END
START 11948 380 10004 16227 -9423 9519 571 56 460 491 469 END
START 18512 -7908 2656 14428 -8578 7152 569 2 457 488 464 END
START 10020 -4516 11528 13118 -5024 8433 570 7 457 488 464 END
START 16792 4152 -608 12551 -1304 6926 577 101 448 496 464 END
START 8088 -4668 10872 11153 -307 7867 568 0 458 488 466 END
START 13160 -1996 9516 9377 1917 8828 574 0 455 488 464 END
START 8520 -3160 8104 8772 -746 6627 532 0 469 509 471 END
START 10504 -6092 11088 6018 -1874 6129 577 0 458 489 467 END
START 16636 4320 4976 6574 1669 5543 568 21 477 486 471 END
START 15468 -5828 7528 5138 3871 3512 567 0 460 488 464 END
START 18416 -2860 5196 2677 4369 3812 572 13 455 490 464 END
START 12608 -4952 3792 1848 1408 723 572 0 456 492 448 END
START 19992 -8012 4924 -1619 260 -466 563 0 460 492 465 END
START 17648 5872 9004 -1659 2313 417 577 26 470 475 438 END
START 17532 -4724 6688 -1136 3480 -975 579 0 461 481 469 END
START 10068 -3820 15480 -1655 3360 -4 576 0 463 492 467 END
START 12512 3728 4544 177 4092 957 576 45 457 500 469 END
START 4932 -5412 15512 166 110 721 581 0 468 493 468 END
START 11340 1368 12908 726 160 2333 578 0 460 494 457 END
START 17732 -4864 4016 910 -1853 301 577 0 458 491 468 END
START 15364 -2540 8716 -54 -1874 1586 579 40 409 494 455 END
START 17780 2332 -712 701 2405 408 577 0 464 493 467 END
START 18548 -6188 7300 -1456 4000 404 585 15 465 511 475 END
START 9376 3672 11148 -909 3878 1898 575 1 459 492 470 END
START 10984 -4888 9680 -935 -232 -176 577 0 461 493 465 END
START 11576 -996 13336 -815 -857 1015 579 7 470 494 468 END
START 8120 -1748 11612 740 416 -165 577 0 465 491 471 END
START 17580 -6140 9200 -612 2682 42 570 47 468 499 472 END
START 13772 -28 2420 614 4778 625 575 4 462 490 474 END
START 15632 -6136 7572 -949 1384 431 618 27 461 500 457 END
START 12552 2552 4400 234 3 999 575 1 461 491 469 END
START 12532 -6112 11900 -900 -1502 -564 580 33 462 454 480 END
START 19700 -964 6572 -712 2603 1172 575 0 462 490 465 END
START 15264 -4404 8424 -666 3252 -339 574 0 460 490 468 END