START -8576 -1520 14240 1994 -2718 -78 625 0 596 632 615 END
START -6752 -4324 13652 2801 -1918 346 633 0 600 633 625 END
START 2408 -4568 6748 4151 107 2951 629 0 597 627 616 END
START -2356 -5284 10804 4592 4131 3918 636 0 602 635 621 END
START -1356 -3264 11960 4842 7777 3739 629 0 587 632 617 END
START -9784 -992 16520 2867 11641 2151 624 18 596 634 641 END
START -9660 -2128 16060 454 8513 202 623 0 600 633 616 END
START -8592 -2068 17256 127 6968 -3051 626 13 599 630 616 END
START -11212 1412 20840 -4217 -1993 -6115 591 37 598 607 619 END
START -15556 -6268 30620 -11090 -15648 -8504 630 0 597 628 615 END
START -7152 -10416 22944 3468 -9746 -4931 626 0 594 631 609 END
START 2920 -9272 23212 4747 -3326 1423 649 14 591 633 614 END
START -596 -11284 20592 9288 5265 -394 629 0 590 630 613 END
START 14796 -11060 14208 10965 13686 -1448 631 0 589 626 613 END
START -7536 1380 26852 13956 19733 432 653 21 544 624 620 END
START -9064 -7356 17816 13592 20905 -167 628 3 575 605 608 END
START -4832 -7964 16504 11788 17527 458 628 0 554 584 595 END
START 2936 -996 11368 11287 13698 71 595 33 555 560 609 END
START -2756 -2968 9500 9203 8491 -3029 622 3 508 540 556 END
START -8516 -2292 16268 6174 6493 -2723 622 0 489 522 529 END
START -8092 -884 14412 4544 6400 -3199 631 13 477 498 462 END
START -7636 2856 9068 3475 6190 -5486 614 0 468 491 493 END
START -9124 -776 7896 1434 4594 -7438 645 25 464 548 475 END
START -12164 -1792 8816 -1506 2828 -7375 613 0 448 471 463 END
START -15236 -2808 9244 -3332 -664 -8921 610 0 438 460 450 END
START -15252 -3660 7948 -4748 690 -10879 578 81 438 452 453 END
START -10816 -5480 4760 -5789 5810 -7898 601 3 403 442 436 END
START -18300 -6992 2676 -4479 8909 -2654 603 1 416 435 428 END
START -27712 -5268 3476 -6373 9134 -1757 590 10 429 419 433 END
START -30144 -1860 9120 -10049 10516 -4822 589 4 414 427 423 END
START -15416 -3544 3588 -14117 21160 -2658 577 0 413 422 418 END
START -7372 -3936 -8852 -11892 32767 4932 569 2 409 420 416 END
START -7532 -1376 -16348 -11561 32767 10063 561 0 374 425 420 END
START -18332 1028 -10144 -14344 32767 9660 553 0 406 421 411 END
START -17176 3812 -5648 -18146 32767 9016 546 0 408 418 416 END
START -136 5620 -12204 -19559 32767 9663 547 0 390 430 381 END
START -4956 1440 -10996 -19097 30950 10627 543 0 410 421 414 END
START -31052 4648 11924 -20833 19077 8959 540 0 406 421 410 END
START -23124 -372 10032 -21913 16627 6157 515 23 398 420 424 END
START 13628 -6172 -14068 -21526 17824 4767 539 1 405 419 416 END
START -21792 -1732 6536 -18835 11948 4575 543 4 409 428 418 END
START 4768 -4348 -10408 -16077 11483 3544 542 0 412 425 423 END
START -12288 -1904 5268 -13334 4446 2712 543 8 403 479 423 END
START -21196 1200 17036 -10934 1394 1786 536 0 415 424 422 END
START -4384 1632 6712 -8703 3488 123 537 0 411 428 423 END
START -17748 -4312 8716 -4739 3514 -473 529 0 415 429 423 END
START -32488 -1064 18340 -511 240 -340 538 3 417 432 427 END
START -31596 12 14372 1973 -908 1080 549 3 360 358 437 END
START -23660 2388 3160 2029 3036 472 537 0 423 430 425 END
START -5628 2312 -12444 71 9527 -126 538 0 414 432 423 END
START -4064 -548 -16784 -1536 10329 -390 543 0 418 431 425 END
START -9028 -1988 -13328 -2048 6474 -469 538 0 420 434 425 END
START -15228 76 -5156 -1389 117 -242 537 44 413 445 426 END
START -6244 -2984 -8368 -422 417 -1418 541 0 416 433 425 END
START -16868 -1208 -952 66 2256 -1579 539 0 414 434 426 END
START -12832 -2856 -6352 438 2128 -2557 541 0 420 460 431 END
START -13736 -3936 -5364 1548 251 -4552 538 4 419 438 429 END
START -24020 -3392 3760 3762 -4483 -6523 533 12 458 455 423 END
START -32768 -2480 12780 8406 -15825 -8326 541 0 421 441 432 END
START -15080 -3684 -64 13407 -26068 -12039 546 0 426 444 433 END
START -21572 -4624 6796 17211 -32768 -13226 543 4 421 447 438 END
START -9748 -6040 -4352 19800 -32768 -17132 606 31 411 450 436 END
START -14356 -1588 -3784 20917 -32768 -19787 548 3 438 453 438 END
START -24584 3824 13440 20636 -32768 -21342 554 0 438 453 439 END
START -6684 572 -3348 19780 -32768 -23298 554 0 436 464 442 END
START -25592 -120 10360 20069 -32768 -23761 576 19 460 505 432 END
START -12856 1908 2916 18268 -32768 -22783 548 2 447 471 448 END
START -2380 3348 -5696 15874 -32768 -21459 554 7 445 476 445 END
START -7428 7644 -192 13808 -32768 -20264 627 23 446 472 448 END
START -22688 8952 19392 9761 -32768 -16582 558 0 451 480 453 END
START 9640 2788 7416 6713 -32768 -9297 554 0 454 479 455 END
START 14024 8868 8484 4813 -32768 -7270 559 2 452 472 456 END
START 6136 5800 20008 2207 -32768 -5462 558 1 453 452 452 END
START 15252 2532 18244 2411 -32768 -4342 557 0 454 478 454 END
START 22352 -996 14808 3704 -20241 -3213 552 23 451 507 453 END
START 11516 856 15376 6607 -6817 1863 556 3 453 483 458 END
START -304 -8944 17444 9538 -248 9823 547 12 452 483 457 END
START -5968 -8312 20140 10475 604 19096 552 8 458 485 461 END
START -21184 -7860 25928 14091 -8347 21041 552 0 453 477 460 END
START -15440 -5140 23232 15121 -22394 15202 551 0 445 478 460 END
START -4144 -8204 16764 12112 -26611 7297 567 38 426 482 465 END
START 5356 -16796 17168 16247 -17829 10398 556 0 449 475 460 END
START -400 -14696 21132 19751 -2032 16318 556 5 448 479 458 END
START -6776 -10300 23860 22227 2771 22949 555 0 451 476 461 END
START -1116 -6444 17100 24651 3120 26255 555 18 487 480 448 END
START -1500 -14460 13028 23948 -707 26154 557 0 445 475 459 END
START 4284 -13512 13056 22423 -2288 27672 556 1 447 474 461 END
START 8568 -9632 10896 23630 136 28897 562 60 471 450 450 END
START 7516 -7536 3748 23795 2535 29772 558 1 443 479 464 END
START 2260 -12552 15672 21451 2557 32296 561 0 447 475 461 END
START 6408 -9768 10776 21843 2495 32767 566 81 449 480 444 END
START 2948 -12556 7728 20634 -4145 32767 562 0 444 475 460 END
START 13284 -13792 8752 17190 -8090 28050 564 0 444 473 460 END
START 26748 -8480 2764 16368 2110 26271 572 15 444 477 465 END
START 18496 -8816 3740 14653 16730 24874 566 2 436 470 459 END
START 14312 -9944 9328 9402 24481 24597 568 2 442 471 459 END
START 14416 -6472 8116 7672 24602 24806 573 0 447 466 460 END
START 5864 -8976 11872 4839 11474 21928 571 0 442 474 460 END
START 15084 -10720 10760 2517 4285 19252 571 60 450 472 460 END
START 9120 -1224 20412 2577 1231 14690 575 8 442 480 487 END
START 21304 -10216 12892 898 7335 6288 575 0 445 474 462 END
START 28244 -3648 11360 -268 19814 2361 570 18 443 430 467 END
START 13176 -2104 11088 -673 31663 3756 556 0 442 474 463 END
START 1764 -6920 16600 -2958 23615 4164 577 0 445 474 462 END
START -372 -3764 19356 -376 7445 3967 591 0 450 427 470 END
START -4172 -6460 17692 447 -8325 -2818 579 0 449 479 467 END
START 10924 -5056 17792 188 -12587 -4523 580 0 449 477 466 END
START 13848 -620 15528 1441 -5467 -1414 584 0 453 479 476 END
START 5396 -2784 15188 1860 -2870 -941 581 0 445 479 466 END
START 1672 -5928 17968 1331 -3283 5 587 0 449 479 467 END
START 3652 2052 10316 2696 -7077 13 584 0 449 464 466 END
START 3656 -3468 17532 878 -11206 -1116 583 0 437 478 467 END
START 12252 652 10944 1224 -7264 -266 587 1 441 463 471 END
START 10612 -2596 8260 498 -4989 -690 582 0 449 480 464 END
START 8208 -4108 13428 -783 -2126 301 580 19 487 472 461 END
START 8932 3008 2328 -232 -121 910 584 4 448 474 474 END
START 812 -4368 16484 -1713 -1525 -119 582 0 446 481 468 END
START 12380 648 11968 -1087 2015 604 587 0 452 479 470 END
START 9568 -2480 9720 -1470 2600 -446 581 0 448 477 468 END
START 4076 -3196 16748 -1718 3118 1033 589 105 453 505 477 END