START -14712 -3304 3472 -16987 5461 2699 530 0 423 443 428 END
START -14124 -3712 3436 -16416 5105 2416 532 0 418 445 416 END
START -13344 -3332 4036 -15203 4249 1868 530 0 421 442 431 END
START -12308 -3152 4312 -14068 4789 1691 565 47 433 484 441 END
START -13788 -3680 4176 -13193 5361 1370 535 2 421 437 432 END
START -16680 -4416 3616 -11990 4336 1223 534 0 428 448 440 END
START -19032 -4676 4084 -10289 2029 860 535 21 429 447 437 END
START -15308 -3652 2788 -8826 1642 745 537 0 421 448 436 END
START -11888 -2144 2616 -8112 2828 1209 535 0 409 446 434 END
START -5072 -4848 -332 -8181 4721 1471 546 0 434 388 451 END
START -7084 -5664 -5016 -7290 5321 644 536 1 424 455 435 END
START -19552 188 1092 -5677 1074 911 539 12 425 447 431 END
START -28564 -3476 4288 -5362 -4284 -29 529 0 429 445 440 END
START -25488 3552 6460 -4737 -7887 346 536 0 415 451 435 END
START -14756 -1468 -3360 -5002 -6707 -653 538 29 470 461 435 END
START -11528 -3016 -3100 -7005 -4051 -574 550 2 431 451 440 END
START -13928 -3244 1176 -8143 -2010 -168 537 4 428 452 439 END
START -14548 -2908 4168 -8542 -941 538 543 0 432 452 439 END
START -12568 1088 -8 -8044 991 559 534 0 429 449 437 END
START -11076 -3988 -5032 -8059 3265 75 539 0 427 445 437 END
START -16248 -5536 -516 -8003 3648 736 544 0 429 465 444 END
START -23520 -7116 6784 -6495 1671 934 542 0 440 455 436 END
START -17836 -8288 5160 -3882 -2096 495 500 70 430 477 439 END
START -13704 -7632 3848 -1827 -4352 -197 539 0 429 454 439 END
START -10532 -6012 4048 -1417 -2295 -251 541 3 432 450 439 END
START -12156 -4752 3752 -2001 2154 235 524 3 421 453 442 END
START -20496 -3740 8328 -2130 4064 978 542 1 434 456 430 END
START -15100 -3048 1692 -1997 3222 772 550 1 428 456 439 END
START -12828 1180 -3780 -1662 1018 154 545 63 415 480 446 END
START -13416 -1936 -228 -1887 -177 -252 543 0 430 454 438 END
START -16328 -332 3768 -2270 -404 132 543 9 430 454 436 END
START -9628 -400 -3212 -1872 970 919 542 0 433 454 445 END
START -25720 -1188 4948 -1197 -122 1235 550 10 438 456 442 END
START -15356 536 1360 -1258 1081 1449 605 21 470 453 443 END
START -1168 232 -7012 -1166 -635 1078 545 0 430 454 439 END
START -560 692 -7420 -800 -1725 1081 545 0 433 453 437 END
START -29292 1516 9400 -656 -3271 1162 530 1 436 458 442 END
START -256 1344 -7648 -839 -869 1119 548 0 434 457 440 END
START -32768 4556 16140 -806 -2161 1157 578 21 385 450 451 END
START -7192 -212 -1736 -1262 352 579 546 0 435 455 440 END
START -11460 548 952 -1017 -348 599 545 0 431 463 439 END
START -25608 2884 9368 -492 -717 486 547 2 431 457 441 END
START -26880 3392 9296 -253 -869 246 552 0 433 456 441 END
START -27180 3648 9096 8 -841 144 553 0 434 470 436 END
START -1704 -3304 -12316 400 2576 -947 550 2 433 456 440 END
START -2016 -3924 -12208 432 2372 -902 557 0 433 417 448 END
START -25668 56 7864 597 967 -1374 550 7 434 456 441 END
START -340 -2548 -13692 928 2333 -2096 555 0 360 464 460 END
START 3668 -4556 -13272 747 2627 -3300 554 0 435 456 439 END
START -1900 -4684 -7520 854 3020 -4225 559 0 433 452 438 END
START -20932 -2116 7276 1457 3081 -5374 552 8 441 482 439 END
START -19428 -1480 5660 2399 2363 -5822 553 3 439 458 442 END
START -24844 2988 10860 3674 65 -6723 475 0 438 458 441 END
START -28672 -1652 17324 5795 -4355 -7973 554 0 411 457 445 END
START -6108 -4600 -2860 8138 -8789 -10510 553 0 431 460 442 END
START -27540 -6440 13476 10700 -21230 -13262 578 0 433 414 443 END
START -9680 -8584 -2920 13730 -27171 -16048 566 22 437 484 430 END
START -15116 -5216 -1312 16209 -32768 -18149 556 2 433 460 440 END
START -30724 4756 14108 17996 -32768 -20122 554 1 429 460 446 END
START -5704 896 -980 17969 -32768 -23786 551 0 443 455 445 END
START -17428 -924 11316 16657 -32768 -24437 550 4 434 455 446 END
START -2592 -5320 -3384 15453 -32768 -25792 554 0 445 461 445 END
START -17904 -2164 7820 14274 -32768 -25140 551 5 432 464 447 END
START -6144 -800 3240 12303 -32768 -24257 564 6 440 468 411 END
START -13828 1792 13856 9997 -32768 -22231 552 2 444 467 449 END
START 5556 3208 3528 7883 -32768 -19960 553 0 448 470 452 END
START 5164 -4252 7296 7317 -32768 -17120 582 81 462 474 462 END
START -10196 -5224 21264 6581 -32768 -12715 554 2 450 474 451 END
START 2660 -6460 14216 6178 -32768 -11422 551 6 453 480 458 END
START 9904 -8596 11040 5872 -32768 -8416 552 0 456 484 459 END
START 11392 -11112 14312 5655 -32768 -6005 557 32 460 488 479 END
START 10168 -11004 17060 6561 -26936 -4299 556 0 458 488 462 END
START 8340 -10548 18080 7768 -20017 -1679 556 0 460 489 463 END
START 6248 -8684 17508 11099 -15896 2139 560 61 467 488 469 END
START 6096 -5140 8492 15273 -14331 4140 521 0 458 497 465 END
START 8112 -7684 14420 15878 -15670 4547 554 0 463 496 470 END
START 10564 -7456 16440 16241 -13240 5874 555 30 478 415 480 END
START 8560 -3784 20056 17091 -7267 7191 552 0 462 496 472 END
START 5924 -10352 12360 18462 -8054 7431 556 1 455 497 477 END
START 4848 -9152 13984 20522 -10994 9656 548 19 439 501 479 END
START 10140 100 11820 22685 -14285 12657 553 0 466 500 473 END
START 14976 -5304 8488 20878 -15876 10822 555 0 458 497 474 END
START 7236 -3008 19332 16914 -12389 8216 558 24 417 500 474 END
START 17032 -228 6368 17607 -5216 8704 556 2 467 494 474 END
START 9060 -5884 14548 18016 -1990 14572 560 5 468 495 478 END
START 3804 -3260 14348 18035 949 18026 567 21 488 501 481 END
START 1012 -5588 7616 17737 -4375 15165 562 0 461 494 473 END
START 17032 -8840 4464 16064 -8640 13978 561 0 465 496 476 END
START 15364 2484 11164 16526 -7376 13997 569 0 474 481 483 END
START 15188 -7996 9512 14784 -5219 11047 565 1 465 495 473 END
START 16424 -6524 8032 15297 2385 12392 562 0 462 495 479 END
START 11312 1424 11324 14340 5549 13500 578 58 469 529 484 END
START 15128 -7636 5180 12558 2326 11852 567 3 468 494 476 END
START 4668 -5068 15912 12262 -4217 13887 567 0 467 496 477 END
START 12076 2896 7188 12775 -5054 12946 577 0 470 480 481 END
START 7256 -3976 14584 10301 -5910 10463 570 4 465 492 475 END
START 16992 -2880 5720 8852 -393 9997 572 0 453 493 475 END
START 11556 -3812 5980 9548 3233 9021 571 11 463 495 471 END
START 17260 -6952 6528 7303 4115 9694 570 0 464 492 472 END
START 13244 6064 4552 6706 1927 9364 593 36 495 487 479 END
START 13648 -4952 8964 3642 -354 2350 572 1 463 496 476 END
START 26720 -2260 1100 1040 2210 1790 573 0 461 492 474 END
START 22904 -5996 -656 -200 5202 -262 574 2 471 495 477 END
START 13652 -7164 8488 -2597 5028 -25 577 0 466 493 475 END
START 14544 -456 9956 -1969 4476 890 584 26 515 498 473 END
START 5880 -1216 14520 -1053 44 -832 585 0 466 494 475 END
START 7616 -1800 20356 -1048 -2214 -301 572 50 479 501 446 END
START 10064 6052 16880 895 -662 655 579 0 465 495 479 END
START 12408 -4572 9432 874 -1653 -146 577 0 465 493 477 END
START 10248 -1616 13596 1399 -742 1685 583 3 466 495 481 END
START 7460 -892 9308 1401 -2720 -114 578 1 463 494 478 END
START 18464 -5428 5928 -579 -2361 -187 582 93 470 496 444 END
START 14088 5684 7992 -374 -532 1183 577 0 464 490 477 END
START 8628 -4352 11296 -1363 -652 -249 575 0 464 495 478 END
START 14016 400 10096 -954 309 877 580 6 478 498 475 END
START 7108 -1460 10324 -280 -102 -205 579 1 464 496 478 END
START 12216 -3564 11788 -919 -1216 595 577 48 474 488 483 END
START 14940 2976 3916 -58 482 319 584 0 464 496 476 END
START 16252 -4588 9668 -1396 831 -165 552 31 468 485 446 END
START 10464 3600 11292 -211 2603 1080 575 0 465 497 477 END