START -15096 -656 -7176 -314 -1413 -451 553 0 433 450 466 END
START -14820 -524 -7200 -304 -1330 -418 548 7 430 452 424 END
START -14516 -252 -6816 -492 -748 -197 557 7 441 453 406 END
START -14812 -20 -6516 -526 -63 52 550 0 435 447 425 END
START -16072 -680 -6500 -658 -344 -69 580 16 440 407 428 END
START -17316 -1124 -5880 -762 -1075 -131 546 3 439 446 425 END
START -19608 -1368 -4812 -606 -2069 -21 549 0 433 447 430 END
START -16608 -828 -7612 -214 -2319 -128 532 9 453 485 426 END
START -17896 -8 -5852 69 -1715 28 551 2 425 450 425 END
START -16368 520 -5756 -181 -1560 373 550 25 464 449 430 END
START -12172 688 -7228 -967 -2195 1262 551 0 429 451 424 END
START -18680 -1736 -4404 -469 -1209 253 548 0 430 448 425 END
START -10036 3196 -6984 -664 -640 904 549 15 452 420 316 END
START -19496 216 -4836 199 -699 15 548 0 434 452 425 END
START -10772 -1780 -7580 -992 -797 378 560 0 440 429 426 END
START -12168 4944 -3616 -971 145 1021 545 4 424 451 427 END
START -19444 136 -4928 -120 194 211 546 0 424 447 427 END
START -14012 -2320 -9872 -405 133 -109 552 1 435 454 420 END
START -12080 -3432 -9284 -936 18 -365 551 3 436 450 428 END
START -11228 -4336 -6320 -1224 -417 -224 562 75 464 441 434 END
START -10704 -2436 -9260 -1408 -202 98 547 0 434 449 423 END
START -11008 -204 -6184 -1569 -452 592 548 0 434 453 426 END
START -17896 436 -1500 -1584 -388 755 555 70 435 458 359 END
START -12516 3676 -2980 -924 -306 444 548 0 424 449 431 END
START -12488 2644 -7088 -432 -1147 342 571 14 433 451 428 END
START -15280 2960 -5584 -126 -922 -37 541 0 409 452 423 END
START -22148 868 -4576 -71 -840 -132 548 0 438 450 429 END
START -11836 -1084 -12224 -500 315 -67 557 0 471 444 433 END
START -12472 -1152 -11536 -775 -51 47 549 4 437 452 428 END
START -20508 -1672 -4908 -1159 -970 -86 558 15 444 450 427 END
START -17568 -2924 -5592 -1072 -1059 -237 553 2 437 452 433 END
START -17604 -2376 -6940 -742 -739 -406 548 0 436 450 429 END
START -22080 -3428 -2028 -487 -752 -1034 543 10 444 457 431 END
START -22912 -3448 -2096 241 -772 -1846 551 9 436 452 431 END
START -22420 -3440 -2088 402 -1111 -2685 548 1 438 445 429 END
START -20544 -3544 -3076 748 -1136 -3896 533 25 437 440 426 END
START -22260 -4012 -2620 1262 -2521 -5215 553 0 444 456 433 END
START -26120 -4844 252 2748 -5081 -6432 551 0 437 452 430 END
START -26212 -6068 2372 4320 -8997 -7782 562 109 432 455 431 END
START -20692 -7096 -3068 8050 -12880 -8661 547 0 446 456 436 END
START -20444 -8140 -6260 12515 -19448 -9932 553 0 447 456 434 END
START -32768 -3320 7188 17726 -32768 -13446 555 0 444 464 434 END
START -30412 -1988 3100 21655 -32768 -15268 561 6 480 477 440 END
START -17320 1336 -1876 23583 -32768 -18371 560 8 398 464 441 END
START -29632 1696 6580 23906 -32768 -22232 557 3 448 466 439 END
START -4036 -3588 -10832 23893 -32768 -27470 558 6 448 467 439 END
START -24408 908 3732 21842 -32768 -29504 556 31 449 430 434 END
START -10460 -428 -4128 18876 -32768 -30558 559 0 445 471 441 END
START -10136 1504 -36 15512 -32768 -30417 559 4 454 475 444 END
START -6816 2328 2044 12051 -32768 -28704 555 0 459 470 445 END
START -11440 3572 10020 9368 -32768 -25826 557 0 460 471 433 END
START -2400 3564 8692 6948 -32768 -21724 557 0 459 482 448 END
START 14236 4700 2108 6324 -32768 -18768 558 0 462 487 451 END
START 8864 5332 13948 6061 -32768 -12647 550 10 467 499 420 END
START 12136 -5948 14268 6588 -32768 -8912 558 1 468 493 454 END
START 8380 -4888 19348 8027 -32165 -4342 556 3 468 492 456 END
START 9252 -4228 22136 10121 -19068 -606 553 0 469 496 463 END
START 10792 3552 10852 11475 -8852 1698 552 0 466 487 454 END
START 5720 -7784 15156 11318 -2459 3775 551 0 460 491 453 END
START -692 -9400 20596 12332 -552 8106 546 16 489 494 425 END
START 2320 -5688 19036 15151 -740 12861 551 0 462 493 459 END
START -6996 -7180 16200 14836 -7133 12473 551 4 464 490 464 END
START -9552 -8056 20452 13909 -12726 10171 557 0 463 493 457 END
START -3296 -7544 17692 14618 -14713 9327 550 0 466 493 454 END
START 3548 -3356 11236 17822 -15400 11055 556 0 450 491 456 END
START 10380 -9832 9684 19724 -15892 12892 518 25 466 509 459 END
START 1940 -5412 21320 19655 -13990 17139 555 0 463 489 459 END
START 6820 -3476 18164 15948 -5532 18299 557 13 446 486 457 END
START 10320 -5792 5824 15342 468 15420 574 0 472 498 435 END
START 7392 -9768 12924 15085 -750 18068 557 0 452 486 458 END
START 9048 -4008 10948 17673 -1450 22474 562 0 458 486 458 END
START 900 -6112 12388 15342 -9539 20303 560 0 469 518 469 END
START 8128 -8348 12700 13867 -13081 17542 562 0 458 485 458 END
START 10120 -388 9916 14887 -12194 16595 567 0 459 486 458 END
START 19564 -9616 3524 14141 -7299 15673 564 17 455 493 450 END
START 8776 -5900 14016 13496 -1951 17154 568 0 459 486 460 END
START 17004 308 1184 15187 1268 18059 570 0 457 485 460 END
START 5280 -7164 15852 12672 -244 16693 573 0 452 489 441 END
START 19516 -5440 4364 12362 2081 16623 574 11 458 489 461 END
START 20296 -8644 2068 10655 -1815 13018 575 0 455 487 461 END
START 1828 -2104 19164 9925 -3480 12918 575 6 460 482 465 END
START 23860 -1912 -1292 10505 393 11689 575 0 456 487 465 END
START 21016 -6296 6496 8109 -1163 12116 602 11 395 485 459 END
START 10448 1876 13640 7316 1747 11818 579 0 458 485 463 END
START 16480 -5116 4136 5236 1957 7232 578 0 458 484 462 END
START 11996 -2768 10644 1418 -127 4805 546 21 439 489 480 END
START 13564 -2764 4068 -340 1013 2032 583 0 459 483 461 END
START 18996 -7108 7760 -3574 4598 -105 591 0 457 487 461 END
START 16200 5664 14396 -3810 10813 847 588 1 461 488 465 END
START 9064 -2380 13264 -2977 11004 -334 592 0 462 488 461 END
START 9984 -3484 17004 -2855 8450 -50 590 10 450 495 477 END
START 7660 1688 19604 -289 6536 825 588 0 461 487 460 END
START 260 -4024 19704 15 1270 326 592 0 461 489 467 END
START 6244 4804 17704 1544 -580 1638 588 3 465 493 465 END
START 11148 -4944 10396 690 -4538 -563 589 0 462 488 465 END
START 17904 184 10088 178 -2756 894 591 0 467 489 439 END
START 11796 -1900 9616 -234 -529 -825 584 0 463 488 464 END
START 7392 -1936 15512 -1080 978 545 554 67 474 510 447 END
START 10512 -1292 4968 -54 2063 -433 588 2 464 491 469 END
START 12024 -4844 10992 -1485 519 371 579 18 464 490 466 END
START 7124 3468 14412 -426 -415 705 588 0 469 479 466 END
START 7512 -4436 16208 -1627 -2516 -1002 590 0 461 491 467 END
START 15984 -676 10512 -620 1608 746 617 21 438 498 469 END
START 13272 -2772 8160 -308 1017 -242 591 8 464 490 467 END
START 4268 -1180 19088 -652 -160 588 591 45 452 495 466 END
START 8184 -428 9916 486 1664 380 588 6 462 489 469 END
START 7156 -3652 14736 -863 -345 530 590 3 462 488 466 END
START 12192 -336 5932 461 413 -6 588 6 466 493 451 END
START 15080 -3500 11176 -1096 -196 424 590 0 460 493 457 END
START 15280 5112 2308 464 2112 904 589 0 464 491 460 END
START 13024 -5028 11448 -783 831 -149 588 1 463 489 466 END
START 8956 6748 11752 502 1048 688 594 114 465 483 444 END
START 4604 -2156 14912 -302 -1247 -803 591 6 461 491 468 END
START 13656 692 11204 330 -854 646 578 23 488 489 470 END
START 10644 -1724 9888 467 -2570 -1015 586 0 459 494 464 END
START 5500 -1748 18216 545 -2233 -217 588 0 459 489 465 END
START 9232 -1216 6456 1772 -181 -80 588 7 463 492 467 END
START 11108 -4620 11508 83 -2405 7 588 0 460 488 467 END
START 14808 3680 1908 1680 -1224 406 593 8 457 488 468 END
START 5632 -3168 16264 -92 -2817 -318 582 0 458 486 466 END