START -4492 7428 12188 -1155 -556 -16 614 586 604 601 585 END
START -4376 7432 12252 -1119 -571 25 616 586 600 605 588 END
START -4424 7604 12252 -1077 -442 -17 618 587 603 604 586 END
START -4492 7516 12344 -959 -284 13 617 587 603 604 587 END
START -4484 7576 12436 -880 -240 75 613 587 603 609 589 END
START -4416 7584 12492 -786 -227 120 617 587 603 604 587 END
START -4496 7640 12372 -695 -197 160 601 580 603 604 587 END
START -4636 7496 12372 -554 -322 204 618 587 604 604 588 END
START -4444 7620 12192 -562 -444 216 617 587 603 604 586 END
START -4260 7520 12220 -526 -456 180 616 587 604 605 591 END
START -4108 7488 12028 -602 -212 250 617 588 604 605 587 END
START -4032 7264 12204 -413 -300 196 612 588 605 602 588 END
START -4384 7296 12452 -217 33 133 616 586 604 605 587 END
START -4700 7376 12848 68 150 273 616 585 604 604 587 END
START -4836 7368 13288 185 229 367 607 586 604 606 587 END
START -4952 7204 13884 632 172 487 617 587 604 602 587 END
START -6308 6772 15388 1017 -269 749 619 587 605 596 587 END
START -7084 6492 15964 1965 -1379 1436 617 587 602 605 586 END
START -7080 6832 15536 3199 -1750 2136 606 588 602 606 585 END
START -7252 7292 16232 4932 -1448 3040 616 583 600 605 582 END
START -6192 7832 15904 6976 -1567 3798 621 581 601 604 582 END
START -4904 8528 15384 8317 95 4309 619 570 599 601 580 END
START -4920 8656 14676 9406 1782 4795 616 576 598 602 573 END
START -5684 8500 14016 10470 2762 5434 615 572 596 601 575 END
START -5584 8800 12456 11378 3227 5972 620 568 604 585 566 END
START -6496 8300 12508 12092 1786 6716 613 588 588 593 564 END
START -4536 8532 11148 13734 -184 6793 612 560 582 589 557 END
START -4056 10056 10540 15205 -144 7006 620 572 578 586 572 END
START -2692 10664 9172 12807 277 7476 611 552 572 564 553 END
START -2352 10252 7388 11382 6 7468 615 550 567 574 554 END
START -3448 9200 6704 13092 115 7253 610 550 574 569 549 END
START -4128 11884 7680 13361 988 7927 611 550 554 560 548 END
START -2060 12112 5988 9872 -1949 7838 614 546 546 553 548 END
START -708 11004 4252 10205 -1258 7187 617 552 538 546 549 END
START 6240 12912 -1816 9032 5476 5638 611 552 531 541 554 END
START -1856 12192 5512 8529 -664 5598 607 560 522 529 554 END
START 2108 12272 2280 8564 -979 5361 610 564 520 529 581 END
START -600 13716 3480 7510 -2075 4963 612 565 519 528 566 END
START 1304 13516 508 5985 -3265 4812 604 580 518 526 564 END
START 572 13668 1608 5157 -3706 4464 604 574 516 523 570 END
START 2692 14656 -80 2524 -943 3638 602 581 515 524 579 END
START 2180 14728 1112 765 -653 2480 605 586 510 545 586 END
START 1924 14292 1388 -417 -769 735 598 589 513 527 591 END
START 4300 14716 928 -3096 -147 -918 599 593 513 517 590 END
START 3220 14424 92 -6395 -1504 -2862 593 599 513 523 600 END
START 5764 13024 -484 -9493 -3210 -5255 587 604 510 522 603 END
START 6868 13720 -164 -12464 -1306 -7712 585 608 509 517 610 END
START 6080 13204 1708 -15873 4007 -11468 587 614 514 507 610 END
START 5888 10612 516 -19980 10221 -13076 581 619 506 503 621 END
START -520 8348 11804 -18772 20067 -13991 584 607 505 503 605 END
START -1200 8704 13092 -16163 24601 -14027 577 626 505 501 627 END
START 6188 9268 11164 -12791 29180 -16334 579 624 505 502 624 END
START 8396 6824 9268 -14379 32767 -21392 585 625 500 503 624 END
START -528 84 -376 -14897 31579 -20653 588 626 512 530 630 END
START -19208 -3040 -14264 -16685 32767 -21031 584 629 506 506 628 END
START -32768 3188 4076 -6164 32767 -13484 584 632 506 507 630 END
START -32768 7324 31720 -435 -10510 -8945 587 631 499 509 631 END
START -25108 10636 14376 375 -17046 -5352 584 584 526 503 639 END
START -15584 11028 10588 1656 -18680 -3452 585 631 511 505 627 END
START -9764 13204 5296 1591 -10989 -1672 589 633 507 503 631 END
START -8872 12048 4212 246 592 -625 600 635 509 506 632 END
START -13468 10800 7580 235 3394 614 585 633 507 522 634 END
START -14880 9420 9188 24 318 1797 585 634 509 504 634 END
START -12020 8156 8956 490 -4033 2266 583 629 506 507 641 END
START -9000 7588 7800 985 -5240 2135 588 633 507 504 634 END
START -7052 7268 6080 1069 -4221 1749 618 634 505 508 632 END
START -5912 7152 5708 924 -1149 1036 585 634 506 504 634 END
START -7220 7316 6056 674 985 396 584 633 507 506 635 END
START -8856 7668 6476 158 1345 -84 582 636 487 504 633 END
START -9728 8092 6596 -428 208 -315 583 634 508 505 634 END
START -9276 8424 6736 -835 -646 -611 583 671 508 474 656 END
START -9092 8648 6788 -1123 -461 -801 581 634 507 504 616 END
START -9564 8952 6692 -1320 -192 -839 590 634 508 505 635 END
START -9296 8964 6304 -1512 170 -945 583 634 446 504 631 END
START -10000 8760 7160 -1520 1039 -891 580 636 507 503 635 END
START -11192 8864 7924 -1389 755 -686 580 632 507 504 633 END
START -11748 9040 8340 -1339 -357 -402 585 633 507 503 633 END
START -11268 9288 7964 -1162 -1520 -56 584 633 507 505 634 END
START -10628 9340 7796 -1096 -1779 180 586 635 507 483 634 END
START -10176 9108 7652 -1003 -1672 375 586 633 508 506 638 END
START -9500 9068 7352 -942 -1215 427 585 633 508 504 635 END
START -9336 8732 7424 -943 -288 442 583 612 508 493 632 END
START -9620 8488 7556 -996 232 403 580 632 508 504 643 END
START -9908 8320 7728 -983 33 347 581 632 508 506 633 END
START -10072 8212 7756 -972 -413 240 560 637 507 506 632 END
START -9984 8232 8052 -918 -887 188 586 633 511 506 633 END
START -9476 8224 7544 -833 -1273 60 583 647 507 505 658 END
START -9280 8300 7496 -1022 -1071 -92 575 634 508 505 633 END
START -9052 8144 7132 -1180 -293 -253 579 633 507 506 631 END
START -9796 8144 7964 -1191 638 -427 557 633 509 506 629 END
START -10700 8220 8660 -974 394 -322 580 633 502 506 632 END
START -10804 8036 8992 -830 -565 -235 586 655 512 506 657 END
START -10188 8232 8248 -647 -1287 -201 580 632 507 498 633 END
START -9836 8664 7224 -564 -1334 -158 579 633 507 506 632 END
START -9396 8868 7056 -834 -586 -153 578 632 501 519 631 END
START -9816 8436 7768 -803 -207 -177 582 632 508 503 634 END
START -10512 8500 8024 -614 -366 -129 578 630 508 505 632 END
START -10640 8436 8376 -442 -984 -10 580 631 506 508 631 END
START -10184 8468 8256 -343 -1405 94 581 631 508 506 632 END
START -9928 8560 7964 -335 -1417 146 592 628 551 508 632 END
START -9732 8624 7520 -350 -1148 161 580 631 508 506 635 END
START -9448 8432 7780 -493 -890 101 581 632 514 510 630 END
START -9224 8404 7584 -408 -981 -34 578 629 511 512 629 END
START -9184 8628 7192 -473 -1039 -200 586 630 513 513 631 END
START -9380 8492 7664 -755 -1312 -403 590 661 514 539 627 END
START -9680 8360 8668 -836 -2232 -592 589 624 516 521 626 END
START -9900 8140 8732 -826 -3660 -756 597 628 521 526 626 END
START -9876 8316 8824 -719 -5411 -878 599 622 547 532 624 END
START -9548 8508 8652 -1016 -6856 -946 597 623 541 537 622 END
START -9224 8320 8556 -1352 -7117 -1084 596 621 539 545 621 END
START -8872 8116 8136 -1527 -6632 -1246 602 621 546 548 566 END
START -9332 7844 8356 -1689 -6023 -1318 604 619 534 557 618 END
START -10140 7868 8692 -1806 -6471 -1092 606 615 561 565 615 END
START -10104 8168 8908 -1969 -7380 -805 614 613 571 577 640 END
START -9512 8452 8676 -2082 -8575 -636 612 615 573 577 614 END
START -8820 8588 8424 -2133 -9226 -584 614 612 579 582 614 END
START -8456 8620 8760 -2168 -9003 -593 630 613 584 589 614 END
START -8272 8684 9204 -2234 -9115 -552 617 615 589 591 615 END
START -7712 8928 9176 -2611 -9983 -578 612 614 594 595 614 END
START -7124 8960 8412 -3245 -9434 -581 608 622 601 618 609 END