START -9004 -848 19952 5445 2461 273 639 626 648 676 644 END
START -1212 -3188 4852 8158 6152 269 641 625 653 665 626 END
START -1620 -4408 -4968 9280 7544 893 642 646 653 673 625 END
START -4396 1640 14276 4506 8140 813 641 627 654 665 627 END
START -7660 832 17092 1414 1599 362 642 623 653 665 625 END
START -3340 1064 14192 -73 1542 451 639 626 661 665 620 END
START -5384 852 15224 -946 -29 250 639 625 653 665 625 END
START -5148 936 15792 -2020 -2086 183 634 625 653 671 638 END
START -5452 1892 18324 -5657 -6141 -21 635 624 653 665 625 END
START -5432 1244 22100 -7730 -5740 40 637 625 655 665 625 END
START 6288 -1532 11196 -10759 -11918 -87 641 629 653 664 643 END
START -5032 -3192 12608 -4764 -9782 -622 638 627 653 665 626 END
START -448 -3220 13836 3622 4708 1 640 625 651 666 625 END
START -5392 -708 17152 2631 1630 -311 663 622 651 667 649 END
START -1968 -1568 14192 2812 2507 -405 641 625 653 665 624 END
START -4164 -1348 15680 3520 1475 -263 640 625 653 663 624 END
START -2916 -588 15200 3702 2469 -280 641 625 652 665 624 END
START -3224 -748 15612 3987 3278 -195 641 623 652 663 625 END
START -4680 104 16276 4670 3646 89 641 622 651 659 623 END
START -5964 460 17020 4998 1963 143 642 621 650 661 621 END
START -5912 1520 17868 5259 -159 72 638 615 649 659 621 END
START -3952 852 16472 6068 214 326 639 617 647 657 621 END
START -3848 1276 16584 6758 1873 584 642 613 647 657 619 END
START -4928 1472 16872 7719 2786 981 640 621 646 641 619 END
START -5848 1292 17748 8691 2897 1404 638 617 645 654 617 END
START -7940 1404 18780 10173 2733 2246 637 616 643 652 616 END
START -7424 1952 16816 10955 1074 3028 630 620 640 650 615 END
START -5768 3060 15632 11597 990 3579 638 612 636 647 611 END
START -5768 4044 16024 12168 2156 4398 635 611 635 643 610 END
START -5584 4152 16424 12028 2625 5279 636 615 630 645 603 END
START -5248 3556 15976 12566 3566 6009 633 602 630 641 611 END
START -6140 4124 14624 14234 3392 6866 631 605 627 635 605 END
START -6464 6764 13508 15585 1823 8132 629 605 625 631 607 END
START -6868 7744 13132 11916 -1621 8251 630 603 621 613 603 END
START -3836 5724 13192 12525 96 9304 628 599 619 623 599 END
START -4552 4448 13224 14163 2102 9835 629 600 616 618 599 END
START -5984 6036 11940 15345 3178 10345 624 601 612 616 596 END
START -8332 10268 10960 16646 -391 10304 621 594 606 607 594 END
START -5180 8456 9744 14825 -2298 10816 620 592 607 600 584 END
START -2108 7852 8780 16753 -4481 11291 620 603 594 591 589 END
START 1508 7540 4040 16272 -2627 11626 615 587 584 584 587 END
START -4548 8320 9232 17010 -2927 11359 611 558 586 563 584 END
START 2976 9812 3696 16285 -3239 10026 608 582 567 566 586 END
START 752 9892 5008 15654 -985 9057 608 576 559 556 583 END
START 356 9128 4032 14868 -707 8095 605 578 548 550 578 END
START -2592 8944 5560 13947 -3053 7298 603 579 543 541 580 END
START -688 8800 5244 13052 -5238 6613 599 583 538 473 581 END
START -992 8852 7356 12900 -5053 6169 600 584 531 532 580 END
START -2192 8432 5312 11411 -4628 4765 593 585 526 526 581 END
START 2640 9148 2756 10631 -4050 3645 604 581 518 524 590 END
START -1024 9184 4804 9237 -3678 2407 594 581 518 517 583 END
START 592 9716 3316 8130 -2675 1287 591 582 512 512 581 END
START -584 10400 3388 6737 -2823 120 587 584 513 507 582 END
START 6984 11564 -4844 4645 -1940 -2132 586 582 504 503 582 END
START 772 10828 1632 3277 -3677 -3025 583 597 499 497 587 END
START 1592 12576 432 960 -2997 -4700 574 590 498 494 591 END
START 3336 14124 -1060 -1767 -3792 -6478 581 592 498 490 590 END
START 4928 16100 -2428 -5538 -2489 -7897 581 569 498 485 596 END
START 8124 16652 -3808 -9399 -2200 -9715 581 596 497 487 597 END
START 8692 16452 -3988 -13831 595 -11566 571 592 496 454 591 END
START 10604 15408 -3712 -21194 11629 -13852 571 597 494 482 598 END
START 2036 13652 7520 -22726 20817 -14239 538 624 492 477 605 END
START -3112 11412 10576 -22532 20641 -14309 571 615 488 486 613 END
START 2544 8928 8136 -20047 14921 -16941 575 621 494 487 620 END
START 6568 9916 12084 -28571 24996 -20215 581 621 494 493 621 END
START -496 -920 11636 -30039 31905 -20203 597 622 494 494 612 END
START -19884 -11592 -8412 -31089 28062 -18653 585 625 496 498 620 END
START -32768 -10500 28416 -9396 17955 -9631 585 623 495 495 624 END
START -26656 9024 24612 1175 -6964 -6769 587 627 494 495 624 END
START -17772 15080 23116 -5031 -12207 -5467 586 639 432 496 610 END
START -10828 11576 11876 -3258 -10330 -4702 584 627 485 495 614 END
START -8032 13712 8400 889 1211 -2589 588 630 496 494 630 END
START -12760 13384 11312 472 6017 -837 585 629 497 499 629 END
START -17700 11500 15760 1025 404 1482 585 544 520 485 646 END
START -14364 8896 14356 818 -8269 3017 584 633 497 496 632 END
START -8004 7204 11348 1536 -10343 3605 585 631 498 497 630 END
START -3680 6484 7744 2140 -5722 3183 585 594 498 495 606 END
START -3924 6044 7540 2662 978 2450 586 630 498 498 629 END
START -6200 5976 8976 2683 3744 1746 587 632 499 497 629 END
START -7800 5888 9648 2347 2831 1104 591 627 500 497 634 END
START -8176 6288 9608 1592 786 581 579 631 498 497 631 END
START -7400 6852 8432 692 -1095 208 594 633 484 415 633 END
START -6612 7504 7172 -338 -1314 14 586 631 499 496 631 END
START -6400 7912 7828 -1134 -718 -96 577 656 499 498 632 END
START -6524 7740 7968 -1765 53 -406 588 631 499 496 633 END
START -6996 7792 8768 -1815 361 -671 586 631 499 497 631 END
START -8136 7944 10728 -1725 903 -840 562 633 502 511 632 END
START -8644 8012 10648 -1434 -310 -1041 588 631 484 498 631 END
START -8308 8620 9376 -1147 -814 -1056 586 631 500 497 631 END
START -8232 8984 8936 -879 -32 -971 584 632 493 498 631 END
START -9032 8996 9916 -644 509 -726 585 631 500 498 631 END
START -9872 8976 10300 -433 301 -470 586 595 500 502 630 END
START -10284 8840 10276 -309 -410 -59 586 631 500 498 631 END
START -9940 8432 10364 -199 -1457 363 588 630 501 497 633 END
START -8364 8128 9260 -189 -1467 526 585 627 499 486 630 END
START -7592 8032 8712 -186 -171 605 586 633 502 497 631 END
START -7924 7676 9032 -271 983 597 578 625 492 497 633 END
START -8360 7596 9428 -399 1058 665 584 629 500 500 631 END
START -8552 7756 8980 -575 880 646 585 630 501 497 630 END
START -8616 8004 9444 -746 63 657 587 629 501 499 630 END
START -7996 7876 9376 -976 -547 486 588 629 502 498 628 END
START -8176 7984 9512 -1093 -680 399 587 649 505 497 626 END
START -8368 8076 9696 -1231 -1192 299 586 627 502 495 630 END
START -7832 8056 9616 -1254 -1246 262 589 629 501 498 628 END
START -7376 8144 9028 -1179 -619 169 588 627 500 503 631 END
START -7432 8196 9276 -1096 288 84 586 628 502 499 628 END
START -8656 8136 9800 -1021 869 124 639 626 515 497 611 END
START -9612 8132 10576 -980 499 296 585 626 503 502 636 END
START -10192 8004 10928 -776 -821 539 586 628 502 499 626 END
START -9500 8048 10432 -727 -2245 682 591 627 502 499 625 END
START -8560 7960 10100 -649 -2061 820 588 630 503 500 627 END
START -7944 7968 10188 -560 -1099 862 587 630 502 498 627 END
START -7956 7976 10176 -440 -163 802 587 628 504 499 626 END
START -8472 8328 10024 -390 300 667 588 624 503 500 625 END
START -8864 8704 10236 -629 -167 713 587 623 510 501 612 END
START -8812 8388 10292 -801 -850 720 588 619 503 500 619 END
START -8896 8164 9968 -826 -1413 834 610 616 495 502 685 END
START -8664 8632 10120 -845 -1802 1044 590 608 506 504 617 END
START -8760 9192 10556 -854 -2455 1233 593 616 507 504 614 END
START -8696 9264 11012 -1108 -3266 1314 593 644 508 552 613 END