START 1508 3408 6560 3691 19703 -700 607 584 620 633 583 END
START -8076 748 12464 4130 15550 -1397 609 587 619 638 585 END
START 15248 -5372 -17788 10066 12922 -90 605 586 620 633 577 END
START -20164 -244 23740 1048 1498 -1419 604 585 619 632 588 END
START -18484 2832 19556 604 4634 -1049 561 586 576 647 586 END
START -10328 1676 15836 -1000 3969 -762 627 585 627 633 585 END
START -8732 2636 14704 -2263 1285 -371 604 586 619 634 586 END
START -10620 3884 16664 -5435 -5205 236 600 584 607 634 583 END
START -11684 2148 13808 -10050 -13542 -365 603 585 620 633 586 END
START -19828 1876 20692 -14510 -29345 -71 605 585 621 634 588 END
START 18464 -18656 -13080 -2907 -14722 908 605 585 620 633 583 END
START -13552 7460 20016 9127 22702 3735 642 584 633 634 616 END
START -3044 -732 9456 -2788 -3961 873 606 587 610 635 586 END
START -5804 -584 14844 1062 -629 1123 606 586 620 634 587 END
START -7908 -432 13824 1234 -1082 1364 607 599 620 626 620 END
START -7868 -1036 14540 1209 -1617 1026 606 583 620 634 587 END
START -7960 -1152 15084 2422 -1039 1132 607 586 620 634 586 END
START -9436 -1060 16820 3413 -665 1582 601 587 622 641 592 END
START -9840 -912 19400 4741 -275 2283 628 588 620 635 587 END
START -8580 364 18324 6453 245 3089 606 585 620 633 585 END
START -8372 1664 17148 7535 1060 3341 603 590 617 628 580 END
START -9208 2748 17708 9307 1672 4383 604 573 610 628 572 END
START -12604 3972 20840 11162 1500 6562 605 547 604 621 565 END
START -10044 5912 23452 14000 -104 8406 618 555 600 618 554 END
START -9112 9708 21172 17755 3040 12933 603 547 589 611 547 END
START -8580 10212 17532 20896 4125 16915 602 534 574 595 536 END
START -8336 12244 15772 22797 3235 21018 600 529 550 517 516 END
START -5740 13180 12728 25365 1629 24911 593 466 524 550 497 END
START -3092 12552 12904 26071 2248 28148 589 488 508 536 486 END
START -4532 11492 12348 28142 -706 30923 613 475 527 524 454 END
START 1600 8684 8196 31365 -7058 31607 586 469 492 513 467 END
START 4148 10032 -452 32767 -8091 30657 582 462 487 505 468 END
START 2900 13804 -3768 30626 -6792 29502 563 456 481 495 454 END
START 2408 15364 -4156 25507 -7020 27371 577 449 485 487 449 END
START 2244 16840 -2528 20113 -10461 25076 576 451 484 491 451 END
START 7228 12904 -4400 21897 -15652 19850 575 450 487 484 453 END
START 8240 15096 -10192 16204 -8972 15161 576 536 487 505 465 END
START 13548 16040 -15720 10562 -9160 10383 581 452 488 485 451 END
START 28552 25948 -32768 -5683 -12779 -2164 587 450 489 483 482 END
START 32767 25720 -32768 -28917 -4751 -25137 590 450 488 484 446 END
START 32767 8964 -32768 -32768 12609 -32768 612 434 487 482 447 END
START 32767 -9268 -27404 -32768 26897 -32768 626 388 499 477 446 END
START 32767 -32768 32767 -30642 19487 -32768 642 439 480 476 442 END
START -25936 -32768 -32768 -32768 32767 -32768 626 440 485 478 394 END
START -32768 -32768 -5780 -3826 32767 32310 628 442 484 479 441 END
START -32768 -1400 -4 14703 -8229 -31815 626 440 486 474 442 END
START -32768 -12360 -17188 6049 -16585 -4930 639 423 513 473 437 END
START 21596 8172 -22100 14053 -14569 -202 640 425 490 479 440 END
START 5260 21748 -696 -16173 -6576 -13263 641 441 489 477 442 END
START -1068 19056 -14020 -5507 31068 -10349 644 441 492 479 440 END
START -28572 -1592 32767 -11361 20594 1884 630 445 496 507 458 END
START -21656 -4284 21288 -2174 -15191 7800 643 444 494 478 448 END
START -8892 8488 3392 -3643 -17801 4461 646 445 496 484 448 END
START -3268 5680 10928 -3264 -5923 -695 647 446 495 481 446 END
START -5800 -2824 17268 1512 218 -2141 677 447 503 482 471 END
START -7268 -60 9848 4705 6053 -1331 647 423 497 483 447 END
START -10248 6472 3416 4016 10285 -1500 649 450 504 482 449 END
START -16132 7116 3908 1224 11303 -2235 650 450 497 484 452 END
START -20224 2576 11404 256 4328 -395 649 449 496 482 452 END
START -15388 424 10920 615 -7377 194 649 447 498 484 450 END
START -9964 3448 4424 1443 -5666 -1170 649 450 499 484 438 END
START -10792 4208 4404 724 -784 -1602 650 451 499 488 457 END
START -13500 3012 5476 330 1779 -384 650 497 497 484 488 END
START -13952 1544 7932 269 146 419 651 450 499 486 453 END
START -11860 2368 9420 950 -4418 -841 646 451 500 484 452 END
START -8592 3820 4980 996 -4591 -2612 649 453 495 485 455 END
START -9840 3928 3368 153 679 -2593 652 453 501 485 455 END
START -12476 2340 5000 -836 3778 -1552 640 447 526 479 426 END
START -14160 1188 7432 -799 2940 -941 652 449 498 483 455 END
START -13212 2064 8408 -316 -848 -1525 649 452 500 486 452 END
START -11564 3660 6396 67 -1145 -2450 645 366 502 528 453 END
START -11528 2856 5676 -350 302 -2221 650 456 502 480 452 END
START -13312 2288 4628 -376 3428 -1402 651 453 501 486 453 END
START -15612 2404 7196 -546 2730 -537 586 488 499 513 364 END
START -13912 3452 6924 -646 -1675 -997 653 453 503 486 456 END
START -11792 4100 5708 -984 -1589 -1948 651 456 502 486 454 END
START -12516 3080 5512 -1310 1119 -1613 654 455 496 526 458 END
START -14156 2272 6136 -1488 3322 -834 651 456 502 486 455 END
START -16096 2384 7956 -1202 2200 -289 651 453 503 486 453 END
START -15120 2948 8380 -848 -1500 -226 652 418 500 518 383 END
START -13324 3460 6364 -823 -1786 -462 653 453 504 487 455 END
START -13532 3128 6624 -1096 172 89 652 455 503 487 455 END
START -14120 2420 7344 -1010 1855 717 650 485 502 475 457 END
START -15016 2412 7292 -776 1751 1031 652 455 503 490 458 END
START -15100 3020 7608 -598 13 1010 657 454 506 482 455 END
START -14628 2740 7440 -439 -1323 1124 652 459 504 487 459 END
START -14048 2328 7104 -381 -1460 1477 652 456 503 486 457 END
START -14620 2320 6448 -348 -1049 1995 647 458 523 486 458 END
START -15704 2496 6740 -476 -1277 2923 652 457 505 489 454 END
START -16428 1652 6784 -573 -2414 4089 654 459 505 492 458 END
START -16780 992 6624 -579 -3632 5502 620 435 502 504 455 END
START -15284 1064 6552 -633 -5634 6460 655 455 506 457 463 END
START -14704 1728 6716 -650 -5354 6998 651 459 508 488 458 END
START -14568 2720 6132 -736 -7077 7287 647 507 506 497 460 END
START -14064 3684 5360 -1341 -7275 8083 651 458 507 489 461 END
START -13584 3424 6408 -2053 -8256 8701 653 461 507 488 461 END
START -12544 2908 7148 -2191 -10092 8907 653 393 508 444 488 END
START -11652 2664 6916 -2159 -10749 8725 656 462 509 488 464 END
START -13136 2604 9984 -1000 -14455 8972 655 462 507 492 463 END
START -9808 3068 8300 -1805 -16320 7864 662 465 499 492 458 END
START -10368 4072 8200 -1599 -15179 7826 656 467 506 494 464 END
START -10920 3372 11428 -1309 -19044 8457 657 469 505 499 468 END
START -5344 2580 6440 -488 -18626 6816 657 471 507 505 470 END
START -5132 5304 8988 1411 -15496 6730 660 514 509 508 473 END
START -7756 6192 10632 -2351 -16184 5763 660 482 516 491 482 END
START -7200 5772 10336 -1817 -16781 6077 660 481 522 532 486 END
START -9284 4936 14216 1054 -22431 6476 661 501 532 544 507 END
START -6168 5512 12932 789 -24107 6625 651 509 541 558 511 END
START -2940 6060 9956 351 -21737 5671 665 522 556 578 523 END
START -1932 6060 9200 547 -18212 4755 680 537 570 587 536 END
START -3448 6524 12424 -423 -17095 5490 637 551 586 600 556 END
START -800 6048 14516 -1687 -15721 5562 663 563 598 610 566 END
START 636 5596 13600 146 -11043 4175 664 571 595 620 571 END
START -1212 8344 12264 1058 -7405 3655 663 584 614 621 572 END
START -2916 8024 10760 241 -6664 4581 663 587 619 629 587 END
START -780 7068 10424 -706 -7004 5196 664 596 620 632 587 END
START 648 6884 11776 -506 -6691 3937 662 591 622 634 590 END
START 88 6680 13112 -163 -5758 2165 661 549 625 634 600 END
START -488 7384 12792 530 -5332 1498 651 617 626 637 595 END
START -428 7548 13336 306 -4966 1825 662 594 627 638 594 END