START -5344 8152 10680 -53 346 627 595 505 514 536 509 END
START -5196 8072 10644 -222 500 461 596 505 515 536 507 END
START -5340 7664 10976 -357 1046 154 595 505 509 537 471 END
START -5660 7848 10980 -520 1650 19 595 507 519 540 507 END
START -5592 8068 10808 -723 1945 -209 593 511 524 543 510 END
START -6204 8112 10824 -878 1711 -501 593 510 521 543 510 END
START -6740 8268 10884 -1263 792 -606 596 484 526 543 532 END
START -6612 7996 11064 -1652 -173 -739 593 510 530 549 514 END
START -6320 7592 11628 -1824 -875 -1201 592 512 531 550 511 END
START -5720 7460 11736 -2161 -745 -1637 597 509 533 559 507 END
START -5808 7040 10664 -2198 809 -1812 593 515 535 556 531 END
START -5896 7316 10052 -2191 2503 -1924 597 511 540 562 511 END
START -5180 7192 10464 -2274 5558 -2729 588 455 546 571 490 END
START -5152 6048 11824 -2058 11472 -3279 593 497 555 576 498 END
START -6484 6720 11292 -638 15959 -2819 598 493 565 583 494 END
START -8572 7396 10228 -308 15793 -1732 598 490 574 592 489 END
START -10852 6964 11492 -592 12715 -1307 602 483 581 599 489 END
START -11528 6336 10736 -582 9732 -1292 606 485 575 602 483 END
START -9316 5544 9312 -471 9471 -1900 611 484 589 604 484 END
START -8488 4860 9752 653 13864 -2660 616 485 583 603 480 END
START -8600 5616 10316 1830 17861 -2556 622 480 569 595 482 END
START -9504 6012 9136 2100 19784 -2152 628 483 553 589 484 END
START -9544 6376 7980 3169 23318 -1588 639 481 541 580 479 END
START -10984 6836 9060 3822 23456 -1249 646 481 531 571 479 END
START -11712 7392 7748 4299 22003 -1665 652 475 520 559 477 END
START -12896 7004 8144 4412 17476 -2508 639 473 509 549 467 END
START -12888 6692 5272 4513 13340 -2965 657 473 505 538 472 END
START -12096 7308 2684 3678 10587 -3217 659 472 502 532 470 END
START -12148 8492 836 1976 8466 -3654 657 476 500 538 470 END
START -11724 8368 2872 323 7237 -4274 654 469 494 519 469 END
START -10892 6732 5584 6 4126 -5311 656 471 496 512 468 END
START -11972 6332 5796 1129 399 -6454 654 466 491 506 466 END
START -10884 6268 2032 731 -1682 -7747 657 467 491 503 467 END
START -9568 5820 1428 -428 -217 -9686 650 470 421 495 465 END
START -8840 6028 3228 -878 898 -12126 650 488 491 526 465 END
START -8380 5948 3020 -768 2595 -14859 650 466 494 495 466 END
START -8564 5872 2208 -953 2981 -18089 636 419 496 514 471 END
START -9748 5596 256 -1373 4559 -22245 647 462 498 493 467 END
START -13052 2512 1896 -2059 3860 -26159 646 471 498 494 469 END
START -16120 -2912 4412 -1522 1145 -26159 623 481 498 493 456 END
START -22756 -10680 3248 -77 2923 -20842 633 469 504 494 468 END
START -27400 -6940 12472 430 725 -15716 641 469 504 492 467 END
START -19492 -5376 10476 2972 -10689 -8290 640 469 506 500 476 END
START -15208 -2116 444 5285 -445 -3587 639 461 533 496 474 END
START -16432 2404 -7572 1281 7672 -48 640 470 504 493 474 END
START -22036 1548 -1224 -2701 11545 2034 638 477 506 498 471 END
START -22216 -732 8572 -4041 179 1990 639 434 500 472 472 END
START -19676 -1844 7728 -2133 -10892 1362 647 471 505 501 471 END
START -14424 -232 2772 -1835 -12871 622 640 473 508 501 473 END
START -10956 -140 1064 -1673 -5953 243 634 439 507 435 509 END
START -12040 784 1632 -1320 2425 -366 644 472 506 500 473 END
START -16592 820 4988 -1481 4885 -574 641 471 508 499 469 END
START -17760 224 7860 -392 1543 -498 642 509 509 503 495 END
START -16460 88 6816 643 -1735 -371 642 472 508 502 472 END
START -14476 240 3792 899 -1725 -135 651 475 507 481 516 END
START -13912 208 2332 350 -43 -180 636 467 508 501 477 END
START -14720 -24 3212 -407 1248 -130 641 474 511 503 474 END
START -16040 -232 4532 -617 407 217 641 488 511 503 475 END
START -16364 -288 4692 -795 -2066 794 640 474 510 503 471 END
START -15372 -516 4752 -771 -3741 1230 640 445 511 510 474 END
START -14080 -284 3536 -660 -4282 1311 641 474 511 502 472 END
START -13132 -480 2800 -760 -3135 820 641 476 511 502 470 END
START -13072 -416 2896 -792 -742 383 622 474 505 504 465 END
START -13828 -368 3848 -699 538 246 648 475 512 503 477 END
START -14620 -684 4360 -447 435 164 641 475 511 504 477 END
START -14528 -216 4028 -300 -92 83 639 472 510 501 477 END
START -14464 -192 3296 -459 -309 18 640 475 511 504 475 END
START -14608 240 3484 -753 -30 11 642 475 509 492 477 END
START -14768 -184 3960 -938 -358 120 641 476 509 504 475 END
START -14744 -296 4392 -872 -939 289 642 483 511 501 523 END
START -14364 -72 3848 -801 -940 301 642 478 512 501 476 END
START -14656 152 3512 -912 -662 202 640 476 512 505 474 END
START -14848 200 3956 -1050 -606 130 640 475 511 514 478 END
START -15132 116 4396 -1047 -756 80 642 476 512 505 477 END
START -15248 28 4732 -924 -1141 101 640 475 512 504 476 END
START -14944 12 4512 -766 -1408 -96 644 475 516 504 478 END
START -14372 108 4316 -682 -837 -303 645 476 512 504 476 END
START -14528 56 3688 -560 333 -416 640 478 513 505 473 END
START -15408 176 3816 -700 874 -373 640 477 513 506 477 END
START -15804 -68 4556 -771 322 -217 640 496 512 502 473 END
START -15304 -272 4716 -620 -281 18 641 477 514 504 478 END
START -14992 40 4280 -539 -412 93 640 466 513 504 476 END
START -15220 340 3716 -815 -412 72 642 478 511 506 478 END
START -15260 300 4120 -1028 -463 149 644 482 513 505 477 END
START -15116 -192 4628 -929 -671 250 643 479 512 504 476 END
START -15036 -164 4236 -749 -501 331 642 476 513 505 476 END
START -15180 -68 4092 -738 -477 460 642 484 512 482 464 END
START -14896 -60 4300 -903 -434 498 642 487 514 499 473 END
START -14868 -48 4492 -829 -686 406 643 480 515 508 477 END
START -15092 100 4332 -807 -970 259 643 479 513 508 476 END
START -14988 0 4276 -858 -1178 303 643 479 513 510 477 END
START -14668 -240 4224 -835 -1102 314 644 480 513 502 481 END
START -14692 -48 4456 -803 -1003 331 644 478 514 506 498 END
START -14236 -236 4116 -773 -476 211 643 505 511 511 459 END
START -14424 -64 4152 -675 -46 90 645 479 514 508 475 END
START -14780 40 3668 -785 187 51 644 477 512 506 467 END
START -14928 44 4252 -880 102 147 645 472 516 507 478 END
START -14872 -56 4572 -939 -230 233 645 479 514 507 481 END
START -14788 -76 4540 -847 -642 263 638 480 513 504 478 END
START -14868 56 4412 -869 -838 141 644 478 514 506 478 END
START -14636 44 4156 -850 -804 36 658 474 542 507 448 END
START -14536 -76 4092 -868 -531 -13 639 479 514 502 484 END
START -14784 12 4116 -880 -90 60 643 550 512 504 478 END
START -14896 -168 4264 -891 66 145 649 479 513 506 477 END
START -15232 8 4604 -838 -197 167 644 478 514 506 481 END
START -14992 100 4100 -846 -684 151 642 482 513 507 465 END
START -14832 120 4136 -911 -649 159 645 479 514 504 479 END
START -14788 -124 4112 -848 -384 144 645 482 515 512 474 END
START -14568 -148 4148 -742 -138 84 645 479 514 506 479 END
START -14856 28 3704 -716 260 -9 577 524 496 487 472 END
START -14920 156 3784 -839 560 48 646 475 515 508 482 END
START -15108 344 4516 -1017 434 140 664 473 512 512 370 END
START -15000 -176 4972 -978 184 342 645 478 513 503 476 END
START -14980 -304 4152 -775 -229 368 645 479 515 507 478 END
START -14700 140 3540 -978 -1 301 645 483 514 506 495 END
START -14720 228 4164 -1131 327 237 645 479 515 507 479 END
START -14980 160 4240 -1191 278 248 669 478 510 509 477 END
START -15376 192 4688 -1255 -279 331 647 479 515 495 475 END
START -14924 -152 5240 -1144 -869 366 643 481 514 509 480 END
START -14364 -428 4716 -814 -962 172 633 478 510 507 478 END