START -8820 9832 4248 2379 7357 -11048 621 467 503 491 467 END
START -9004 10256 4208 2191 6483 -11111 620 534 499 489 463 END
START -7600 10412 4088 332 4387 -13115 629 470 502 491 464 END
START -6100 8636 7364 -287 3991 -15113 633 466 502 487 466 END
START -4828 6912 8592 235 2463 -17167 637 466 505 492 474 END
START -5092 6856 592 275 3418 -19388 638 468 502 493 467 END
START -6008 7476 -432 -2003 3478 -21169 639 451 502 492 498 END
START -4800 6044 100 -5395 5067 -24791 633 461 503 489 466 END
START -5732 4280 3116 -7148 5223 -28469 636 468 503 491 466 END
START -7384 5188 4564 -8489 4208 -31736 633 466 503 490 466 END
START -8596 2784 -3320 -12031 2799 -32768 632 441 504 490 465 END
START -12396 -8108 -4800 -15005 4810 -32768 633 465 506 492 469 END
START -14292 -16120 4300 -15855 6788 -32768 630 469 504 491 465 END
START -24632 -19256 6596 -14349 18798 -30609 626 453 507 491 464 END
START -32768 -14368 23876 -7422 14889 -18364 637 465 499 468 466 END
START -26760 -15620 5612 3863 -4955 -6976 627 464 499 495 467 END
START -21648 -2348 1232 5241 2254 -1415 624 462 506 492 464 END
START -21236 4032 -1776 2759 4189 2722 629 464 507 492 468 END
START -19708 2528 -1196 -2551 745 2602 625 467 506 492 467 END
START -17480 -196 7616 -4455 -7018 210 625 468 507 492 466 END
START -12844 -2948 8784 -1956 -12482 -378 624 466 507 496 466 END
START -9412 -1996 1896 137 -7076 -1505 622 479 479 493 412 END
START -10556 -1264 928 -86 2656 -2379 624 461 504 495 468 END
START -15240 -884 3592 -306 7180 -2054 625 464 507 494 467 END
START -18928 -556 8724 -822 3484 -1167 625 469 509 499 466 END
START -19368 -1204 5632 -183 -2817 396 625 467 507 495 500 END
START -16712 -1192 3160 -651 -5318 1111 626 467 508 494 463 END
START -14592 -1696 4324 -1039 -5423 865 628 469 509 498 469 END
START -14204 -1916 3160 -1032 -4436 476 628 471 510 496 466 END
START -13964 -2020 5644 -994 -2665 21 620 468 509 495 468 END
START -15648 -2016 4612 -541 -3573 -31 626 470 510 470 470 END
START -14228 -1628 3468 -396 -2758 -70 628 473 510 494 509 END
START -13288 -1456 4860 -476 -619 -114 626 470 510 493 469 END
START -13428 -1236 6272 -279 39 -303 627 468 512 495 467 END
START -15060 -1496 5440 3 -1346 -585 625 468 511 497 467 END
START -14720 -1444 4924 -231 -2927 -663 625 468 563 496 437 END
START -13752 -2160 4624 -94 -2534 -412 653 470 509 498 469 END
START -12800 -1792 3940 192 -492 -263 627 469 511 497 469 END
START -13172 -1716 3868 -98 2188 -304 629 463 511 523 470 END
START -15548 -1656 5356 -273 1944 -279 629 471 511 496 466 END
START -17276 -1692 5828 -431 -2173 -348 627 473 512 495 469 END
START -14668 -1972 4540 -524 -4275 -237 591 512 506 499 528 END
START -12680 -1556 4356 -442 -2368 -357 628 464 512 497 471 END
START -12944 -1504 4368 -609 -120 -547 628 473 512 500 467 END
START -14764 -1356 5416 -582 300 -831 627 470 533 498 470 END
START -15900 -1532 5756 -572 -1691 -641 626 473 511 499 470 END
START -14808 -1604 5848 -412 -3025 -409 630 471 510 498 464 END
START -13368 -1620 5076 -279 -2133 -490 629 506 507 473 468 END
START -14008 -1656 4672 -539 -722 -558 614 471 498 501 470 END
START -14636 -2452 5812 -417 270 64 629 471 511 499 471 END
START -15060 -1860 6168 285 302 594 629 446 511 406 443 END
START -14252 -1416 5032 83 637 532 630 468 503 497 468 END
START -14800 -1460 5656 -223 205 35 629 490 512 494 473 END
START -15016 -1684 6656 -171 -1397 -289 632 469 515 500 473 END
START -14760 -1772 5392 77 -2691 -94 632 473 514 502 475 END
START -13704 -1736 4472 -367 -2140 97 632 455 513 465 472 END
START -13164 -2084 5488 -341 -1023 -246 631 473 516 501 471 END
START -14140 -1640 5324 -284 -532 -389 632 473 515 499 475 END
START -14748 -1784 6104 -287 -1094 -397 642 442 513 497 514 END
START -14724 -1620 5944 -156 -2083 -332 630 473 513 501 471 END
START -14236 -1620 5560 -215 -2381 -411 633 474 514 500 473 END
START -14172 -1940 5616 -271 -2484 -531 611 472 523 499 464 END
START -14248 -1940 5952 -36 -2034 -372 634 471 516 500 476 END
START -14576 -1656 5452 83 -988 -302 632 476 516 499 472 END
START -16040 -1276 5324 -63 -58 -409 635 474 512 499 463 END
START -17944 -1076 7012 69 739 -353 635 471 519 500 474 END
START -19260 -344 9200 569 553 682 674 475 517 494 474 END
START -19924 576 8460 1286 313 2163 633 474 516 493 474 END
START -19568 756 7264 1315 -336 3365 634 474 515 501 472 END
START -21068 48 8060 1169 -1260 3522 633 476 515 500 509 END
START -20636 -356 9192 1502 -2043 4880 635 473 515 500 475 END
START -20304 460 9004 2085 -2820 6047 633 473 515 500 475 END
START -18420 0 7868 2071 -3552 7665 633 470 516 499 472 END
START -16996 -1264 7912 2500 -3930 7550 634 474 515 499 476 END
START -14700 -1144 6692 2288 -5895 7345 638 541 515 425 507 END
START -12868 -516 5596 2173 -4670 7153 637 474 515 494 477 END
START -11892 -1104 6024 2156 -3378 7244 635 464 515 499 473 END
START -10284 -1700 6604 2370 -4105 6818 633 480 515 480 471 END
START -7740 -2288 4916 2797 -4638 5777 633 474 515 498 473 END
START -5604 -1864 1796 2572 -3314 4076 635 464 515 497 474 END
START -4452 -1592 -100 1483 33 2520 634 487 516 500 463 END
START -5256 -1168 948 465 2988 1366 635 475 514 523 475 END
START -6404 -1444 2280 -378 3200 287 634 474 520 499 473 END
START -6816 -1440 2940 -812 1877 -578 637 479 518 491 471 END
START -7224 -612 2944 -1386 635 -1498 635 474 516 499 472 END
START -7800 -680 3236 -2000 -1342 -2450 637 468 525 498 474 END
START -8152 -364 3764 -2593 -2025 -3102 637 496 517 496 475 END
START -7900 -692 4792 -2777 -1078 -3749 636 474 516 499 454 END
START -9540 -172 4440 -2793 684 -4326 635 483 514 500 475 END
START -11796 212 5120 -3258 2132 -4846 611 475 517 499 479 END
START -14436 776 7412 -3245 2645 -5192 638 474 516 497 475 END
START -17096 1004 9228 -2833 2560 -4555 636 476 535 504 477 END
START -18520 576 10688 -2030 1402 -3552 636 475 517 499 480 END
START -17300 80 9824 -992 473 -2892 636 483 517 498 474 END
START -17716 1440 6876 -848 1871 -2982 656 474 516 500 451 END
START -19020 1168 8260 -1542 2862 -2209 637 477 515 497 472 END
START -20232 1108 10564 -984 1385 -1040 639 475 515 499 474 END
START -18976 644 10168 -431 -2089 183 636 475 519 499 474 END
START -16052 -252 7672 -222 -2699 532 638 474 517 499 503 END
START -14760 184 6416 -38 -1348 341 637 476 516 499 474 END
START -14812 288 6552 -221 -477 421 637 529 518 527 463 END
START -15028 16 7728 -276 -913 827 637 474 517 496 477 END
START -14040 -504 7452 84 -1321 1074 619 472 513 502 474 END
START -13100 -432 6004 178 -1742 921 637 476 520 499 477 END
START -12892 -312 5656 -215 -1539 580 637 476 516 499 475 END
START -13168 -260 6532 -379 -800 662 637 425 539 499 403 END
START -13220 -492 7104 -115 -958 887 637 475 517 498 476 END
START -12548 -608 6368 -7 -1254 949 617 475 516 498 475 END
START -11972 -468 5992 8 -1011 552 637 473 517 499 493 END
START -12344 -148 5508 -215 -834 38 637 476 517 500 475 END
START -12816 -184 6288 -312 -608 -124 642 473 522 499 458 END
START -12696 -408 6796 -140 -884 -267 637 475 518 500 474 END
START -12344 -112 5668 92 -16 -278 637 484 516 500 473 END
START -12712 12 5532 -150 1036 -570 638 475 530 499 476 END
START -14048 28 5780 -395 1071 -717 637 480 517 500 478 END
START -14548 -264 6612 -418 -243 -663 635 483 518 500 455 END
START -14156 -40 6116 -414 -1414 -579 637 476 518 499 475 END
START -13288 4 5124 -705 -775 -528 638 464 519 500 476 END
START -13876 128 5612 -953 290 -539 638 476 518 499 476 END
START -14536 -108 6612 -1159 321 -388 637 476 517 497 476 END