START -44 15424 2876 -964 937 -340 648 477 506 503 481 END
START 100 15276 2804 -1007 410 -367 649 480 506 504 480 END
START 468 15232 2980 -1025 -104 -457 603 500 470 501 407 END
START 524 15276 2860 -1057 -101 -424 646 479 507 501 480 END
START 880 15472 2996 -1047 749 -191 646 480 508 504 480 END
START 1404 15540 2976 -814 1931 -250 646 478 509 503 491 END
START 1296 15728 3020 -345 2281 -573 643 478 510 502 480 END
START 1348 15640 2984 -208 1925 -868 638 479 488 478 481 END
START 1912 15512 1852 -114 2086 -1363 638 482 509 500 480 END
START 604 15720 2260 -158 1120 -1908 632 481 510 504 481 END
START -1144 16224 2972 -547 169 -1944 632 479 506 505 472 END
START -624 16276 2796 -500 752 -1339 624 483 511 535 482 END
START 1000 16972 2960 -270 1939 -898 622 482 512 504 483 END
START 2120 16712 3380 583 1614 -985 621 485 512 505 469 END
START 5636 16380 484 1439 2305 -1517 627 481 512 506 478 END
START 11152 16136 -4432 2209 4803 -3198 604 480 486 495 476 END
START 10736 17476 -3872 2578 6798 -4533 626 483 506 503 503 END
START 11944 18376 -3368 1181 8683 -6747 623 481 513 503 481 END
START 15484 17756 -5532 -2436 10907 -10472 619 478 508 486 478 END
START 22892 16800 -6236 -9292 9528 -20115 615 480 512 501 480 END
START 32767 18372 -14668 -19998 4123 -32768 612 477 511 501 478 END
START 22952 6504 -10232 -19681 5455 -32768 610 476 509 499 477 END
START 7008 -2540 -3336 -11379 16657 -32768 612 504 502 501 474 END
START -2856 -3344 4272 -14810 10212 -32768 612 474 511 477 475 END
START -13580 -6068 4412 -15287 32767 -32768 612 472 511 497 476 END
START -20476 -6960 9532 -12240 -5593 -32768 613 476 506 502 469 END
START -28836 -14236 -13620 -14158 12270 -32768 613 476 513 502 473 END
START -32768 -11724 7136 -9908 13649 -32768 636 467 512 492 477 END
START -32768 -4620 26468 -9527 -9188 -29377 618 478 512 511 474 END
START -20172 -12160 6744 -3400 -17254 -25999 616 474 514 500 474 END
START -29220 -4280 1400 85 -10794 -20166 617 479 513 502 474 END
START -29488 2436 1516 -120 -7790 -9335 617 475 513 503 476 END
START -20420 412 7532 -1693 -4798 -3020 617 468 516 502 498 END
START -15036 40 10040 -416 -2809 -1201 619 472 516 501 473 END
START -15516 3288 6564 828 445 -588 619 482 515 501 471 END
START -18708 4952 3516 224 1136 938 618 471 521 502 474 END
START -17264 3720 2364 -1002 -606 794 619 474 516 501 471 END
START -17400 4696 6164 -2172 -3554 147 621 493 517 517 469 END
START -13448 3488 8668 -1553 -6438 -431 646 453 516 517 475 END
START -10356 2716 5652 -541 -3345 -2199 623 474 516 501 474 END
START -13480 4208 5788 -194 973 -2531 621 414 508 504 483 END
START -16160 3492 4916 -532 1493 -2011 622 475 514 501 471 END
START -15712 2232 7592 -927 -999 -2026 622 474 512 502 473 END
START -13624 2000 8316 -75 -3833 -2502 622 493 523 479 474 END
START -11168 1184 6944 528 -2931 -3030 622 494 518 502 477 END
START -11260 1272 4580 1050 749 -2932 623 475 519 501 476 END
START -13892 1796 4892 799 3997 -1899 624 392 518 503 478 END
START -16016 1816 5548 332 2094 -1161 623 475 519 501 462 END
START -15764 1840 6420 -196 -2170 -1347 624 470 518 502 475 END
START -13400 1736 5536 -273 -5191 -1821 625 475 519 544 471 END
START -11944 1352 4128 -401 -3679 -2152 624 474 519 503 480 END
START -12940 1388 4036 -714 -1102 -1917 624 475 521 504 482 END
START -14120 888 5232 -894 -623 -1597 624 488 524 503 511 END
START -14428 1676 6140 -875 -2196 -1761 623 475 522 502 475 END
START -13476 1804 5100 -884 -3084 -2145 625 476 519 501 479 END
START -13020 1632 5328 -1051 -2146 -2194 611 476 516 474 480 END
START -12948 1216 5336 -780 -259 -1908 625 477 518 502 479 END
START -14256 1208 5792 -721 677 -1611 624 476 518 503 477 END
START -14944 1340 6224 -832 -573 -1183 622 476 515 505 495 END
START -14040 1112 5432 -1009 -1443 -1243 624 480 520 506 477 END
START -14168 1608 5944 -1127 -1004 -1026 624 477 520 503 479 END
START -14160 1108 5868 -1150 -831 -654 630 477 520 538 416 END
START -14188 668 6096 -1024 -501 -606 625 480 520 507 478 END
START -14284 1076 5796 -850 -135 -399 626 479 519 504 478 END
START -14372 1772 6012 -1106 237 -275 624 444 519 501 469 END
START -14796 1404 6448 -1144 120 -192 628 480 520 506 475 END
START -14888 1260 6300 -1119 -597 70 628 480 523 502 478 END
START -14468 1128 6484 -1091 -1001 280 627 477 521 488 478 END
START -13980 1132 6264 -929 -720 320 627 478 521 504 479 END
START -13852 1500 6060 -1010 -78 324 632 475 564 504 463 END
START -14272 1436 6348 -1098 59 243 628 478 521 503 479 END
START -14208 1212 6732 -1044 -199 331 624 479 521 504 479 END
START -13720 820 6012 -885 -321 324 629 480 520 525 481 END
START -13744 1256 6380 -826 51 431 627 478 523 506 479 END
START -13612 1252 6008 -802 695 542 627 483 526 531 478 END
START -14188 1204 6472 -838 938 675 626 482 520 505 473 END
START -14340 1144 6708 -731 -80 656 631 479 522 503 480 END
START -13744 1364 6164 -679 -448 521 626 476 524 506 480 END
START -13512 1320 5616 -751 -96 453 628 480 522 503 479 END
START -13936 1572 5968 -1014 457 533 611 480 516 510 476 END
START -14112 1060 6324 -1067 121 526 629 478 522 504 481 END
START -14184 1064 6532 -857 -505 416 629 481 522 504 479 END
START -13868 1456 6076 -786 -831 328 628 464 521 505 504 END
START -13560 1420 6080 -799 -374 244 628 482 522 506 480 END
START -13596 1468 6064 -803 23 226 610 461 522 485 484 END
START -14232 1304 5876 -916 188 167 627 483 519 505 476 END
START -14464 1092 6132 -891 -455 260 620 468 523 502 482 END
START -14148 1216 5960 -924 -987 144 628 479 529 505 481 END
START -13636 1236 6560 -827 -1038 169 630 480 520 504 479 END
START -13188 1200 5712 -651 -98 11 628 535 522 514 474 END
START -14064 1496 5892 -730 396 45 630 483 518 505 479 END
START -14500 1308 5696 -828 38 175 650 566 525 506 474 END
START -14468 1128 6204 -917 -683 178 628 485 547 506 478 END
START -13920 1272 6412 -906 -1282 156 629 481 522 505 479 END
START -13184 988 5704 -792 -744 20 629 482 519 490 480 END
START -13492 1280 5200 -748 293 -18 629 478 523 505 481 END
START -14304 1276 5816 -945 660 229 628 485 525 489 481 END
START -14288 1012 6468 -964 -3 280 628 480 523 506 480 END
START -13908 1236 6444 -776 -743 186 628 508 521 506 479 END
START -13968 1628 5560 -895 -745 125 630 482 526 505 480 END
START -13720 1240 5908 -1038 -558 244 630 482 523 505 480 END
START -13608 968 6144 -916 -379 155 627 536 521 492 480 END
START -13848 1204 6116 -723 -177 -23 630 482 525 532 480 END
START -13992 1304 5824 -778 -76 -41 630 481 523 506 483 END
START -13920 1364 5988 -924 -121 -40 627 482 525 505 442 END
START -14304 1364 6392 -964 114 -12 629 481 523 507 481 END
START -14296 1240 6528 -891 -234 108 629 493 547 503 493 END
START -14132 1080 6116 -861 -521 122 631 484 523 510 482 END
START -14328 1368 6240 -801 -522 177 631 481 528 506 480 END
START -14084 1296 6024 -902 -564 258 632 482 523 511 480 END
START -13660 1076 6092 -883 -222 190 631 481 524 506 481 END
START -13948 1108 5876 -817 374 207 632 482 518 505 471 END
START -14436 1208 6052 -843 384 320 630 482 523 506 478 END
START -14388 1272 6536 -787 -120 271 629 484 523 506 481 END
START -14260 1460 5996 -810 -411 313 631 483 524 502 481 END
START -14308 1576 6160 -972 -619 488 631 477 523 506 482 END
START -13868 1132 6164 -1003 -617 464 630 399 523 498 480 END
START -13908 984 6144 -846 -406 387 629 485 522 505 479 END
START -14096 1296 5656 -848 -384 358 630 482 525 506 480 END
START -14220 1316 6292 -963 -248 401 631 485 522 507 483 END