START -2888 13660 7368 3650 11357 1963 620 531 546 563 527 END
START -2852 13824 7456 3542 11655 1863 621 525 545 564 527 END
START -2668 14096 6460 3271 13270 1645 617 525 544 565 525 END
START -2684 14732 5736 2780 13650 1555 644 524 530 562 522 END
START -4424 14908 5736 2642 12210 1638 613 522 543 563 521 END
START -4372 15024 7108 2495 10309 1419 613 517 542 560 517 END
START -4108 14512 7576 2294 7647 858 597 513 540 545 503 END
START -3804 14404 6436 2214 7629 -59 615 506 539 552 506 END
START -3432 14712 5984 1961 7782 -762 610 502 533 551 503 END
START -3004 14888 5232 1622 7869 -1215 618 499 533 561 498 END
START -3044 14652 5648 1585 7603 -1641 622 480 530 547 487 END
START -4296 13420 5860 1353 7059 -2019 605 480 523 546 442 END
START -4472 13448 5196 902 6994 -3129 621 479 523 542 477 END
START -920 13908 1920 94 7853 -5138 621 470 517 533 468 END
START 1556 14776 60 -164 8869 -6864 619 528 514 521 500 END
START -5640 16404 12316 2013 2389 -6714 620 459 510 521 472 END
START -496 12196 6704 2748 1954 -9373 618 458 511 514 468 END
START 264 13352 7288 1967 2130 -13327 621 470 507 507 431 END
START 4084 12632 3788 1769 -1006 -18474 618 467 512 505 467 END
START 2868 14308 1308 512 -6177 -24181 616 466 512 501 465 END
START 3240 15956 -5200 -3718 -7397 -29369 613 464 512 501 467 END
START 5988 12996 -10468 -14425 -2297 -32768 615 466 511 519 467 END
START 5940 -172 -11780 -24113 5488 -32768 615 467 512 498 464 END
START -5944 -16172 -10376 -13697 29723 -32768 625 464 454 493 465 END
START -25352 -19032 6964 -5345 32767 -32768 615 408 512 499 445 END
START -31328 -13596 13980 -10427 18454 -29927 619 465 514 500 464 END
START -26628 -10032 17392 -6077 -3256 -22575 618 471 515 501 472 END
START -21816 -12304 2528 -3652 -7506 -20617 616 467 516 500 467 END
START -25652 -7168 4404 42 -6758 -15293 619 467 517 500 467 END
START -24076 2600 6356 1129 -6517 -8237 618 465 516 503 471 END
START -17980 2236 3316 -208 -3193 -3203 619 468 518 502 455 END
START -17528 912 3532 -790 1609 -1774 618 468 518 502 467 END
START -18648 2784 4964 -991 2088 -363 618 469 517 498 466 END
START -18672 3240 5080 -1139 559 -486 617 470 517 501 469 END
START -18552 3264 6404 -1035 -1427 -772 611 468 518 504 469 END
START -16536 2176 5388 -382 -2759 -812 617 497 520 499 470 END
START -15312 2268 4236 -75 -680 -734 618 469 520 503 468 END
START -15516 1920 3664 102 2225 -431 618 492 518 497 412 END
START -16096 1532 4392 11 3524 149 618 475 520 502 468 END
START -17004 1676 5624 81 2955 440 617 470 520 504 470 END
START -17520 1620 5728 237 482 607 617 471 538 503 471 END
START -16332 1532 4712 -60 -2142 708 618 471 523 497 470 END
START -14584 1756 3152 -600 -2747 626 620 480 521 504 469 END
START -13600 1280 2820 -1059 -1268 552 611 472 521 504 470 END
START -13912 924 3676 -1136 749 517 619 471 522 504 470 END
START -15196 1364 4692 -987 1357 641 620 469 521 503 475 END
START -15956 1516 5752 -904 163 876 619 474 523 504 476 END
START -15512 1096 5072 -820 -1725 1015 644 465 544 501 473 END
START -14616 776 4344 -772 -2761 971 621 469 521 507 474 END
START -14008 1020 3888 -764 -2082 820 620 471 523 507 472 END
START -13956 692 3464 -658 -733 654 570 501 523 502 425 END
START -14448 1092 4144 -664 271 773 619 472 524 505 471 END
START -15032 1252 4192 -692 551 965 617 460 523 503 472 END
START -15276 1192 5080 -763 -351 1136 623 473 524 505 473 END
START -14672 1100 4288 -703 -783 1244 620 475 524 504 476 END
START -14568 1264 3884 -758 -618 1318 621 470 523 519 473 END
START -14152 1348 4100 -888 -174 1388 622 470 524 504 474 END
START -13984 1256 4864 -775 -61 1418 621 474 525 507 474 END
START -14008 1200 4472 -547 278 1224 623 476 526 506 473 END
START -13988 1248 4932 -497 889 1081 622 475 524 506 473 END
START -14404 1508 4708 -298 909 899 654 473 506 507 470 END
START -15092 1820 4500 -427 441 784 621 474 531 507 474 END
START -14980 1700 4604 -582 -533 689 622 475 524 507 475 END
START -14328 1224 4380 -406 -1083 356 621 469 523 507 476 END
START -14164 1556 3656 -218 -701 -115 623 470 526 508 474 END
START -14084 2008 4080 -388 79 -347 619 474 525 478 472 END
START -14488 1840 4448 -302 640 -466 622 475 534 508 505 END
START -15192 1932 4352 -362 289 -395 620 473 526 507 476 END
START -15308 1600 4712 -444 -457 -170 620 478 480 520 474 END
START -14844 1556 4280 -258 -833 -311 621 476 525 500 475 END
START -14664 1716 3796 -189 -598 -368 624 474 524 508 475 END
START -14940 1828 3440 -306 -51 -248 622 508 527 508 477 END
START -15128 1756 4292 -467 10 -69 622 480 529 513 475 END
START -14888 1640 4732 -334 -412 -89 626 471 527 507 445 END
START -15152 1768 3752 -272 -540 -225 622 476 527 504 473 END
START -14960 1924 3224 -500 -276 -134 622 477 526 505 479 END
START -14924 1820 3568 -730 -47 -36 622 477 527 506 473 END
START -15492 1704 4176 -765 -178 141 622 476 527 508 476 END
START -15256 1712 4144 -813 -781 341 639 477 522 517 502 END
START -14472 1620 4020 -694 -581 287 623 476 526 505 475 END
START -14360 1728 3812 -611 102 228 624 477 527 507 476 END
START -14944 1884 3340 -730 689 322 621 474 527 507 475 END
START -15388 1812 3600 -1030 462 591 624 475 527 507 476 END
START -15540 1468 3952 -1159 -240 754 623 480 520 507 493 END
START -14892 1144 4288 -1031 -865 834 625 475 525 512 478 END
START -14452 1640 3872 -890 -630 670 623 476 527 508 478 END
START -14012 2260 4836 -999 -33 769 627 475 526 509 476 END
START -14384 1692 3288 -876 681 565 624 475 528 507 478 END
START -15120 1984 4168 -1260 712 667 552 518 527 533 479 END
START -14968 1532 4124 -1090 51 667 624 477 528 507 480 END
START -14964 1720 4524 -1150 -130 541 623 476 527 509 470 END
START -14696 1800 4212 -930 -448 529 626 474 525 510 474 END
START -14340 1888 4204 -1049 -268 308 623 477 528 507 476 END
START -14392 1816 4252 -889 231 278 624 406 528 509 502 END
START -14940 1572 3792 -777 488 243 623 474 526 506 476 END
START -15540 1840 4096 -911 303 445 622 474 528 508 471 END
START -15032 2016 5300 -949 -362 536 624 480 528 508 478 END
START -14564 1592 4432 -628 -1040 372 625 477 528 507 477 END
START -14652 2056 3920 -835 -802 381 623 474 518 503 479 END
START -14352 1716 4004 -844 -292 448 626 473 534 507 479 END
START -14424 1332 4324 -668 2 329 624 477 528 509 476 END
START -14520 1644 4344 -500 -204 204 624 482 530 527 477 END
START -14604 2136 4176 -519 -90 95 624 478 529 508 479 END
START -14460 1932 4540 -559 -206 103 651 477 522 508 488 END
START -15016 1676 3680 -647 -44 67 625 478 529 511 474 END
START -15032 1712 4236 -811 -364 372 626 480 529 509 483 END
START -14428 1420 4196 -665 -650 282 624 479 529 508 477 END
START -14800 1836 4256 -566 -438 162 625 478 530 507 477 END
START -14504 2240 4176 -536 -342 53 620 525 542 509 442 END
START -14892 2072 3780 -561 -245 -104 625 479 530 505 477 END
START -15336 2160 3920 -709 -269 38 626 476 529 509 466 END
START -14808 1684 4028 -748 -684 221 626 478 529 497 484 END
START -14800 1760 4024 -701 -766 219 626 478 529 508 478 END
START -14728 2024 3820 -625 -821 163 649 477 548 508 475 END
START -14684 2152 3960 -648 -452 39 622 478 529 508 476 END
START -14796 2052 3432 -653 -175 36 627 478 529 508 477 END
START -15008 1920 4212 -739 -131 221 623 479 529 509 477 END
START -14864 1712 4220 -712 -247 393 629 478 530 509 479 END
START -14924 1828 4040 -657 -342 522 628 477 505 509 468 END
START -14972 2056 3700 -713 -482 551 626 480 527 510 478 END