START -1912 1752 14748 -815 25 -197 613 628 665 669 628 END
START -1888 1780 14624 -805 136 -166 613 628 665 670 622 END
START -1956 1852 14688 -787 328 -75 613 628 665 668 628 END
START -1976 2036 14532 -1009 202 27 618 626 664 670 627 END
START -2056 1684 14840 -1021 -131 90 612 627 665 669 626 END
START -1936 1668 15060 -778 -367 103 613 628 667 667 623 END
START -1648 1892 14800 -898 -382 168 614 629 665 668 629 END
START -1612 1964 15000 -869 -41 145 612 628 666 668 629 END
START -1716 1796 15140 -815 -35 97 606 632 665 665 615 END
START -1860 1880 14972 -763 -268 104 615 628 665 668 627 END
START -1660 1868 14680 -734 -409 132 614 626 659 668 642 END
START -1608 1960 14944 -716 -450 139 611 628 663 669 626 END
START -1552 1952 15284 -622 -542 127 615 627 665 668 629 END
START -1436 1952 15268 -492 -448 97 611 628 626 680 604 END
START -1400 1900 15336 -343 -318 25 612 628 665 668 628 END
START -1424 2076 15496 -113 -296 -45 608 651 665 693 627 END
START -1400 2380 15768 59 -422 10 615 630 665 669 628 END
START -1164 2800 16360 259 -630 192 612 629 665 669 628 END
START -596 2880 17652 653 -348 406 611 627 666 668 630 END
START 724 2596 18676 1480 965 541 612 628 666 669 627 END
START 1120 2964 18552 2789 3763 475 611 627 665 668 659 END
START -628 3444 19328 3876 5872 328 613 628 665 669 627 END
START -2156 4244 19872 4798 4987 540 645 627 658 668 629 END
START -3088 4764 20852 5960 2316 870 602 630 666 667 624 END
START -2296 5252 21624 6818 209 1414 595 628 665 669 627 END
START -1424 4392 21216 7708 350 2020 587 625 665 667 630 END
START -1652 4472 19904 9079 1769 2527 580 625 665 670 625 END
START -3420 5300 19280 9840 2524 3176 574 646 650 670 640 END
START -3956 5848 19600 10556 1366 4119 566 618 665 657 629 END
START -3768 6448 19664 11341 1 4791 563 624 667 670 625 END
START -2948 6048 19340 12040 -804 5199 550 646 668 676 626 END
START -2632 5960 17004 12814 640 5384 586 626 668 670 626 END
START -3464 6204 15264 12713 1253 5987 556 627 668 671 625 END
START -5196 6512 13524 12133 1551 6731 556 627 671 618 615 END
START -6776 6620 14136 11395 -773 7836 527 626 671 675 627 END
START -7008 6336 15008 11063 -4062 8711 557 627 671 674 627 END
START -6352 5532 13708 11222 -7357 9403 557 588 662 676 625 END
START -5080 4692 11024 11185 -7903 10172 559 629 672 675 630 END
START -3132 5024 8652 10826 -4859 10823 558 630 672 676 631 END
START -4516 6848 8236 9646 -1245 11340 530 630 673 689 629 END
START -6712 7244 9712 7692 -1694 12673 565 630 674 673 631 END
START -5900 5544 10564 7192 -4768 14069 565 632 674 677 630 END
START -3668 5108 8952 8020 -6031 14664 606 634 672 677 601 END
START -2704 6212 6776 7105 -4618 15153 567 633 676 677 634 END
START -3112 6420 8544 5669 -4649 15402 566 634 676 675 634 END
START -3116 6248 8720 5679 -7403 15772 588 634 669 679 626 END
START -1012 6032 9444 5832 -8715 16106 565 630 677 680 636 END
START 2112 5988 7832 5589 -8506 16181 567 637 676 678 639 END
START 2224 7028 7536 5123 -6047 15681 582 637 676 678 639 END
START 1180 7012 7292 4431 -5619 15882 569 639 677 679 639 END
START 1448 6000 8624 4932 -7610 15970 569 640 677 681 640 END
START 2944 6000 8240 5662 -9743 15757 568 673 678 695 639 END
START 5376 7180 7864 5497 -11013 15296 573 641 677 682 639 END
START 8452 7540 6968 5827 -10997 14229 576 641 676 680 641 END
START 11736 7748 4056 5593 -9085 12760 575 643 677 680 642 END
START 14744 7688 1848 4455 -5120 10522 574 641 678 680 642 END
START 13508 8708 840 2508 -1216 8107 573 642 678 680 643 END
START 10172 8728 3560 403 -3613 6732 575 643 678 682 642 END
START 10420 8528 5332 -186 -8098 5265 574 642 678 679 642 END
START 13244 9220 5120 -498 -9907 3961 573 645 678 676 643 END
START 14816 9740 4688 -1016 -6216 2417 575 642 678 680 642 END
START 14512 9484 4720 -1416 -841 996 572 644 679 681 644 END
START 11344 10000 5284 -1841 2647 253 575 642 660 668 642 END
START 8552 10160 6492 -1945 2715 211 572 643 679 681 645 END
START 7708 10532 6980 -1937 1053 806 572 643 679 681 643 END
START 7824 10792 8328 -1871 -300 1192 572 628 679 680 653 END
START 8508 10188 9100 -1403 -1796 1468 576 644 679 681 644 END
START 8848 10124 8604 -796 -1931 1830 573 652 679 705 643 END
START 9500 10460 8088 -436 -1340 2027 575 644 680 666 643 END
START 9292 10432 8272 -229 -1761 2231 575 644 679 681 645 END
START 9704 10524 8096 -268 -2953 2569 572 638 673 679 645 END
START 10420 9992 8280 -216 -4188 2621 575 643 679 678 643 END
START 11716 9396 9036 175 -5896 2301 572 644 679 680 644 END
START 13156 9540 8340 847 -5759 1771 571 642 679 679 642 END
START 12536 10220 7740 809 -4303 1439 571 642 679 680 642 END
START 12348 10920 5668 -64 -3611 1456 574 641 688 680 636 END
START 10940 10052 7272 -424 -3332 1120 570 641 678 681 654 END
START 9876 10000 9040 -205 -6819 1192 571 642 678 679 641 END
START 11068 10004 8528 712 -12897 808 566 641 677 680 642 END
START 13492 10492 7564 1209 -17748 54 572 640 678 679 641 END
START 18012 10660 4336 2274 -19860 -1589 571 639 678 679 645 END
START 21904 11836 152 1826 -18914 -3890 559 671 678 679 651 END
START 28348 11680 -5748 1050 -18923 -7485 568 644 678 678 642 END
START 32767 11748 -14472 -2380 -17347 -13664 570 640 678 677 640 END
START 32767 10604 -15556 -11317 -12608 -22817 569 640 677 676 640 END
START 32767 4772 -10644 -19888 -7844 -32768 567 673 677 673 657 END
START 32767 216 -4652 -25342 3648 -32768 572 641 675 676 635 END
START 31732 -4432 2108 -26742 18655 -32768 570 642 677 679 642 END
START 13676 -12500 -16220 -21428 32767 -32768 579 641 679 679 640 END
START -32768 -13176 -4348 -28061 32767 -32768 577 637 680 679 637 END
START -32768 -16980 32767 -32687 -10809 -26948 576 638 678 674 638 END
START -31476 -13544 29140 6178 -32768 -12257 594 641 687 657 640 END
START 1296 9836 -376 7013 -27617 -4410 579 637 677 680 638 END
START 6736 14396 -1380 -2492 13047 -6284 581 636 677 679 638 END
START -3552 14976 7712 1 12615 -3737 579 637 686 675 637 END
START -5628 19548 10520 -1463 1265 -3830 579 638 677 676 640 END
START 2452 14980 5376 -2878 -4334 -2411 575 638 677 677 636 END
START 3424 9616 7676 -4741 3531 -2418 575 622 675 682 635 END
START -3476 9308 11104 -4482 6837 -1677 578 640 676 677 637 END
START -5216 10236 13368 -3905 1664 27 577 637 675 676 636 END
START -3284 11856 12336 -3310 -3762 1116 580 622 675 676 636 END
START 936 12416 10924 -2785 -6172 1998 578 637 676 678 637 END
START 5096 11852 9920 -2411 -2694 1887 577 635 675 676 635 END
START 4460 11160 10572 -1936 2138 884 586 635 675 672 653 END
START 872 10540 11872 -1376 2162 465 599 635 676 676 637 END
START 232 10696 12028 -593 -934 703 582 636 675 676 636 END
START 2484 11108 9864 -598 -1524 681 577 672 674 669 640 END
START 2652 11072 9216 -1078 -78 575 584 635 674 676 633 END
START 1536 10756 9956 -1431 743 755 604 635 626 676 633 END
START 396 10536 10184 -1675 206 1140 582 637 676 676 635 END
START 180 10056 9724 -1772 -370 1613 579 636 675 676 636 END
START 452 9860 9032 -1956 324 2005 586 636 675 691 636 END
START -632 9640 8852 -2003 1128 2463 579 635 674 675 634 END
START -1488 9176 8336 -2516 1401 3336 576 641 673 675 634 END
START -2032 9112 7676 -3056 1528 4440 580 630 673 675 651 END
START -2172 9144 7088 -3977 1374 5538 584 633 672 675 633 END
START -1984 9664 7288 -4875 432 6487 582 625 672 623 659 END
START -1020 9968 6988 -5797 -1271 7132 583 631 671 674 631 END
START 1048 9292 6432 -6507 -1381 7536 581 636 671 675 632 END
START 2600 8380 5428 -7171 398 7419 586 631 672 687 634 END