START 1808 9084 11932 -656 155 -21 573 661 697 684 643 END
START 1524 9096 12152 -670 22 41 573 657 687 688 658 END
START 1496 9084 12060 -624 -396 219 555 656 684 687 680 END
START 2088 8948 11988 -527 -563 359 574 656 687 687 648 END
START 2132 9204 11880 -551 -352 420 570 663 688 690 659 END
START 2124 9284 12128 -622 -303 479 574 656 688 688 655 END
START 2080 9160 11600 -479 -685 503 575 657 687 687 660 END
START 2444 9240 11684 -591 -759 505 575 657 688 689 664 END
START 2936 9216 11600 -520 -590 351 575 660 687 687 655 END
START 3116 9080 11628 -571 -136 162 622 620 694 686 658 END
START 2688 9168 11704 -584 -40 67 575 658 686 688 655 END
START 2568 9292 11488 -592 -1 38 607 656 687 686 656 END
START 2408 9316 11556 -717 18 18 566 656 687 688 656 END
START 2076 9172 12120 -723 -334 54 572 656 686 689 656 END
START 2224 8924 12188 -554 -455 127 577 657 686 686 656 END
START 1948 8664 12804 -330 356 180 578 652 687 687 655 END
START 1124 8484 13900 299 1002 461 573 654 686 687 656 END
START 692 8680 13760 938 1893 910 575 655 686 687 655 END
START 180 8824 13980 1603 3121 1591 554 656 683 687 645 END
START -712 8556 13908 2300 4054 2329 576 654 686 685 654 END
START -2844 8584 15788 3233 4112 3377 575 659 686 685 654 END
START -3976 8876 16240 4350 1282 4982 575 654 685 686 652 END
START -3080 8884 15332 5398 -564 6477 577 653 686 685 653 END
START -1188 8912 14124 6355 -859 7795 574 660 690 684 619 END
START -884 9420 13572 7107 556 8898 578 654 685 685 652 END
START -988 9796 13468 7529 151 10081 575 651 684 686 651 END
START -496 9684 12640 8085 -959 10999 592 650 683 684 626 END
START 216 9204 11788 8582 -1766 12021 575 651 682 685 650 END
START 816 8772 12892 9147 -2856 12952 576 655 683 682 638 END
START 2084 8420 11116 10199 -2965 13601 576 647 683 682 649 END
START 3244 8536 10276 10350 -2304 14058 575 647 681 683 646 END
START 4196 8796 10296 10586 -2459 14130 574 640 681 681 647 END
START 5856 8864 6648 10899 -2674 14089 576 646 680 685 646 END
START 8340 9512 3624 9312 -734 13733 576 647 680 682 647 END
START 9740 9096 3616 7583 1760 12719 577 656 690 680 655 END
START 9588 9692 4032 6234 2886 11593 576 646 681 681 646 END
START 10092 10252 4268 4984 1638 10352 576 647 681 684 645 END
START 11164 11412 2828 3487 71 9110 586 649 676 681 640 END
START 13412 11604 2280 1457 -342 7338 578 646 680 682 644 END
START 15096 10908 1696 -97 305 5235 577 647 681 682 642 END
START 14080 11316 3064 -1862 2118 3077 581 618 680 682 647 END
START 11544 11420 5696 -2852 2749 1394 578 647 681 682 651 END
START 8600 11468 8628 -2977 567 816 582 626 681 678 648 END
START 7488 11816 8864 -2645 -1571 573 577 650 681 684 647 END
START 7972 11660 7868 -2520 -1944 750 578 648 681 682 649 END
START 7700 11688 8548 -1986 -534 989 607 599 692 679 649 END
START 7236 11532 9264 -1573 589 1390 578 652 681 683 650 END
START 6436 11308 10752 -721 -159 1734 564 647 681 683 646 END
START 6048 11252 10448 171 -2157 2189 581 646 681 682 647 END
START 7824 10888 9956 980 -4301 2419 578 648 681 683 648 END
START 9640 11440 8672 1760 -4228 2363 577 648 671 682 651 END
START 9832 11576 7992 1592 -3244 2148 578 648 681 682 649 END
START 9528 11516 8212 1666 -3769 1934 578 648 681 682 647 END
START 10712 11340 8092 2045 -5744 1528 581 627 680 683 629 END
START 12112 11788 6912 2418 -6448 747 579 647 680 677 670 END
START 12560 12000 6788 2193 -6483 -316 578 646 680 681 647 END
START 12904 11784 8088 2486 -7735 -1459 576 644 690 679 650 END
START 14988 11876 5356 2869 -9051 -3196 578 645 680 681 647 END
START 17396 11716 2928 2043 -9357 -5426 578 646 680 681 640 END
START 21276 11508 716 572 -9420 -8927 579 640 670 680 655 END
START 25208 11124 -2048 -1774 -8957 -13410 579 646 680 681 647 END
START 28576 9556 -5228 -5848 -5952 -20005 579 644 680 680 646 END
START 26868 7304 -4232 -10135 298 -26300 578 656 680 676 647 END
START 20616 4700 -160 -12949 4999 -31200 577 645 681 685 646 END
START 12548 2596 -436 -14012 7824 -32768 583 647 681 681 647 END
START 7244 1700 -3404 -15929 14299 -32768 585 649 678 682 647 END
START -5356 24 5168 -15967 20368 -32768 591 645 683 678 647 END
START -25228 2088 21988 -16060 10561 -30308 584 663 681 682 647 END
START -32768 1324 28912 -10803 -22475 -21356 584 646 681 682 646 END
START -15976 4068 12036 -6506 -32768 -12860 584 646 681 682 647 END
START -696 5168 8840 -5650 -11194 -9475 585 690 680 681 645 END
START -6692 6924 12928 -3053 10689 -7966 586 646 681 681 643 END
START -14276 9784 16260 -554 8206 -4704 584 644 680 682 644 END
START -10516 13216 13092 785 -2921 -1400 573 606 681 681 648 END
START -384 14068 8852 943 -6335 -22 586 644 680 679 639 END
START 4828 14064 6472 117 -1609 -459 584 644 681 681 645 END
START 4476 13660 7520 -1152 5198 -1145 568 644 682 674 642 END
START -112 13348 10572 -1398 7649 -1342 585 646 680 683 643 END
START -4336 13228 11752 -1831 3136 -548 584 644 680 681 644 END
START -3616 12508 11412 -1837 -3358 530 584 646 680 711 643 END
START 224 11596 10896 -1818 -4788 1052 586 644 680 682 644 END
START 1864 11412 10804 -1397 -2256 871 585 644 680 681 645 END
START 1608 11292 11024 -1033 333 540 590 631 680 685 665 END
START 344 11324 10896 -745 995 351 583 645 680 682 643 END
START -588 11056 11412 -492 -274 427 585 643 681 681 642 END
START 28 11332 10388 -208 -1786 599 585 646 681 675 644 END
START 1356 11880 9656 -356 -1663 526 586 644 680 681 644 END
START 1904 11668 9336 -445 -263 155 585 643 680 679 638 END
START 832 11560 9560 -476 339 -66 587 640 682 682 645 END
START -280 11540 9584 -477 -160 -110 590 642 680 681 643 END
START -640 11440 9408 -503 -1049 126 585 642 680 682 641 END
START -188 11616 9440 -551 -1319 234 585 643 680 681 644 END
START 444 11624 9292 -576 -1109 264 579 643 680 681 646 END
START 1036 11668 8836 -618 154 80 587 644 680 683 642 END
START 528 11432 9044 -778 1240 51 613 642 680 694 644 END
START -668 11180 9468 -782 1221 140 587 644 681 681 641 END
START -1164 11452 9132 -986 245 443 583 643 680 681 644 END
START -620 11468 10004 -963 -907 670 586 632 681 680 640 END
START 660 11460 9396 -907 -1109 719 588 642 679 681 643 END
START 1136 11628 9044 -969 73 527 586 622 680 700 644 END
START 404 11528 9160 -1098 744 527 586 643 680 681 640 END
START -92 11552 9984 -1160 604 618 587 675 679 681 632 END
START -188 11796 10292 -1006 -326 710 588 641 675 681 643 END
START 632 11812 9896 -1013 -795 776 587 642 679 680 642 END
START 1308 11660 9868 -946 -117 544 588 642 679 682 642 END
START 772 11636 9952 -798 545 471 586 642 679 681 642 END
START 168 11868 9904 -833 534 438 615 634 680 678 657 END
START -248 11988 9524 -937 111 592 587 641 679 681 642 END
START -120 11928 9816 -1016 -378 759 583 649 680 665 641 END
START 380 11920 9512 -1093 -537 826 587 644 680 697 642 END
START 852 11808 10156 -1086 -228 813 588 642 679 681 642 END
START 984 11760 9828 -1033 433 665 588 642 679 679 640 END
START 512 11820 9960 -908 368 616 587 642 681 681 645 END
START 32 11748 10012 -854 -141 599 627 642 684 682 679 END
START 12 11544 9700 -879 -871 626 587 640 680 680 642 END
START 52 11668 10044 -946 -1395 693 581 634 677 682 645 END
START 812 11716 9732 -948 -1888 696 588 640 679 682 640 END
START 2040 11648 9592 -804 -1003 547 588 642 678 681 642 END
START 1880 11452 10188 -700 608 152 572 639 680 681 642 END
START -4 11596 10196 -537 681 71 588 641 679 681 642 END