START 2644 11224 9324 -621 883 493 603 628 667 670 628 END
START 2648 11180 9328 -672 766 489 602 628 666 670 622 END
START 2816 11056 9240 -844 176 464 602 628 666 673 629 END
START 3260 11296 9184 -957 -389 432 604 630 668 671 628 END
START 3592 11240 8964 -1125 -463 323 603 628 668 671 630 END
START 4000 11264 8644 -1520 60 157 604 651 669 677 629 END
START 4228 11044 8668 -1754 646 -190 604 631 669 672 633 END
START 3884 11036 8800 -2085 1379 -440 603 631 669 673 632 END
START 3260 10968 9932 -2244 1346 -647 606 633 670 674 632 END
START 2936 11284 10304 -2153 596 -814 604 632 670 674 632 END
START 3012 11332 10172 -2182 -218 -946 603 627 669 673 635 END
START 4008 11328 9740 -2263 -215 -1101 605 635 666 679 636 END
START 4760 11340 9612 -2464 1355 -1364 603 631 672 675 636 END
START 4512 11292 9784 -2622 3366 -1609 604 640 675 676 611 END
START 3476 11408 10596 -2650 4564 -1778 600 641 673 679 642 END
START 2092 11400 11692 -2631 4185 -1858 600 642 676 679 643 END
START 1612 11296 11424 -2469 3276 -1665 592 645 675 695 641 END
START 2012 10884 12168 -2290 3244 -1585 601 648 677 683 647 END
START 948 10772 13180 -1640 4336 -1349 598 650 680 682 648 END
START -572 10676 14500 -758 4599 -638 615 650 701 683 649 END
START -2164 10480 14176 333 4464 266 591 649 678 684 653 END
START -4808 10468 14148 1113 4253 1876 592 650 678 683 650 END
START -7296 10936 15344 2075 379 3951 589 652 670 683 660 END
START -6924 11200 16252 3492 -5111 6220 611 650 676 684 651 END
START -3648 10840 14060 4913 -8432 8107 585 651 678 683 651 END
START -1892 10988 11560 5801 -8467 9485 567 650 681 685 647 END
START -624 11064 10412 6014 -7404 10741 579 651 677 684 651 END
START 104 10840 10632 6381 -5991 11702 575 652 679 684 651 END
START 444 10708 11840 6941 -6751 12802 572 654 680 680 653 END
START 3812 10384 8452 7917 -7378 13278 573 652 679 684 649 END
START 7088 10832 4476 7673 -3572 13225 573 651 679 683 651 END
START 5872 11256 6772 5824 -1676 12782 573 635 683 684 683 END
START 5392 10604 6492 5955 -3969 12329 571 653 680 685 651 END
START 8180 10336 4616 5588 -5832 11863 570 652 679 684 650 END
START 11840 10432 2748 4273 -4126 10311 584 650 679 634 650 END
START 12000 11052 1844 2650 -1007 8758 569 651 680 684 650 END
START 10004 11160 3612 858 -259 7250 573 651 679 683 652 END
START 10136 10956 3524 160 -431 6063 571 633 689 680 645 END
START 11120 10556 4548 -685 -45 4757 568 651 678 683 651 END
START 9444 10804 4560 -1338 1226 3765 569 651 679 684 651 END
START 7528 10940 5468 -1704 1008 3284 558 650 679 683 652 END
START 6944 11092 6504 -1814 223 3026 572 651 679 683 651 END
START 6928 11292 7760 -1717 -731 3130 570 647 679 687 650 END
START 7860 11200 7228 -1371 -1111 2974 572 652 679 684 652 END
START 8712 11280 6520 -1221 -406 2645 568 651 679 683 651 END
START 8892 10780 7236 -1180 7 2182 572 646 679 679 650 END
START 8968 10576 6312 -938 381 1756 573 651 679 683 649 END
START 8152 11320 6720 -1255 1458 1587 575 669 680 683 651 END
START 7784 10780 8044 -1101 589 1551 571 649 678 682 650 END
START 8036 10668 8496 -789 434 1452 570 649 679 683 649 END
START 7776 10504 9128 -323 -42 1343 569 630 679 684 647 END
START 7188 11152 8448 159 -1054 1436 569 648 679 683 634 END
START 7984 11408 8292 480 -1620 1456 572 645 679 684 648 END
START 8540 11184 8024 541 -1118 1375 571 647 678 683 649 END
START 8048 11092 8696 564 -973 1353 569 648 679 682 649 END
START 8132 10660 8724 1171 -1371 1312 590 645 681 682 641 END
START 7344 11244 8740 1419 -1630 1440 567 647 678 695 647 END
START 7376 11144 8676 1780 -2701 1362 567 647 679 682 648 END
START 8896 11084 7792 1876 -3741 1432 570 677 679 678 647 END
START 9700 11272 6900 1982 -3398 1202 566 647 679 682 643 END
START 10368 11500 6480 2119 -4101 850 570 645 678 683 646 END
START 12352 11436 5160 2291 -5222 5 563 645 678 680 646 END
START 15508 11708 3540 1920 -5354 -1541 563 646 679 681 645 END
START 18108 11884 3600 896 -4859 -4015 562 647 677 680 651 END
START 21228 11612 2552 184 -6794 -7260 563 647 678 681 644 END
START 26880 11852 -1920 -1886 -10456 -11785 562 646 678 681 646 END
START 32767 10336 -6064 -6726 -11739 -19980 560 644 678 680 640 END
START 32767 6980 -5964 -12024 -7396 -28285 560 645 687 680 642 END
START 27136 6244 -6912 -16779 1096 -32768 564 643 682 680 646 END
START 17492 -660 -1216 -19917 16332 -32768 563 646 679 681 647 END
START -4944 -3052 8132 -18413 23264 -32768 568 646 679 682 646 END
START -26764 -60 24336 -17244 11849 -32768 562 640 669 682 661 END
START -30920 716 21620 -11238 -10692 -23434 558 643 678 682 646 END
START -24904 2876 18908 -7693 -18514 -15149 555 643 678 682 643 END
START -13220 5360 15944 -4605 -11798 -9097 558 643 678 682 642 END
START -6444 7924 13248 -828 703 -6107 537 644 680 680 650 END
START -5152 11364 12012 1329 5162 -4303 561 644 678 682 643 END
START -3276 14040 7248 2176 3800 -2879 561 644 679 682 644 END
START -2188 14880 8180 301 433 -2110 559 645 675 671 642 END
START 740 13168 8852 86 -1881 -1850 562 645 678 681 645 END
START 2692 13384 7156 -807 -133 -2081 563 644 678 682 643 END
START 828 12316 8876 -1742 3107 -2164 566 642 681 682 579 END
START -2180 12544 11156 -1840 1906 -1638 561 643 678 682 643 END
START -1800 12252 11028 -1801 -725 -849 558 648 678 684 644 END
START -1012 12364 10424 -1799 -1619 -361 560 649 678 680 615 END
START -516 12188 11104 -1576 -2073 104 562 645 679 682 644 END
START 1276 11832 10460 -1019 -1069 128 562 644 678 684 644 END
START 848 11784 9924 -733 922 -188 562 614 668 681 663 END
START -688 11876 11112 -430 430 -116 564 644 679 681 645 END
START -276 12052 9984 -14 -710 96 569 664 678 681 644 END
START 192 12036 10488 77 -784 209 567 644 678 684 642 END
START 696 12264 9548 133 -612 182 567 644 678 682 643 END
START 924 12584 9216 -54 -177 104 565 641 678 682 644 END
START 560 12204 9104 -175 -34 50 566 643 678 681 644 END
START -400 12076 9400 -283 -79 117 567 644 678 663 642 END
START -968 11852 9860 -319 -1165 370 566 643 678 682 643 END
START 584 11648 9240 -118 -1587 477 562 628 678 682 643 END
START 792 11912 8692 -213 -216 335 566 643 678 681 635 END
START 12 11888 8688 -392 430 362 577 637 688 680 664 END
START -844 11840 9128 -651 -170 601 564 647 678 682 640 END
START -220 11656 9508 -601 -1510 754 565 642 677 680 644 END
START 1360 11944 8440 -729 -1419 581 567 639 678 681 630 END
START 1780 11956 8504 -917 48 234 567 643 678 681 642 END
START 820 12028 9088 -978 779 32 569 645 678 679 622 END
START -168 11996 9136 -946 532 68 568 644 677 680 644 END
START -200 11824 8936 -1096 131 208 568 627 677 690 640 END
START -552 11624 9532 -1135 -615 382 568 643 678 681 643 END
START 56 11760 9588 -1031 -1028 569 526 645 679 682 643 END
START 664 11916 9236 -983 -835 571 569 646 677 681 641 END
START 1264 12144 8944 -1025 167 413 569 643 677 681 644 END
START 372 11832 9584 -1135 479 295 568 643 677 681 643 END
START -164 11776 9308 -1138 -251 448 569 642 677 681 643 END
START 192 11584 8896 -1266 -492 618 570 675 677 678 640 END
START -32 11720 8872 -1468 -128 765 576 644 678 681 640 END
START -540 11608 8912 -1587 -194 945 576 641 676 680 645 END
START -960 11364 8400 -1755 -685 1307 582 640 675 683 644 END
START -1676 11308 8316 -2115 -1353 1828 580 639 674 678 639 END
START -1684 11172 8536 -2631 -2175 2476 617 631 667 676 640 END
START -1332 11128 7968 -2952 -2422 3029 593 639 670 655 639 END
START -1312 11428 7408 -3828 -1690 3694 597 633 669 671 632 END