START -3720 3104 15732 1374 -1693 3019 609 624 661 662 624 END
START -3572 3208 15468 1454 -1940 3062 625 603 661 661 642 END
START -2804 3180 15104 1643 -2043 3082 608 623 660 664 624 END
START -1764 3332 14792 1781 -1090 2991 609 625 661 664 626 END
START -1688 3500 14316 1840 481 2814 609 621 661 660 624 END
START -2496 3456 14440 1752 1429 2775 609 625 661 664 624 END
START -3648 3392 14976 1820 1125 2945 611 626 662 662 624 END
START -3840 3508 15016 1903 -31 3172 610 624 661 664 625 END
START -3544 3600 14808 1965 -1146 3326 610 624 661 664 625 END
START -2652 3784 14764 2059 -1452 3488 610 602 661 665 626 END
START -1868 4092 14616 1936 -307 3490 610 625 661 664 625 END
START -2288 3912 15328 1886 1219 3773 610 625 661 664 625 END
START -2584 3532 17008 2153 2314 4205 609 632 661 660 647 END
START -2612 3428 17484 3125 4195 4690 609 627 662 664 623 END
START -3272 4936 18284 4269 6372 4877 609 624 661 664 625 END
START -4240 5928 19620 5395 8564 5489 615 622 659 664 624 END
START -6684 6316 19956 6521 9533 6495 609 624 663 663 624 END
START -10948 5960 21512 7615 7499 8242 611 629 661 669 624 END
START -12020 5628 21132 9181 1508 10737 609 623 661 663 628 END
START -8112 5996 18604 10749 -1298 12451 611 624 661 667 623 END
START -4440 6724 17236 11558 7 13566 609 624 661 665 622 END
START -3840 7744 15828 12180 3412 14036 607 626 662 667 622 END
START -7112 7628 16004 12213 5666 15195 609 624 663 666 623 END
START -8004 6008 16060 12353 1228 16724 602 625 663 666 621 END
START -6892 5924 14576 12578 -3885 17667 600 625 663 671 626 END
START -5324 6332 11372 12477 -6978 18432 596 610 666 668 625 END
START -3008 6388 9548 11596 -9347 19144 592 627 668 668 629 END
START -3124 5888 9324 11037 -11818 18915 627 628 670 681 628 END
START -2528 5140 9144 11165 -16086 18437 590 629 669 668 629 END
START 2404 3676 7220 11366 -20323 17196 586 631 670 671 630 END
START 7032 3952 2452 11121 -18424 14823 589 641 670 673 634 END
START 6124 6404 1120 8849 -13488 12584 585 634 672 673 628 END
START 3912 7424 -80 5794 -10558 11309 585 637 674 675 637 END
START 2504 6644 2244 3130 -12133 10475 588 622 674 705 639 END
START 4736 6120 3752 2039 -15254 9518 588 640 676 676 638 END
START 7820 7372 2056 736 -13842 7809 583 641 675 676 640 END
START 9880 8620 1412 -1208 -10513 6053 590 640 676 667 640 END
START 9988 9320 52 -2898 -5621 4327 586 641 674 677 641 END
START 6808 10580 -344 -4892 -2280 3539 586 641 677 678 645 END
START 4928 9712 3796 -6020 -3737 3147 588 643 674 690 642 END
START 8140 9148 6852 -5593 -5813 2509 585 642 677 678 646 END
START 9956 10872 7432 -4854 -4289 1722 584 643 678 678 642 END
START 9100 11384 7632 -3866 -1607 1266 590 643 677 677 643 END
START 8368 11312 8208 -3020 -802 1144 590 644 678 681 642 END
START 8276 10852 8816 -1849 -257 1107 585 640 678 679 645 END
START 7864 11256 10040 -678 -339 1065 592 642 678 678 635 END
START 8060 11408 10108 178 -1151 1163 583 642 678 679 643 END
START 8692 11012 9752 588 -1270 1122 590 623 678 690 644 END
START 8012 10856 9004 475 -1174 1089 590 643 678 685 644 END
START 7616 10544 8652 250 -1040 1205 590 643 678 680 643 END
START 7344 10580 9596 118 -774 1479 591 643 679 679 642 END
START 7164 10688 10272 264 -1179 1538 585 643 680 680 645 END
START 6724 10552 10492 485 -2545 1917 589 652 678 681 658 END
START 7752 11104 9032 603 -3364 2329 585 643 678 680 643 END
START 8920 10596 9668 862 -4367 2457 586 644 678 679 643 END
START 9568 10280 9312 1564 -5357 2287 587 638 684 681 643 END
START 10744 10048 8740 2223 -6978 1884 591 641 665 677 643 END
START 11592 9920 7900 2834 -9013 866 586 643 677 678 642 END
START 15152 9320 5544 3378 -11735 -862 586 641 677 678 643 END
START 18852 10264 1832 2919 -10493 -3913 587 641 677 677 641 END
START 23300 9588 -2168 1083 -8448 -8124 583 641 676 677 641 END
START 25532 9636 -5432 -2213 -6011 -13220 585 653 676 678 641 END
START 26524 10072 -5612 -7311 -9451 -19704 586 641 675 677 641 END
START 27908 8244 -5648 -13016 -10253 -25811 589 640 676 676 640 END
START 30180 4816 -4044 -19160 -3409 -31608 586 641 677 676 646 END
START 23912 780 576 -22007 8967 -32768 587 645 676 677 638 END
START 9656 104 -840 -22632 17054 -32768 590 643 677 678 647 END
START -6588 -1276 5772 -22808 13373 -32768 591 642 677 678 642 END
START -19356 276 16736 -22480 1409 -32768 611 642 672 678 619 END
START -20484 -3128 28512 -20790 -13527 -27976 589 639 678 677 645 END
START -17728 -5808 28240 -13290 -15168 -21647 596 643 677 679 642 END
START -14028 -1484 17356 -5926 -3564 -15510 591 640 676 678 640 END
START -15692 4408 16768 -2460 9762 -10367 588 639 676 678 639 END
START -19456 7148 22472 469 3060 -4427 599 640 674 678 640 END
START -10600 9888 18428 3528 -7195 -1358 590 633 689 678 637 END
START 2144 13532 9256 3718 -7621 -280 586 640 676 677 641 END
START 7472 13992 6208 1932 3873 -1057 594 641 679 676 638 END
START -376 12760 10928 550 10503 -1578 590 643 676 677 640 END
START -5744 12044 13616 -176 5762 -485 591 640 675 676 640 END
START -5356 10812 14060 -450 -1466 801 590 637 676 679 640 END
START -428 10268 12644 -390 -5071 1279 576 642 676 677 642 END
START 3900 9692 9980 -300 -1153 1002 590 641 676 676 641 END
START 804 9308 10872 -520 3862 579 585 632 667 675 624 END
START -2512 8856 11876 -496 2952 877 591 640 675 676 640 END
START -2088 8212 10760 -342 950 1281 547 648 675 693 616 END
START -1436 8496 9756 -584 299 1506 592 661 675 678 640 END
START -648 8472 10216 -895 37 1637 588 639 675 676 639 END
START 92 8256 10888 -1037 -242 1622 592 639 675 676 638 END
START -472 8372 9820 -880 -428 1480 593 638 674 675 642 END
START -872 8412 8552 -1314 -952 1479 599 637 687 674 615 END
START -760 8084 7268 -1762 -1196 1441 598 637 672 671 637 END
START -1700 8076 6936 -2565 -1633 1524 603 636 671 673 636 END
START -1768 8040 6128 -3355 -2096 1731 603 632 671 656 633 END
START -992 7568 5396 -4537 -1986 1903 607 635 669 669 632 END
START -612 6520 6564 -5417 -1432 1780 608 633 666 668 632 END
START -584 6304 6544 -5770 -661 1433 610 630 664 666 630 END
START -1936 6620 6796 -6837 -672 1462 612 629 663 665 628 END
START -3160 7892 7024 -8180 -2115 1990 613 551 670 664 630 END
START -3624 7112 8612 -9230 -5060 2759 616 630 664 664 632 END
START -3416 6476 12036 -9471 -10639 3301 619 630 664 665 629 END
START -2972 6564 12016 -8381 -17529 3238 616 629 662 664 629 END
START -1352 7712 9868 -8679 -22274 3595 635 630 664 665 627 END
START 1516 7548 8888 -8900 -22755 3740 618 629 664 665 629 END
START 4856 6740 7644 -8720 -19901 3279 623 629 665 665 629 END
START 7536 6816 9756 -9473 -15041 2202 616 628 663 665 627 END
START 8484 6980 12160 -10027 -9019 913 618 621 666 664 618 END
START 8676 6344 12664 -9704 -3695 -200 616 628 664 664 628 END
START 7664 5848 11560 -9403 1743 -1034 616 628 662 665 630 END
START 6556 6284 11532 -10078 4833 -1634 617 628 662 663 627 END
START 5284 6776 12316 -10484 7539 -2297 617 626 662 664 628 END
START 2956 6504 14408 -10596 8605 -2783 615 629 668 667 622 END
START 2048 5936 16764 -10837 7239 -2682 616 628 662 662 620 END
START 2840 4772 16736 -10002 5850 -2887 617 628 662 663 627 END
START 3756 4940 16472 -9097 5235 -3276 616 624 650 662 637 END
START 3396 5880 15216 -8472 6768 -3428 619 620 660 663 626 END
START 4072 5836 12656 -9308 9746 -3052 617 625 660 662 624 END
START 1812 4576 15260 -9574 10754 -2456 590 605 659 671 625 END
START 1064 3428 16484 -10137 7981 -1826 616 620 660 660 623 END
START 1540 3664 16304 -9188 5937 -2024 614 626 657 660 624 END
START 2560 3680 15852 -9166 6404 -1954 615 607 657 655 621 END