START -5928 8168 12836 -4110 4307 803 599 610 615 611 609 END
START -6220 8252 12368 -3827 4041 758 599 609 615 610 609 END
START -5400 8564 11764 -3420 3335 612 599 609 615 611 610 END
START -4836 8604 11784 -3139 3629 368 599 617 614 603 611 END
START -5344 8476 11988 -2791 4595 176 598 609 611 608 609 END
START -6640 8464 12212 -2506 4828 166 601 615 612 607 611 END
START -7880 8532 12608 -2054 3592 427 624 609 605 605 575 END
START -7448 8660 12212 -1537 1542 649 599 610 627 604 611 END
START -6008 8860 11584 -1185 693 655 599 609 611 603 611 END
START -5648 8752 11376 -967 1055 568 601 609 609 603 614 END
START -5940 8708 11536 -681 1260 492 598 605 609 602 611 END
START -6716 8744 11632 -388 606 542 618 612 635 601 609 END
START -6644 8768 11168 -132 -280 569 596 611 607 599 611 END
START -5508 9080 10528 162 -210 435 601 612 603 588 612 END
START -3704 8816 10124 502 1693 9 598 611 598 589 611 END
START -2704 8672 10172 750 4787 -609 601 613 593 584 612 END
START -3804 8824 9424 988 8616 -1155 602 612 608 581 531 END
START -6444 9516 9128 973 10865 -1229 596 613 586 578 614 END
START -6696 9708 8632 851 11478 -1239 599 615 582 572 617 END
START -5208 9764 8972 1268 13280 -1688 599 618 575 564 617 END
START -3792 10292 8028 1470 15476 -2444 593 616 565 546 617 END
START -4004 10972 7192 400 18897 -3373 591 617 555 545 618 END
START -5604 10128 6664 -29 22263 -4099 589 617 550 537 617 END
START -8220 10860 7556 -151 24125 -4713 592 618 545 529 619 END
START -9728 10128 8476 -1700 22519 -5133 590 621 538 527 622 END
START -10620 9772 8660 -959 19289 -5460 588 622 530 508 613 END
START -9900 8664 7356 -1602 16774 -5748 586 624 527 513 622 END
START -11724 7532 4132 -1134 16904 -6025 587 625 521 508 625 END
START -14628 9456 4712 -665 16709 -5711 585 636 517 547 625 END
START -14748 8896 6348 -1533 13340 -5191 581 627 516 504 628 END
START -14384 6648 6320 -1711 12507 -4858 580 626 513 502 628 END
START -15356 6640 5476 190 10995 -4394 600 629 527 497 629 END
START -15264 6892 5324 -227 7397 -4217 579 628 515 498 630 END
START -14352 6540 4404 -254 3905 -4209 578 627 514 500 628 END
START -12756 6364 2784 -1136 3067 -4370 501 628 512 501 626 END
START -10512 5436 1392 -4288 5127 -5008 580 628 512 499 628 END
START -11312 4660 504 -1292 7749 -5962 578 629 513 501 630 END
START -10800 5496 -1472 -2186 10634 -6559 597 631 509 479 628 END
START -17892 3584 788 -1402 14109 -6373 578 629 515 499 629 END
START -23148 4520 5080 -2015 4375 -4804 578 629 511 498 628 END
START -16212 4192 1096 -2258 -2771 -3717 580 629 513 497 633 END
START -14160 2528 172 -3058 -1141 -3528 596 661 513 497 634 END
START -11956 2716 2304 -1180 1595 -3972 581 630 512 499 629 END
START -9652 1764 1252 -1131 5167 -4752 578 630 511 499 630 END
START -14452 1904 3060 -933 5994 -5824 590 637 512 498 629 END
START -15916 2064 3176 -1311 -1651 -6276 581 631 506 499 630 END
START -10928 1400 164 -1807 -7445 -7591 581 630 510 500 627 END
START -7496 1112 1016 -2992 -5497 -9703 580 630 519 499 611 END
START -5924 -440 948 -3921 -928 -12118 578 629 509 499 612 END
START -9044 880 3568 -5361 457 -14644 581 630 509 501 629 END
START -9308 2164 -232 -12255 -7710 -18080 579 619 510 499 603 END
START -4460 -3584 -6224 -13297 -17597 -22013 585 631 513 502 631 END
START -3920 -2428 -824 -7100 -3616 -21537 579 631 515 501 630 END
START -11700 -5476 5804 -7283 8529 -22745 577 634 513 502 630 END
START -23584 -2748 6944 -4759 8624 -20633 578 608 508 501 612 END
START -27512 -748 5352 -2927 1539 -16775 581 632 516 502 631 END
START -24932 -732 3980 -1792 -3222 -12978 579 631 514 503 631 END
START -22656 -1116 3672 -430 -179 -9908 579 631 513 504 623 END
START -22900 -304 5324 781 2019 -7000 579 635 514 503 634 END
START -22800 -152 4252 1522 3122 -4586 581 636 513 504 632 END
START -23556 172 4676 1867 2818 -2477 579 631 514 503 630 END
START -22512 132 4088 1827 486 -546 579 631 515 504 631 END
START -19544 -200 3368 1757 -81 755 578 631 515 505 634 END
START -17764 -152 3228 1545 1339 1441 587 632 489 503 641 END
START -17804 -288 3672 1133 1955 1866 582 629 515 499 635 END
START -18064 -844 3936 696 919 2096 579 631 516 505 630 END
START -17892 -1156 3472 361 -597 2273 576 632 517 523 632 END
START -17624 -1848 3544 -178 -2652 2359 579 630 515 505 631 END
START -15212 -1676 3168 44 -3247 2363 601 632 519 511 632 END
START -13624 -1976 2328 31 -723 2063 581 632 516 506 630 END
START -15368 -2248 3136 -194 821 1895 579 631 519 505 631 END
START -16588 -2544 3420 -243 -640 1883 562 631 517 507 649 END
START -16040 -2380 2308 -288 -2093 2018 583 631 511 507 631 END
START -15684 -2576 2540 -384 -2832 2104 579 631 517 507 632 END
START -14724 -2492 2032 -273 -3289 2094 586 629 514 541 617 END
START -14292 -2504 2016 -284 -2517 2016 579 632 516 506 632 END
START -14988 -2448 2544 -183 -2291 1967 580 632 517 507 630 END
START -15256 -2692 2872 -32 -2873 2126 579 630 518 508 631 END
START -15608 -2460 2704 274 -3532 2407 577 630 519 508 629 END
START -16016 -2316 2728 599 -4419 2707 580 628 517 508 629 END
START -15992 -2220 2712 950 -5552 3060 585 628 517 514 630 END
START -16168 -1984 3284 1198 -6964 3463 579 631 518 509 629 END
START -15916 -1916 3212 1538 -7970 3944 582 628 519 512 627 END
START -15916 -1832 3632 1997 -8461 4453 577 626 520 512 624 END
START -15516 -1412 4260 2513 -9228 4801 583 625 520 527 625 END
START -14796 -844 4580 3059 -9879 4995 582 626 523 521 624 END
START -14820 -524 4888 3111 -10126 5068 584 622 525 523 622 END
START -15704 -696 5884 3298 -11359 5328 587 624 530 521 621 END
START -16080 -524 6200 3611 -14100 5539 588 620 532 536 621 END
START -14792 -56 5376 3893 -17251 5634 588 619 539 541 618 END
START -13168 500 5464 3961 -18570 5323 586 617 543 595 648 END
START -11608 1012 5832 4146 -17973 5017 575 614 552 551 616 END
START -11364 1120 6312 4274 -16418 4607 592 614 559 556 614 END
START -11936 856 7168 4067 -16237 4275 595 645 563 572 601 END
START -12488 816 8108 4211 -17678 3955 594 616 570 566 592 END
START -12944 1132 8384 4436 -20018 3515 596 613 576 571 614 END
START -11428 2088 8616 4359 -23493 3321 638 615 584 577 610 END
START -10056 2340 8704 4036 -25263 2477 591 613 588 584 611 END
START -8780 2420 9208 3770 -24680 1391 599 613 592 587 610 END
START -8740 2344 11088 3980 -25658 533 597 613 611 592 631 END
START -7252 1648 9860 4487 -24882 -356 598 612 599 598 612 END
START -6252 2660 12468 4005 -25098 -1339 600 607 604 601 613 END
START -1500 2992 10644 4156 -25584 -2437 564 615 574 606 617 END
START 3216 3272 7792 5254 -16827 -4498 611 615 614 602 616 END
START 256 2976 11260 3945 -6574 -6287 601 616 619 616 617 END
START -3532 2092 12064 4859 -5025 -7361 603 678 619 614 592 END
START -4984 3032 10140 5950 -3310 -7795 601 615 622 619 619 END
START -4760 3760 10012 4701 -3178 -7775 605 613 623 626 613 END
START -3228 3280 11848 3516 -2971 -7765 602 621 624 621 608 END
START -2596 3404 12720 2475 -1174 -8507 602 613 625 627 611 END
START -5024 4296 13964 1645 385 -9210 602 612 627 628 612 END
START -7112 4824 13488 1216 -304 -9471 594 614 617 630 616 END
START -6840 3832 13960 1802 -2935 -9555 605 615 629 632 613 END
START -5056 3444 13872 1703 -2010 -9250 601 611 627 634 611 END
START -5472 3524 13752 1991 -876 -8972 580 609 653 635 613 END
START -5816 3576 14036 2210 -181 -8476 603 611 632 636 613 END
START -5260 3812 13256 2131 1213 -8106 604 611 634 637 611 END
START -6204 4832 13980 1426 1923 -7094 637 613 630 633 610 END
START -6912 4856 15152 -89 1383 -5851 604 612 636 638 611 END
START -7968 4812 15268 -1713 -1024 -4384 603 611 634 639 613 END