START -8288 -1964 12280 -649 -110 110 604 626 647 659 629 END
START -8392 -2132 12288 -604 -106 143 604 627 650 657 627 END
START -8560 -1988 12388 -605 -251 162 611 625 663 657 626 END
START -8464 -2000 12408 -606 -552 171 606 626 649 657 627 END
START -8552 -2048 12432 -605 -676 184 601 626 650 657 627 END
START -8332 -1932 12332 -563 -501 216 605 625 650 657 629 END
START -8100 -1828 12244 -650 -187 195 605 626 649 657 631 END
START -8192 -1700 12156 -677 33 167 603 626 605 657 621 END
START -8380 -1804 12288 -756 126 192 605 626 649 657 627 END
START -8464 -1904 12056 -753 -11 182 605 627 649 657 626 END
START -8600 -1896 12156 -750 -323 219 607 622 653 658 590 END
START -8432 -1852 12144 -796 -491 203 606 627 650 657 628 END
START -8368 -1928 12256 -766 -268 157 605 626 650 657 628 END
START -8296 -1948 12336 -808 -5 166 604 624 651 657 628 END
START -8608 -1884 12316 -784 132 187 605 624 650 657 626 END
START -8228 -2112 12564 -646 199 218 608 616 649 655 627 END
START -8912 -2188 12852 -372 626 361 601 625 649 657 623 END
START -9392 -2248 13264 -76 481 769 609 626 649 656 630 END
START -8940 -2440 13196 200 263 1162 605 623 649 656 626 END
START -7704 -2336 14208 717 1188 1347 605 625 649 657 628 END
START -8640 -3160 17548 1854 3608 2067 622 621 652 657 647 END
START -7836 -3620 17032 3775 8730 4387 602 621 649 656 622 END
START -7396 -2700 15924 6031 18030 7507 603 619 647 655 616 END
START -13336 -3180 16568 8120 27360 9948 601 601 642 641 612 END
START -15984 -2220 15164 10811 32767 11996 601 607 635 643 606 END
START -15360 1068 12284 12311 32767 13779 600 606 632 634 604 END
START -16464 4952 9364 12086 32767 16654 598 601 623 621 601 END
START -16984 7972 8596 10442 32767 19481 589 623 607 601 598 END
START -17416 7224 11960 10156 32767 15964 594 600 594 593 599 END
START -15800 10192 3316 6927 32767 15945 592 601 576 578 600 END
START -16192 10544 -2348 5188 31744 15383 592 588 561 562 602 END
START -15716 12588 -8280 57 29289 14889 591 618 549 536 602 END
START -15296 11888 -6336 -3869 25129 13127 587 607 539 537 606 END
START -16412 9016 -160 -6587 18396 11287 588 609 524 525 609 END
START -15396 6644 2724 -7368 5194 9603 583 587 515 511 603 END
START -10780 6872 -3672 -7529 -1467 7451 575 616 504 508 615 END
START -9556 6856 -3572 -8802 -1699 5340 581 618 504 502 618 END
START -8596 4504 -4816 -8931 -898 2881 580 616 503 422 597 END
START -9636 2120 -3892 -8424 2481 722 579 621 501 498 623 END
START -11988 624 -768 -7607 846 -1024 581 616 500 498 624 END
START -12220 360 -1364 -6372 -3355 -2109 577 648 507 496 604 END
START -8584 -692 -2504 -6198 -6935 -3859 581 621 503 497 627 END
START -8700 -1008 -300 -4171 -2939 -5117 578 625 501 497 624 END
START -11316 -3004 -668 -2114 1751 -5839 580 629 502 496 626 END
START -17636 -1932 2164 869 8505 -4351 580 628 499 499 650 END
START -21896 0 392 2110 7135 -2107 579 630 490 497 632 END
START -21832 1556 -880 2548 816 58 571 629 482 498 623 END
START -15900 1824 -3832 2479 -4681 774 579 629 497 498 628 END
START -10736 1508 -8536 919 -7808 -732 579 629 500 498 629 END
START -6988 1696 -5788 -811 -3970 -2991 585 630 510 501 611 END
START -7596 1572 -5092 -1113 28 -4654 580 631 503 499 631 END
START -11756 1464 -4040 -967 2821 -5562 580 628 507 500 630 END
START -14708 1328 -884 -1175 -1369 -6010 579 637 502 490 630 END
START -10916 -8 3104 -1660 -6158 -6846 579 629 506 504 631 END
START 3532 -2304 -2988 -5677 -23968 -14139 580 629 506 502 630 END
START -7788 -112 -5292 -304 6878 -15551 591 652 506 504 630 END
START -8000 204 2064 -4072 -3636 -17385 579 626 508 503 647 END
START -2412 1072 196 -3139 -12274 -22748 577 628 509 503 628 END
START -19500 6280 -8384 -1719 4443 -20489 581 628 513 505 628 END
START -14492 1872 4672 -4644 -6148 -20254 587 660 508 502 613 END
START -22584 -948 -804 100 8212 -17568 575 627 509 508 629 END
START -31400 3172 300 999 8946 -12772 579 628 509 506 629 END
START -32768 4856 1900 2048 1227 -7358 577 629 515 501 636 END
START -27456 3644 -1492 2399 -4086 -3534 580 629 507 506 627 END
START -23056 3964 -2728 2029 -25 -754 579 629 510 504 627 END
START -23624 3028 1044 1568 827 1037 577 624 510 460 625 END
START -21824 2344 -96 1807 -988 2367 579 628 508 509 628 END
START -19092 2192 -888 940 -1926 3026 567 628 509 507 628 END
START -16788 1152 -816 357 -1015 3157 577 630 509 506 628 END
START -16160 512 -1004 -89 183 2896 580 631 511 507 629 END
START -16708 224 -224 -493 189 2642 578 632 513 568 619 END
START -17180 -248 484 -804 -1822 2556 578 631 511 507 630 END
START -16144 -692 -16 -906 -4024 2386 580 630 511 507 627 END
START -15136 -1028 -68 -895 -4936 2169 573 621 510 533 625 END
START -14832 -1492 200 -586 -5355 1951 580 628 511 511 626 END
START -14580 -1568 548 -27 -5910 1864 580 625 512 508 628 END
START -14464 -1464 568 744 -6154 1919 581 628 512 514 628 END
START -14204 -1480 548 1634 -6357 2134 582 625 513 508 625 END
START -14548 -1388 944 2675 -6863 2319 584 625 514 514 630 END
START -14668 -1440 1200 3533 -8646 2449 582 624 517 519 623 END
START -14584 -1336 1448 4533 -11411 2433 585 622 520 525 626 END
START -13912 -1068 1460 5505 -15165 2260 585 621 529 533 621 END
START -12784 -608 592 6304 -17948 1625 588 619 565 545 540 END
START -10884 360 -436 6692 -18414 979 590 620 550 553 619 END
START -10280 1068 788 6701 -16737 -149 592 613 562 565 617 END
START -10236 668 992 6554 -17489 -1579 595 616 600 576 589 END
START -11576 1128 2280 5833 -17572 -3134 595 616 592 589 617 END
START -11952 1424 2944 5172 -20204 -4733 597 617 606 604 613 END
START -10964 2884 3696 4011 -21606 -7148 576 624 628 620 614 END
START -10060 5092 2192 575 -19887 -8729 602 622 630 627 622 END
START -10016 3444 3288 -5693 -18574 -10065 603 623 636 635 623 END
START -10236 632 7304 -8623 -17941 -12264 603 647 641 642 624 END
START 11932 1412 -10320 -5126 -18060 -9222 604 626 645 648 633 END
START -12620 1060 6048 -7447 -26214 -11598 607 628 650 651 625 END
START -14324 144 12672 -7799 -29058 -13100 607 627 654 655 626 END
START -7580 -6208 5952 -1072 -22525 -12938 608 628 656 659 628 END
START -16276 -2028 16792 -1426 -16095 -13212 606 663 660 683 631 END
START -20808 -1904 20580 -9850 -28938 -15459 607 632 662 662 633 END
START -10780 -5392 18088 -10350 -29173 -11739 608 633 664 670 637 END
START -5420 -7052 18600 -6205 -17611 -6241 610 636 665 673 637 END
START -5832 -6516 20108 -3731 -8305 -2302 611 638 670 674 637 END
START -4396 -4080 15692 -2895 -3183 -1184 612 629 667 680 622 END
START -5112 -4048 13080 -2757 1381 1157 614 640 669 676 622 END
START -5288 -4912 12196 -2123 89 1407 613 641 669 677 641 END
START -5392 -5108 12568 -1710 146 1104 613 643 678 677 639 END
START -5332 -4692 11712 -1867 511 764 612 644 670 678 643 END
START -5604 -4320 11220 -2383 355 -285 613 643 669 677 642 END
START -6040 -4184 11280 -3200 -1016 -1277 614 625 684 677 600 END
START -6312 -4688 11052 -3622 -1634 -1998 613 643 671 678 643 END
START -7660 -5696 12396 -2655 -5323 -1801 614 643 670 675 642 END
START -6912 -5436 13960 -2469 -6962 -1811 621 640 670 681 644 END
START -6860 -5908 14280 -1959 -5840 -1398 613 644 671 682 642 END
START -7784 -6228 14760 -1036 -5468 -618 615 644 671 678 642 END
START -5136 -5936 13984 -81 -3875 -679 614 643 671 679 643 END
START -4552 -4952 13388 476 -1280 -607 633 643 672 679 627 END
START -4704 -4536 12828 326 -1048 -467 614 659 671 672 645 END
START -7348 -4544 14536 98 -1770 -549 617 637 671 679 644 END
START -6160 -4464 14024 -271 -1673 -601 637 641 672 678 639 END
START -5684 -4736 13476 -693 -924 -656 613 646 674 680 644 END
START -6000 -5020 13860 -779 -187 -642 615 645 672 680 645 END