START -1508 9536 10304 1093 4100 3518 595 607 646 631 670 END
START -1572 9368 10088 1089 5109 3473 599 608 628 631 608 END
START -1900 9092 10412 1323 7806 3177 599 604 639 632 607 END
START -3448 9308 10632 1309 9494 3218 597 609 628 631 606 END
START -4728 9428 10964 1086 8626 3381 598 607 629 632 608 END
START -5152 9428 10936 956 6633 3346 580 600 628 630 607 END
START -4956 9316 10908 773 4664 3207 601 601 629 633 607 END
START -4960 9148 10520 739 3342 3152 597 608 629 631 607 END
START -4752 9232 10312 652 2295 3036 598 607 628 602 608 END
START -4036 9308 10364 457 1538 2829 597 607 630 631 610 END
START -3636 9492 10480 319 1391 2700 603 607 631 631 604 END
START -3260 9468 10072 216 1779 2525 598 608 627 631 607 END
START -2480 9404 9128 253 3301 2002 597 607 627 631 608 END
START -876 9508 8532 600 8145 1147 601 606 626 630 608 END
START -992 9996 9112 866 15109 1005 598 607 624 628 606 END
START -2540 10228 9480 1115 20692 1177 589 604 621 629 606 END
START -5948 10424 10052 1087 21228 1111 598 605 625 626 606 END
START -11164 10588 10500 1513 18356 1810 597 605 623 627 604 END
START -10280 10404 8660 1378 15483 1864 618 601 622 618 604 END
START -9820 11532 8692 1976 18876 3134 597 604 622 620 618 END
START -6660 11876 11700 2584 15869 3583 597 605 620 618 605 END
START -6380 11768 7980 3346 20348 3698 595 598 618 616 608 END
START -9900 12608 5524 2797 22350 3979 595 606 618 612 598 END
START -12136 12812 6844 2295 23146 4742 593 607 615 608 597 END
START -10764 13556 7784 2680 23046 5895 593 571 611 608 605 END
START -6072 14200 4184 3061 25027 6184 592 604 604 592 606 END
START -3864 14580 -148 988 30254 4946 592 605 595 582 606 END
START -6548 14336 -1120 -2048 32767 3821 592 616 587 502 635 END
START -10516 13964 196 -4410 32767 3217 594 605 579 563 604 END
START -11956 14276 -1084 -6984 27458 3050 590 605 573 558 606 END
START -11856 14564 -2148 -10218 20450 2136 589 609 564 549 608 END
START -9824 13356 -2056 -12993 16221 1030 589 612 549 558 591 END
START -8268 11512 -860 -14850 13043 -257 588 617 549 534 615 END
START -7532 11816 -2388 -15583 13117 -1027 587 618 544 528 619 END
START -9212 12304 -2756 -17116 15217 -1787 586 620 537 523 620 END
START -10172 10316 1668 -18134 15857 -2651 586 640 532 529 647 END
START -8804 8820 2148 -16972 13881 -3622 585 624 529 512 623 END
START -7924 9612 -1056 -16470 15699 -5126 584 624 526 513 621 END
START -9776 10788 -116 -16679 20076 -5882 584 624 523 509 625 END
START -13712 8476 2796 -16463 19506 -6171 608 628 523 483 626 END
START -13672 7284 2432 -14488 15946 -6327 584 625 521 509 628 END
START -13376 6992 2688 -13590 14467 -6757 584 627 521 505 627 END
START -12464 7980 3872 -12563 12942 -5743 584 628 518 506 628 END
START -15504 6740 4296 -12626 15132 -6523 580 629 522 501 609 END
START -17120 6020 2776 -9097 9532 -6427 582 632 517 496 629 END
START -16508 6476 1748 -8408 5861 -5941 582 633 517 501 628 END
START -14800 5912 2640 -6904 1864 -5601 563 635 524 503 654 END
START -12952 4664 3324 -5743 794 -5700 593 628 515 500 631 END
START -14152 4592 3836 -5333 -397 -5616 581 630 515 500 629 END
START -14076 3680 3252 -4746 -2383 -5297 579 629 510 501 625 END
START -11592 2916 -288 -4194 -292 -5098 580 631 515 500 623 END
START -14164 2816 608 -2708 4127 -4502 579 633 516 500 631 END
START -17512 2692 1896 -1671 4472 -3641 580 655 494 504 638 END
START -19284 2012 1436 -892 -1497 -2446 582 630 518 501 631 END
START -16560 3900 752 -1643 -9111 -1293 585 631 516 502 633 END
START -11068 3700 -1176 -1850 -8748 -1456 580 630 516 503 631 END
START -8208 3788 -1644 -2005 -4223 -2275 582 630 515 499 633 END
START -9436 3636 -724 -2027 679 -3220 581 629 516 502 627 END
START -13184 3064 420 -1666 973 -3704 581 632 518 502 634 END
START -14988 2876 1788 -1477 -2111 -4032 581 631 519 503 645 END
START -14076 2396 3536 -1427 -6501 -4167 572 631 515 504 632 END
START -9668 1336 124 -1165 -4643 -4634 581 632 516 507 632 END
START -6260 516 2264 -1972 -344 -6047 581 625 531 533 631 END
START -6720 1276 -1360 -2477 4004 -9043 581 629 518 506 633 END
START -9276 740 -2960 -3294 893 -12215 581 633 518 503 633 END
START -16448 4156 6008 -4366 -2405 -11455 581 613 518 559 633 END
START -4760 2596 -500 -6381 -8892 -16082 583 630 519 503 630 END
START -4636 472 -4492 -7852 -6563 -19789 581 631 519 507 631 END
START -7724 572 976 -9281 1744 -20143 582 631 534 504 627 END
START -14788 -1868 3804 -5559 11713 -20685 580 634 522 475 631 END
START -24680 68 4264 -4821 10708 -18802 581 631 517 510 631 END
START -28800 480 6536 -3308 5773 -14778 582 631 513 507 631 END
START -29044 272 6316 -1458 360 -10876 582 631 524 505 636 END
START -26460 1136 4304 -85 -1315 -7098 585 632 525 507 631 END
START -23380 1272 3516 970 890 -3819 586 632 525 508 630 END
START -22452 1280 3208 1830 3686 -1361 583 631 523 508 630 END
START -23680 1476 4024 2267 3860 766 582 631 522 506 631 END
START -22708 1576 3512 2243 926 2429 582 634 532 508 647 END
START -20140 1248 2100 1947 -599 3366 582 633 520 507 631 END
START -18192 1020 1792 1486 -734 3786 582 632 521 509 632 END
START -17104 760 1444 1066 -933 3820 562 630 528 508 624 END
START -16528 352 1460 770 -1440 3670 586 632 521 509 630 END
START -16528 116 1304 489 -2475 3567 577 632 521 508 631 END
START -16488 -136 1348 376 -4330 3545 583 632 522 509 653 END
START -16696 -448 1692 425 -6811 3755 583 631 522 509 633 END
START -16376 -680 1472 773 -9480 4192 584 604 534 512 630 END
START -15508 -624 1052 1252 -11029 4639 582 628 524 510 630 END
START -14444 -684 1288 1694 -11337 5042 586 626 523 514 626 END
START -13680 -820 1724 2112 -11086 5288 571 623 527 520 610 END
START -13456 -708 1896 2404 -10833 5365 586 623 527 523 614 END
START -14164 -344 2516 2561 -11136 5575 588 622 531 526 627 END
START -15196 -268 3568 3159 -13500 6039 589 680 539 533 621 END
START -15668 44 3680 4073 -17100 6309 590 620 543 538 621 END
START -15424 284 3368 4797 -19890 6368 592 617 550 549 617 END
START -14016 192 3600 5302 -22763 6217 547 619 542 558 617 END
START -12008 420 4716 5905 -24362 5609 594 615 564 559 614 END
START -9680 724 4828 6637 -23386 4579 597 615 573 569 615 END
START -8968 1292 5420 7169 -22603 3362 559 615 598 630 615 END
START -9376 1068 5528 7392 -21717 1301 599 618 590 585 616 END
START -10868 2316 6476 7970 -22547 -14 599 616 598 593 616 END
START -10068 2808 6640 7298 -24181 -1787 601 639 606 598 618 END
START -7964 3664 6332 6028 -28620 -3540 601 619 610 608 619 END
START -3992 4140 1744 4801 -24301 -5885 604 621 615 617 620 END
START -5196 4328 6872 4679 -14919 -7510 607 616 623 623 623 END
START -4556 5172 7100 4023 -12625 -8512 605 621 627 628 621 END
START -6072 6172 9356 219 -12925 -10108 606 623 628 631 623 END
START -7200 4040 11500 1688 -12491 -11120 603 623 631 633 622 END
START -8996 4096 12356 -57 -14145 -12851 633 633 631 632 623 END
START -7748 2924 12452 -2079 -13482 -13640 604 625 641 638 637 END
START -2864 4596 11020 1888 -11359 -12999 605 624 636 640 625 END
START 284 3628 11712 -452 -2161 -13106 617 622 640 644 616 END
START -1516 2152 10964 538 5971 -13971 604 622 640 645 625 END
START -7100 3304 11708 -318 8748 -13465 603 624 643 647 622 END
START -11652 5496 15784 -2162 7821 -11652 603 552 644 648 622 END
START -12120 5136 18872 -7365 -139 -9415 602 622 643 645 623 END
START -7744 4488 17968 -10609 -4805 -7619 602 626 645 649 623 END
START -4104 2584 16516 -13622 -3079 -5398 602 621 645 650 622 END
START -4584 580 15460 -14085 2525 -4149 604 574 640 652 634 END
START -9184 -1040 16048 -12703 5958 -3113 602 620 646 654 621 END
START -10884 -1980 15148 -9980 4744 -1607 603 620 646 653 622 END