START -6176 -2692 12544 5324 2512 853 624 628 668 674 630 END
START -4280 -4512 6068 5881 2391 634 604 631 668 671 627 END
START -11776 -6056 3012 6158 -1685 897 623 629 667 674 630 END
START -14304 -372 19280 798 2908 2125 622 628 667 675 630 END
START -5372 -2816 13572 1302 4837 1898 608 630 651 674 622 END
START -5736 -496 13332 1533 6286 1240 618 633 666 676 631 END
START -6476 -1028 13836 -385 5436 610 618 630 667 673 632 END
START -7104 -1252 14564 -1269 3198 93 618 633 667 674 629 END
START -7452 -1680 14036 -2695 256 -85 622 630 667 675 630 END
START -9396 -2224 15508 -3663 -3192 -228 618 613 667 674 630 END
START -5924 -2568 13136 -4008 -5669 -231 620 634 668 675 634 END
START -1968 -3088 9524 -6528 -7041 -18 620 630 666 673 635 END
START -4008 -3064 11716 -6967 -12628 275 621 630 667 675 623 END
START 6220 -3476 2680 -2727 -12379 -553 618 640 668 671 605 END
START 128 -3316 10884 3559 1791 1592 623 635 667 672 629 END
START -5184 -400 20936 1506 572 607 622 631 667 672 631 END
START -5600 -5424 14112 -6693 -7130 623 621 632 666 674 631 END
START -2736 -10208 9556 10380 5249 4199 624 631 666 673 631 END
START -8772 784 19108 8017 3710 3902 623 632 665 671 630 END
START -4960 -632 13252 552 -485 4456 622 631 664 670 630 END
START -5212 -4140 13500 3606 -471 3656 622 628 662 669 630 END
START -7196 -1860 15172 5009 1524 4414 592 654 660 668 607 END
START -5920 -1876 15404 3550 1869 5119 626 628 660 666 631 END
START -3488 -2792 15380 4656 6428 5743 622 632 661 667 629 END
START -5352 -2480 13996 6448 13664 6090 613 629 676 666 635 END
START -8848 -1356 14520 6010 15404 6736 622 627 661 666 627 END
START -11868 -1352 13772 6287 14128 7109 621 632 657 664 627 END
START -14888 1884 13312 4652 5847 8136 644 626 637 665 627 END
START -11780 868 13748 5557 923 8687 622 624 649 652 626 END
START -8764 444 13432 4985 -779 9324 621 625 648 652 623 END
START -6324 700 12752 5080 1184 9814 621 621 653 650 561 END
START -5112 1736 11488 4757 4699 10134 620 620 644 648 621 END
START -5800 2112 11296 4367 8889 10768 618 617 642 646 611 END
START -7156 2404 11304 4182 12200 11425 638 618 629 642 648 END
START -8164 2792 11388 3831 13780 12060 618 614 639 638 615 END
START -7396 3272 10068 2966 14377 12047 617 614 634 632 613 END
START -7040 4052 8976 2121 16540 11824 609 615 626 618 611 END
START -7656 4204 7920 1185 17782 11541 618 609 628 623 611 END
START -8484 4604 7868 310 19553 11373 616 609 627 620 609 END
START -8404 4788 7652 -839 20245 11070 609 607 626 617 604 END
START -8428 4992 7416 -1261 21009 10594 595 604 621 608 577 END
START -8440 5460 7676 -1928 21392 9997 614 604 614 604 597 END
START -9868 4972 7760 -2490 22623 8864 632 602 606 637 601 END
START -10068 6804 7268 -2595 25026 8769 619 598 597 585 612 END
START -10244 6724 6156 -3016 23621 7883 611 595 588 574 594 END
START -12480 6984 6408 -3027 24812 7245 607 616 581 566 590 END
START -14516 7288 7720 -3290 22606 7430 607 591 574 556 586 END
START -14984 7532 7528 -3053 19080 7302 604 587 566 548 587 END
START -13824 7740 6916 -2646 16510 7035 605 648 557 532 585 END
START -12688 7616 6232 -2183 14676 6568 601 602 537 536 586 END
START -11908 7420 5204 -1891 14256 5772 600 584 538 527 584 END
START -12360 7444 5048 -1596 14345 5206 598 588 536 519 551 END
START -12700 7296 4784 -783 15396 5202 595 587 529 514 587 END
START -12036 6896 5064 -254 15603 4616 595 588 521 503 588 END
START -10684 6992 3748 427 15827 3983 538 586 518 496 587 END
START -10356 7296 2072 748 17391 3260 616 589 506 493 590 END
START -11248 7532 3172 596 18274 2430 589 596 505 490 596 END
START -11024 7848 1456 1018 17043 1403 585 589 504 494 602 END
START -12448 8644 -1264 1214 17259 1163 584 610 503 486 609 END
START -13900 8544 -3388 523 15717 1003 583 611 502 486 611 END
START -14964 9188 -3712 467 13523 932 583 627 503 485 640 END
START -16220 9472 -2264 -5 11132 1440 577 614 504 486 615 END
START -16224 8904 -588 -524 7314 1748 582 617 503 484 613 END
START -14324 8712 -780 -536 4023 1458 578 591 505 529 618 END
START -11812 9916 -3532 -969 4516 538 583 618 505 484 614 END
START -11732 10592 -6044 -1782 7933 65 581 618 505 477 618 END
START -15760 10268 -4416 -2541 10824 5 575 618 506 487 585 END
START -17728 9880 -1532 -2970 8310 249 581 624 508 492 619 END
START -17236 9344 -860 -3310 4669 437 580 619 507 486 622 END
START -17108 8896 -1768 -3393 2153 710 583 620 483 483 619 END
START -16744 9548 -2716 -3983 -1594 850 583 612 508 487 622 END
START -14928 8796 -2420 -5317 -4859 713 584 621 508 485 620 END
START -13376 8312 -1828 -5192 -4532 663 582 621 510 485 622 END
START -10828 6728 -3948 -5272 -1545 624 578 621 508 489 622 END
START -14588 6764 -2808 -4359 2242 597 583 621 510 488 622 END
START -17192 7536 -1308 -4277 -2650 913 582 623 540 485 635 END
START -13808 6768 -2672 -4300 -6926 886 586 621 509 486 625 END
START -11432 6948 -2340 -3789 -7606 538 584 622 512 488 623 END
START -9480 6904 -3324 -3378 -5977 -55 582 645 512 488 652 END
START -10044 6700 -3132 -2799 -3610 -640 585 622 516 489 624 END
START -10648 6348 -4004 -2463 -3153 -1198 583 622 512 490 623 END
START -10980 5952 -3772 -2168 -1889 -1435 584 624 496 488 633 END
START -11848 5556 -3480 -1773 -1037 -1508 584 623 512 491 622 END
START -12152 4900 -2576 -1280 -1606 -1722 583 624 514 491 628 END
START -12148 4872 -2824 -911 -3073 -2137 583 624 514 491 623 END
START -11356 4476 -2380 -648 -4049 -2852 582 605 511 470 624 END
START -10500 4212 -1712 -430 -4146 -3746 583 624 517 481 624 END
START -8416 3100 -2856 -324 -3470 -5324 584 622 515 492 623 END
START -9264 2540 -2988 129 -1876 -7133 583 642 514 476 625 END
START -8400 1908 -2684 -152 -2568 -9407 583 626 519 493 626 END
START -5484 356 -3620 -482 -2620 -12049 585 623 515 493 623 END
START -9436 716 -2368 854 6612 -12762 586 617 516 490 623 END
START -13992 1484 1808 883 6678 -13762 584 625 513 496 623 END
START -13784 976 -3596 88 180 -16548 583 627 516 495 625 END
START -14128 3424 -3596 -170 -3410 -16895 645 626 518 492 663 END
START -11644 2780 -2344 -772 -741 -17602 585 625 516 495 626 END
START -15104 2952 -1552 81 3766 -17655 584 624 517 490 624 END
START -19236 4312 -1092 501 6564 -16430 582 650 516 494 624 END
START -24016 4904 -1308 1285 5947 -14421 583 624 517 492 598 END
START -26496 5488 -1496 1379 1400 -11477 582 621 511 496 625 END
START -24584 5600 -2588 1146 -938 -8291 583 625 517 494 625 END
START -22764 4748 -1544 1129 -459 -5619 503 628 486 495 551 END
START -21540 4504 -932 1134 714 -3373 582 625 512 491 625 END
START -21824 4020 -1520 1132 1240 -1629 582 624 516 495 625 END
START -21696 4176 -1772 793 -820 -163 582 612 542 494 650 END
START -20100 3200 -2140 525 -3068 699 584 625 516 495 625 END
START -17160 2528 -2192 258 -4067 1473 582 624 520 495 623 END
START -15196 2220 -2144 428 -1910 1578 584 624 514 485 625 END
START -15820 2068 -1348 352 103 1504 581 624 516 495 623 END
START -16588 2244 -2132 90 150 1511 583 628 516 494 624 END
START -16748 1940 -2952 -347 -239 1544 580 623 518 496 624 END
START -17436 1508 -2676 -809 -813 1663 583 624 517 497 624 END
START -16868 1308 -1964 -1217 -2161 1724 592 624 517 512 620 END
START -15348 892 -1644 -1345 -2317 1604 580 624 516 495 625 END
START -15076 880 -1244 -1346 -1692 1383 580 623 517 496 623 END
START -14868 900 -1668 -1275 -1408 1145 576 622 515 495 628 END
START -14548 792 -2072 -1145 -692 1012 582 623 519 495 624 END
START -15652 1108 -1920 -746 44 881 581 623 518 496 623 END
START -16384 1092 -1716 -688 -1071 804 629 623 503 496 599 END
START -15744 1044 -1564 -495 -2198 728 583 623 519 495 623 END