START -9816 -1344 11560 -685 286 -194 601 678 649 656 621 END
START -9760 -1396 11312 -672 243 -164 604 623 647 656 624 END
START -10164 -1340 11288 -726 -151 -57 598 623 648 656 621 END
START -9764 -1320 11460 -702 -409 8 607 624 648 655 622 END
START -9492 -1404 11388 -690 -275 69 605 623 650 656 624 END
START -9564 -1448 11352 -657 27 100 535 622 645 656 542 END
START -9788 -1384 11416 -659 73 89 604 621 648 656 623 END
START -9892 -1388 11428 -647 -39 120 604 622 648 656 623 END
START -9892 -1384 11312 -697 -227 159 605 623 649 656 620 END
START -9812 -1288 11280 -784 -368 140 605 622 648 655 622 END
START -9696 -1368 11196 -847 -420 154 605 607 647 653 622 END
START -9652 -1236 11228 -894 -355 138 605 622 648 656 622 END
START -9708 -1368 11256 -913 -233 114 605 626 648 656 623 END
START -9880 -1388 11576 -870 -291 96 586 630 649 684 623 END
START -9940 -1580 11428 -823 -478 157 605 620 648 655 622 END
START -10076 -1608 11500 -779 -719 202 604 623 649 656 623 END
START -9568 -1560 11460 -714 -658 213 603 679 647 655 649 END
START -9360 -1460 11212 -655 -300 125 604 623 649 657 620 END
START -9496 -1388 11468 -577 -88 90 603 625 648 656 623 END
START -9640 -1424 11552 -609 -33 127 605 623 649 656 622 END
START -9836 -1192 11536 -588 -83 163 605 623 647 656 622 END
START -9724 -1260 11028 -642 -263 143 542 637 647 657 614 END
START -9544 -1252 11228 -661 -313 59 604 623 648 657 623 END
START -9612 -1304 11432 -694 -304 45 604 622 648 658 621 END
START -9588 -1324 11264 -653 -145 33 603 626 647 656 622 END
START -9536 -1380 11348 -642 17 23 606 618 648 655 623 END
START -9604 -1324 11332 -603 199 34 604 548 648 655 599 END
START -9880 -1292 11288 -626 163 42 608 620 648 637 626 END
START -9976 -1256 11236 -673 -48 54 604 626 648 655 621 END
START -10236 -1184 11308 -711 -543 62 605 622 648 650 624 END
START -9820 -1252 11364 -737 -942 110 605 623 648 657 623 END
START -9384 -1376 11400 -767 -763 74 605 550 649 602 651 END
START -9004 -1500 11472 -619 -66 -26 607 625 649 656 624 END
START -9292 -1492 11556 -458 672 -53 606 621 648 656 623 END
START -9628 -1468 11824 -305 1032 -105 603 639 648 656 620 END
START -10084 -1404 11680 -167 1009 -50 604 623 648 651 623 END
START -10428 -1356 11996 -113 668 6 604 624 648 656 623 END
START -10552 -1380 12484 -71 -28 212 607 622 647 657 623 END
START -10320 -1688 12952 2 60 531 604 623 648 655 623 END
START -10832 -2324 13440 264 589 852 606 622 642 648 622 END
START -12132 -3088 14272 1040 1874 1770 603 622 647 656 623 END
START -13196 -3948 14172 2259 3231 2967 604 623 648 656 625 END
START -12736 -3080 13676 3553 3712 3458 605 620 647 655 626 END
START -10120 -704 12892 4498 6941 4343 604 621 647 655 626 END
START -9504 -1484 12404 5329 11635 5405 604 623 646 653 624 END
START -9532 -2040 12368 7788 17824 5817 600 618 644 649 619 END
START -10200 -1120 11476 10662 24416 6573 603 616 641 647 616 END
START -14488 896 10772 12183 32767 9749 603 612 633 637 612 END
START -19824 2492 12012 9230 32767 9106 617 605 630 627 609 END
START -19844 1972 6664 7421 32767 12498 601 600 619 615 596 END
START -21696 5240 6656 7875 32767 14727 600 597 608 603 596 END
START -20068 6716 7016 5577 31603 15983 591 594 596 598 595 END
START -15884 8000 8208 6021 24626 16013 602 592 582 573 592 END
START -11768 10096 5884 5367 22599 15268 596 591 566 559 591 END
START -7848 12048 1556 3055 23270 13932 593 595 556 548 600 END
START -5900 12612 -5548 -170 27143 11784 590 595 547 538 575 END
START -8876 12716 -8528 -3683 32767 9393 588 601 540 527 602 END
START -16372 11376 -2048 -6291 32767 7472 584 605 526 518 605 END
START -19952 9508 3180 -7308 24842 5965 582 634 521 516 624 END
START -18372 9104 1344 -8440 9257 4765 574 613 514 503 614 END
START -15992 6816 3112 -9278 760 3032 579 615 511 500 615 END
START -13580 5304 5120 -8147 -9856 1599 578 668 510 535 638 END
START -7712 5208 -6064 -7250 -9397 -718 580 620 510 497 619 END
START -6176 4432 -13076 -8425 1249 -3062 578 620 510 496 620 END
START -14520 3204 -6092 -7470 13717 -4221 577 620 545 495 653 END
START -20028 2880 1032 -7157 5417 -4107 577 632 511 495 635 END
START -17416 12 336 -6352 -3348 -3498 578 626 510 499 624 END
START -21148 944 -1824 -3029 940 -1708 558 625 507 494 624 END
START -19968 3248 -2816 -1941 -1917 716 580 597 506 497 624 END
START -20068 3868 -2244 -971 -3403 2316 578 626 509 494 627 END
START -17036 3392 -1552 -639 -8755 3405 581 626 508 496 631 END
START -14136 2584 -4376 -874 -13259 3013 579 626 485 497 627 END
START -8740 2420 -1832 -1524 -15437 1699 579 625 512 499 633 END
START -4332 2100 -5604 -724 -11598 -516 580 629 512 497 627 END
START -4016 1824 -6256 -1211 -6657 -2951 588 627 470 498 629 END
START -6444 1156 -3544 -1193 -3247 -4845 582 627 513 499 629 END
START -9160 1080 -2408 -1061 -3387 -6085 580 624 513 500 627 END
START -10104 1040 -1720 -713 -5264 -6523 580 626 514 498 645 END
START -9368 1156 -4464 -177 -3315 -6571 581 627 511 501 625 END
START -11592 1160 -3488 -198 412 -6511 584 627 512 503 626 END
START -11956 368 -2372 -451 2130 -6395 579 628 512 498 628 END
START -10608 204 3248 -924 -5093 -8312 585 628 513 502 625 END
START -2196 784 -4596 -2769 -18702 -13754 582 629 513 502 629 END
START -1540 888 -11628 -3202 -4426 -16109 581 630 515 503 630 END
START -6208 -344 1128 -4540 6042 -17629 577 627 528 503 631 END
START -9592 -924 -192 -3590 1447 -21504 606 630 516 503 628 END
START -23996 3448 -2136 -3504 -429 -20346 582 629 516 504 631 END
START -19388 3600 3744 -5912 -17376 -18245 525 606 515 500 631 END
START -8888 -556 -1368 -4963 -7428 -17673 581 624 517 504 617 END
START -17212 -540 984 -2876 11096 -15944 580 631 517 504 630 END
START -27128 1672 3700 -534 15054 -12504 580 631 516 507 634 END
START -32584 2144 4820 718 8512 -8759 599 629 511 507 623 END
START -29904 1840 2976 1366 -672 -5083 584 631 518 505 629 END
START -23916 1172 1332 1296 -1645 -2472 581 629 517 506 630 END
START -22788 608 1052 1591 1275 -484 565 632 514 528 629 END
START -22364 1004 1872 1723 2053 1042 579 628 516 504 631 END
START -21712 640 1316 1695 2047 2290 581 629 517 505 631 END
START -21428 564 864 1255 913 3166 578 629 516 506 631 END
START -20168 116 252 667 -912 3585 581 631 517 506 630 END
START -20068 -336 420 72 -2808 3831 581 631 566 507 655 END
START -19792 -540 992 -473 -6315 4105 579 631 517 477 628 END
START -18172 -888 132 -1003 -9254 4159 578 627 518 507 629 END
START -17180 -1060 476 -1400 -10569 4181 581 621 517 505 630 END
START -17196 -1336 1028 -1503 -11873 4436 583 629 516 506 632 END
START -18292 -1468 1212 -1391 -14024 4984 582 629 517 509 628 END
START -19768 -1540 1816 -1178 -18212 5710 583 605 517 525 632 END
START -19300 -1312 2520 -923 -24710 6523 579 627 517 515 627 END
START -16504 -1060 2156 -416 -29998 6847 582 626 516 516 627 END
START -13092 -140 2120 -276 -31758 6674 584 633 523 520 627 END
START -9948 -168 2344 -393 -29222 5959 587 627 528 524 629 END
START -8800 84 3312 -493 -25191 5357 587 628 534 533 620 END
START -9448 524 5260 -471 -22187 4572 593 628 539 538 630 END
START -9960 868 6316 -442 -21218 3858 588 630 550 546 631 END
START -10292 844 6600 -295 -20288 2930 590 630 557 555 630 END
START -10192 1028 7148 -71 -20459 2235 584 631 605 561 630 END
START -9236 1224 7180 -9 -20862 1661 605 628 572 571 627 END
START -8384 1480 7408 -284 -20243 841 592 629 579 576 627 END
START -7904 1860 8580 -989 -18355 305 602 629 597 576 618 END
START -7912 1464 10968 -1940 -18677 96 595 622 591 586 629 END
START -6620 1368 9596 -2006 -18018 -751 594 626 596 592 626 END