START -4280 14008 6804 -788 3736 1456 569 483 499 540 481 END
START -4580 13996 6820 -565 3829 1373 568 481 499 539 479 END
START -4156 13908 5756 68 4490 956 571 481 499 541 482 END
START -5316 13204 5788 985 5603 852 568 481 500 540 481 END
START -8564 13404 7444 1530 5628 1469 571 488 498 546 498 END
START -8972 13308 7172 1859 3113 2435 571 480 499 540 477 END
START -7236 13532 4668 1527 1438 3153 566 481 500 540 481 END
START -5520 13696 3272 1290 1078 3633 569 481 499 540 481 END
START -5968 13024 5376 1205 1608 4202 566 479 497 541 481 END
START -6084 13192 6940 1051 518 4901 567 483 502 554 480 END
START -4992 13000 6236 532 -458 5470 567 481 503 539 481 END
START -4668 12716 3904 -244 332 6272 565 481 499 540 482 END
START -7176 12628 4684 -1108 1362 7654 565 475 501 537 484 END
START -10200 11684 9604 -567 -1520 10249 563 481 501 539 480 END
START -8624 10216 11288 1628 -5679 11998 560 481 497 536 480 END
START -4464 13544 7524 2419 -9167 14738 571 482 491 535 439 END
START -3788 9636 1368 -99 -2029 14908 556 483 496 537 480 END
START -2704 16356 5820 -1338 1356 15513 557 481 497 531 482 END
START -3144 16652 5108 -2395 2509 15972 568 482 496 562 481 END
START -2788 15192 3188 -2064 3150 15941 556 480 496 536 477 END
START -28 13904 3792 -463 4645 16126 556 482 498 535 482 END
START 1380 15024 4480 -1212 3225 14843 556 494 497 540 484 END
START 4872 14508 3508 -3002 4658 13153 555 481 498 535 483 END
START 6036 14672 2140 -4063 7367 11156 556 484 497 534 483 END
START 4044 14960 4200 -3999 8873 9369 559 513 498 555 483 END
START 4492 15940 5140 -3412 6883 7674 556 487 494 539 481 END
START 4952 15528 4656 -2859 6006 6392 557 482 497 537 482 END
START 5688 15716 4264 -2353 6200 4958 568 482 495 536 486 END
START 4764 15844 5348 -2200 6149 3778 555 481 497 537 483 END
START 5068 15304 5364 -1464 4326 2729 541 478 496 540 492 END
START 4104 15228 6068 -877 1735 1943 557 481 496 539 483 END
START 3868 14260 5148 -128 -531 1282 552 480 496 542 483 END
START 3964 14300 5272 575 -2016 313 560 484 494 540 457 END
START 2656 14680 5308 606 -1765 -409 555 483 497 539 486 END
START 2620 14336 4916 642 -1217 -880 551 494 498 542 483 END
START 1652 13844 5116 837 -419 -1130 550 488 497 539 483 END
START 52 14196 5264 1121 -354 -1067 550 484 496 540 484 END
START -1548 13912 4324 1303 -1688 -389 549 480 493 570 483 END
START -664 14596 3848 1192 -1601 449 538 485 496 540 483 END
START -1292 14508 4184 556 -1675 1235 552 483 498 541 484 END
START 492 14436 3488 -134 -1165 1632 548 485 497 540 482 END
START 760 14072 3360 -651 28 1792 554 483 496 541 482 END
START 824 13996 3676 -1018 596 1828 545 502 496 540 488 END
START 1388 14412 4548 -1333 1051 1895 550 482 496 537 483 END
START 1356 14508 4852 -1799 1217 2126 552 471 495 541 484 END
START 2524 14644 4584 -2356 944 2075 551 486 496 544 483 END
START 3248 15016 4612 -2733 794 2095 550 485 496 542 484 END
START 4336 15300 5308 -2660 -252 2063 565 482 478 541 496 END
START 5052 15760 6624 -2296 -2230 2356 549 477 495 542 481 END
START 6084 16300 8104 -1993 -7615 2284 550 483 496 542 476 END
START 9252 17092 7264 -1736 -9624 1471 554 482 469 560 484 END
START 9820 17572 6692 -510 -7928 456 520 481 495 542 483 END
START 8596 17480 7572 1073 -7492 -206 550 486 495 542 483 END
START 7536 17580 8096 2711 -8915 -558 552 483 504 543 482 END
START 7212 16440 6876 3879 -12351 -1118 551 483 496 542 483 END
START 7924 17024 5472 4857 -12341 -2457 552 483 495 542 483 END
START 7164 17472 5120 5564 -9696 -3729 553 483 494 544 479 END
START 5160 16628 4856 6742 -6260 -4597 553 483 496 543 482 END
START 2968 15480 5448 8175 -4116 -5083 548 486 494 543 482 END
START -148 15604 4368 9113 -5868 -5062 555 482 494 545 481 END
START 1352 16120 2580 9263 -6374 -5731 554 481 493 542 481 END
START 1700 16448 432 8006 -5351 -6532 547 480 497 545 480 END
START 1436 15124 -1080 6474 -4369 -7862 557 481 493 542 482 END
START 2428 13600 -2380 4645 -1661 -9467 556 481 495 543 484 END
START 5472 11736 -6088 3723 2767 -11146 556 480 493 545 499 END
START 4420 11716 -2828 2938 7972 -13482 557 486 493 545 481 END
START 1536 11440 -804 824 5972 -14674 557 481 494 545 481 END
START 976 11044 -1908 -1799 1849 -16435 551 483 489 548 480 END
START 2592 9232 -3016 -4735 -1819 -18115 560 480 493 544 481 END
START 3100 9104 -3684 -7296 1220 -20369 558 482 494 543 481 END
START 5592 6368 -4608 -9200 8115 -22770 557 481 494 544 482 END
START 1800 5240 -2368 -8301 14669 -25271 557 481 493 572 472 END
START -4852 3932 1936 -8150 14920 -26531 559 482 494 544 482 END
START -4436 7452 2108 -9738 12773 -26654 557 483 495 545 483 END
START -9884 5476 4904 -9662 6926 -25772 563 483 492 528 483 END
START -13164 5308 6984 -9319 4990 -24141 558 483 468 542 483 END
START -15204 5364 5344 -7979 1304 -22289 558 482 495 544 482 END
START -17572 6760 9292 -7749 1668 -19731 489 496 494 540 482 END
START -20592 7096 10344 -5987 4429 -15951 556 481 495 559 483 END
START -23432 8072 7500 -4197 341 -11439 558 484 496 544 478 END
START -22000 10080 7396 -3452 -3601 -7886 559 482 496 546 483 END
START -17256 11548 6264 -2237 -4410 -5550 551 484 495 570 480 END
START -14680 13156 5036 -1669 -1982 -4333 559 486 497 547 482 END
START -11960 13556 3712 -985 1774 -3677 557 483 499 546 483 END
START -12448 13268 4876 -1054 4360 -3448 552 495 498 545 483 END
START -16728 13512 7324 -786 1001 -2030 565 483 496 547 486 END
START -14376 13368 6068 -587 -4981 -290 559 483 498 546 485 END
START -10204 13092 4148 -576 -4123 139 564 483 497 548 479 END
START -9868 12808 3984 -687 -1180 70 557 487 496 545 481 END
START -10620 11876 3472 -498 605 56 557 483 497 549 484 END
START -11424 11220 4512 -672 -215 73 555 479 496 584 504 END
START -11580 10892 5632 -194 -2199 489 559 485 496 548 482 END
START -9716 10808 3692 -224 -2322 426 559 482 497 548 485 END
START -9540 10384 3552 -142 -633 116 558 458 498 583 484 END
START -10300 10156 3220 -301 636 -23 558 483 499 547 484 END
START -10728 10040 3768 -352 654 -59 554 488 498 549 484 END
START -10624 9772 3520 -185 568 -25 559 484 490 548 483 END
START -11492 10036 4344 -34 -277 32 559 484 497 548 482 END
START -10852 10096 3968 26 -1485 268 558 522 498 547 482 END
START -9200 10032 3056 -119 -1034 176 555 484 498 553 486 END
START -9996 10124 3348 -389 192 0 600 486 496 547 486 END
START -10596 10176 3368 -472 -19 -47 558 484 497 548 488 END
START -10448 10052 3836 -659 -404 -106 558 486 498 548 484 END
START -10408 10328 3880 -593 -687 -115 558 479 488 547 482 END
START -10552 10280 3888 -503 -372 -157 558 485 499 546 480 END
START -10340 10564 3684 -398 43 -126 559 483 498 547 484 END
START -10672 10608 4040 -449 508 -86 559 483 499 548 484 END
START -10728 10564 3836 -540 164 -69 558 483 498 551 484 END
START -10732 10312 3732 -562 -382 -67 566 485 490 525 485 END
START -10812 10536 3444 -609 -492 -131 560 485 497 544 487 END
START -10520 10540 3548 -691 -38 -179 558 484 500 548 484 END
START -11028 10516 3936 -807 68 -98 559 433 498 543 489 END
START -10888 10428 3968 -983 -370 155 560 484 498 548 490 END
START -11276 10576 4336 -1083 -935 397 561 484 498 549 484 END
START -10688 10604 3636 -1155 -1439 503 556 486 497 484 497 END
START -10756 10736 4400 -1086 -1464 485 560 480 498 547 489 END
START -10128 10728 3712 -1104 -1085 470 560 484 497 549 483 END
START -10048 10472 4048 -1169 -219 413 550 485 492 547 466 END
START -10480 10468 3948 -1232 5 346 558 482 499 561 484 END
START -10660 10300 3888 -1167 -289 345 559 483 499 555 485 END