START -1212 14712 6140 -2879 -3931 12195 538 471 483 517 470 END
START -148 14536 5136 -3386 -3025 12187 542 473 483 518 473 END
START 832 13116 3744 -2735 858 12023 542 472 485 520 482 END
START 1516 14260 2276 -1707 1279 10751 539 474 484 518 466 END
START 452 14788 4664 -3656 3505 10220 540 422 503 517 483 END
START 2044 14600 3924 -4252 2105 9599 525 473 480 526 472 END
START 2192 14144 3696 -3666 521 8301 542 474 485 514 475 END
START 4408 14208 4568 -4560 2080 7421 542 486 486 508 529 END
START 3692 14696 5272 -4574 2347 5878 543 470 489 522 474 END
START 3948 15196 5088 -4924 2117 4405 543 476 487 523 477 END
START 3536 13768 4596 -4340 1245 3398 536 479 486 515 482 END
START 2808 14200 5896 -3730 -524 2690 543 477 483 526 476 END
START 2544 14640 6052 -3578 -1497 2050 470 476 488 527 435 END
START 2312 14740 5672 -3180 -1422 1381 542 478 489 528 481 END
START 1480 14820 6448 -2904 -781 1080 544 478 487 527 478 END
START 1248 14728 6720 -2393 -337 983 541 482 507 528 469 END
START -184 14244 7080 -1703 -1411 1288 545 479 487 529 480 END
START 1400 14588 6628 -1005 -2463 1217 544 478 488 530 479 END
START 1924 14972 6152 -1070 -1897 945 545 447 481 528 495 END
START 2280 14104 4740 -797 -617 826 546 481 486 531 479 END
START 792 13860 6160 -276 -272 921 547 479 487 532 480 END
START -888 13968 6932 -61 -1650 1304 543 481 488 534 481 END
START 164 13716 6052 135 -3134 1564 544 481 489 534 479 END
START 1992 13996 5972 379 -2766 1582 546 479 487 510 481 END
START 1636 14396 6372 216 -2008 1554 543 481 491 531 480 END
START 1228 13652 5292 456 -1362 1392 571 484 475 533 483 END
START 1672 14140 6092 937 -1350 1053 546 481 488 539 483 END
START 984 13856 5972 970 -1804 1080 546 481 489 536 481 END
START 2308 14104 5672 1302 -2896 809 543 451 489 554 484 END
START 3116 14764 5264 768 -2830 392 545 485 489 536 480 END
START 3560 14196 4624 388 -2394 -393 547 505 490 537 479 END
START 3404 13656 4088 314 -1590 -1085 546 482 491 538 464 END
START 2232 13684 4916 292 -1279 -1405 547 482 492 538 482 END
START 1744 14176 5668 331 -2166 -1558 521 481 492 538 486 END
START 1764 14724 6292 -32 -2084 -1476 547 486 487 537 482 END
START 2224 13924 5484 130 -1795 -1570 546 482 490 538 483 END
START 1384 14192 6300 471 -963 -1413 546 483 491 540 476 END
START 412 13968 6356 1081 -1128 -1119 546 482 490 541 484 END
START 460 14816 6692 1607 -1323 -639 549 480 534 538 478 END
START 228 15140 6340 1554 -2136 -155 547 486 491 542 480 END
START 772 14784 4756 1573 -2578 -44 548 483 490 540 483 END
START 2524 14712 3612 1472 -1574 -119 550 484 491 457 454 END
START 2368 13772 3184 1515 -439 -263 554 484 491 519 484 END
START 1904 14708 4440 1524 414 -351 549 490 491 538 486 END
START 1788 15496 4700 588 -140 -378 548 486 491 542 485 END
START 1432 15192 3748 -572 -858 -434 550 478 491 543 485 END
START 2656 13548 1472 -1112 -958 -721 554 487 502 541 486 END
START 2812 14028 2588 -981 429 -773 548 486 492 544 484 END
START 2264 14040 3388 -1596 257 -1043 566 467 492 537 473 END
START 2136 15020 4360 -2339 -667 -1195 553 482 492 542 491 END
START 2380 15004 4912 -3129 -973 -1507 549 485 491 534 483 END
START 2304 14408 4620 -3465 -31 -1790 551 498 474 541 472 END
START 724 13356 4952 -2903 522 -1625 540 487 492 543 484 END
START -240 13692 6756 -1984 -417 -1344 550 485 492 543 484 END
START -312 15004 7972 -1566 -688 -753 548 489 473 539 510 END
START -252 15228 7424 -1246 -930 -434 550 487 494 543 485 END
START 328 15140 6716 -782 -299 -65 547 485 492 541 485 END
START -380 14968 6064 -370 354 379 553 485 494 541 485 END
START -68 14400 5676 419 -287 748 549 486 491 541 486 END
START 1144 15300 5428 660 -300 1180 550 486 494 540 481 END
START 2088 15360 5528 717 -302 1170 553 487 492 543 486 END
START 2356 15464 5516 587 -303 1201 549 514 492 524 486 END
START 2952 15980 5220 321 -475 1190 551 486 493 542 485 END
START 3744 16748 5808 116 -2538 1589 551 486 492 543 486 END
START 5228 16604 5592 751 -5711 2171 550 487 494 540 487 END
START 8128 16444 5712 2091 -8037 1524 543 486 492 542 485 END
START 9800 16748 5904 2896 -6314 111 552 384 515 531 486 END
START 9372 16772 4528 3218 -4445 -1573 552 513 492 542 491 END
START 8616 17784 3340 3598 -3523 -3165 551 487 492 542 483 END
START 8044 18000 2504 3592 -3727 -4573 553 466 491 544 507 END
START 7712 16820 1432 3229 -3671 -5824 553 485 496 542 487 END
START 5444 15132 2096 3046 -6094 -6700 554 486 493 542 487 END
START 4668 15096 2864 2617 -8170 -8267 546 484 477 545 496 END
START 5040 14804 2552 1723 -8117 -10044 552 488 493 545 489 END
START 5316 13896 1776 503 -5379 -11943 552 487 493 543 485 END
START 1348 11816 1620 -427 -6900 -12105 555 508 491 552 486 END
START -700 10456 968 -1246 -13139 -12409 549 486 494 544 487 END
START 1328 11252 192 -2835 -15868 -13529 552 489 492 544 484 END
START 3744 11828 -1288 -5128 -10397 -15864 562 487 498 545 465 END
START 3000 10848 -1052 -7552 -1988 -18229 553 486 494 543 486 END
START 1024 9768 -1000 -9890 3593 -19543 547 488 494 545 480 END
START 1140 7472 -3356 -10499 10356 -20510 553 487 494 547 488 END
START -3668 6972 2872 -10573 14613 -21417 616 488 473 531 490 END
START -6868 9324 5192 -11472 12876 -21353 553 487 494 544 489 END
START -11048 7276 8280 -11416 9470 -20104 554 488 495 545 487 END
START -13136 6652 8600 -10098 5597 -17985 550 491 494 545 485 END
START -15768 6124 10228 -7705 2497 -15484 553 487 473 547 506 END
START -18196 6884 12868 -5896 -171 -12422 553 487 496 547 486 END
START -16976 8196 11580 -4405 -2316 -9302 555 488 498 540 488 END
START -14140 9648 8800 -3248 -1028 -6864 554 533 495 546 494 END
START -8284 9576 4312 -1803 4404 -6247 555 488 496 546 485 END
START -12208 12024 6852 -1699 6960 -5047 552 487 497 546 488 END
START -14180 11580 8864 -1092 5797 -3869 552 484 495 546 488 END
START -14828 13444 9560 -702 -2303 -2004 553 489 495 544 490 END
START -10756 13468 7064 -1016 -6163 -601 554 489 495 545 489 END
START -6920 13348 5304 -1222 -3947 -456 555 490 494 547 488 END
START -5800 12836 4584 -1409 1115 -726 555 524 494 545 520 END
START -9364 12620 6868 -1357 2715 -771 552 487 488 550 488 END
START -10076 12344 7944 -1119 1218 -291 553 490 495 546 488 END
START -10100 11856 7768 -566 -2050 269 564 486 498 574 488 END
START -8312 11548 7084 -364 -2185 378 555 490 496 548 487 END
START -7220 11228 5636 -164 -581 117 551 490 496 547 487 END
START -7708 11112 5516 -215 1040 -129 552 489 496 537 488 END
START -8420 11044 6196 -363 1022 -333 554 490 496 546 488 END
START -8828 10780 6508 -104 70 -338 567 486 497 550 489 END
START -8516 10744 5780 -190 -634 -398 552 488 495 547 492 END
START -7872 10500 5632 -246 171 -322 554 489 496 548 489 END
START -8292 10428 5524 -423 1001 -378 550 470 496 556 486 END
START -9260 10172 6228 -602 927 -149 553 488 499 550 487 END
START -9476 10520 6008 -562 253 107 590 489 497 546 488 END
START -9576 10492 6188 -651 -489 294 555 488 498 550 487 END
START -8900 10304 6056 -595 -225 481 553 489 497 548 491 END
START -9232 10416 6056 -574 493 696 526 487 499 574 491 END
START -10320 10108 6508 -541 554 1067 554 488 497 549 490 END
START -10500 9936 6592 -364 302 1546 553 495 495 547 487 END
START -10816 9768 6764 -246 441 2120 554 488 498 548 488 END
START -10888 9732 6296 -54 185 2847 557 489 498 549 488 END
START -10424 10032 6256 -14 136 3283 553 490 503 548 491 END
START -9748 10280 6308 -59 35 3830 561 494 502 551 491 END
START -9748 10444 5512 -130 521 4186 563 494 509 550 489 END