START -4184 -2920 16880 -1952 3021 -1148 621 616 654 646 616 END
START -4632 -2832 16892 -2147 3273 -958 623 617 654 664 617 END
START -4868 -2348 17360 -5120 -1405 62 639 617 605 675 617 END
START -5968 -2684 17640 -9105 -6866 -60 621 616 654 665 615 END
START -19228 -4472 25664 -16473 -19055 -1022 625 615 654 665 616 END
START 1460 -8688 2984 -6408 -710 481 649 615 660 663 617 END
START -1948 -5400 13640 8603 10261 823 623 618 654 663 617 END
START -7288 -1716 14312 4311 10201 1421 625 616 653 664 616 END
START -3908 -1936 15052 2817 588 260 628 617 649 663 643 END
START -3868 -1732 12856 -293 -2359 -654 627 615 651 664 617 END
START -2228 -2492 12756 -1012 -2756 -239 627 616 653 663 616 END
START -2612 -2804 13412 70 -348 166 624 616 655 654 613 END
START -2888 -2424 15088 -574 -81 125 626 612 653 664 616 END
START -2612 -2904 15384 -964 -294 99 626 617 654 663 615 END
START -2068 -3428 15828 -184 234 562 626 612 653 664 612 END
START -1848 -3988 16924 1320 1585 1030 623 613 652 662 613 END
START -3660 -4424 18752 3108 1736 1571 624 612 661 662 607 END
START -3408 -4392 19376 4576 1182 2238 625 602 651 661 609 END
START -3120 -4264 20984 6390 2298 2865 625 609 650 662 610 END
START -3296 -4188 20416 8658 4582 3926 620 608 650 661 604 END
START -9696 1628 30372 7759 5531 4539 626 610 648 661 608 END
START -920 -3720 19128 17143 15031 6373 626 608 646 659 607 END
START -6756 136 21352 14497 17186 5929 624 580 641 651 604 END
START -8164 -928 20100 16226 19729 6878 621 600 639 656 600 END
START -10664 -368 19440 18578 21373 8733 624 592 634 654 592 END
START -12520 928 17948 20006 20835 11073 603 585 640 651 586 END
START -14744 2428 17552 20840 16348 13231 622 578 621 647 578 END
START -15256 3124 16460 20535 8850 14721 623 570 612 641 573 END
START -12896 3172 15404 21228 3467 15979 623 562 604 634 562 END
START -10288 4096 13020 22319 2311 17052 624 554 606 628 553 END
START -9888 5580 11396 18234 1094 17062 620 544 576 614 543 END
START -6116 3664 9676 19833 4099 18265 625 534 563 604 533 END
START -7336 5724 8004 20028 7324 19384 627 533 551 598 522 END
START -7304 5024 7540 19123 6194 20107 619 514 540 581 514 END
START -7664 5172 8108 18427 4901 20197 630 506 527 563 506 END
START -4768 5780 5556 19400 5257 20208 607 498 512 552 481 END
START -4236 6004 4972 17746 3229 19596 632 491 506 540 478 END
START -18860 5100 24564 17571 -2537 19877 633 485 499 527 489 END
START 7788 6684 -4344 16095 3448 18316 636 481 492 515 487 END
START -8736 6888 8688 14387 1594 16987 636 475 487 510 466 END
START 3440 6560 -1272 11983 4327 16568 634 472 483 502 471 END
START -5328 5648 3672 12064 1189 15629 590 476 482 492 467 END
START -1632 8424 1996 8957 1395 14855 617 466 481 493 460 END
START -2620 8104 2816 5919 -1939 13494 602 465 481 493 471 END
START 840 8004 -84 4923 -1184 11684 585 468 505 489 461 END
START 972 9480 600 2712 860 10249 569 462 482 490 462 END
START -952 10776 640 332 3172 9736 557 508 482 523 456 END
START -2372 10800 1356 -1242 2378 9334 545 471 480 494 455 END
START 448 11468 1520 -1835 2229 8153 545 445 478 493 454 END
START 536 12772 2092 -3704 2614 8068 541 454 481 494 444 END
START 120 14400 5116 -4796 5528 7068 539 452 477 493 453 END
START 2592 14468 3520 -5458 7269 6204 539 442 476 473 449 END
START 2048 15740 6944 -6079 8465 5453 534 446 476 496 454 END
START 2004 17652 8684 -6428 6928 5187 540 452 476 502 451 END
START 3724 17848 8828 -6887 3900 4575 541 452 463 490 474 END
START 6532 17192 7604 -5961 4320 4491 540 451 477 499 451 END
START 5668 17048 9304 -4473 4326 4182 539 450 479 500 451 END
START 4676 16604 11188 -3171 1930 3950 538 453 478 497 467 END
START 5376 16324 10332 -1771 -550 3219 543 454 477 502 453 END
START 6476 15804 8984 -669 -1549 2152 537 453 479 498 453 END
START 4700 14240 7748 345 -688 1248 538 456 478 508 415 END
START 3480 13632 7108 1444 -614 142 537 451 479 502 445 END
START 1140 13400 6668 1757 -1306 -552 537 469 487 501 448 END
START 1140 13456 5136 1750 -2581 -904 537 457 478 531 454 END
START 616 13772 4692 1171 -3793 -1082 537 454 478 500 453 END
START 1300 14068 3708 295 -2803 -1146 540 452 481 495 462 END
START 1208 14332 4064 -156 -1909 -936 541 454 480 504 454 END
START 1412 15660 6656 -204 -2675 -66 573 454 483 502 454 END
START 2616 16320 8204 193 -5907 898 536 459 478 495 457 END
START 6028 17380 8752 1017 -8387 1168 538 455 483 506 460 END
START 7096 18380 10676 1858 -8831 887 541 429 481 522 450 END
START 7784 17868 9172 3248 -8119 555 537 455 482 507 454 END
START 5836 17456 9836 5146 -9732 335 538 455 484 506 446 END
START 5264 17328 9452 6144 -13770 -5 538 445 485 507 435 END
START 4864 16804 6672 6834 -16921 -1004 531 456 488 506 456 END
START 6072 16800 5684 7021 -15096 -2825 598 453 469 451 487 END
START 3376 15876 5156 7331 -10920 -4256 540 456 484 509 454 END
START 1764 14588 3128 7652 -5800 -5073 535 457 487 508 457 END
START 408 13560 2444 7656 -6094 -5236 543 459 471 510 458 END
START 536 13196 1132 6920 -8142 -5932 540 458 488 509 459 END
START 2884 12976 -2364 4990 -8944 -7338 540 459 488 511 458 END
START 5300 12320 -4344 2441 -5775 -9629 541 460 470 510 428 END
START 6880 11120 -6420 -248 -1849 -12326 539 460 484 513 464 END
START 7352 8740 -5640 -2198 2509 -14776 541 458 490 513 459 END
START 7700 8440 -9084 -4550 7904 -18170 538 459 492 517 454 END
START 9192 7176 -8276 -9903 12139 -22395 541 476 492 514 459 END
START 948 5276 -308 -13113 10692 -24985 542 460 494 513 457 END
START -1988 3876 124 -12972 7878 -26265 542 460 492 515 460 END
START -4152 3780 2532 -12765 5676 -26987 537 460 493 516 438 END
START -6888 4532 4448 -13953 9834 -26307 543 459 495 512 463 END
START -12252 3440 7632 -14410 15515 -25201 542 463 494 516 460 END
START -21688 4948 9592 -13408 14163 -21759 543 454 494 516 503 END
START -18284 7888 8000 -5584 -4788 -13379 541 460 496 518 442 END
START -31232 9128 18296 -7727 -12976 -10091 542 461 494 517 457 END
START -16508 9840 11436 -2661 -2350 -6186 547 461 495 517 461 END
START -10272 12604 5328 -1210 3404 -4642 544 453 494 509 462 END
START -18056 14164 10452 -61 1162 -3061 542 463 496 517 459 END
START -13620 15152 6884 -26 342 -1393 544 461 495 518 457 END
START -11008 14400 7560 70 -3666 -204 590 461 501 523 457 END
START -7944 14320 6724 544 -2521 392 544 459 496 518 451 END
START -8028 14512 6076 319 -1457 450 545 462 495 519 459 END
START -7520 13720 5348 -493 643 448 544 452 513 519 403 END
START -8468 12724 5580 -862 457 698 543 462 497 516 463 END
START -8676 11920 6180 -1258 -410 1019 542 459 501 520 460 END
START -8692 11204 7240 -1228 -1654 1110 545 460 497 516 449 END
START -8060 10952 6256 -1040 -1754 1080 544 461 497 524 462 END
START -8164 10596 5768 -1346 -1015 944 540 462 493 519 461 END
START -8628 10056 5548 -1438 -629 963 545 462 499 520 467 END
START -9112 10068 5296 -1687 -475 1192 544 463 498 519 461 END
START -9992 9928 6340 -1600 -1339 1480 538 463 503 536 462 END
START -9388 9776 5020 -1422 -1837 1759 545 464 499 521 462 END
START -9420 9720 4604 -1785 -1565 1991 546 465 499 520 468 END
START -8764 9672 4840 -2196 -877 2149 548 445 497 529 463 END
START -9076 9528 5588 -2464 -636 2392 552 468 503 521 466 END
START -8660 9828 5360 -2599 -769 2683 556 467 501 522 467 END
START -8668 10076 4976 -3129 -1176 2892 536 469 499 540 466 END
START -8080 10316 4736 -3847 -1703 3043 567 472 504 520 467 END
START -7452 9908 4460 -4675 -2002 3182 573 478 505 522 475 END
START -7024 9520 4264 -5529 -1571 3266 579 477 482 521 474 END
START -7240 9544 4732 -6428 -1128 3073 583 478 508 530 478 END