START -4912 12892 3928 -3185 -1796 2830 561 485 504 547 486 END
START -4636 12932 3916 -3276 -1085 2742 560 489 504 525 482 END
START -5236 12532 3568 -3601 1121 2666 560 486 505 548 485 END
START -6644 13032 4168 -3804 1882 2702 558 484 504 547 486 END
START -7620 13636 5340 -3880 642 2934 558 490 520 548 486 END
START -7472 13456 5768 -4008 -1880 3120 559 485 503 547 485 END
START -6332 13228 5892 -4109 -3102 3154 561 499 504 549 485 END
START -4852 13488 4148 -4111 -1958 3142 560 486 503 545 484 END
START -5660 13444 3352 -4061 158 3189 559 487 503 548 486 END
START -7780 12960 5180 -4081 747 3696 510 509 503 549 486 END
START -8132 12568 7004 -3889 -400 4281 559 487 503 545 486 END
START -7832 13504 7356 -3534 -1970 4875 557 486 503 547 486 END
START -7104 14044 4200 -3220 -1727 5466 554 513 501 551 480 END
START -8916 13196 5408 -2854 -2003 7047 557 489 504 547 485 END
START -12360 11796 8880 -475 -4347 8914 556 491 502 544 486 END
START -1120 11760 2008 -53 -8307 11720 553 484 502 549 485 END
START -16736 13684 13024 1068 -12678 13614 555 490 501 542 486 END
START -3536 12708 3096 -830 -4653 14365 556 485 500 543 485 END
START -3140 12380 3056 -2326 -1249 15379 555 486 500 542 486 END
START -5276 11140 4324 -3407 789 15403 583 484 509 541 500 END
START -1900 12032 2716 -4776 2567 15060 555 485 501 543 488 END
START -1760 14876 5740 -6397 3327 14920 554 488 501 542 486 END
START 904 14816 5092 -6541 4828 14455 605 485 493 568 487 END
START 1968 14604 6948 -5385 4398 13414 567 486 499 539 493 END
START 3388 15504 8884 -4512 5281 12557 554 486 501 542 485 END
START 4732 15336 8224 -3680 4691 11024 609 489 500 541 475 END
START 6668 15280 7208 -2241 4318 9316 554 482 502 540 481 END
START 6384 14504 8112 -1667 4870 7925 554 478 499 540 486 END
START 5824 14012 7588 -112 5192 6326 554 486 503 543 455 END
START 4876 13836 8116 949 4114 4831 554 484 501 544 492 END
START 4692 13840 7932 1612 1723 3506 553 555 501 541 486 END
START 4392 13544 6364 1940 -3 2504 555 484 501 548 484 END
START 4188 13072 5884 2376 -683 1481 554 486 500 544 485 END
START 3064 13612 6248 2596 -1025 545 557 488 500 545 486 END
START 2460 13624 4968 2464 -1296 -172 554 486 503 544 486 END
START 1204 14016 4376 2273 -1582 -412 554 520 506 543 497 END
START 1152 14020 3592 1932 -2185 -494 554 487 500 544 491 END
START 1508 14360 3624 1737 -1985 -561 554 489 501 543 487 END
START 1772 14872 4108 1256 -1919 -639 578 487 500 545 401 END
START 1760 15372 4640 618 -3474 -501 554 489 500 544 486 END
START 3332 16508 5056 628 -4629 42 554 489 501 544 487 END
START 4048 17220 9168 1184 -7005 796 555 487 503 543 487 END
START 5296 16784 11220 2552 -10438 1157 554 487 500 544 489 END
START 8740 16612 9816 4829 -12136 81 542 485 516 541 487 END
START 9876 17312 8600 7152 -8858 -1586 557 487 501 550 488 END
START 7036 17632 8528 9200 -6441 -2873 554 490 501 545 485 END
START 4032 17120 8576 10428 -9264 -3399 582 484 473 579 519 END
START 3696 15996 6412 11347 -13204 -4210 556 478 499 546 491 END
START 4368 15896 3664 11868 -13633 -5444 554 486 501 544 485 END
START 3060 15880 2060 11646 -11484 -6292 553 483 500 547 489 END
START 2208 15120 524 10833 -8428 -7453 554 518 503 544 505 END
START 2624 13628 -784 9707 -5934 -8904 555 487 502 546 487 END
START 5196 13756 -4316 7844 -2473 -11038 555 521 482 546 489 END
START 7420 14088 -7716 6018 3771 -13048 554 487 502 548 488 END
START 7760 13476 -7896 2071 9065 -15834 556 487 502 547 484 END
START 8920 11908 -9300 -398 13773 -17963 573 489 526 547 487 END
START 6728 10460 -8848 -3237 13247 -20996 557 487 501 547 489 END
START 2676 8712 -4516 -4149 7885 -23273 558 487 503 546 488 END
START -7876 4756 8180 -4296 1498 -24217 556 487 501 548 487 END
START -2084 8468 -1972 -6914 2949 -25407 555 408 522 542 474 END
START -3708 5996 -3308 -9952 3458 -26782 557 485 505 550 489 END
START -3752 4988 -2188 -10094 6762 -26759 554 488 502 550 486 END
START -13484 4908 3896 -12764 6389 -26534 547 511 504 462 483 END
START -26320 4336 7504 -14122 3161 -21950 555 488 498 547 432 END
START -32768 2188 30152 -10303 -7627 -14318 556 488 502 549 502 END
START -20392 4556 5256 -3349 -1294 -8492 555 488 504 549 489 END
START -19752 7344 5900 -2848 1669 -6112 555 449 513 550 501 END
START -24084 9040 8240 -2392 2474 -2975 555 489 501 548 489 END
START -21264 10524 6728 -1854 -3849 660 555 488 506 548 492 END
START -18988 11432 5904 -1097 -10643 3485 555 502 504 548 516 END
START -11856 12980 1692 -1617 -10992 4934 553 488 523 551 483 END
START -7028 14404 -4076 -3535 -7399 5370 556 488 504 551 489 END
START -6972 14020 -856 -8064 -1387 4353 554 490 504 549 488 END
START -10888 11332 7348 -9455 -9 4505 553 426 522 549 485 END
START -13440 10072 8836 -7709 -4611 6193 554 491 505 549 493 END
START -12880 10556 5188 -7294 -9480 7889 554 490 504 548 488 END
START -9692 11540 3840 -8165 -11221 8955 511 488 500 550 490 END
START -8240 11688 4208 -9246 -11232 9654 556 489 504 540 492 END
START -7956 11452 5392 -10349 -11135 10174 557 489 509 550 493 END
START -4996 10532 4872 -10112 -15358 12477 557 490 506 549 487 END
START -9256 10228 6256 -9618 -22807 14520 561 490 502 553 490 END
START -5168 10144 5332 -10096 -22543 14109 565 494 514 555 498 END
START 1340 10328 6664 -9310 -13650 13727 569 497 517 562 497 END
START 1900 10396 8692 -8641 -6394 12800 575 504 524 573 503 END
START -1396 11340 10288 -8023 -1503 11689 580 513 531 580 510 END
START -2944 12316 9400 -7932 -995 11128 586 523 542 593 520 END
START -3216 11724 9444 -8266 -2472 11557 590 535 555 607 535 END
START 616 10908 10020 -8124 -1520 11335 598 537 569 619 595 END
START 2132 11864 11116 -6646 422 10711 600 557 586 625 558 END
START 2948 12960 9452 -5704 4116 9666 607 565 600 631 562 END
START 2368 12084 9136 -5342 6902 8233 606 571 603 637 570 END
START 3100 10944 8832 -4118 11246 7492 610 579 613 640 577 END
START 1352 10588 10624 -4186 11099 6242 610 584 628 644 586 END
START -476 11180 11352 -3008 12401 5601 614 605 628 647 590 END
START -2436 11576 11544 -2489 9875 5582 611 593 634 649 591 END
START -5532 11072 14796 -2358 5411 5908 610 593 636 647 593 END
START -2764 10116 13392 -860 -1098 5975 606 573 637 664 595 END
START 288 10260 10504 -263 -2405 5595 622 596 638 643 596 END
START 2476 10496 9592 195 34 4928 614 596 638 648 598 END
START 1392 10752 9616 443 3784 4156 611 595 639 652 599 END
START 132 10152 11276 408 202 4735 607 597 638 653 597 END
START -4212 11104 12944 1206 -2534 5325 608 597 649 652 594 END
START 1148 11332 9788 526 -2613 4674 608 596 639 654 597 END
START 536 12144 9812 294 -3571 4792 610 597 639 653 600 END
START 1920 11840 8680 -1433 -3020 4802 625 598 639 653 598 END
START 3756 11308 10132 -1958 -2150 4273 637 602 639 653 599 END
START 3980 10824 10008 -1469 -991 3330 642 595 641 654 596 END
START 2768 11328 9884 -1317 -946 2319 649 597 639 653 617 END
START 1460 11184 10360 -1575 -2954 2114 651 599 638 655 599 END
START 3084 11068 9484 -1303 -4800 1297 658 605 639 653 600 END
START 2232 11620 9516 -1662 -4684 764 655 600 640 653 596 END
START 20 11116 10444 -2004 -5265 674 651 602 638 653 600 END
START -96 11080 10288 -2298 -7662 804 655 579 642 659 600 END
START 1348 11288 10000 -2184 -7160 1166 680 599 638 654 613 END
START 2156 11552 8744 -2215 -5566 1165 648 600 638 653 601 END
START 2864 11400 8756 -2021 -2279 1119 654 601 638 642 600 END
START 368 11844 8504 -2056 1470 1332 647 599 638 652 597 END
START 1380 11048 9032 -2320 942 1292 642 600 638 653 600 END
START 1348 10668 10548 -1801 1632 1274 650 596 643 652 598 END
START 2412 10932 9980 -1584 970 1281 651 598 637 655 598 END