START -12940 8316 -1060 -1278 -28 -22 628 637 673 678 637 END
START -13272 8224 -536 -1319 70 -48 627 638 673 680 636 END
START -13760 8136 -524 -1288 -103 -101 627 635 673 681 635 END
START -13900 8140 -476 -1117 -227 -45 629 636 673 680 636 END
START -13564 8104 -380 -902 -725 95 627 649 673 680 636 END
START -12656 8356 -1312 -912 -374 102 626 636 686 681 637 END
START -12980 8252 -912 -940 529 -71 627 636 671 680 637 END
START -13484 8152 -428 -996 245 -54 635 634 680 680 606 END
START -13412 8184 -484 -1006 -116 -37 625 636 673 681 636 END
START -13008 8532 -868 -1064 -25 -27 625 633 673 680 636 END
START -12780 8524 -1404 -1010 515 -209 625 634 673 676 635 END
START -12876 8832 -1016 -783 1099 -395 619 633 672 679 634 END
START -13724 8276 348 -351 1917 -466 613 630 674 677 624 END
START -15288 7984 2260 163 281 -165 617 622 668 674 624 END
START -15844 8244 1836 549 -2818 435 618 617 664 676 617 END
START -15156 8788 1096 747 -4878 1208 617 621 661 675 632 END
START -15128 9260 644 1149 -5937 1729 616 609 658 672 609 END
START -15392 9332 2192 1861 -7491 2421 615 608 657 669 609 END
START -15460 9164 3868 3346 -10400 3094 617 608 656 664 608 END
START -13520 9272 4396 5017 -14749 3408 618 607 654 657 606 END
START -11660 8636 5324 6338 -17559 2809 615 605 654 651 604 END
START -11816 7700 4756 7634 -18667 1601 617 606 650 646 625 END
START -13408 8428 3988 8482 -19384 1126 615 603 666 638 602 END
START -13556 9040 2724 9048 -20301 1436 614 601 650 626 600 END
START -11440 9184 564 8986 -19540 1460 610 570 648 607 602 END
START -9580 9084 40 8746 -16290 748 608 598 648 598 602 END
START -9096 8860 300 8211 -13938 -193 605 598 646 586 598 END
START -10532 8868 1844 7250 -12105 -1655 595 606 646 577 599 END
START -12908 8496 2064 6885 -11763 -1900 598 597 645 565 596 END
START -14364 9132 2456 6212 -12479 -1912 591 595 645 554 596 END
START -12436 8688 1804 5508 -14238 -2037 631 596 633 542 637 END
START -9640 8780 -596 4441 -12066 -2699 581 594 625 529 594 END
START -9932 8296 -360 2324 -7285 -3524 574 595 644 523 595 END
START -13624 7996 1888 1338 -5486 -3242 606 592 654 477 592 END
START -13828 7432 2408 259 -7302 -3111 567 592 645 508 616 END
START -11204 7672 1644 -414 -7421 -3635 565 591 646 506 592 END
START -9396 8100 1496 -1230 -4355 -4036 576 593 642 503 627 END
START -8808 7576 2196 -2217 -727 -4787 560 591 646 503 594 END
START -10996 7668 3368 -3002 887 -5540 559 587 647 507 592 END
START -12232 7620 3848 -3238 -365 -6060 534 584 649 506 600 END
START -11828 7184 2068 -3779 -2771 -6422 557 592 650 501 592 END
START -10268 6396 -1156 -4756 -532 -7032 557 595 652 503 593 END
START -11496 6892 2740 -5606 1135 -7571 557 599 654 502 595 END
START -12208 5988 6028 -5997 -2894 -7810 488 598 653 500 619 END
START -14132 2944 -4052 -7603 6130 -7868 560 600 649 506 601 END
START -29548 12412 15620 -406 18187 -1430 558 603 649 505 599 END
START -21660 8848 10396 -925 -810 1405 554 620 654 554 599 END
START -18784 7244 8136 594 -1790 2256 561 595 651 498 601 END
START -13932 6380 7504 2267 -11287 1869 560 599 649 506 599 END
START -7912 6820 2404 1687 -14431 374 561 563 652 503 599 END
START -4384 7156 -1376 151 -5841 -803 566 592 653 507 600 END
START -6324 7100 2408 -941 5822 -605 562 600 655 511 600 END
START -12556 7152 6264 -1123 10063 -580 563 611 655 548 600 END
START -17272 7132 7936 -354 7687 -37 569 601 656 509 600 END
START -18216 6956 7356 173 2083 834 562 599 656 508 601 END
START -17952 7280 7604 1070 -1133 1715 562 600 656 514 591 END
START -16608 7728 8168 2278 -4479 2654 562 600 656 509 600 END
START -13384 8228 5388 2754 -4206 3287 562 600 657 510 600 END
START -12340 8780 3396 2498 -462 3926 563 601 655 511 599 END
START -13116 8864 3756 2406 1520 4542 563 601 654 510 600 END
START -13464 8688 3696 2115 417 4564 557 613 656 525 602 END
START -12868 8264 3656 1856 -2066 4401 562 599 656 513 601 END
START -11084 7960 3592 1547 -4537 3807 563 602 656 511 602 END
START -8732 7808 2800 993 -5964 2602 595 601 671 515 600 END
START -6628 7668 1216 110 -5305 1117 563 601 656 510 602 END
START -5240 7620 -168 -1036 -3136 -626 563 602 659 518 603 END
START -4852 7424 -464 -2360 -185 -2553 568 601 659 511 648 END
START -5748 7172 572 -3560 2179 -4573 564 603 656 513 602 END
START -6972 6848 1584 -4517 2305 -6417 564 602 653 512 602 END
START -7788 6476 1492 -5434 1806 -8094 563 603 684 513 604 END
START -8584 6276 1408 -6430 1644 -9531 565 603 657 513 606 END
START -8580 5592 1380 -7326 1879 -10829 564 603 655 513 605 END
START -12456 4440 -4424 -10499 613 -11961 572 602 665 512 605 END
START -32768 10076 10652 -376 32767 -2103 563 605 650 511 607 END
START -31412 7008 23796 1746 2450 1313 564 603 651 512 603 END
START -23464 6180 8580 2938 -15212 2231 566 602 664 510 605 END
START -13180 5296 3168 5782 -21897 72 565 604 652 525 604 END
START -6860 8172 -3168 3069 -20566 -1048 566 604 653 515 604 END
START -2080 7628 -9276 -471 -1353 -968 476 620 646 546 600 END
START -10428 5512 2460 -1719 14265 -904 569 603 652 512 604 END
START -18168 5080 7912 -1826 10211 -244 565 602 652 514 604 END
START -19292 5968 8504 -870 2237 118 568 614 653 505 604 END
START -17184 6648 6752 5 -3400 560 582 604 654 515 604 END
START -13516 6660 4812 294 -5053 751 569 605 654 513 601 END
START -11008 6484 2888 -216 -2952 504 563 607 654 484 604 END
START -10880 6308 3036 -715 460 33 568 607 655 516 603 END
START -12196 6204 4604 -1039 1386 -391 559 604 651 515 603 END
START -13688 6160 4960 -1082 882 -489 570 606 652 514 604 END
START -14232 6304 4920 -987 -36 -430 569 605 654 515 605 END
START -14556 6616 4436 -924 -684 -285 570 534 656 457 603 END
START -14480 6532 4188 -853 -1448 -66 568 603 657 514 604 END
START -13464 6344 4000 -796 -2013 -85 570 607 655 511 608 END
START -12540 6568 3044 -982 -1197 -149 570 606 654 469 632 END
START -12676 6460 3412 -1318 495 -190 572 606 654 516 604 END
START -13788 6336 4572 -1422 393 -145 570 605 654 515 605 END
START -13900 6132 4696 -1274 -837 -91 568 605 658 516 607 END
START -13320 6244 4128 -1109 -1362 -77 567 604 654 515 606 END
START -12768 6380 3880 -1072 -1067 -35 568 605 655 516 603 END
START -12796 6336 4088 -1095 -418 -108 570 607 655 517 564 END
START -13416 6432 4244 -1019 -281 -45 572 605 654 516 604 END
START -13388 6444 4540 -870 -742 -74 554 606 654 518 605 END
START -13124 6392 3840 -746 -696 -82 570 604 655 516 605 END
START -13020 6500 3804 -798 -36 -100 570 609 655 521 599 END
START -13520 6396 4120 -788 -19 -113 574 605 655 493 602 END
START -13476 6256 4124 -765 -400 -148 595 605 657 519 604 END
START -13496 6288 4048 -758 -778 -130 570 605 655 516 605 END
START -13272 6316 4116 -838 -673 -102 570 604 655 522 606 END
START -13024 6120 4092 -886 -76 -84 570 605 655 516 606 END
START -13388 6252 4272 -920 393 -3 584 606 663 497 605 END
START -13936 6228 4628 -891 257 76 572 607 655 537 605 END
START -13792 6164 4604 -704 -292 131 573 599 655 519 598 END
START -13424 6280 3984 -685 -390 101 570 606 655 518 606 END
START -13496 6220 4148 -786 -168 142 571 605 655 517 606 END
START -13664 6252 4508 -852 -2 192 564 585 654 528 605 END
START -13476 6088 4532 -797 -270 239 573 598 656 518 630 END
START -13252 6176 4404 -776 -195 215 568 606 657 519 604 END
START -13196 6140 4644 -816 -26 157 570 605 655 516 605 END
START -13404 6140 4544 -723 -90 105 570 606 655 518 604 END
START -13376 5968 4612 -664 -174 27 606 547 655 525 605 END
START -13516 6132 4344 -638 -193 -41 572 604 656 520 606 END