START -12748 8560 4936 -949 -142 326 556 627 651 398 605 END
START -12440 8764 4932 -944 -302 335 558 605 652 490 603 END
START -11864 8744 4884 -940 -782 343 547 603 672 492 614 END
START -11172 8724 4920 -787 -600 277 554 604 652 490 607 END
START -10188 8628 4212 -737 534 -73 555 604 652 482 606 END
START -10968 8652 4264 -685 1924 -57 560 606 650 465 606 END
START -12212 8540 4540 -583 2796 -36 558 606 653 492 604 END
START -13476 8568 5424 -494 1309 149 630 605 656 495 606 END
START -13152 8672 5564 -370 -980 302 558 606 652 491 610 END
START -11956 8700 4920 -405 -1857 277 560 606 652 491 606 END
START -10648 8724 4136 -410 -1302 205 589 584 669 493 615 END
START -10208 8724 3688 -505 79 -118 541 604 652 495 607 END
START -10596 8556 4024 -549 1309 -249 560 606 654 493 607 END
START -11192 8608 3932 -732 1977 -583 559 606 652 493 606 END
START -12072 8612 3980 -817 1622 -683 559 606 654 492 607 END
START -11968 8364 4628 -1009 -119 -924 470 619 648 494 607 END
START -10820 8556 3620 -1300 -1479 -1429 559 607 652 492 607 END
START -8948 8212 2812 -1850 -784 -2237 559 607 653 494 607 END
START -7976 7716 1548 -2566 1373 -3391 564 606 653 493 606 END
START -8128 7664 1732 -3403 3600 -4424 561 606 651 497 606 END
START -8584 7696 1836 -4516 5882 -5445 559 606 653 495 606 END
START -9516 7152 1748 -5027 6235 -6547 560 612 654 495 608 END
START -11036 6756 2548 -5814 5550 -7476 556 605 653 496 608 END
START -11716 6060 2536 -6494 3426 -8235 559 607 653 494 605 END
START -12776 5780 3220 -7030 1245 -8893 559 608 652 495 606 END
START -13716 5580 2872 -7303 -838 -9204 569 609 623 496 607 END
START -11024 4896 7396 -6829 -5336 -9722 559 608 649 473 608 END
START -23352 1736 -2716 -1715 30937 -7159 558 610 648 494 608 END
START -27516 12224 27572 2176 15043 108 510 596 642 470 607 END
START -28096 7268 6960 247 131 2057 558 610 649 494 609 END
START -22196 5108 9108 3981 -12046 2734 559 608 650 496 608 END
START -11356 6656 2164 3313 -23305 1562 532 606 656 497 602 END
START -4092 6620 -7456 651 -12599 279 560 609 650 497 608 END
START -6384 4900 180 476 5230 651 560 608 652 487 608 END
START -14632 4956 5868 -301 8968 964 562 608 630 499 606 END
START -19800 6072 6908 362 7474 2143 560 607 652 499 608 END
START -21264 6836 6660 953 3064 3570 535 607 650 562 609 END
START -19312 7284 5036 1464 -544 4753 593 608 652 497 607 END
START -16008 7344 4404 1928 -2249 5713 563 610 651 488 610 END
START -13248 7368 3428 2007 -1578 6128 545 609 655 555 609 END
START -12028 7268 3180 1885 -522 6180 559 607 652 500 609 END
START -11268 7416 2852 1793 5 5889 561 608 651 499 608 END
START -11060 7680 2204 1556 331 5474 563 608 651 499 613 END
START -11028 7620 2408 1229 -19 4787 561 608 651 498 609 END
START -11224 7376 2300 777 -944 3937 535 610 667 497 604 END
START -10300 7244 1892 256 -2510 2800 558 607 651 496 608 END
START -8844 7320 1304 -458 -2890 1332 562 612 652 498 608 END
START -7336 7228 664 -1331 -2244 -436 559 653 664 496 587 END
START -6184 7088 4 -2297 -275 -2357 562 604 653 500 612 END
START -7092 6588 -88 -3221 1960 -4138 565 608 652 496 609 END
START -9388 6224 908 -4125 2214 -5660 565 598 653 497 609 END
START -10632 6028 1528 -5053 568 -7004 561 610 652 498 610 END
START -10212 5852 1268 -6041 -1041 -8316 554 611 667 499 612 END
START -10696 5824 1060 -7075 -1446 -9366 561 610 646 499 607 END
START -11932 5580 1496 -8071 -1677 -10009 560 610 653 499 609 END
START -10080 2588 4244 -7407 -6858 -10599 567 609 648 498 610 END
START -30100 4036 -108 -2315 32243 -5215 563 643 647 498 610 END
START -28256 8112 21256 1729 11984 640 562 608 647 499 611 END
START -29112 7404 10212 -235 289 2888 563 607 648 500 607 END
START -23488 5340 10852 4022 -11758 4000 612 608 656 501 582 END
START -12484 5060 5820 5335 -27378 1953 566 609 650 496 603 END
START -3320 6664 -7664 1136 -22182 -432 564 609 653 501 609 END
START 676 5492 -8592 -74 -571 -872 550 608 668 499 611 END
START -7488 5220 4308 -697 9186 -1847 567 609 653 500 610 END
START -14140 5208 4180 -1629 8591 -2010 564 609 651 503 608 END
START -18168 5960 4740 -1156 7311 -1602 562 629 647 475 613 END
START -21344 6220 7280 -997 2162 -552 544 609 652 500 609 END
START -19828 5744 7920 -567 -6240 179 564 610 651 498 610 END
START -14876 5524 4680 -299 -11091 114 561 591 656 502 630 END
START -10484 5764 2444 -367 -9386 -288 566 609 652 503 611 END
START -9080 5788 1616 -1054 -3526 -545 562 609 652 502 608 END
START -11100 5680 3416 -1502 1954 -524 566 588 634 502 537 END
START -13828 5696 5428 -1186 3281 -362 566 610 651 487 608 END
START -15176 5832 5284 -706 2058 -177 567 610 647 501 610 END
START -15456 6396 5196 -291 -161 18 554 607 665 501 636 END
START -14528 6420 4144 -229 -1774 183 565 609 654 502 609 END
START -13564 6268 3580 -400 -1941 272 582 607 651 503 609 END
START -13212 5968 3564 -600 -1241 420 564 609 653 533 610 END
START -13032 5600 4080 -632 -796 483 569 609 653 502 610 END
START -12684 5596 4076 -637 -610 390 565 600 653 513 609 END
START -12564 5588 4440 -598 -60 217 568 610 652 503 610 END
START -12864 5668 4840 -571 492 177 565 610 652 504 608 END
START -13268 5384 4708 -676 381 26 567 609 652 499 608 END
START -13716 5240 4860 -587 211 -133 565 608 652 504 608 END
START -13796 4920 5240 -455 -638 -264 566 611 649 533 607 END
START -13644 4860 4944 -481 -1857 -613 565 607 650 506 607 END
START -13076 5072 4348 -507 -2636 -906 564 606 651 502 608 END
START -12708 5084 4308 -636 -2520 -1301 563 606 647 493 606 END
START -13108 4996 4492 -555 -2113 -1656 571 604 649 504 597 END
START -13572 5008 5084 -304 -1905 -1768 565 605 653 501 606 END
START -13804 5056 5064 -94 -1632 -1854 564 607 650 498 587 END
START -14424 5208 4732 195 -1069 -1703 565 604 649 505 609 END
START -15052 5308 4752 542 -983 -1479 566 604 649 506 605 END
START -15200 5308 4952 870 -1430 -1250 547 602 646 503 615 END
START -14672 5492 4780 1190 -1961 -1132 568 601 647 506 601 END
START -13724 5604 4760 1254 -2012 -1033 568 599 647 506 600 END
START -13640 5780 4208 1212 -1512 -966 582 622 646 503 591 END
START -13380 6032 4448 1143 -844 -771 568 598 644 505 598 END
START -13408 6088 3576 888 -286 -673 566 598 644 508 598 END
START -13924 6256 3688 644 470 -474 566 569 638 506 624 END
START -14072 6048 4728 520 -219 -335 561 598 646 507 599 END
START -13404 5916 4832 349 -1176 -325 568 600 632 512 598 END
START -13172 5880 4292 171 -1283 -328 570 597 646 508 599 END
START -13156 5820 4340 -19 -765 -289 567 598 645 512 598 END
START -13120 5716 4244 -266 -472 -242 564 621 645 534 597 END
START -13280 5696 4288 -519 -155 -202 561 597 645 507 598 END
START -13732 5588 4448 -703 80 -86 567 598 646 508 599 END
START -14324 5384 4912 -825 -304 52 571 598 645 507 597 END
START -14436 5292 5076 -884 -1158 215 567 597 645 508 597 END
START -14252 5228 4956 -813 -1978 287 567 577 647 534 598 END
START -13888 5156 5100 -716 -2449 299 568 598 645 505 596 END
START -13816 5160 5160 -562 -2588 302 571 595 644 512 595 END
START -13952 5316 4808 -527 -2887 359 573 590 643 545 596 END
START -13660 5360 5128 -477 -3157 372 573 592 642 520 593 END
START -13308 5440 4876 -642 -2995 330 569 594 640 524 594 END
START -13100 5420 4968 -859 -2597 360 575 620 639 455 592 END
START -13452 5516 5176 -998 -2418 428 575 594 640 533 608 END
START -13584 5304 5352 -1113 -2608 448 574 596 639 539 594 END
START -13196 5260 5716 -1150 -2958 351 579 595 638 547 590 END
START -13500 5212 5492 -1256 -3425 335 579 592 638 548 595 END