START -15516 4984 3016 -579 9133 1678 572 603 652 462 603 END
START -16800 4992 4224 -492 8852 1934 560 602 651 487 601 END
START -18192 5192 6336 -514 3966 2131 554 630 651 487 576 END
START -15072 5200 3636 -410 522 2076 564 600 654 484 603 END
START -12608 5140 2644 -641 1629 1836 563 603 653 488 601 END
START -13396 5152 2000 -864 3396 1781 557 606 654 503 604 END
START -15236 5180 2864 -853 2848 1842 562 603 655 486 604 END
START -14024 5380 3176 -913 1325 1450 583 605 654 482 605 END
START -13396 5300 1320 -1136 1354 1262 553 603 654 482 599 END
START -13784 5136 1508 -1065 2532 1071 561 604 655 485 604 END
START -14520 5012 2692 -916 2469 913 502 608 659 486 607 END
START -14592 5152 2864 -1063 1064 814 554 606 654 486 608 END
START -14852 5336 2188 -1110 677 751 562 607 654 488 606 END
START -13952 5232 1948 -1252 -77 621 577 609 678 487 590 END
START -12868 5672 1864 -1363 1147 475 553 609 654 487 609 END
START -14084 5332 -24 -1444 3291 686 566 609 654 494 609 END
START -15316 5484 2424 -1164 4252 862 565 608 655 487 608 END
START -15336 5448 2624 -1219 3663 1225 565 611 655 487 610 END
START -14508 5824 1924 -1218 3306 1393 567 609 655 486 611 END
START -14580 5964 220 -976 5887 1930 561 609 655 484 620 END
START -16996 6036 1784 -838 6512 2515 559 604 656 485 609 END
START -18664 6548 3196 -770 3325 3280 560 608 669 411 608 END
START -16992 6376 2008 -914 -796 3720 558 612 656 478 610 END
START -14892 6692 256 -928 -1481 4128 556 611 655 484 611 END
START -13192 6716 1344 -658 -339 4242 557 625 656 413 632 END
START -11520 6380 772 -856 1647 3869 555 611 657 485 613 END
START -12708 6708 204 -868 4369 3613 554 611 651 481 614 END
START -14652 6828 2388 -907 4752 3615 551 612 657 482 612 END
START -14308 6596 2292 -1279 1924 3207 553 611 656 480 612 END
START -14412 6604 276 -1524 -371 2980 559 620 650 480 611 END
START -13416 6104 804 -1455 -1467 2465 555 604 658 481 611 END
START -12496 6208 1676 -1359 -3905 1796 553 612 655 481 612 END
START -9520 5744 1272 -1506 -4692 143 549 628 660 472 607 END
START -7336 5472 1332 -2048 -4338 -2069 552 615 655 481 612 END
START -6728 4728 -228 -2567 -2057 -4845 555 614 655 481 614 END
START -7656 4184 -576 -2983 -732 -7479 559 640 664 483 615 END
START -8812 3784 588 -3470 -1977 -9929 553 612 655 481 632 END
START -9940 3516 -260 -4290 -3731 -12016 554 612 655 482 612 END
START -9472 3960 1064 -5386 -5652 -14210 554 613 654 481 614 END
START -8128 3196 236 -7033 -5549 -16072 554 614 655 480 606 END
START -29316 -4336 -17232 -5272 32767 -11363 554 616 648 481 614 END
START -32768 15472 20392 1 26137 449 552 613 651 479 612 END
START -32768 7268 14636 223 -12288 4882 562 611 662 477 641 END
START -18104 3600 2064 3367 -32768 1365 555 613 659 481 623 END
START 5180 8220 -22916 -6523 -32768 -2328 555 613 654 482 612 END
START 4508 3816 -8488 -1910 13388 317 555 626 697 471 615 END
START -20368 3812 5844 -2922 19307 724 555 614 651 484 612 END
START -29512 5416 10468 -1595 11859 3192 554 612 651 482 613 END
START -27888 5004 10604 452 -4052 5350 576 607 652 488 614 END
START -20384 5556 3004 2001 -9351 7298 553 613 652 482 606 END
START -16180 5972 2048 3281 -3699 9346 554 612 652 484 614 END
START -16712 5508 3972 4063 -649 11012 528 618 650 482 612 END
START -16216 5680 4184 5184 -1389 11818 553 616 653 480 614 END
START -14352 5548 4048 5658 -2972 12179 555 613 651 483 613 END
START -11816 5596 1856 5559 -4722 11526 554 612 650 486 615 END
START -9760 5720 428 5226 -4712 10490 556 612 650 485 614 END
START -8900 5732 -4 4425 -4914 8712 553 613 651 482 613 END
START -7436 5604 -184 3706 -4852 6669 555 648 650 502 614 END
START -6392 5832 -1064 2467 -4446 4108 555 617 651 486 610 END
START -5284 6120 -1912 767 -2957 1232 553 612 650 483 614 END
START -4900 6260 -2640 -1185 -2116 -1847 527 616 634 483 634 END
START -4556 5728 -2720 -3269 -595 -5232 584 613 651 484 614 END
START -4384 5360 -2336 -5067 381 -8470 554 615 650 484 614 END
START -5052 4672 -1676 -6874 965 -11598 588 614 648 485 611 END
START -8064 4396 -1172 -8297 819 -14142 555 609 650 481 612 END
START -10488 3784 432 -9531 -3189 -16210 557 613 652 485 613 END
START -8440 2996 136 -10920 -6180 -18217 557 613 651 485 615 END
START -7404 1568 5396 -11259 -9510 -19744 554 614 650 483 617 END
START -32768 1284 8984 1085 32767 -10272 544 614 650 483 614 END
START -32768 7732 32767 1383 7449 -2416 557 613 651 483 614 END
START -32768 3512 7272 5139 -13503 151 555 614 651 495 617 END
START -19884 5888 -1832 5478 -28782 -724 559 614 653 485 615 END
START -4124 7420 -14776 291 -16028 -2287 556 614 653 485 615 END
START -3324 5260 -2220 -659 4915 -1795 557 548 652 569 614 END
START -13060 1612 -592 -2316 11206 -1693 555 615 652 488 615 END
START -20800 2896 7324 -802 11570 -1069 557 614 653 483 614 END
START -23500 3560 9752 -143 -147 -144 557 614 652 489 613 END
START -17480 4176 3644 840 -6643 175 557 616 652 489 615 END
START -12808 4896 -132 251 -5023 275 557 614 651 487 613 END
START -11304 4132 1272 -246 -491 129 555 606 648 498 613 END
START -12456 3752 2260 -697 1055 -294 558 614 651 488 615 END
START -14752 3864 3240 -361 2276 -281 558 614 650 487 615 END
START -16148 3712 4692 161 671 -193 535 623 652 476 613 END
START -15832 4104 3096 658 -108 112 558 613 650 487 613 END
START -15740 4112 2892 905 168 477 558 591 652 501 614 END
START -15448 4160 2828 1083 34 699 559 613 650 469 614 END
START -15536 4020 2244 1243 141 900 560 613 652 488 614 END
START -15248 3932 2452 1400 159 1155 559 614 650 491 613 END
START -15352 3696 2520 1407 72 1256 559 606 649 492 611 END
START -15516 3940 2120 1602 -579 1340 606 611 647 486 602 END
START -15128 4128 1912 1670 -954 1377 559 610 657 489 610 END
START -14892 3844 1840 1557 -1535 1580 561 609 650 494 609 END
START -15108 4104 1976 1410 -2241 1561 563 666 650 486 614 END
START -15376 4176 2052 1388 -3372 1530 564 609 649 492 608 END
START -15592 4388 2164 1445 -4531 1523 563 605 647 489 605 END
START -15512 4692 2540 1591 -5206 1682 561 601 646 528 598 END
START -15712 4640 2780 1608 -5484 1889 566 602 646 520 601 END
START -16120 5024 3216 1345 -5980 2042 573 599 644 504 599 END
START -16276 5236 3324 1166 -6926 2241 574 594 641 500 602 END
START -16232 5176 3456 1014 -7826 2558 576 594 640 505 595 END
START -15848 5168 3988 758 -9500 2798 575 593 638 507 593 END
START -15068 5244 3416 426 -11265 2960 575 594 637 504 595 END
START -13968 5104 3316 -85 -11807 3037 578 594 638 506 596 END
START -12456 5064 3708 -416 -11223 3309 579 593 639 508 592 END
START -11576 5092 4044 -675 -9029 3365 579 591 639 517 591 END
START -11472 4568 4744 -1087 -7252 2966 580 592 638 507 590 END
START -11776 4628 5316 -1153 -5819 2290 579 592 637 507 592 END
START -11940 5096 5728 -1017 -5706 1864 579 593 635 524 584 END
START -11928 5364 4828 -1182 -5330 1506 580 591 632 512 592 END
START -12316 5600 4588 -1539 -4209 1310 586 591 635 511 589 END
START -13484 5740 5308 -1836 -4311 1418 580 615 637 510 588 END
START -14676 5896 5764 -2247 -6133 1797 585 586 638 513 585 END
START -15848 6392 5452 -3093 -9915 2403 582 589 635 520 589 END
START -16852 6604 6656 -3981 -14606 3242 600 591 639 525 613 END
START -21064 6372 14248 952 -28223 7224 582 587 634 527 587 END
START -16396 5988 6232 -4351 -32768 6799 585 588 635 533 589 END
START -11268 6600 5744 -5007 -32768 6636 583 589 634 538 589 END
START -9144 6916 7636 -8081 -32768 5929 586 585 633 543 590 END
START -4280 5936 5380 -9389 -32768 4831 588 588 632 550 597 END
START 724 4228 6584 -8925 -32768 3364 592 590 634 558 589 END