START -13352 9444 2888 -1627 1621 -1914 561 639 658 532 609 END
START -13684 9332 3152 -1612 1748 -1716 562 613 659 518 612 END
START -14200 9292 4024 -1503 1403 -1103 556 615 659 526 611 END
START -13804 9516 4216 -1188 487 -563 562 612 658 518 612 END
START -13144 9612 4148 -1017 30 -228 561 611 659 518 612 END
START -12712 9544 3912 -908 4 73 569 610 658 514 612 END
START -12388 9312 3496 -864 412 272 562 610 658 516 609 END
START -12664 9424 3924 -922 746 435 573 608 659 513 611 END
START -12708 9220 4216 -776 363 605 559 610 660 518 612 END
START -12620 9080 4316 -635 -231 604 563 611 658 518 611 END
START -12356 9024 4152 -440 -953 655 571 639 654 545 612 END
START -11804 8920 3692 -425 -1253 576 564 612 658 518 611 END
START -11252 9016 3288 -432 -931 379 563 611 658 520 611 END
START -11540 9124 3168 -574 -386 225 553 611 659 520 612 END
START -11876 8916 3300 -645 -172 194 563 612 658 522 606 END
START -12500 9024 3444 -760 -376 147 561 610 652 521 678 END
START -12796 8904 3420 -697 -1173 199 563 611 660 522 612 END
START -11724 8780 3156 -671 -1641 31 563 611 659 520 613 END
START -11052 8808 2836 -807 -1298 -258 566 603 658 522 608 END
START -10776 8792 2304 -996 -358 -547 558 611 660 520 610 END
START -11100 8748 2428 -1249 142 -859 564 611 658 512 611 END
START -11500 8824 2636 -1460 397 -1191 564 610 658 521 613 END
START -12016 8548 3184 -1621 39 -1302 563 611 659 520 617 END
START -12340 8712 3308 -1641 -393 -1393 558 610 660 521 611 END
START -12176 8828 2960 -1653 -547 -1418 562 612 660 519 614 END
START -12476 8868 2876 -1734 263 -1294 563 611 654 519 611 END
START -13032 8920 3240 -1627 1156 -909 571 612 659 520 614 END
START -13800 9032 3900 -1488 1421 -397 563 609 660 521 613 END
START -14460 9296 4280 -1233 875 191 557 612 659 521 611 END
START -14228 9144 4284 -832 -154 734 558 611 702 521 612 END
START -13444 9224 3848 -566 -621 1078 562 610 659 523 615 END
START -13036 9248 3544 -453 -131 1464 563 612 659 522 611 END
START -13280 9236 3932 -281 541 1954 563 599 660 532 611 END
START -13740 9112 4504 -123 547 2482 564 610 658 511 613 END
START -13864 9260 4368 241 -37 2987 562 611 660 524 612 END
START -13972 9476 4480 517 -461 3517 570 612 658 522 616 END
START -13892 9584 3900 677 -747 4229 563 610 660 523 611 END
START -13416 9756 3900 932 -589 4802 576 611 660 522 624 END
START -12944 10168 3768 1116 -486 5218 564 611 659 524 615 END
START -12800 10460 3656 1220 -30 5780 563 610 659 523 611 END
START -12728 10404 3980 1294 520 6447 562 608 671 524 609 END
START -13232 10852 4340 1408 127 7120 563 612 661 522 608 END
START -13164 11348 3996 1699 -1063 7945 563 612 662 522 612 END
START -12708 11308 3984 1723 -1944 8666 554 609 659 523 576 END
START -12156 11404 4592 2131 -2806 9390 564 612 660 522 613 END
START -10860 11924 3676 2364 -3451 9777 564 613 661 521 613 END
START -10152 12852 3404 2478 -2450 10146 563 600 660 533 612 END
START -9760 12372 3672 2384 -2526 10346 568 611 661 521 596 END
START -9376 11596 4708 2487 -3793 10265 565 611 664 520 610 END
START -8124 11392 4408 2869 -5300 9724 609 611 668 521 612 END
START -6704 11456 2668 2718 -5764 8979 564 609 663 519 612 END
START -5680 11424 1680 2492 -4219 7862 564 613 662 521 612 END
START -5000 11564 1336 2012 -3235 6424 635 611 675 520 617 END
START -4312 11484 288 1287 -1970 4854 562 617 663 518 610 END
START -4616 11024 44 414 -807 3223 569 611 663 519 612 END
START -6000 10804 1176 -277 -1241 1770 562 612 662 517 620 END
START -5900 10332 1600 -1079 -4008 1 563 612 661 520 611 END
START -4820 9844 48 -2005 -6000 -2106 565 615 664 520 612 END
START -2600 9440 -1164 -3189 -5221 -4324 549 612 665 519 611 END
START -1708 9632 -1428 -4674 -1842 -6858 565 612 666 519 611 END
START -1840 9644 -1820 -6323 1830 -9211 565 612 664 518 612 END
START -4104 9688 -256 -7598 5402 -11169 564 616 665 528 614 END
START -6628 9592 944 -8340 5962 -12511 568 612 666 518 613 END
START -9188 9416 1692 -8729 5619 -13404 566 611 666 518 615 END
START -10496 8888 2200 -8697 4119 -13603 561 623 667 546 614 END
START -11396 9088 3248 -9159 2051 -14062 570 611 667 519 616 END
START -10868 9480 4204 -9223 -973 -14033 565 615 663 520 614 END
START -8420 9396 2536 -9715 -732 -14069 564 614 662 513 617 END
START -7056 9428 -912 -10711 4661 -14098 565 615 659 520 614 END
START -19736 4920 -15732 -17957 15789 -13282 567 618 670 518 618 END
START -32768 17172 32767 -645 32767 1642 566 618 666 516 619 END
START -29916 9280 11120 499 -23776 5606 589 620 668 528 617 END
START -14660 7064 7604 5583 -26576 4207 564 616 669 520 606 END
START -3612 11540 -3248 3190 -24032 2902 565 616 668 510 617 END
START -1552 12128 -8728 -515 1752 4355 564 617 667 517 619 END
START -15052 10956 6504 -2002 15753 6536 565 618 669 519 617 END
START -22376 9836 13976 -77 6021 8406 567 620 669 517 619 END
START -21804 10696 9300 2070 -4500 10607 516 618 670 516 618 END
START -15088 10720 3704 2991 -6873 12616 570 614 666 517 617 END
START -11876 10800 4336 3520 -4740 13801 565 619 669 519 616 END
START -8988 9984 4656 4046 -5326 13879 566 620 669 522 617 END
START -6304 9288 3296 4483 -4855 13117 564 639 669 540 617 END
START -4608 8952 1832 4279 -2992 11726 565 620 669 522 617 END
START -4372 8816 1020 3832 -954 10141 569 618 669 520 619 END
START -4584 8660 1176 3252 -1183 8048 551 619 667 514 618 END
START -3596 8460 860 2548 -3050 5421 565 617 669 519 622 END
START -2180 8312 844 1474 -4857 2215 565 620 670 523 618 END
START 40 8084 -680 258 -5180 -1413 566 619 670 521 618 END
START 1620 7988 -2060 -1363 -3414 -5144 566 619 670 520 620 END
START 2184 7236 -2876 -3260 948 -9166 566 609 671 529 618 END
START -608 6756 -1584 -4952 4207 -12735 551 621 670 520 619 END
START -3688 6832 8 -6475 3957 -15717 566 619 669 520 620 END
START -5084 6736 1664 -7824 1327 -18286 572 620 670 519 654 END
START -4912 6940 1552 -9192 -733 -20572 564 620 672 522 619 END
START -4452 6760 324 -10553 -594 -22366 570 612 670 520 620 END
START -6112 4992 424 -11695 1812 -23589 569 645 669 499 619 END
START -19332 -9288 -22136 -12595 31668 -20200 568 620 669 513 619 END
START -32768 14352 32767 4149 20262 -5260 565 623 668 518 618 END
START -29696 11516 4924 2714 -20555 -1765 566 619 670 516 618 END
START -15392 8132 4620 7696 -17119 -3292 564 614 669 504 639 END
START -6280 10412 -4032 4425 -16817 -5389 568 622 669 518 617 END
START -5044 11228 -6184 318 2737 -3907 566 619 669 517 622 END
START -11240 7796 1780 -1288 11448 -2085 561 620 669 518 619 END
START -17332 6396 7396 -1045 8313 -1808 590 621 676 501 619 END
START -18280 6752 9164 377 1037 -1478 572 619 670 519 619 END
START -15968 7952 7624 1069 -4140 -902 565 619 671 519 619 END
START -12032 8264 4788 1153 -5127 -683 563 617 667 510 618 END
START -9728 8120 3296 786 -2929 -1106 565 622 669 521 620 END
START -9600 7504 2904 341 -27 -1617 566 620 670 525 619 END
START -11208 7352 4016 -126 856 -2156 564 620 669 519 619 END
START -13208 7244 4608 -306 -236 -2413 566 619 670 520 619 END
START -13884 6988 4960 -359 -2085 -2436 561 616 690 519 575 END
START -14156 6896 4708 -621 -3738 -2423 567 621 669 519 620 END
START -13584 6572 4440 -644 -4813 -2386 566 618 669 520 621 END
START -12584 6448 4144 -922 -5132 -2573 519 627 683 520 617 END
START -12292 6500 3940 -1129 -4533 -2682 567 619 670 522 622 END
START -12424 6220 3816 -1390 -4020 -2726 568 611 671 520 618 END
START -13012 6008 4568 -1590 -3657 -2888 564 618 668 521 618 END
START -12876 5800 5092 -1591 -5646 -3124 546 618 667 495 610 END
START -12100 5568 4452 -1808 -6489 -3498 568 631 667 522 615 END