START -6352 11220 748 -998 -2724 -243 563 613 665 502 613 END
START -6020 11260 816 -1043 -1411 -475 564 612 662 506 612 END
START -7576 11176 2072 -1410 976 -1176 563 612 664 506 614 END
START -9388 11188 3344 -1617 515 -1592 577 612 663 511 613 END
START -9612 11048 3536 -1790 -798 -1955 566 632 665 507 614 END
START -8572 11176 2472 -2068 -1284 -2297 561 613 665 506 614 END
START -7316 11044 2792 -2355 283 -3073 562 592 667 493 611 END
START -6544 11048 1624 -2799 1595 -4035 564 614 666 507 613 END
START -6704 10920 260 -3280 4627 -4940 562 613 666 509 614 END
START -9272 10316 3220 -3936 4490 -5860 563 629 666 558 613 END
START -10340 9784 2712 -4475 1889 -6529 564 614 666 507 614 END
START -10136 9244 3212 -4880 -1536 -7459 564 613 666 507 614 END
START -6344 8964 3148 -5335 -2486 -8922 564 615 667 507 615 END
START -2256 9096 -796 -6774 2557 -10691 561 611 666 509 616 END
START -3496 8676 -120 -8055 10473 -12473 564 616 668 503 614 END
START -8984 7908 -1456 -8929 11692 -13748 562 614 667 507 614 END
START -14784 6492 364 -9366 7939 -14474 566 591 664 509 637 END
START -19020 5712 6124 -10379 -3206 -14386 565 614 667 507 614 END
START -11924 4704 10540 -9540 -17086 -15375 560 614 667 507 614 END
START -19680 -1612 -15292 -8393 26177 -11976 565 617 668 508 616 END
START -32768 14208 32767 5108 14833 2172 545 615 661 540 585 END
START -23000 7788 9000 2013 -13597 2532 561 615 668 504 615 END
START -13172 6124 3720 5364 -17479 293 563 616 668 505 615 END
START -6104 9068 -6000 2580 -13487 -1595 556 617 668 505 618 END
START -4768 9640 -6236 -555 4560 -369 563 615 670 506 599 END
START -13680 7092 3020 -2610 9959 240 559 616 669 514 618 END
START -19496 5652 6840 -1958 6057 1138 562 619 658 506 614 END
START -20848 7368 6968 -1133 872 3064 565 616 670 506 614 END
START -17748 7852 6184 -831 -1949 4121 561 615 668 506 609 END
START -13724 7848 3268 -476 -1989 5028 591 595 657 504 618 END
START -12164 8696 2468 -375 3361 5624 561 618 669 508 616 END
START -14284 9000 3788 -265 6557 6420 563 616 669 509 614 END
START -15120 8620 4068 -3 5889 6904 546 616 665 506 618 END
START -15184 8628 5128 397 2757 7351 559 617 669 508 619 END
START -12912 8252 4668 764 -1141 7308 563 616 669 502 616 END
START -9380 8372 2628 676 -2570 6593 560 615 660 510 628 END
START -7012 8268 1392 275 -723 5386 564 616 669 509 617 END
START -6788 8128 660 -177 1199 4010 588 603 669 535 620 END
START -6948 8036 1036 -627 2168 2281 562 616 670 510 616 END
START -7156 8024 1704 -1132 1035 150 559 616 669 509 616 END
START -6196 7488 1636 -1795 -354 -2253 571 618 671 508 610 END
START -5660 7228 1852 -2683 -2080 -5000 563 617 669 509 608 END
START -3892 6856 104 -3707 -2867 -8018 563 617 667 501 616 END
START -3224 6448 -524 -4779 -1474 -10999 563 613 668 404 624 END
START -6168 5612 360 -6026 28 -13599 562 613 667 508 613 END
START -9012 5092 1332 -7412 -2534 -15230 563 614 667 508 617 END
START -8764 2384 -1276 -10424 -12251 -16685 559 644 656 521 615 END
START -32768 3020 -3008 1136 32767 -7250 565 614 649 503 614 END
START -32768 10560 26624 319 12458 314 556 615 649 508 614 END
START -32768 7312 5124 -394 -6193 3800 541 606 651 529 617 END
START -19464 5716 6860 4997 -24308 2449 558 611 652 511 615 END
START -3480 7956 -10020 -1592 -29457 -1814 560 615 653 508 615 END
START 872 7136 -11536 -1225 -543 -705 557 614 652 512 615 END
START -9984 5684 4776 -2224 11307 -690 558 615 653 513 615 END
START -17564 5544 7924 -2834 8785 -732 558 616 652 510 617 END
START -19800 5892 9556 -1372 3488 110 559 610 652 515 612 END
START -17896 5668 10044 199 -5935 193 545 616 654 500 616 END
START -13300 5912 5980 990 -12394 -756 562 615 653 512 617 END
START -8684 6568 1960 902 -11426 -1851 557 625 613 512 616 END
START -5760 6896 20 112 -2915 -2708 559 617 656 510 617 END
START -8048 6620 1792 -850 5719 -3218 556 617 656 514 617 END
START -13860 6040 3840 -1520 9746 -3075 606 618 647 514 610 END
START -18664 5892 5552 -1380 7201 -2358 563 617 658 516 617 END
START -19912 5644 6064 -1182 755 -1803 559 618 659 519 617 END
START -18260 5932 4160 -1129 -4996 -1326 563 607 662 493 571 END
START -15284 6172 1784 -1236 -5520 -888 563 618 660 520 617 END
START -13008 6132 2776 -1512 -4065 -674 563 618 660 522 618 END
START -12320 5984 2088 -2026 -1337 -873 536 616 662 520 618 END
START -13176 5924 3224 -2223 1549 -1003 566 616 660 518 616 END
START -14948 5980 4296 -2364 1944 -999 564 617 660 522 610 END
START -15392 5888 4520 -2196 420 -953 567 617 661 518 617 END
START -14876 5780 4700 -1786 -1498 -945 566 618 663 521 617 END
START -13720 5852 3700 -1499 -2435 -931 564 617 662 516 617 END
START -12512 5872 3088 -1363 -1380 -873 567 617 662 521 617 END
START -12476 5648 3116 -1605 575 -886 560 620 660 521 616 END
START -13380 5484 3620 -1618 1751 -871 566 617 662 518 617 END
START -14452 5172 4132 -1569 1220 -985 566 615 663 520 616 END
START -14800 5120 4052 -1362 -156 -1143 565 630 664 518 614 END
START -14752 5052 3364 -1434 -1356 -1070 565 614 664 541 614 END
START -13872 4800 4016 -946 -1925 -1120 573 609 663 515 616 END
START -13280 5100 3700 -946 -2159 -1181 608 612 663 572 614 END
START -13148 5032 3956 -1167 -817 -1097 568 620 662 524 618 END
START -13852 4696 4976 -1016 -387 -958 570 618 663 522 618 END
START -14264 4660 5004 -451 -531 -828 562 616 661 522 615 END
START -14136 4812 4748 -90 -816 -772 569 617 663 522 617 END
START -14272 4948 4048 1 -642 -560 569 619 664 521 620 END
START -14032 4844 3960 139 -365 -369 567 615 663 528 618 END
START -14004 4760 3960 114 -22 -180 567 619 663 522 618 END
START -13960 4804 4216 136 75 -5 485 617 616 522 635 END
START -13512 4632 4448 231 -51 62 570 618 664 522 620 END
START -13196 4784 3948 170 171 20 597 591 664 432 620 END
START -13028 4844 3800 105 859 -1 569 617 667 521 620 END
START -13596 4764 3960 -8 1156 -19 578 620 657 522 617 END
START -13736 4900 4148 15 1308 118 569 618 664 522 618 END
START -14004 4916 4364 -23 1186 268 570 618 663 529 618 END
START -14148 4948 4344 -32 679 470 568 608 665 524 617 END
START -13816 4932 4108 67 414 492 569 618 664 524 619 END
START -13500 5024 4092 117 516 504 562 618 665 545 624 END
START -13604 5028 3952 114 981 565 570 617 664 522 618 END
START -13684 5084 4112 132 1247 560 546 610 664 545 620 END
START -14072 5020 3800 209 1327 556 572 619 665 526 621 END
START -14084 5120 3664 238 1412 608 575 618 664 523 618 END
START -14076 5096 3472 217 1536 675 569 617 664 524 618 END
START -14308 5144 3344 118 1592 812 570 621 662 516 618 END
START -14792 5304 3180 98 1604 1013 577 619 663 525 656 END
START -14932 5412 3472 30 1186 1204 570 619 664 524 618 END
START -14568 5348 3600 11 694 1302 567 599 663 483 642 END
START -14396 5452 3372 -13 435 1306 571 618 664 525 618 END
START -14116 5496 3336 -7 318 1279 571 618 664 523 617 END
START -13956 5644 2988 15 454 1150 572 618 665 528 619 END
START -14056 5720 3088 -22 1016 976 572 618 664 523 618 END
START -14496 5636 3072 21 1494 945 546 610 649 524 618 END
START -14932 5768 3232 42 1514 952 571 618 665 524 621 END
START -15548 5888 3032 -45 916 1016 566 618 661 503 616 END
START -15772 5836 3024 -82 -80 1172 569 616 664 523 621 END
START -15324 5852 3108 -94 -1330 1249 574 617 665 527 616 END
START -14448 5728 2372 -67 -1802 1271 572 616 661 524 617 END
START -13760 5788 2232 -159 -1247 1175 572 617 663 517 617 END
START -14236 5612 2236 -346 -366 1071 570 618 664 522 623 END
START -14580 5592 2572 -366 -184 1060 569 621 662 524 616 END