START -84 14308 6756 1115 3563 -3091 627 656 674 680 610 END
START 160 14220 6060 1143 5702 -2844 626 627 674 682 619 END
START -484 14732 6328 1332 11389 -1794 627 622 674 676 627 END
START -5128 15328 7504 761 12742 48 627 626 675 670 626 END
START -6416 14680 6792 -663 7683 1486 623 623 672 669 624 END
START -4360 13000 7604 -972 1081 2013 627 622 672 666 672 END
START -2484 13044 8912 -875 -3668 1816 624 622 672 664 621 END
START -908 13748 8128 -444 -3813 1735 622 623 672 660 624 END
START -112 13680 7576 248 -486 1601 624 624 673 656 626 END
START 200 13676 7000 344 4192 1726 618 623 670 648 623 END
START 268 13312 5816 463 8913 1515 619 642 670 659 622 END
START -1144 13148 6228 655 11095 937 617 641 669 644 622 END
START -2184 13148 6312 532 11864 637 660 621 667 631 622 END
START -2264 13048 6676 812 12119 404 619 619 669 621 622 END
START -2432 13500 7080 509 12195 270 612 615 665 608 621 END
START -2208 13640 6836 -146 12200 -291 629 616 641 579 616 END
START -2412 13840 3248 -1851 15626 -441 604 612 660 584 614 END
START -5308 13728 3688 -1534 25721 2128 599 611 658 569 610 END
START -6444 13872 6532 -1446 24459 4055 595 609 669 482 608 END
START -4536 13192 5780 -1693 27889 2988 585 605 652 546 603 END
START -4152 12112 5932 -3061 27655 1316 586 602 650 531 602 END
START -6352 12768 6300 -3674 24452 1335 602 599 648 511 602 END
START -7028 13912 2112 -5286 20735 1779 582 585 648 516 601 END
START -6804 14032 836 -6663 20964 1993 579 600 648 514 600 END
START -6536 13680 3152 -8181 20776 1513 496 598 646 509 597 END
START -3268 12676 4420 -9611 23832 529 571 597 647 507 600 END
START -2840 11092 7952 -8802 24050 -410 569 598 646 500 598 END
START -4376 11300 4344 -7370 21492 -1334 568 597 647 507 598 END
START -7288 12752 -1668 -9469 22828 -2196 571 599 659 506 604 END
START -9940 12720 780 -10753 25617 -1948 568 599 655 506 598 END
START -9120 10448 6136 -10514 22931 -2400 564 598 644 505 599 END
START -8768 10388 6676 -10159 17702 -3356 564 599 637 480 599 END
START -9088 10616 4980 -10762 15699 -4127 565 600 649 504 602 END
START -8896 10372 4168 -11080 13956 -4784 561 600 649 506 599 END
START -9332 9068 2764 -12164 12164 -5171 567 600 652 508 600 END
START -10076 9512 4572 -10036 12011 -5802 557 589 655 498 601 END
START -9256 8424 5356 -10416 10393 -7112 569 600 653 509 602 END
START -9984 8032 6224 -10065 9740 -8055 565 600 655 509 601 END
START -11216 8136 5824 -9697 7325 -8517 571 599 655 509 602 END
START -11136 8280 3452 -8984 4221 -8704 574 605 658 511 598 END
START -9300 7780 3192 -8387 3438 -9907 568 607 656 508 603 END
START -9292 7736 3408 -8074 3246 -10724 569 605 658 510 604 END
START -8972 7584 3280 -8184 4319 -11553 559 604 662 511 600 END
START -10352 5048 888 -9603 779 -12533 570 607 652 508 606 END
START -32768 9724 6172 -5293 23234 -5914 571 606 653 509 606 END
START -28768 10096 16556 -2044 5366 248 574 615 651 511 589 END
START -23112 8464 8512 -1808 -7012 1638 571 607 653 507 608 END
START -14472 8944 5896 -16 -13612 3118 570 607 655 510 606 END
START -6064 8844 -168 -1276 -12802 2311 570 604 650 514 604 END
START -5044 7628 1112 -2318 -182 1506 574 607 672 515 608 END
START -11308 7440 5360 -2780 6666 2024 572 606 656 509 605 END
START -18144 7736 7712 -2095 6385 3145 625 602 669 524 607 END
START -19104 8200 7704 -1116 1307 4136 572 606 655 512 606 END
START -18672 9068 6220 -215 -591 5908 572 607 657 511 607 END
START -15984 8792 6884 910 -2585 7181 604 607 660 511 554 END
START -13184 8592 4796 1583 -1852 7783 572 633 656 510 610 END
START -11360 8276 4388 1870 -173 8088 570 607 657 512 607 END
START -10960 8232 4664 1994 349 7914 571 597 660 513 603 END
START -10264 8144 3792 2006 -186 7499 572 607 657 512 610 END
START -9436 8296 3092 1720 -397 6706 573 607 658 513 610 END
START -8800 8356 2184 1453 -734 5735 572 609 658 516 609 END
START -7912 8168 2088 1069 -819 4270 571 608 658 513 608 END
START -6932 8196 1576 516 -1305 2635 573 591 658 418 596 END
START -5208 7924 1496 -453 -1685 253 574 607 657 509 607 END
START -3448 7732 388 -1783 -1008 -2437 572 607 658 513 607 END
START -3424 7508 376 -3181 388 -5203 572 606 660 514 606 END
START -3576 6924 540 -4418 1044 -7949 574 608 658 512 609 END
START -4016 6768 624 -5496 1384 -10753 573 610 645 517 607 END
START -4964 6636 1224 -6692 692 -13524 571 607 659 514 609 END
START -4900 6248 1184 -8302 -1755 -16540 577 609 659 515 609 END
START -3780 5400 -388 -10269 -2169 -19467 567 609 659 514 610 END
START -3008 4120 144 -12200 -856 -22119 571 613 654 525 611 END
START -16036 -5584 -23848 -15263 18397 -21698 576 611 654 512 611 END
START -32768 11864 32767 211 32767 -5798 575 610 653 513 610 END
START -32768 5700 18948 1035 254 -470 574 612 655 514 611 END
START -30536 6556 8276 4223 -21486 1671 576 612 655 518 611 END
START -10512 8572 -1440 6192 -32768 797 578 611 657 514 611 END
START 3296 7928 -19304 -5430 -11486 -2365 576 611 658 516 616 END
START -8268 6676 3760 815 16733 -259 577 623 656 498 610 END
START -19092 4904 7328 -2000 13008 -677 578 607 657 530 612 END
START -21824 5128 9272 -465 4075 538 578 611 657 516 612 END
START -18540 5648 8908 471 -3985 1034 578 612 657 516 609 END
START -13320 6260 4608 832 -7843 953 579 613 658 509 612 END
START -8772 6260 1552 422 -4996 439 549 633 658 527 613 END
START -8220 5752 1304 -183 599 -513 566 613 657 518 615 END
START -11888 5680 3152 -605 3680 -1138 577 613 658 517 614 END
START -15204 5552 4920 -506 2451 -1316 579 579 647 517 637 END
START -17096 5492 4328 -409 330 -943 582 613 656 518 612 END
START -16524 5600 4300 -312 -2033 -376 584 613 659 517 613 END
START -14956 5720 3000 -487 -2531 -46 601 612 659 519 612 END
START -14068 5580 3104 -703 -1825 97 578 615 658 512 613 END
START -12896 5276 3072 -752 -854 -21 567 614 656 493 609 END
START -13428 5128 3216 -925 609 -89 579 613 659 519 613 END
START -14644 5144 4416 -879 515 -21 577 613 658 519 612 END
START -14480 5220 4064 -812 -644 13 579 642 659 506 606 END
START -14132 5528 3244 -839 -602 120 578 614 658 519 613 END
START -14200 5764 3344 -928 -809 247 580 612 668 520 627 END
START -13664 5704 3324 -1015 -1469 156 578 613 658 520 611 END
START -13080 5640 3060 -984 -1235 77 580 613 658 520 613 END
START -12908 5600 3844 -938 -577 -106 578 611 681 519 620 END
START -13172 5296 3720 -813 94 -277 579 614 658 523 613 END
START -13948 5344 3644 -733 828 -219 580 618 658 519 613 END
START -14752 5492 3660 -668 519 -82 583 612 653 516 613 END
START -14948 5808 3356 -852 -159 97 577 613 657 519 614 END
START -15004 5820 3552 -1055 -1028 306 592 612 658 530 618 END
START -14224 5620 3232 -1263 -1847 344 576 612 659 506 613 END
START -13908 5644 3604 -1274 -1415 373 575 614 658 514 613 END
START -13580 5316 4480 -1133 -1364 341 575 654 658 509 611 END
START -13488 5432 4272 -983 -911 202 572 613 659 506 612 END
START -13516 5512 3624 -912 -589 135 572 613 657 508 612 END
START -13764 5320 3264 -922 312 182 562 630 657 507 613 END
START -14828 5392 4036 -1152 -494 288 567 610 657 505 616 END
START -14540 5220 4508 -1011 -1356 303 568 596 653 480 605 END
START -13836 5260 4664 -934 -1871 291 568 612 655 503 612 END
START -13048 5568 3916 -748 -1343 213 566 610 655 503 612 END
START -13100 5408 3168 -893 46 108 566 591 668 502 609 END
START -13924 5572 2756 -1148 576 104 564 610 653 503 593 END
START -15072 5564 4344 -1166 76 220 565 613 653 501 610 END
START -15352 5244 5004 -981 -1735 496 563 606 652 501 611 END
START -13608 5240 5348 -562 -3034 314 554 610 653 500 610 END