START -7168 10760 7744 -6584 13548 383 571 595 644 497 595 END
START -6976 11172 7440 -6111 12944 96 569 596 644 497 598 END
START -5100 11568 4076 -6075 13787 -734 569 599 645 494 595 END
START -4520 12228 3656 -7401 19114 -1418 567 596 646 494 598 END
START -10064 11216 7868 -8324 21309 -1789 573 597 648 495 596 END
START -11040 9552 11260 -6344 13695 -1543 584 596 685 495 604 END
START -8420 10880 4704 -4289 6960 -1672 566 598 650 494 598 END
START -7784 11944 376 -5105 11525 -1841 568 600 651 494 598 END
START -11024 11888 3684 -6193 14802 -1517 572 600 652 466 600 END
START -13736 11240 8792 -6028 11936 -807 566 600 652 498 599 END
START -11724 11024 9324 -4677 3466 -498 568 600 650 494 597 END
START -8020 11372 3528 -4105 2435 -808 567 599 656 495 600 END
START -6668 11156 1460 -4247 7822 -1224 567 581 655 496 602 END
START -8612 10832 3904 -4120 11397 -1498 569 603 656 496 602 END
START -10700 10752 4916 -4119 10947 -1655 567 603 656 497 602 END
START -10808 11064 5140 -4211 8831 -1667 502 626 656 535 604 END
START -9780 10100 3332 -3795 7862 -2297 568 606 657 497 602 END
START -9808 10360 2540 -4071 8117 -2653 569 603 657 498 604 END
START -10284 10020 2816 -4182 7501 -2840 602 602 644 497 646 END
START -9388 9328 2640 -4495 4474 -3677 574 605 658 523 604 END
START -7052 9300 1712 -4955 3380 -5040 571 605 658 496 606 END
START -5924 8908 376 -5257 4712 -6467 550 572 659 493 605 END
START -6680 8400 1584 -5417 5476 -8178 567 607 657 500 607 END
START -7876 7764 1884 -5895 4468 -9743 571 606 659 503 605 END
START -7896 6864 2020 -6344 2914 -11388 583 604 672 498 612 END
START -8388 6600 1920 -6767 2065 -12818 570 608 660 503 606 END
START -8404 6448 1476 -7364 2477 -14000 570 606 659 505 607 END
START -9248 6236 608 -7905 4616 -15091 512 606 660 503 607 END
START -11540 5972 900 -8473 5072 -15677 574 612 662 503 608 END
START -17400 4356 -8952 -11794 5656 -16095 571 609 655 504 608 END
START -32768 10672 22012 70 32767 -2226 570 607 655 503 609 END
START -32768 10640 20020 -3909 -1566 2489 578 628 658 498 594 END
START -27844 6884 11340 1406 -30083 4495 570 609 664 504 610 END
START -11132 7380 -3144 2823 -32768 2532 570 609 661 504 610 END
START 388 9000 -9704 -627 -23467 1442 594 610 663 505 609 END
START 3136 7564 -2856 -3548 1136 1061 568 609 662 505 612 END
START -11900 6776 3804 -5026 15866 2614 571 609 662 505 609 END
START -21640 5600 12136 -2605 18750 4157 623 610 663 506 610 END
START -23496 6352 15084 215 4313 5105 573 608 662 505 608 END
START -18840 7188 8596 2425 -5472 5607 571 609 661 505 609 END
START -14232 8272 5088 4040 -5418 6650 582 629 657 505 612 END
START -11832 8600 3340 4164 -1583 7118 572 609 662 507 609 END
START -12232 8136 3540 4181 1893 7401 572 611 661 506 610 END
START -12972 7740 4696 4349 1302 7543 521 610 660 479 610 END
START -12248 7628 3652 4266 -1067 7135 573 610 662 508 610 END
START -10636 7812 1976 3461 -2696 6311 572 610 661 509 610 END
START -9252 7804 708 2294 -2906 5090 572 599 659 534 610 END
START -8508 7792 472 1082 -3109 3523 570 612 663 505 607 END
START -7220 7688 24 -207 -3931 1445 572 610 661 508 606 END
START -5452 7532 -564 -1567 -3979 -961 569 611 661 508 612 END
START -3484 7012 -1224 -3104 -2054 -3740 573 611 661 506 610 END
START -2808 6580 -1140 -4862 375 -6852 571 609 661 510 610 END
START -3600 6240 -268 -6435 2260 -9767 581 608 660 537 610 END
START -5520 5884 -124 -7855 2297 -12318 575 606 661 509 611 END
START -6536 5152 -16 -9219 265 -14781 571 611 662 510 611 END
START -6112 4364 200 -10697 -2727 -17412 573 610 662 502 609 END
START -2696 2148 2028 -11472 -9182 -20159 600 611 650 509 622 END
START -32768 -428 -9084 -3017 32767 -9514 570 608 648 506 606 END
START -32768 10476 30504 -1146 19787 -2206 537 606 654 505 606 END
START -32768 6480 11892 -1096 -7676 2289 574 608 651 511 613 END
START -20116 4260 10308 8127 -31314 410 568 611 652 510 607 END
START -3588 7924 -7732 3301 -32768 -4274 572 608 653 507 613 END
START 1380 9068 -17200 -2170 -1104 -1996 572 598 655 533 614 END
START -13164 5848 4380 -973 22210 297 572 608 654 510 608 END
START -22448 4060 10960 -1613 13979 743 575 612 653 515 601 END
START -21712 4360 9784 93 1024 1237 611 608 647 510 647 END
START -17216 5008 8252 1279 -7798 938 568 608 654 509 609 END
START -11292 6020 2332 1470 -9102 1001 573 609 654 510 607 END
START -7864 6092 96 330 -1282 411 571 608 690 511 600 END
START -10472 5952 4176 -86 3949 -75 576 608 654 510 609 END
START -13908 5880 4868 169 4890 11 564 609 637 511 560 END
START -17048 6048 5732 99 3507 400 574 609 654 513 609 END
START -19076 5936 6648 329 -1178 1086 548 607 673 510 608 END
START -16280 5660 4332 815 -6325 1362 575 608 654 510 608 END
START -12444 5904 1604 487 -5784 1187 574 609 653 513 608 END
START -11108 6056 1400 -323 -1445 1014 496 608 648 538 610 END
START -12916 5832 3016 -1026 1791 1086 576 607 653 514 607 END
START -15236 5656 4856 -1301 1395 1203 575 608 652 511 608 END
START -16288 5556 5876 -1045 -1755 1355 577 612 650 496 609 END
START -14472 5488 4512 -578 -4888 1161 574 606 652 510 612 END
START -11856 5792 2924 -617 -4491 800 572 608 653 512 609 END
START -10932 5896 2724 -897 -1775 443 578 624 650 531 603 END
START -11852 5616 3808 -930 79 110 574 607 650 512 607 END
START -12756 5528 4080 -746 400 -162 572 607 652 510 607 END
START -13684 5712 4132 -536 -17 -346 590 608 651 512 608 END
START -14512 5904 3732 -513 -833 -288 567 608 652 512 609 END
START -13760 5664 3428 -477 -1693 -286 557 607 644 513 608 END
START -12724 5600 3020 -501 -1428 -407 574 608 651 514 609 END
START -12480 5340 3456 -606 -77 -526 577 607 652 515 608 END
START -13028 5232 4756 -513 155 -739 576 602 640 513 627 END
START -12952 5356 4160 -453 -512 -1155 577 607 652 512 609 END
START -13196 5036 4308 -376 54 -1449 574 609 652 513 607 END
START -14644 4228 4900 26 1579 -1115 571 609 650 489 607 END
START -14576 4244 5916 540 2001 -891 577 610 652 513 605 END
START -15320 5848 4180 163 2499 -821 599 568 652 517 605 END
START -17112 7008 4636 111 2043 -189 582 605 653 509 605 END
START -18136 7448 5304 263 -1271 507 576 606 649 513 606 END
START -17700 7764 4280 239 -5330 1218 588 606 650 517 616 END
START -15796 7092 4156 720 -7300 1906 574 597 652 518 594 END
START -13964 6336 4944 1031 -7947 2401 578 604 648 514 602 END
START -12852 6112 4432 1584 -7563 2845 576 606 652 538 602 END
START -11856 6148 4468 1826 -6192 2867 574 601 648 513 584 END
START -12004 6240 4672 1845 -5649 2697 574 601 653 521 596 END
START -12356 6196 4396 1831 -5930 2483 580 601 652 521 602 END
START -11952 6204 3956 1827 -6780 2046 578 598 653 522 600 END
START -11508 6156 4028 1651 -7345 1337 581 601 653 524 597 END
START -10688 5828 3860 1351 -7330 679 575 599 654 526 600 END
START -9820 5576 3392 982 -6293 -125 577 598 654 521 599 END
START -10132 6080 3136 289 -4015 -788 581 597 653 513 601 END
START -10792 6564 3652 -185 -1598 -1097 581 600 653 532 599 END
START -11672 6880 4028 -789 190 -1209 580 599 653 533 599 END
START -13288 7028 4248 -1454 981 -1027 582 589 653 588 600 END
START -14640 6932 5152 -1922 352 -571 585 599 654 541 602 END
START -15256 6824 5800 -2118 -1153 5 584 601 653 543 600 END
START -15176 6656 6044 -2113 -2908 588 584 653 653 553 589 END
START -14532 6312 6136 -2067 -4046 999 585 597 652 557 602 END
START -13584 5984 6260 -1889 -4356 1356 586 600 651 563 600 END
START -12108 5800 6256 -1597 -3714 1480 569 600 677 567 592 END
START -11368 5872 6524 -1262 -2265 1387 590 600 649 571 599 END
START -11124 6096 6800 -831 -694 1052 591 600 650 572 600 END