START -9152 8240 -96 -5087 2224 -11681 558 617 666 504 609 END
START -9368 8036 236 -5370 1766 -12108 556 617 665 508 618 END
START -9196 7320 484 -6282 -348 -13541 558 618 668 507 617 END
START -8884 6812 992 -7641 -2974 -15350 557 614 666 509 621 END
START -6668 5636 1000 -9160 -5318 -17749 559 617 658 505 618 END
START -1384 4308 1636 -10400 -7606 -20825 556 618 659 503 617 END
START -32768 5740 460 1295 32767 -7465 554 618 658 501 617 END
START -32768 12396 27156 -2597 16217 1811 559 619 658 502 613 END
START -32768 7592 10476 598 -7907 4970 553 619 660 502 641 END
START -22200 5420 11072 7473 -32768 2092 557 610 661 505 620 END
START -3496 9740 -9996 2304 -32768 -1675 555 643 664 480 619 END
START 3036 8976 -15796 -758 -2441 697 558 619 663 502 626 END
START -10116 6736 4048 -1636 18210 3336 558 618 662 504 620 END
START -20344 5376 11012 -1696 14587 3742 566 620 647 500 630 END
START -23604 5328 9428 394 4637 4467 559 619 661 507 618 END
START -20560 6112 7672 2335 -4537 5125 558 619 662 505 620 END
START -13636 7368 2624 2328 -8312 5275 559 633 662 478 609 END
START -11772 8068 200 1851 -1890 5791 562 620 662 502 616 END
START -12360 8144 2688 2003 3760 6823 560 621 661 508 617 END
START -14500 8440 3104 1812 5863 7224 562 617 667 499 616 END
START -16012 8500 3512 2390 4117 8119 560 617 661 506 637 END
START -14956 8408 3256 2627 951 8489 560 620 662 506 618 END
START -13632 8840 2836 2689 -2095 8595 563 617 662 508 617 END
START -10996 8848 1492 2725 -4105 8205 558 610 662 506 615 END
START -8396 8684 176 2482 -3830 7187 555 617 661 506 617 END
START -6776 8612 -468 1875 -2208 5728 559 617 662 523 618 END
START -6480 8584 -572 1103 -405 3958 562 616 662 507 618 END
START -6124 8300 -120 141 -26 1778 514 639 662 503 616 END
START -5224 8136 -500 -1050 -354 -701 560 618 662 507 617 END
START -4968 7872 -384 -2427 -916 -3541 565 617 663 507 618 END
START -4584 7492 -312 -3917 -2248 -6479 559 615 663 507 611 END
START -3300 7056 -1172 -5457 -3168 -9850 568 618 663 491 619 END
START -2556 6732 -1284 -7085 -2763 -13250 563 617 664 507 618 END
START -3844 5932 -1856 -9247 -3145 -16526 562 609 673 506 628 END
START -5776 4464 -988 -11476 -5087 -19194 565 608 664 502 619 END
START -5836 2708 4820 -12292 -10940 -21667 560 617 658 509 618 END
START -32768 1832 -10372 -3428 32767 -11282 559 617 657 507 618 END
START -32768 10056 25848 -560 16012 -1441 552 601 664 502 624 END
START -32768 7228 10548 -773 -4935 1994 555 617 656 507 617 END
START -23644 4828 9824 5661 -27018 310 559 617 657 508 617 END
START -10928 7576 -4816 3594 -32768 -2486 563 617 658 509 618 END
START -320 9360 -19900 -2794 -6343 -1632 561 616 659 485 638 END
START -10632 6376 1288 -2333 17937 1036 561 617 660 506 617 END
START -19532 4576 7492 -3109 12712 1452 560 618 658 509 616 END
START -20432 5132 7152 -1697 4935 1808 575 617 679 508 595 END
START -18316 5728 6672 -848 -2489 2247 559 617 663 509 618 END
START -14576 6064 5064 -104 -7740 2049 561 618 656 516 618 END
START -10600 6436 2780 -55 -9067 1310 591 618 658 511 596 END
START -8056 6344 1404 -466 -5816 292 561 617 659 508 617 END
START -8596 6264 1868 -972 -701 -570 561 617 657 511 618 END
START -12136 5996 3284 -1163 1924 -1010 551 620 657 527 620 END
START -15264 5968 4444 -1030 1556 -1092 561 619 658 511 620 END
START -16852 6040 4796 -908 -981 -754 562 620 657 518 618 END
START -16384 5816 4304 -759 -4045 -391 561 619 658 515 621 END
START -14196 5512 3068 -745 -5146 -338 563 620 658 512 624 END
START -12932 5552 2568 -901 -3710 -315 566 619 658 511 619 END
START -12524 5740 2532 -1142 -1152 -264 566 618 659 510 617 END
START -13252 5592 3000 -1433 852 -267 561 618 659 512 620 END
START -14536 5516 3972 -1498 1196 -162 564 615 659 513 618 END
START -15136 5548 4292 -1328 -184 2 566 617 659 517 619 END
START -14396 5648 4160 -1171 -1622 -55 563 618 659 512 617 END
START -13696 5988 3536 -1216 -1803 37 577 593 657 496 625 END
START -13096 6024 3744 -1161 -1165 19 563 618 655 513 619 END
START -12924 6208 3736 -1021 -163 -82 564 618 658 514 616 END
START -13704 6416 3844 -988 983 24 540 617 657 488 611 END
START -14616 6296 4080 -799 894 283 563 619 659 511 620 END
START -14584 6244 3900 -713 -184 379 595 620 659 515 617 END
START -14452 6228 3628 -745 -1362 515 562 618 658 514 617 END
START -13728 6112 2972 -851 -1766 578 563 617 662 515 611 END
START -13116 5952 2812 -1071 -1381 586 564 611 660 525 617 END
START -13048 5968 3044 -1205 -522 566 566 618 659 515 621 END
START -13348 5760 3780 -1255 7 595 564 618 656 514 618 END
START -13708 5520 4432 -1080 -316 543 562 619 688 512 617 END
START -13212 5436 4580 -704 -1019 350 564 618 659 515 629 END
START -12792 5616 3760 -528 -812 62 564 617 659 516 619 END
START -12728 5684 3620 -570 131 -192 564 619 657 512 614 END
START -13384 5700 3656 -668 607 -340 566 616 659 514 615 END
START -14012 5724 3628 -721 543 -348 565 616 645 516 616 END
START -14168 5832 3752 -849 160 -320 575 618 659 518 618 END
START -14428 5748 3796 -956 34 -192 564 616 659 514 619 END
START -14120 5692 4224 -971 -137 -82 565 620 657 515 617 END
START -13900 5632 4184 -1051 -352 -66 566 617 659 514 617 END
START -13824 5648 4200 -1018 -616 19 536 617 683 511 594 END
START -13560 5592 4196 -944 -638 -3 542 618 658 514 616 END
START -13332 5576 4228 -897 -299 -39 564 617 659 514 617 END
START -13692 5680 3772 -923 300 -16 565 619 659 519 618 END
START -14224 5728 4068 -948 187 37 563 617 659 514 616 END
START -14316 5688 4188 -846 -302 38 550 617 655 542 619 END
START -13832 5608 3760 -830 -751 38 563 618 659 514 617 END
START -13624 5636 3836 -820 -637 25 565 619 658 521 613 END
START -13440 5668 4020 -754 -508 -30 567 618 659 517 617 END
START -13284 5620 3776 -734 -284 -131 570 618 658 512 619 END
START -13548 5644 3780 -736 54 -123 536 619 673 514 608 END
START -14004 5732 3860 -661 127 -71 564 618 657 512 618 END
START -14124 5780 3832 -668 -241 -27 566 619 658 515 613 END
START -14244 5756 3820 -628 -479 77 566 616 659 514 617 END
START -13988 5688 3916 -654 -847 149 565 617 659 515 617 END
START -13568 5480 3816 -573 -741 144 564 620 658 540 618 END
START -13336 5484 3976 -466 -683 7 565 618 654 515 619 END
START -13172 5640 3604 -451 33 -62 612 618 656 518 617 END
START -13588 5644 3712 -467 540 -89 564 620 659 519 616 END
START -14020 5616 3692 -467 570 -26 564 617 658 515 617 END
START -14580 5652 3964 -388 193 84 566 616 658 516 619 END
START -14384 5584 3916 -360 -602 101 563 617 659 519 617 END
START -13620 5660 3592 -312 -711 127 542 616 653 515 546 END
START -13460 5648 3664 -398 -264 84 564 618 658 513 618 END
START -13436 5516 3792 -400 130 110 565 618 658 514 616 END
START -13644 5568 3912 -337 337 96 566 618 658 515 618 END
START -13868 5504 3960 -318 236 160 563 618 659 514 617 END
START -13920 5516 3804 -217 15 260 568 610 659 503 622 END
START -13752 5448 3920 -167 -432 288 564 617 659 514 614 END
START -13408 5452 3904 -77 -423 336 568 615 654 516 618 END
START -13300 5604 3808 -8 -238 312 564 618 647 515 616 END
START -13232 5488 3648 125 121 234 563 617 660 515 617 END
START -13416 5596 3624 232 403 126 564 619 658 518 616 END
START -13628 5724 3700 322 434 62 562 617 659 515 617 END
START -13860 5676 3364 447 426 8 552 616 659 487 616 END
START -13976 5900 3404 475 248 36 565 620 658 515 618 END
START -13804 5892 3444 442 209 44 567 601 658 511 628 END
START -13864 5876 3292 374 234 31 567 617 658 514 619 END