START -488 2028 8200 6373 13041 -567 599 601 639 627 600 END
START -7396 1132 16784 7208 7819 -1474 601 606 642 626 593 END
START -2804 2300 14396 7506 3579 -3593 599 600 639 628 600 END
START 18676 1504 -5020 1404 -1500 -2537 600 596 651 630 600 END
START -1956 5368 9412 -1577 -832 -3194 599 617 638 627 601 END
START -9880 4272 15616 -1636 -2298 -867 600 601 639 629 598 END
START -8804 2720 17144 -2549 -2214 236 602 585 641 628 600 END
START -6548 2320 16308 -3326 -3453 972 599 601 639 629 600 END
START -4988 2528 15224 -3844 -5149 1371 600 599 639 627 600 END
START -7172 3392 17044 -3692 -1956 1026 600 603 639 627 599 END
START -6404 3996 16916 -5046 -8499 1178 602 600 639 628 601 END
START 48 2524 13808 -5381 -8980 1315 605 599 640 628 600 END
START 1720 -884 4576 -3038 -455 1885 596 602 640 628 601 END
START -5940 -1156 17072 1080 5411 226 604 600 639 627 600 END
START -5024 2004 15120 893 3959 -1093 602 600 640 628 603 END
START -4568 1512 14484 1811 4741 -1808 624 601 627 627 601 END
START -4180 604 12736 1824 4472 -2245 604 599 640 628 600 END
START -5480 924 11880 2176 5929 -2235 603 600 639 630 600 END
START -7188 1088 13128 2247 5814 -2204 632 601 635 627 573 END
START -6800 1112 12924 2342 5565 -2682 600 598 638 626 599 END
START -6836 988 13076 2646 6642 -3111 602 598 638 624 599 END
START -6756 1448 13088 2765 7611 -3310 601 580 634 629 595 END
START -6288 1588 12296 3153 8809 -3560 601 587 635 617 600 END
START -6800 2144 11276 3330 11606 -3381 597 592 635 609 595 END
START -7788 2268 10676 3523 13682 -2978 600 588 632 612 587 END
START -10156 2712 11000 3738 15042 -2614 593 593 634 597 595 END
START -11800 3676 11972 3931 14730 -1781 589 593 631 590 592 END
START -11932 4508 12760 4051 13751 -209 594 596 634 587 590 END
START -12136 4976 12216 4654 12057 1249 587 589 630 574 590 END
START -12052 5680 11100 4662 10585 2021 583 591 629 566 590 END
START -12156 6080 10196 3965 10167 2374 583 601 629 556 591 END
START -12100 6560 10008 3800 10581 3077 581 594 628 553 590 END
START -12204 7008 9376 3823 10392 4616 580 590 629 545 592 END
START -12072 7620 8224 3334 10762 6129 583 590 631 538 591 END
START -12108 7408 8756 2650 11133 6833 577 591 630 534 589 END
START -11784 6912 10368 2663 9636 7494 575 591 632 529 592 END
START -9832 6720 9540 2843 8932 7848 590 589 633 543 592 END
START -9492 6892 7128 2247 9697 7837 568 592 631 518 590 END
START -9992 7612 5824 2366 13749 8100 567 585 634 512 593 END
START -11628 8076 6416 1558 15961 8693 565 636 634 513 592 END
START -12892 7216 7408 881 15925 9176 565 591 636 500 595 END
START -13680 6836 8344 479 13747 9510 562 595 634 496 595 END
START -13556 6576 7776 681 10567 9992 556 595 633 490 646 END
START -14132 7064 7076 613 8396 9874 564 592 634 490 589 END
START -14820 7156 6396 335 4699 10028 564 593 635 488 594 END
START -13464 7272 6004 507 1603 10144 560 611 636 489 593 END
START -11488 7036 5832 195 293 9578 561 595 636 487 591 END
START -9756 6504 4524 67 785 8837 562 594 641 485 605 END
START -9728 6860 3368 73 2981 8009 562 597 637 484 586 END
START -12528 7096 3496 -40 4173 7833 558 615 639 483 593 END
START -14220 7228 6556 -183 1267 7507 560 596 641 485 597 END
START -11720 7164 5184 -52 -3304 6865 559 597 640 486 596 END
START -8624 7176 1828 -713 -3153 5943 575 594 661 485 590 END
START -8480 7484 1644 -748 659 4924 561 596 642 485 597 END
START -8548 7412 3968 -1341 1122 3753 560 596 641 485 596 END
START -8428 7300 3292 -1284 1765 2040 561 598 658 486 596 END
START -8736 7608 2764 -1852 1986 1165 562 592 641 487 593 END
START -9060 7496 2948 -2138 3585 167 560 598 642 486 598 END
START -10464 7592 4120 -2275 3790 -375 558 595 644 485 597 END
START -11500 7996 4184 -2398 3102 -780 559 598 643 478 598 END
START -11684 8432 3816 -2438 2597 -937 559 577 644 495 595 END
START -11468 8532 5108 -2264 2947 -1020 560 600 645 508 599 END
START -12428 8804 5748 -1845 3171 -972 562 599 644 490 597 END
START -12188 9260 5600 -1351 3124 -807 560 608 648 526 596 END
START -12432 9320 6300 -906 2582 -663 568 601 646 488 598 END
START -12528 9548 6396 -532 977 -616 564 600 646 494 599 END
START -11832 9672 5248 -347 -1491 -807 563 608 644 489 593 END
START -10128 9528 4340 -340 -3291 -1280 579 601 647 492 600 END
START -8212 9408 4376 -540 -4243 -2441 565 602 647 491 601 END
START -6092 8896 3224 -1250 -3762 -3977 564 601 647 472 601 END
START -5460 8472 2112 -2181 -2034 -5774 563 599 647 491 602 END
START -6608 8192 1376 -3417 -831 -7495 565 602 648 492 601 END
START -6768 7000 1848 -4878 -440 -9230 573 602 644 492 659 END
START -8592 5648 2384 -6349 95 -10490 581 594 652 492 602 END
START -9868 5508 2800 -7930 -719 -11440 563 602 649 493 602 END
START -9268 5244 1996 -9396 -633 -12241 565 528 634 492 664 END
START -8516 4636 2572 -10279 1859 -13056 565 605 648 491 605 END
START -10996 3668 7600 -9886 -1330 -13302 564 598 646 492 605 END
START -32528 2840 -3392 -5844 30573 -8744 564 604 647 491 606 END
START -32444 8172 32476 -361 15671 -1941 567 603 636 492 605 END
START -27668 6880 20360 2114 -7913 232 562 606 650 493 610 END
START -21156 7264 4944 3169 -16201 2464 567 605 649 493 606 END
START -10156 7552 60 2544 -17555 2471 567 608 656 492 602 END
START -5080 6012 -4904 801 -6277 1732 564 605 649 500 608 END
START -10828 4812 3404 728 8872 2315 567 606 650 494 606 END
START -18668 5360 11344 1178 7889 3762 583 609 648 493 585 END
START -19500 5164 8800 2227 1321 5214 568 606 649 497 606 END
START -18096 7104 4656 2447 394 6682 565 607 650 492 612 END
START -16752 7312 4616 2439 618 8114 568 607 650 496 608 END
START -15456 6844 5760 2485 -1664 8784 567 607 650 496 607 END
START -12692 6872 4924 2532 -3283 8933 567 608 635 494 533 END
START -9936 6816 4340 2346 -2618 8617 566 607 650 495 608 END
START -8876 7004 3764 2084 -1350 7941 567 606 651 492 607 END
START -8816 7160 3320 1779 -532 7026 566 611 649 487 608 END
START -8360 7112 3280 1474 -854 5950 566 605 652 497 606 END
START -7492 6836 2824 1033 -1425 4493 567 607 650 498 607 END
START -6592 6904 2748 443 -1964 2660 569 593 651 494 617 END
START -5208 7008 2660 -468 -2795 316 568 607 651 497 607 END
START -3516 6952 1636 -1648 -2618 -2403 570 615 650 518 608 END
START -2864 6824 644 -3012 -1147 -5329 567 607 652 497 606 END
START -3028 6356 276 -4120 520 -8321 567 606 647 496 607 END
START -3664 5636 916 -5179 1702 -11139 566 606 667 497 624 END
START -5196 4720 1276 -6182 2468 -13773 557 608 651 496 609 END
START -7504 4168 1888 -7466 1471 -16180 570 607 651 497 609 END
START -8756 3896 2720 -8961 -920 -18022 569 608 651 524 608 END
START -7660 172 2356 -9321 -12860 -19813 568 609 651 450 608 END
START -29304 3064 -1712 -2425 32767 -11463 568 608 653 494 607 END
START -26884 6112 19732 1419 23849 -7052 567 607 654 495 607 END
START -32768 4468 4868 3772 18914 -1246 543 606 640 491 607 END
START -32768 6472 6916 660 8310 1570 567 608 653 497 607 END
START -24912 4376 11332 3562 -18989 3218 568 608 653 501 608 END
START -11316 4568 -5992 -403 -27925 964 598 609 639 499 599 END
START -2572 4660 -11672 -2960 -8706 333 572 609 653 499 610 END
START -9128 2996 4360 -1759 7133 371 573 604 654 501 604 END
START -13428 2652 4692 -2789 4898 -30 564 609 639 501 539 END
START -15256 3956 5632 -2068 5498 -174 574 610 652 513 608 END
START -16244 4644 7368 -1407 3784 12 573 608 651 499 608 END
START -15824 4564 7416 -724 -288 -41 574 609 651 500 608 END
START -14468 4680 5812 -391 -2831 -368 573 607 650 500 605 END
START -12648 4636 4512 -307 -2901 -711 562 658 650 498 608 END