START -11276 10200 2116 5380 -16129 -20 596 604 650 602 602 END
START -11104 10412 2216 5185 -15502 -164 596 603 649 583 604 END
START -11064 10372 2732 5155 -13539 -202 593 604 648 582 602 END
START -10940 10556 1680 4889 -12502 -22 591 606 643 565 601 END
START -10808 10532 1332 4569 -8151 -128 589 600 645 546 600 END
START -12224 9672 5052 4322 -6408 333 585 600 644 530 598 END
START -13564 9832 3680 4818 -7743 604 582 595 643 517 597 END
START -14108 10552 3212 4673 -9052 1429 583 595 642 515 596 END
START -11736 10272 2696 4719 -9512 1774 574 595 641 508 594 END
START -9880 10676 2140 4352 -9546 1740 569 594 641 503 593 END
START -8396 10128 1172 3407 -7226 1475 568 593 642 502 599 END
START -9480 9384 3108 2735 -5046 938 562 592 644 502 594 END
START -9544 8884 4660 3694 -5613 493 566 590 646 511 592 END
START -8076 10184 2164 3635 -5063 -91 557 593 646 499 594 END
START -7500 10592 1248 3099 -564 -624 560 592 649 498 591 END
START -8248 10456 1724 2785 3720 -1076 560 602 652 523 593 END
START -9296 10320 3304 1887 3207 -1793 561 595 654 484 615 END
START -9660 10176 2088 1041 -599 -2819 562 596 655 498 594 END
START -6928 9304 -2652 690 -1685 -4381 597 600 665 500 593 END
START -6536 9560 -1376 -906 393 -5834 562 596 657 498 600 END
START -7768 9236 588 -2286 704 -6731 563 597 657 493 597 END
START -7136 8620 1208 -3331 240 -7961 565 608 658 500 619 END
START -6536 8908 980 -4404 540 -9437 567 598 657 505 599 END
START -6024 9076 200 -5514 2629 -10765 568 601 658 504 600 END
START -8088 8800 772 -6740 5013 -11819 564 601 657 506 600 END
START -10764 7860 144 -7539 4965 -12393 565 600 659 507 600 END
START -13608 7400 1564 -8145 3095 -12555 566 599 659 505 601 END
START -13292 6768 4892 -8486 -2475 -13067 599 603 657 537 601 END
START -9984 6444 5192 -8389 -7195 -14116 565 601 660 507 602 END
START -1584 2404 3684 -6727 -6658 -16668 562 604 654 508 604 END
START -20076 1908 -14208 -8477 32767 -15638 557 632 653 507 619 END
START -32768 15032 32767 -244 28816 3696 568 606 656 502 616 END
START -32768 10308 4440 -1328 -14207 5588 565 605 659 509 606 END
START -22116 7976 4936 3878 -23047 5379 568 606 660 508 606 END
START -11272 10860 -3428 404 -31927 4063 596 547 663 418 607 END
START -2996 10528 -8924 -3300 -14916 5108 569 615 660 509 606 END
START -2568 6548 4048 -4232 4615 5420 568 606 660 510 607 END
START -7656 4824 11672 -3813 6797 4423 567 611 660 509 607 END
START -10008 5132 10680 -2089 3951 2915 568 607 658 512 605 END
START -12324 6720 6376 -910 1505 1271 568 607 660 513 606 END
START -15844 8200 4296 -430 1249 1459 566 606 660 518 608 END
START -18180 8440 4468 65 1726 3629 570 605 659 513 606 END
START -16996 8196 7400 1194 769 5168 570 607 662 514 607 END
START -15672 8328 8424 2504 -2906 5775 571 585 662 513 618 END
START -13132 8384 5568 3691 -4446 5890 567 609 660 513 608 END
START -11356 8996 3520 4279 -3358 6039 569 608 661 516 606 END
START -10188 9072 2132 4435 -1083 6240 552 594 661 510 608 END
START -10220 8648 3116 4247 -63 5761 571 608 662 513 610 END
START -10064 7980 2920 3968 -1560 4911 571 613 662 517 608 END
START -8884 8012 2184 3347 -3561 3592 538 608 661 517 611 END
START -6488 7844 892 2409 -4837 1733 569 609 663 516 608 END
START -4132 7688 -648 924 -3716 -737 569 618 663 532 607 END
START -3068 7420 -1396 -938 -639 -3368 568 607 662 517 608 END
START -3704 6904 -1204 -2774 3164 -5715 567 609 663 517 609 END
START -5868 6316 64 -4551 5286 -7928 575 610 663 502 607 END
START -7808 6256 -244 -6107 5065 -9851 569 608 664 518 608 END
START -8484 5856 -636 -7831 4019 -11838 566 610 663 507 608 END
START -8828 4956 0 -9765 1044 -13814 562 625 659 507 605 END
START -14076 2288 -6940 -15889 -20095 -14550 564 608 662 516 609 END
START -32768 13208 20088 4445 32767 -5752 561 606 659 512 609 END
START -32768 12144 30956 2785 -10939 7971 562 607 660 512 607 END
START -22656 5652 -1476 5832 -12178 7258 562 609 646 512 648 END
START -10760 7476 5196 8850 -22658 2470 567 608 664 516 607 END
START 1392 11392 -14700 505 -18301 -516 564 608 663 516 607 END
START 1044 8932 -9340 821 11148 404 563 644 662 539 608 END
START -11872 7320 5716 -1443 11832 209 566 608 651 516 608 END
START -16496 6488 7936 -797 2811 -463 566 609 661 517 609 END
START -14228 7228 6404 182 -2514 -744 563 588 663 548 609 END
START -12264 8476 2956 191 -3751 -754 564 610 664 515 607 END
START -11484 7860 2172 -173 -3276 -1147 566 609 663 523 608 END
START -11168 7032 1340 -950 -3169 -1919 566 625 667 515 665 END
START -11600 6944 1424 -1320 -1097 -2327 566 608 664 518 609 END
START -13844 6808 3076 -1677 1440 -2148 567 610 664 519 610 END
START -16744 7132 5380 -1713 1642 -1519 597 611 662 493 607 END
START -17880 7376 5700 -937 -263 -494 567 613 663 521 610 END
START -15396 7380 4076 -142 -2795 -22 567 610 665 520 610 END
START -13176 7620 1880 -379 -2779 74 571 633 665 507 610 END
START -12472 7412 1432 -709 -1094 253 567 610 665 516 611 END
START -13020 6956 2432 -1162 -310 280 567 610 664 520 610 END
START -13192 6832 3136 -1211 -532 238 567 613 665 520 612 END
START -13036 7052 3524 -1047 -682 207 567 609 664 519 610 END
START -12596 7112 3708 -781 -676 107 575 610 661 521 612 END
START -12308 7296 3208 -537 -531 -100 567 609 661 518 610 END
START -12472 7400 2924 -503 58 -251 568 610 664 524 611 END
START -13120 7504 3068 -421 226 -316 576 610 662 503 613 END
START -13300 7624 2700 -448 62 -315 565 608 664 520 610 END
START -13608 7680 2644 -497 275 -133 568 606 704 524 610 END
START -14036 7728 3016 -572 102 95 562 610 665 522 612 END
START -13820 7468 3268 -431 -372 234 567 610 664 522 614 END
START -13624 7548 3296 -491 -895 364 568 601 641 518 611 END
START -12980 7464 3412 -416 -1057 370 569 611 664 527 604 END
START -12376 7452 3128 -445 -757 187 595 611 665 522 610 END
START -12652 7588 3360 -553 194 172 568 610 665 518 609 END
START -13028 7464 3948 -543 410 185 569 610 664 522 611 END
START -13320 7500 3672 -481 57 139 572 610 663 538 629 END
START -13548 7588 3616 -506 -434 117 568 611 665 515 610 END
START -13472 7464 3396 -622 -934 8 571 599 664 519 626 END
START -13568 7472 3328 -854 -1149 -9 569 602 664 504 609 END
START -13400 7240 3320 -926 -1157 55 573 610 664 523 610 END
START -13316 6936 3536 -945 -765 149 569 612 614 521 632 END
START -13164 6868 3408 -1012 -314 257 568 610 664 520 610 END
START -13400 6808 3392 -1029 -426 240 558 610 664 523 611 END
START -13400 6976 3512 -1128 -1054 153 569 611 664 525 610 END
START -12940 7016 3316 -1193 -1505 -41 566 610 664 524 608 END
START -12276 7196 3268 -1230 -1211 -299 584 611 665 582 611 END
START -11840 7348 3136 -1282 -115 -602 568 611 666 523 611 END
START -12392 7272 3456 -1343 849 -831 569 610 666 523 610 END
START -13336 7392 3940 -1342 800 -868 566 610 658 577 635 END
START -13736 7116 3924 -1222 44 -803 568 610 664 517 611 END
START -13444 7068 3812 -1082 -917 -798 570 610 665 524 610 END
START -12984 7108 3192 -1107 -953 -801 569 608 680 555 609 END
START -12988 7312 3212 -1214 -402 -832 570 613 665 520 609 END
START -13460 7012 3608 -1267 18 -779 570 610 664 524 610 END
START -13792 6952 3964 -1109 -83 -632 568 606 658 520 610 END
START -13852 6868 4116 -973 -493 -474 570 611 667 524 611 END
START -13456 6960 3860 -763 -723 -390 570 609 664 530 610 END
START -13280 7032 3672 -760 -456 -320 570 611 662 525 610 END
START -13336 6864 3584 -663 -158 -229 568 603 665 523 608 END
START -13184 6956 3608 -663 66 -162 568 643 664 442 611 END
START -13576 6992 3636 -726 381 -74 569 606 664 523 611 END