START -2716 6412 8860 3298 11220 33 626 606 636 648 609 END
START -12204 6356 18824 3157 8705 117 625 607 636 651 607 END
START -10480 3380 14064 3889 -293 -699 625 609 637 649 607 END
START -8920 1148 13552 3414 9912 -271 625 607 637 649 607 END
START -7472 4796 11176 1318 13907 1318 613 607 639 648 617 END
START -7628 5996 11324 -519 12376 635 622 610 636 649 606 END
START -7640 6064 13504 -1402 8127 882 622 608 636 649 608 END
START -7260 5720 13972 -2656 5683 1453 625 608 655 649 606 END
START -9256 4548 16568 -3845 1771 1245 622 611 637 627 608 END
START -11460 4364 18584 -5244 -6129 286 622 606 637 649 608 END
START -10592 3168 16208 -4833 -17044 -541 656 609 637 634 606 END
START -6612 7948 32767 -7371 -23259 -747 624 608 638 650 609 END
START 3100 2928 8576 -6895 -32768 -1961 626 609 635 650 609 END
START 13112 3140 -7496 -348 -21462 -926 626 609 639 650 610 END
START -1680 3316 21288 8248 25066 1026 625 617 639 651 612 END
START -15112 3784 23516 7545 -571 2919 592 612 639 653 612 END
START -13276 1948 19320 10812 7466 3302 622 614 641 653 613 END
START -13312 2848 19876 11835 -1579 4014 640 614 646 654 606 END
START -10344 5984 16080 13113 -4981 5546 621 620 643 656 617 END
START -1176 1080 11632 17643 10898 9191 620 615 641 656 617 END
START -4288 4260 8204 13278 -3663 9315 620 617 633 656 618 END
START -676 8656 72 6395 1465 6835 620 616 644 657 618 END
START -15972 6004 21348 10417 7160 11051 620 618 645 656 618 END
START -8340 4936 11156 11475 -1515 13318 618 644 648 648 619 END
START -5016 12096 6160 5931 -6049 11712 639 619 647 657 620 END
START -5720 4832 17128 9328 -223 13690 621 620 647 658 620 END
START -816 6128 4956 9406 -1783 12816 621 615 646 655 607 END
START -1064 8500 3568 5724 2168 12179 621 624 650 658 624 END
START -6184 6352 13264 6422 -292 13256 622 625 649 659 624 END
START -380 9900 7120 4601 -5262 12012 653 623 650 670 627 END
START 632 8332 9436 3923 -3197 10779 601 628 650 647 651 END
START 4328 9876 6380 2742 -1021 9178 619 628 650 660 628 END
START 2924 10312 6312 1930 1996 8382 626 627 637 659 628 END
START 1792 10092 8416 1440 1902 7318 626 629 652 660 629 END
START 2604 9816 9668 1320 1251 5857 625 622 653 685 629 END
START 3436 11168 10352 1332 978 4493 649 630 653 668 632 END
START 3440 10844 11048 1900 1207 3577 627 631 653 662 631 END
START 3172 10972 9720 1839 297 2337 628 631 654 662 626 END
START 2088 11084 9736 2072 -783 1653 626 633 654 662 632 END
START 1528 11156 10176 2002 -1776 928 646 632 654 648 632 END
START 2056 11316 10572 2571 -2266 207 653 633 656 663 634 END
START 1732 10920 11528 2838 -2508 -382 626 633 656 663 627 END
START 1732 11572 10732 3210 -2913 -938 643 616 657 699 630 END
START 852 11452 10188 3420 -3556 -1281 629 633 657 667 631 END
START 176 11320 9812 3983 -5261 -1776 626 634 658 667 634 END
START 120 10692 11540 3792 -7132 -2398 628 655 658 662 633 END
START 2044 11788 10868 3805 -8354 -3601 632 634 658 668 634 END
START 2312 11396 9840 4131 -7458 -4411 630 635 660 669 634 END
START 840 11432 9860 4256 -6576 -4678 637 630 663 643 635 END
START 8 11508 9396 4225 -7092 -4768 631 635 661 670 638 END
START 516 11472 9088 4406 -9548 -5561 632 637 661 670 637 END
START 1216 11616 8640 4435 -9001 -6513 633 638 663 672 639 END
START 1596 12212 7632 4192 -8558 -7154 632 638 662 672 638 END
START 684 12240 7340 3810 -8760 -7631 633 639 663 671 639 END
START -48 12100 7900 3413 -9996 -8148 634 638 663 672 643 END
START -224 12380 7880 3095 -11307 -8442 634 639 664 674 641 END
START -736 12628 8140 2849 -12193 -8611 633 640 663 673 641 END
START 676 12396 7848 2548 -12800 -8867 635 641 665 674 640 END
START 2876 12256 6216 2323 -10969 -9700 636 640 664 674 640 END
START 1028 12268 7156 2304 -8432 -10628 640 640 665 673 640 END
START -1280 12700 8232 1879 -9531 -10790 641 640 665 673 635 END
START -1084 12500 8616 1940 -11009 -10788 636 640 665 672 615 END
START -292 12988 7712 1860 -10876 -11102 635 640 665 674 641 END
START -516 13212 6900 1714 -8390 -11085 635 644 663 664 642 END
START -1368 13052 7012 1700 -5623 -10556 660 640 661 680 639 END
START -3120 13080 7164 1744 -4087 -9806 636 642 665 673 640 END
START -4128 13380 7068 1439 -3457 -9109 635 639 665 685 639 END
START -4492 13324 6712 1054 -4065 -8179 635 639 665 674 640 END
START -4392 13260 6640 747 -4515 -7184 636 639 664 674 641 END
START -4612 13324 6396 394 -4040 -6352 636 638 665 675 639 END
START -5432 13516 6380 59 -4019 -5391 647 638 664 674 638 END
START -4932 13656 6056 -109 -3333 -4270 637 639 664 674 639 END
START -4060 13412 6320 -362 -2240 -3423 636 639 664 674 639 END
START -4200 13472 6852 -446 -1234 -2694 636 637 666 676 641 END
START -4016 13736 6492 -527 -419 -2005 636 640 664 674 641 END
START -4064 13644 6920 -690 -166 -1378 628 639 664 674 639 END
START -3828 13520 7176 -730 -139 -933 637 641 663 674 637 END
START -3536 13492 6928 -820 -524 -543 636 640 664 675 639 END
START -2944 13356 7172 -874 -366 -336 650 636 664 674 639 END
START -2996 13316 7148 -868 40 -119 638 642 665 674 638 END
START -2820 13328 7060 -916 326 135 636 639 664 673 639 END
START -2764 13224 7188 -1021 398 305 649 640 668 674 640 END
START -2716 12984 7480 -1027 313 316 636 638 675 673 640 END
START -2920 13104 7912 -947 -31 368 637 639 664 673 639 END
START -2916 13112 7484 -909 -243 439 635 641 665 675 639 END
START -2692 13168 7332 -882 150 590 636 641 664 673 639 END
START -2408 13268 6768 -978 601 646 630 651 664 675 637 END
START -2584 13260 6796 -1164 1188 644 640 638 663 672 638 END
START -2904 13308 6584 -1404 1380 648 637 641 664 674 639 END
START -3312 13240 7172 -1585 1275 825 630 639 665 674 639 END
START -3184 13084 7340 -1667 559 1010 636 639 664 674 640 END
START -2504 12976 7156 -1909 275 1127 642 609 660 675 633 END
START -2240 12924 6652 -2048 475 1191 637 639 664 676 639 END
START -2276 13088 6432 -2219 1001 1163 639 639 664 677 633 END
START -2752 13080 6268 -2588 1784 1205 650 637 657 675 659 END
START -3016 13296 6428 -2957 2354 1437 636 639 662 672 639 END
START -2780 13036 6988 -3169 2657 1669 636 635 661 671 634 END
START -2636 12916 7396 -3193 2407 1837 638 627 658 666 654 END
START -2724 13008 6584 -3574 2048 1732 635 628 656 667 628 END
START -2364 13236 5616 -4118 1776 1655 635 624 653 665 626 END
START -2108 13152 5068 -4812 2336 1773 636 659 637 661 556 END
START -1836 12792 5916 -5576 3469 1887 633 618 646 659 616 END
START -2172 12444 7312 -6254 2991 1656 632 615 644 656 614 END
START -2732 12184 6908 -6776 3051 1521 617 611 655 655 637 END
START -2360 12792 5760 -7570 3376 1713 617 640 642 654 610 END
START -2252 11740 6108 -8018 3950 1768 632 609 640 652 609 END
START -1956 11408 7184 -7982 4081 1351 632 598 637 662 602 END
START -3460 10960 9948 -7885 3937 1077 629 602 634 647 603 END
START -3504 11688 9132 -8316 1940 695 629 600 631 645 601 END
START -2600 11892 7580 -8740 1384 864 559 576 625 640 604 END
START -1852 11468 6428 -9605 2826 767 630 597 632 641 597 END
START -2344 11748 6560 -10918 4770 1232 628 597 627 641 597 END
START -2676 10524 7612 -11217 4813 1150 629 606 629 639 600 END
START -3144 10036 9932 -10889 4539 723 626 595 622 641 596 END
START -3360 9648 11016 -11279 2081 168 629 596 628 641 596 END
START -2984 9700 10840 -11270 1955 -86 630 566 613 642 622 END
START -2648 9292 9656 -11586 2283 -87 629 623 628 644 599 END
START -3136 8796 10376 -11250 2995 -46 629 595 628 641 596 END
START -3112 8364 11088 -11267 2704 -252 628 596 630 639 596 END
START -4088 7572 12404 -10805 2385 -533 630 597 631 644 600 END