START 1108 9936 7976 3568 3696 11559 641 622 657 667 620 END
START 2208 8976 5708 3321 4235 11407 642 623 658 668 619 END
START 4084 10564 3140 1197 2580 10164 641 621 657 666 619 END
START 1208 10996 7128 262 6983 9915 643 621 656 632 633 END
START 2152 10292 5876 -1773 9991 9944 644 620 656 667 621 END
START 2244 10760 6652 -2389 10922 10135 638 621 656 666 636 END
START 2484 10800 9288 -2558 7692 9004 644 622 657 668 622 END
START 4580 9948 8792 -4712 7889 7571 645 624 657 667 622 END
START 4468 10056 10436 -4470 5969 5713 644 618 666 667 623 END
START 4532 10808 11084 -4348 4627 4461 646 622 662 667 624 END
START 4292 10600 11340 -3986 3777 3010 646 623 656 667 623 END
START 3592 10496 11624 -3608 1876 1688 647 640 657 664 625 END
START 3468 10684 11056 -3316 1280 615 646 623 656 667 624 END
START 2692 10780 11668 -2521 870 -24 644 623 657 667 623 END
START 2512 10648 11376 -1945 432 -490 644 624 656 673 623 END
START 2192 10876 11556 -1092 1148 -949 645 622 657 681 624 END
START 800 10880 11864 -455 1300 -1115 645 624 657 667 623 END
START 28 10972 11928 -33 754 -983 645 626 671 666 630 END
START -80 11128 11492 234 157 -647 644 625 657 668 624 END
START 172 10872 10440 211 -522 -282 646 638 657 667 623 END
START 604 10704 10096 177 -776 -190 645 624 657 669 624 END
START 508 10824 9732 5 -529 -132 661 624 658 666 624 END
START 320 10828 10064 -222 -360 80 646 597 657 670 626 END
START 252 11036 10140 -456 -131 438 644 623 657 667 628 END
START 748 10820 9776 -742 232 599 645 623 657 667 622 END
START 748 10756 10088 -945 604 595 646 623 656 668 625 END
START 680 10844 10316 -1194 746 591 645 622 658 668 621 END
START 612 10732 10388 -1315 535 606 645 623 658 668 626 END
START 448 10724 10944 -1339 135 603 647 623 661 668 618 END
START 364 10676 11220 -1297 -345 597 646 612 657 667 623 END
START 452 10796 11144 -1155 -774 662 646 625 657 668 624 END
START 1164 10756 10868 -935 -663 576 645 621 657 667 619 END
START 1188 10820 10604 -731 -199 420 646 624 657 668 624 END
START 1048 10772 10656 -576 332 372 645 623 652 668 625 END
START 588 10800 11156 -450 47 240 646 624 657 668 615 END
START 796 10816 11012 -403 -770 308 647 624 657 668 624 END
START 1276 10904 10676 -355 -1187 273 645 622 657 668 623 END
START 1440 11008 10844 -259 -1078 146 645 617 656 668 623 END
START 1392 10864 11296 -18 -843 175 644 644 656 678 623 END
START 1304 11064 11644 284 -764 420 646 625 657 668 623 END
START 1364 11460 11896 705 -1236 668 648 624 657 668 625 END
START 1384 11536 12000 1152 -2001 897 650 623 650 666 624 END
START 1580 11556 12156 1596 -3051 1207 646 624 657 668 624 END
START 2476 11360 12036 2133 -4474 1375 650 624 658 678 624 END
START 2832 11076 12560 2975 -5689 1192 645 624 657 668 625 END
START 3672 11312 12152 3975 -6507 635 646 625 658 668 626 END
START 3640 11516 11576 4998 -6297 225 646 556 658 669 624 END
START 3340 11360 10984 5757 -6994 -273 649 626 658 668 624 END
START 3544 11204 10472 6132 -9269 -1211 647 624 659 669 625 END
START 4256 10768 9492 6737 -11388 -2524 648 628 656 670 626 END
START 4972 11032 8236 7143 -12440 -3996 663 630 661 670 630 END
START 4856 10952 7520 7050 -12528 -5354 648 632 662 671 631 END
START 5188 11684 7548 6796 -11883 -7305 659 632 663 671 632 END
START 4200 11064 7140 6478 -11108 -8530 651 633 665 673 624 END
START 4236 11020 6796 6248 -10404 -9605 653 635 665 673 635 END
START 2920 11316 7268 5974 -9990 -10746 652 642 663 675 639 END
START 1912 10948 7216 5685 -10599 -11280 653 641 663 676 644 END
START 2252 10812 6600 5352 -10416 -11768 652 643 669 678 644 END
START 3476 11720 4964 4276 -9538 -12508 654 650 671 679 649 END
START 3668 11880 4524 3919 -6439 -13255 655 654 671 685 647 END
START 1512 11524 5372 3283 -3319 -13612 653 648 671 681 652 END
START 268 11544 6176 2476 -3353 -13415 654 650 673 680 650 END
START 536 11620 5400 1595 -3492 -13737 654 679 674 676 651 END
START 192 12040 4896 847 -2755 -14094 655 652 674 681 652 END
START -156 12304 4484 -192 -2486 -14249 655 653 674 682 653 END
START -688 12120 4996 -1266 -1105 -14085 678 647 674 718 653 END
START -1368 11748 5472 -2096 -506 -14026 654 652 674 681 653 END
START -2320 12228 5364 -2823 -786 -13830 655 654 674 682 652 END
START -2544 12380 4264 -3807 -1669 -13768 655 653 674 681 653 END
START -2660 12196 5300 -4655 -466 -13628 634 653 674 692 652 END
START -3988 11852 8324 -4434 692 -13258 658 654 674 680 653 END
START -6012 12364 10108 -4630 -1488 -12507 655 653 674 681 653 END
START -5412 12824 8068 -4496 -1830 -11915 654 632 671 680 653 END
START -5344 12696 7532 -4490 -320 -11249 655 656 674 648 655 END
START -6440 12944 6984 -4374 830 -10329 655 655 675 681 654 END
START -7760 12740 8064 -4142 1119 -9084 652 653 672 681 652 END
START -7756 12448 7820 -3924 665 -8248 652 646 675 682 651 END
START -8132 12688 9052 -3548 930 -7392 655 651 675 682 653 END
START -8204 12988 9480 -3170 705 -6374 654 654 675 680 653 END
START -7752 12988 8780 -2892 911 -5293 652 597 675 628 652 END
START -7536 12672 8088 -2622 1472 -4529 654 653 674 681 650 END
START -7352 12524 7984 -2196 1665 -3867 654 653 674 681 653 END
START -8016 12308 8952 -1807 1326 -3278 665 669 672 695 651 END
START -8268 12060 9404 -1394 49 -2831 652 652 674 680 654 END
START -7836 12220 8708 -1058 -869 -2425 654 653 673 681 654 END
START -7252 12692 7644 -910 -574 -1886 654 635 674 687 652 END
START -6664 12468 6928 -876 353 -1277 654 651 674 680 655 END
START -6592 12228 7160 -1143 1279 -955 654 652 673 680 652 END
START -6988 12088 7564 -1216 1400 -598 654 688 673 713 653 END
START -7356 11956 8636 -1007 568 -305 653 653 673 680 655 END
START -6900 11892 7876 -868 -258 -312 654 653 673 681 653 END
START -6404 11852 7980 -703 -93 -139 652 655 674 628 651 END
START -6004 11728 7728 -489 256 -104 654 653 674 677 652 END
START -6356 11792 7516 -498 802 -179 653 625 674 680 649 END
START -6536 11864 7692 -473 757 -153 654 652 674 680 671 END
START -6628 11680 7708 -473 436 -195 653 652 674 680 652 END
START -6708 11616 7948 -468 11 -108 649 654 673 686 670 END
START -6740 11384 7412 -483 -305 -91 653 653 673 682 652 END
START -6756 11344 7912 -586 -208 46 653 672 674 681 652 END
START -6724 11168 7556 -480 -427 154 655 653 674 681 648 END
START -6692 11324 7292 -590 -341 169 654 653 674 681 652 END
START -6476 11436 7540 -657 -307 210 645 651 696 681 669 END
START -6376 11256 7252 -810 0 167 652 651 674 681 652 END
START -6560 11392 7464 -955 41 214 634 657 676 681 654 END
START -6272 11412 7240 -1083 -190 167 642 653 678 682 651 END
START -6428 11296 7464 -1146 -443 100 655 652 674 681 652 END
START -6268 11336 7444 -1243 -443 17 652 649 674 687 651 END
START -6300 11060 7404 -1232 -100 -84 653 653 672 681 655 END
START -6604 11072 7756 -1175 187 -186 653 651 673 681 650 END
START -6908 11272 7820 -1054 110 -102 653 654 674 682 652 END
START -6688 11348 7304 -1076 158 -13 653 653 674 681 652 END
START -6712 11344 7596 -1105 165 -23 653 648 682 681 647 END
START -6828 11324 7632 -1097 -39 -68 654 654 674 680 651 END
START -6988 11228 8120 -1025 -407 -15 653 653 675 681 650 END
START -7080 11232 7872 -740 -986 76 642 650 685 682 652 END
START -6752 11520 7340 -663 -834 249 651 651 674 681 653 END
START -6540 11604 7084 -809 -173 376 654 649 674 680 650 END
START -6540 11500 7224 -963 360 428 653 652 675 682 653 END
START -6684 11424 7540 -1108 530 434 651 652 675 681 652 END
START -6688 11248 8092 -1125 231 377 649 652 685 682 653 END