START 1336 11784 9112 -1678 -109 1692 644 640 666 675 640 END
START 1344 11648 9192 -1612 20 1613 644 640 666 674 639 END
START 1272 11708 9532 -1468 -21 1414 644 640 666 674 640 END
START 1232 11932 9452 -1357 -469 1163 645 639 666 675 641 END
START 1588 11860 9708 -1174 -457 934 638 655 666 661 641 END
START 1396 11972 9768 -1032 -645 709 647 639 667 675 638 END
START 1520 11832 9676 -811 -594 520 646 640 667 673 639 END
START 1384 11860 9724 -590 -625 340 644 638 664 675 639 END
START 1228 11804 9900 -376 -659 170 647 638 665 674 637 END
START 1256 11828 9820 -220 -998 40 607 658 664 674 639 END
START 1292 11956 9256 -140 -897 36 648 638 666 674 632 END
START 952 12124 9028 -197 -382 149 645 638 665 673 641 END
START 832 12004 8980 -397 -262 345 646 639 666 673 630 END
START 1076 11756 9108 -534 -379 383 645 638 665 673 636 END
START 800 11776 9588 -643 -611 442 647 637 664 672 638 END
START 1100 11580 9616 -754 -1013 516 648 638 664 673 638 END
START 1060 11632 9168 -809 -1249 507 645 632 654 673 624 END
START 1236 11576 9144 -905 -952 526 646 639 664 673 636 END
START 1120 11348 9088 -965 -593 506 644 639 664 673 638 END
START 1392 11308 9452 -906 -144 414 644 631 665 672 635 END
START 1312 11572 9680 -856 203 343 647 636 664 673 637 END
START 996 11584 10268 -681 -32 408 646 642 668 672 655 END
START 1088 11672 9740 -587 -257 392 647 636 664 673 637 END
START 1068 11772 9764 -480 -366 464 647 628 664 671 637 END
START 1152 11756 9672 -444 -438 591 646 639 661 675 637 END
START 1004 11756 8676 -605 -475 697 646 635 664 671 637 END
START 1700 11940 7616 -980 -105 830 641 637 665 674 635 END
START 1432 11672 7812 -1409 652 953 646 638 665 673 638 END
START 1208 11412 8436 -1780 937 952 690 637 675 673 647 END
START 576 11600 8768 -2040 820 1171 645 636 666 673 638 END
START 736 12428 9088 -2870 126 1345 646 639 665 674 637 END
START 1188 12132 8436 -3469 509 1607 646 627 666 670 639 END
START 1348 11500 9004 -3822 221 2001 647 638 667 674 639 END
START 1840 11076 8944 -3830 1122 1983 656 640 666 675 641 END
START 1168 11316 10268 -3831 853 1923 647 616 667 675 638 END
START 1464 11224 10656 -3521 373 1890 647 641 667 676 641 END
START 1104 11304 10928 -3197 759 1933 647 640 677 677 663 END
START 848 11312 11168 -2838 487 2203 649 643 666 675 640 END
START 2156 11524 10844 -2506 437 2073 648 643 668 677 643 END
START 2128 11364 10208 -2183 869 1791 648 644 667 677 643 END
START 1488 11044 10980 -1865 1044 1720 649 645 668 677 642 END
START 1304 10804 11812 -1404 -70 1430 647 643 659 676 620 END
START 1552 11028 11684 -906 -836 1116 651 644 668 676 647 END
START 2256 11004 11332 -427 -1080 810 651 645 669 677 645 END
START 2960 10708 11176 159 -722 283 651 647 682 677 643 END
START 2100 10864 11684 733 -1174 -367 649 644 669 679 648 END
START 1684 11080 11608 1188 -2677 -933 649 645 668 677 640 END
START 2420 11120 11264 1648 -3687 -1554 649 642 668 663 645 END
START 3532 10732 10716 2212 -3112 -2206 648 646 669 677 644 END
START 3452 10688 10932 2848 -2078 -2933 649 647 669 677 645 END
START 2524 10544 11416 3393 -2999 -3683 668 646 680 678 650 END
START 2516 10720 10892 3633 -4736 -4672 647 644 669 677 644 END
START 2296 10984 10248 3893 -6008 -5495 648 645 669 678 647 END
START 2688 11120 9360 3950 -6689 -6129 647 628 669 678 626 END
START 3308 10764 8792 4042 -5976 -6959 645 647 668 679 645 END
START 2892 10852 8732 4090 -4848 -7703 648 646 670 679 645 END
START 2280 11192 9016 4168 -4245 -8275 651 592 677 678 627 END
START 1876 11360 8740 4110 -4250 -8760 654 648 670 677 647 END
START 1592 11520 8532 4160 -4492 -9168 650 647 670 679 647 END
START 900 11772 8000 3906 -5111 -9566 674 649 644 676 650 END
START 700 11756 7944 3760 -5756 -9825 652 647 670 678 647 END
START 900 11804 7460 3471 -5895 -10217 652 647 670 679 647 END
START 1028 12368 6436 3038 -4612 -10543 655 647 671 658 629 END
START 604 12472 6244 2626 -2643 -10554 652 649 670 681 646 END
START 452 12340 6196 2201 -1088 -10438 650 648 670 680 647 END
START -476 11988 7608 2191 -145 -10517 652 651 680 680 644 END
START -2096 12228 8800 2158 -1249 -10388 651 648 670 679 647 END
START -2236 12528 8700 1987 -3476 -10312 650 647 670 680 647 END
START -1676 12668 7232 1753 -4199 -10370 640 648 678 680 658 END
START -1128 12584 6172 1667 -2468 -10350 651 649 670 682 646 END
START -1608 12544 6600 1694 411 -10004 650 650 670 679 646 END
START -2712 12672 7092 1764 1359 -9607 650 648 666 680 648 END
START -3464 12628 7268 1677 712 -9452 650 660 670 679 648 END
START -3508 12728 6888 1574 -6 -9530 652 648 672 680 649 END
START -3384 12760 7140 1719 347 -9578 640 648 667 681 638 END
START -3932 12592 7396 1730 736 -9430 652 646 671 679 648 END
START -4460 13076 6964 1725 1044 -9014 646 647 670 680 647 END
START -4620 13352 6064 1519 1431 -8429 587 654 670 677 695 END
START -4708 12520 5896 1139 2183 -8319 672 645 670 680 655 END
START -5224 12380 6316 1259 3518 -8336 650 648 670 680 647 END
START -5956 12752 6492 1022 2901 -8041 649 645 634 681 645 END
START -6352 12948 5796 927 2412 -7496 648 646 669 678 645 END
START -6808 13020 5376 463 2132 -7068 649 645 668 678 645 END
START -7276 12816 6024 -176 1918 -6671 667 645 676 678 580 END
START -7500 12424 6760 -164 1459 -5942 649 646 674 678 643 END
START -8084 13128 6076 -637 -901 -5185 648 644 668 677 644 END
START -8400 13184 5556 -1045 -1214 -4318 605 644 620 679 637 END
START -8380 13136 6456 -1294 -1431 -3236 648 644 669 679 644 END
START -7988 13448 5840 -1584 -1366 -2351 648 644 668 677 644 END
START -7612 13420 6208 -1804 -607 -1478 629 643 663 687 644 END
START -7504 13236 6252 -1936 55 -736 649 641 668 677 643 END
START -7572 13148 6376 -1971 301 -127 648 644 668 678 644 END
START -7516 12796 6824 -1937 235 330 618 663 668 695 644 END
START -7140 12472 7020 -1767 -92 625 647 643 668 678 645 END
START -7032 12444 6996 -1646 -1 793 648 644 664 679 644 END
START -7280 12284 7252 -1470 45 1069 649 642 668 678 644 END
START -6996 12244 7300 -1226 -254 1197 648 642 668 678 644 END
START -6392 12256 6972 -1040 -237 1242 629 644 668 674 642 END
START -6368 12168 6596 -949 116 1348 649 617 667 680 644 END
START -6488 11856 6884 -897 294 1318 648 642 667 677 643 END
START -6536 11772 7120 -759 159 1341 642 640 659 678 676 END
START -6436 11952 7348 -660 -449 1270 646 640 666 677 643 END
START -6356 11928 6872 -613 -479 1178 649 641 665 676 641 END
START -6240 11888 6692 -558 -225 1216 647 638 663 675 639 END
START -5980 11664 6860 -587 95 1312 649 635 661 672 636 END
START -6044 11568 6772 -509 1032 1363 645 645 658 655 631 END
START -6264 11652 6940 -618 1437 1405 646 637 653 665 625 END
START -6412 11528 7204 -816 969 1327 646 624 647 659 621 END
START -6632 11464 6916 -1103 57 1371 643 611 649 653 567 END
START -6460 11528 6092 -1328 -283 1479 643 606 633 648 603 END
START -6588 11628 5560 -2191 -926 1524 639 598 627 642 599 END
START -6612 11300 5484 -3453 -969 1689 638 597 621 638 595 END
START -6200 11124 5876 -4387 -1513 1832 637 589 617 632 584 END
START -5864 11200 5616 -5314 -1763 1741 638 587 615 629 587 END
START -5912 11272 5560 -6444 -1042 1671 633 605 611 626 608 END
START -5768 11192 5816 -7352 -254 1596 614 579 611 622 583 END
START -5524 10968 6652 -8000 300 1495 635 582 608 622 583 END
START -5860 10904 6740 -8451 983 1296 619 581 596 623 493 END
START -6068 10964 6996 -8805 1541 1216 635 582 608 622 580 END
START -6260 11020 7500 -8998 1793 1082 637 581 608 622 581 END