START -7012 9828 9352 -8881 -776 -15557 571 475 508 520 475 END
START -6924 9976 9840 -8711 -1938 -15508 569 475 508 519 475 END
START -6804 10668 9804 -8445 -2283 -14883 593 475 494 518 472 END
START -8396 10892 10104 -8563 630 -13133 570 476 508 519 474 END
START -10268 11420 10896 -7957 2535 -10829 570 475 509 521 476 END
START -12872 11756 13012 -6584 2158 -8351 570 475 511 519 475 END
START -12940 11980 14912 -4276 -867 -6123 570 465 509 527 514 END
START -10896 12432 12372 -2298 -3233 -4348 573 474 508 523 478 END
START -8928 12620 10636 -1576 -1347 -2832 571 476 509 520 479 END
START -8780 12568 10132 -1005 1056 -1112 572 476 510 513 481 END
START -8812 12148 10708 -536 1334 355 574 476 494 526 497 END
START -8340 11512 9936 24 -231 1316 575 478 510 526 478 END
START -7664 11088 8616 105 -1428 1956 576 468 510 523 484 END
START -6808 10464 8496 -175 -2006 2506 580 480 512 523 481 END
START -6632 10024 8496 -696 -2398 3113 587 484 514 525 484 END
START -7556 9272 9024 -1432 -2799 3824 592 501 517 575 484 END
START -8692 8772 10176 -2255 -5659 4740 599 492 524 540 492 END
START -8732 8368 10928 -2730 -9576 5572 605 507 539 552 507 END
START -8300 9488 12560 -3063 -12857 6288 582 527 561 578 526 END
START -6232 9904 12920 -2037 -15288 7039 612 551 569 600 551 END
START -3284 10316 10324 -1826 -14846 7780 614 572 597 618 574 END
START -2268 11696 11544 -1399 -12865 8960 622 590 624 636 592 END
START -148 12324 8948 -1442 -12582 9502 621 643 636 649 652 END
START 3040 12848 9488 -1789 -11376 9126 627 609 644 670 608 END
START 5164 13000 11696 -755 -11325 7622 628 615 650 663 615 END
START 5064 12344 11996 589 -9180 5806 644 620 655 658 622 END
START 3908 12400 11660 1825 -9644 5036 632 623 656 668 624 END
START 4820 12732 10424 2804 -7938 4462 633 627 659 670 627 END
START 5148 12716 10716 3874 -6652 3702 634 631 653 670 629 END
START 3916 12156 11372 4805 -6059 2767 637 634 662 672 635 END
START 3196 12296 11108 5402 -7494 2083 639 638 663 673 637 END
START 4032 12368 10200 5956 -9593 996 638 633 653 675 657 END
START 4236 12440 9404 6498 -11105 -330 641 641 665 677 643 END
START 3376 12152 8948 6664 -12551 -1507 643 642 666 675 641 END
START 3560 11948 7576 6548 -13650 -2529 647 644 672 677 578 END
START 4320 12412 6640 6617 -13222 -3671 645 646 667 678 645 END
START 3792 12724 6436 6369 -12666 -4683 647 646 668 678 647 END
START 3520 12208 5876 5943 -13308 -5862 644 654 665 678 650 END
START 2612 12276 6712 5630 -14864 -7131 646 648 668 679 651 END
START 2492 12584 6208 4991 -16961 -8300 648 648 669 679 648 END
START 3228 12784 4932 4554 -16618 -9154 649 649 670 680 649 END
START 4008 12560 4540 4285 -14637 -10007 650 649 671 681 664 END
START 3576 12408 4228 3792 -12112 -10902 650 649 672 682 649 END
START 2516 12428 4092 3274 -10799 -11814 650 650 670 681 647 END
START 2260 12520 4348 2861 -10311 -12428 631 652 672 688 652 END
START 1168 12364 4976 2264 -9807 -13136 652 648 671 683 652 END
START 480 12224 4148 1617 -9619 -13746 651 652 672 683 652 END
START 688 12148 3664 816 -8527 -14065 585 675 673 683 655 END
START 104 12160 3140 -117 -7171 -14322 661 652 672 682 659 END
START -196 12108 3020 -1285 -6277 -14453 651 652 672 683 650 END
START -108 11492 3832 -1876 -5279 -14737 648 642 672 693 652 END
START -1140 10452 5232 -1979 -2238 -15268 651 652 670 666 652 END
START -2700 11100 5632 -2466 -2804 -15165 649 654 673 683 651 END
START -2300 12072 4356 -2429 -1366 -14713 649 652 672 682 652 END
START -2268 12244 3832 -2655 186 -14577 652 651 703 682 652 END
START -2512 12448 2944 -3632 485 -15136 650 638 671 682 659 END
START -3692 12296 3900 -5035 1911 -15410 652 652 669 682 650 END
START -6264 11204 8168 -5503 2970 -14832 643 650 653 682 652 END
START -8160 12124 8232 -5055 -2578 -13268 650 650 671 684 655 END
START -6528 12352 5288 -3882 -849 -12931 648 647 670 682 651 END
START -7580 13328 4048 -4487 2294 -12197 651 650 671 681 651 END
START -10100 13540 6028 -5225 7259 -10437 649 662 670 678 633 END
START -14220 13452 12668 -3646 5107 -7375 649 648 672 681 644 END
START -11768 13760 8156 -3166 1037 -5593 647 650 670 681 650 END
START -10572 14116 8284 -2843 -250 -4038 648 650 667 681 649 END
START -9352 14160 7320 -2404 -1188 -2361 649 642 670 628 660 END
START -8660 14324 7264 -2709 -928 -1294 649 651 671 681 653 END
START -8004 14248 7936 -2262 -450 -230 648 649 670 681 649 END
START -7332 14224 7064 -1817 159 605 648 630 669 684 648 END
START -6492 14164 6692 -1698 507 1260 648 650 670 682 647 END
START -6000 13808 5368 -1848 982 1420 648 650 670 681 649 END
START -6256 13116 7456 -2181 1606 1596 670 649 671 671 648 END
START -6772 12344 9252 -1462 520 1748 649 650 670 681 649 END
START -6700 12088 8884 -615 -1198 1524 648 649 669 681 649 END
START -5904 12240 7656 -77 -1793 1336 649 649 670 681 654 END
START -5128 12420 6568 -14 -1081 1309 649 649 669 681 649 END
START -4764 12140 5996 -253 276 1058 650 660 670 681 650 END
START -5024 11940 6412 -581 1137 721 649 649 664 682 648 END
START -5868 11772 7252 -580 824 618 650 649 669 681 649 END
START -6024 11516 6924 -550 -52 506 627 649 671 684 648 END
START -5672 11500 6636 -684 -533 365 649 649 670 681 649 END
START -5184 11460 6440 -894 -420 228 657 649 641 681 650 END
START -5104 11268 5548 -1402 -13 -112 649 653 670 682 648 END
START -5240 11132 6172 -1995 650 -441 648 649 669 680 649 END
START -5888 10900 7456 -2067 650 -711 654 646 665 682 651 END
START -6792 11080 7600 -1795 -119 -900 647 649 669 681 650 END
START -6624 11364 7108 -1458 -955 -983 648 650 669 681 649 END
START -6060 11956 6512 -1446 -814 -1066 647 632 669 690 650 END
START -6124 12284 6244 -1682 186 -1053 648 652 670 662 649 END
START -6424 12252 7020 -1760 750 -972 649 647 669 681 650 END
START -7024 12352 7616 -1561 587 -899 649 634 670 667 649 END
START -7232 12340 7908 -1231 -171 -717 649 649 670 681 649 END
START -7060 12348 7988 -830 -967 -519 649 649 670 681 649 END
START -6364 12664 6820 -623 -1248 -312 625 700 669 681 656 END
START -5552 12756 6208 -825 -377 -176 649 650 669 683 650 END
START -5540 12668 6484 -1076 874 -106 650 649 670 681 649 END
START -6308 12348 7412 -1117 1088 -61 648 651 670 680 647 END
START -6788 12068 7932 -881 121 -26 649 648 670 681 649 END
START -6808 12044 7708 -619 -898 11 649 667 669 682 650 END
START -6520 12080 7216 -474 -1076 234 651 646 658 682 646 END
START -5988 12024 6608 -578 -463 330 648 649 669 680 650 END
START -6064 11968 6188 -862 617 498 649 660 672 680 658 END
START -6236 11788 5996 -1325 1242 619 648 649 670 680 649 END
START -6680 11612 6612 -1577 1140 630 620 650 669 684 650 END
START -7128 11436 7600 -1550 -63 649 648 651 671 670 647 END
START -6912 11544 7348 -1346 -1177 606 648 649 670 681 649 END
START -6132 11692 7052 -1232 -1400 521 648 673 670 680 645 END
START -5548 11872 6708 -1242 -657 382 649 648 670 679 649 END
START -5560 11956 6332 -1312 386 246 649 649 670 681 649 END
START -6200 11964 6900 -1452 1057 121 651 614 680 681 651 END
START -6820 11792 7676 -1183 513 120 649 650 670 680 649 END
START -7092 11792 8100 -872 -381 119 649 649 669 680 649 END
START -6960 11924 7472 -609 -1232 185 649 649 669 679 649 END
START -5968 11908 7404 -407 -1225 223 649 649 669 680 649 END
START -5772 12044 6820 -358 -557 88 649 655 669 701 649 END
START -5964 12140 6536 -438 71 66 646 651 670 680 648 END
START -6016 12192 6608 -622 419 -21 651 648 669 680 648 END
START -6024 12044 6652 -850 643 -116 647 643 669 680 650 END
START -6316 11976 6716 -996 297 -6 642 649 669 680 647 END
START -6336 11968 6704 -1108 -116 76 644 667 667 680 578 END