START 5064 12356 4988 1455 7535 4272 606 586 613 629 586 END
START 4632 12360 5048 1044 8436 4083 606 585 613 629 584 END
START 3116 12556 6772 -87 9570 3934 606 590 613 629 581 END
START 1260 12244 9648 -331 7799 4141 606 584 613 631 584 END
START 2496 12284 8188 -571 6002 4154 630 575 613 616 585 END
START 3216 11404 10104 -418 5255 3581 614 584 613 630 585 END
START 3432 11456 9556 -568 6313 3079 609 585 613 631 585 END
START 4208 11668 8736 -414 8519 3148 613 608 612 633 602 END
START 5112 12476 9272 -151 10695 3760 609 583 615 632 584 END
START 4708 13944 9140 288 10986 3538 605 585 615 635 585 END
START 3360 14656 9088 -123 8630 3319 606 570 616 632 583 END
START 3460 14256 9304 -723 5036 2917 610 587 617 635 581 END
START 5180 13680 8276 -1374 3640 2479 643 587 614 636 635 END
START 6820 12972 6856 -1941 6101 2085 609 591 623 637 558 END
START 7824 12664 4988 -2398 12684 1329 606 590 624 636 590 END
START 7420 11464 4236 -4389 20244 434 606 615 626 641 592 END
START 7432 9760 5004 -4957 29218 -527 611 595 633 643 594 END
START 5356 8852 8016 -4562 32767 -1978 609 598 635 645 597 END
START 1340 8940 10464 -3255 32767 -3455 607 609 638 652 583 END
START -3284 9836 9328 -3123 32767 -4031 606 599 641 650 579 END
START -6632 10940 4832 -5002 32767 -3795 607 600 643 651 601 END
START -8256 13644 -60 -8616 32767 -800 650 601 655 652 617 END
START -7120 12648 2224 -10203 32767 -1716 608 606 649 657 603 END
START -9076 10636 1940 -11113 32767 -3054 610 608 652 659 607 END
START -13172 11232 908 -11854 32767 -1960 633 610 653 658 611 END
START -18824 11072 3512 -12702 32767 -569 608 615 659 660 615 END
START -24036 11200 8752 -11531 32767 2011 606 614 657 661 614 END
START -24060 11240 9628 -11147 19581 3985 605 616 661 663 617 END
START -15820 11640 6272 -9760 6175 5697 600 624 659 665 618 END
START -10592 11368 2112 -9568 8140 6762 605 618 661 668 618 END
START -6984 9936 4692 -9655 10814 6411 603 620 664 667 619 END
START -6620 10228 2308 -8630 13920 5870 614 619 679 667 577 END
START -7308 10548 1392 -8993 18870 5443 580 619 663 664 622 END
START -9572 9560 3712 -8891 22082 4922 604 621 664 668 620 END
START -11852 9984 5216 -8360 20323 4866 604 596 664 668 623 END
START -11912 10684 3412 -7839 18019 4768 605 621 664 667 622 END
START -11976 11240 3008 -7793 17309 5165 605 621 665 668 621 END
START -12152 10880 3572 -7603 16822 5384 605 623 666 668 622 END
START -11828 10700 2812 -7375 15762 5490 603 645 664 668 619 END
START -11372 12712 -56 -7140 13922 6170 602 623 662 668 624 END
START -9676 13340 -4436 -8111 15986 6758 605 622 665 671 623 END
START -7876 10416 -4256 -9759 21762 6566 603 617 674 671 638 END
START -884 4392 9928 -6396 30428 2463 601 632 667 672 631 END
START -8112 -2556 25404 2743 32767 -5079 601 633 668 673 633 END
START -28600 9116 21492 6002 -155 -6150 602 633 669 674 634 END
START -22008 16076 -4468 6478 -13367 -1219 603 638 668 673 635 END
START -6380 11792 -8416 1439 -75 479 601 636 666 672 636 END
START -7624 8324 4740 1971 8534 -1082 601 634 669 673 636 END
START -14392 10492 4380 3140 3874 -2043 603 634 669 673 644 END
START -14592 12636 -936 2126 -1424 -1178 600 636 667 673 635 END
START -10456 11456 -1092 497 293 -911 603 635 668 674 636 END
START -10792 10196 2664 193 2064 -1246 600 634 670 673 630 END
START -13916 10116 4656 379 88 -1037 605 636 670 672 635 END
START -12968 11476 716 455 -4635 -423 611 634 668 673 635 END
START -9168 10948 -2276 -202 -2063 -353 600 634 669 673 636 END
START -11108 10968 -784 -1013 739 -332 601 636 668 674 630 END
START -12664 10596 1244 -1266 59 -86 627 633 669 673 637 END
START -12608 10712 964 -1174 -2155 262 604 635 668 674 635 END
START -10712 10844 -784 -1373 -1895 412 604 635 668 673 636 END
START -10180 10676 -916 -1632 401 348 600 617 669 667 621 END
START -11696 10284 660 -1680 1364 221 603 629 669 673 636 END
START -13364 10292 1120 -1470 -346 436 602 636 668 673 636 END
START -11896 10552 -132 -1378 -1651 622 608 632 668 673 636 END
START -10452 10848 -1704 -1377 -561 508 601 638 669 672 629 END
START -10380 10196 -636 -1526 1872 222 601 636 669 673 636 END
START -12900 10064 1204 -1221 1843 92 600 647 669 671 638 END
START -13004 10040 1056 -788 -425 358 605 640 669 672 636 END
START -10784 10460 -1024 -752 -432 310 600 640 669 673 637 END
START -10520 10624 -1400 -926 1740 32 606 636 669 674 637 END
START -12092 10396 296 -1055 2576 -38 604 637 669 672 636 END
START -13872 10188 2428 -714 897 224 601 636 669 673 636 END
START -12864 10756 172 -171 -2676 478 600 635 669 673 635 END
START -9612 10680 -2824 -501 -69 359 605 637 669 674 637 END
START -11712 10412 340 -1159 2545 42 608 632 669 674 636 END
START -13668 10132 2404 -845 712 44 603 638 670 672 637 END
START -13880 9820 2040 -317 -2743 319 601 636 668 673 637 END
START -10364 10856 -2516 -656 -2371 426 600 630 659 673 638 END
START -10756 10424 -376 -1035 1427 36 602 636 669 674 637 END
START -12652 10516 1508 -932 76 94 604 637 670 674 634 END
START -12780 10380 1204 -810 -1301 140 601 636 669 674 637 END
START -12652 10788 2020 -743 -2059 482 602 639 669 673 636 END
START -13056 10532 3768 -308 -3625 775 600 635 669 672 635 END
START -13052 11140 2788 -13 -7098 1487 603 637 669 674 637 END
START -11100 11188 1724 -131 -7841 2077 603 637 669 674 637 END
START -10808 11188 2732 -166 -7642 2152 605 636 669 674 637 END
START -11352 10712 4756 313 -8290 2139 604 637 671 653 617 END
START -12148 10544 6912 1285 -10646 2009 604 637 669 673 637 END
START -12512 10808 7120 2303 -13881 1908 604 636 668 673 636 END
START -12452 11580 5200 3882 -16687 1955 597 634 633 674 607 END
START -12040 12600 2756 4148 -17227 2269 631 632 666 672 632 END
START -10964 12144 2268 4499 -15988 2799 605 633 664 671 629 END
START -11960 12012 2888 4883 -15419 3134 624 626 673 670 634 END
START -13416 12296 3660 4885 -17362 3688 609 620 659 671 619 END
START -12708 11784 4308 4736 -19566 4191 605 617 656 668 617 END
START -12004 11688 4072 4884 -23103 4053 605 615 655 667 615 END
START -10376 11668 2804 4875 -24801 3879 606 614 690 666 638 END
START -9104 11192 2892 4673 -24761 3162 632 615 655 667 614 END
START -7584 13532 3724 3446 -24592 2889 604 614 655 667 614 END
START -7680 10196 2716 1149 -23256 1954 583 613 650 667 624 END
START -8216 11256 4864 4575 -24182 927 611 610 656 665 611 END
START -8216 12420 4340 3859 -25771 44 605 612 653 667 614 END
START -7440 12788 3704 3185 -26746 -467 610 606 664 665 621 END
START -6244 11880 3184 2918 -26346 -933 596 610 642 664 606 END
START -5060 11732 3868 2465 -24465 -1544 606 609 650 662 610 END
START -5360 11688 5040 3017 -22836 -2309 605 602 648 659 624 END
START -6412 12900 5368 2314 -22990 -2809 605 610 649 661 607 END
START -6300 14060 5640 464 -24177 -3188 604 606 647 660 606 END
START -6364 11948 5972 3118 -28015 -3472 604 602 647 659 604 END
START -4532 11604 5964 3514 -27525 -3454 606 586 648 658 572 END
START -2180 12484 4100 1874 -26014 -4170 605 603 645 658 625 END
START -1692 12480 5020 531 -22362 -5456 605 604 644 658 604 END
START -2244 11644 9376 647 -23183 -6936 592 603 642 658 623 END
START -220 11316 5712 1474 -24856 -8261 603 602 637 658 608 END
START 2716 11516 4212 906 -19934 -9376 605 604 643 657 606 END
START 3516 11312 3960 456 -14268 -10638 609 618 645 656 590 END
START 888 10732 6788 -362 -9982 -12030 604 606 641 657 606 END
START -3216 9932 8320 -35 -9856 -12449 606 599 643 656 607 END
START -3516 9652 7604 -1549 -10479 -13406 603 650 641 658 611 END
START -4752 9704 7060 -1797 -12094 -12194 604 608 641 657 610 END
START -3752 9872 7252 -4207 -14066 -12912 607 573 642 656 606 END