START -11308 10496 2512 -736 472 -25 606 642 671 679 642 END
START -11820 10512 2552 -689 267 -11 605 644 671 679 642 END
START -11960 10304 2416 -554 -486 72 604 642 671 677 642 END
START -11668 10548 2388 -364 -826 140 601 642 660 667 643 END
START -10764 10628 1392 -356 -935 191 604 644 671 693 642 END
START -10572 10924 740 -537 201 48 606 639 671 679 642 END
START -11656 10676 1752 -779 707 82 603 641 672 678 643 END
START -12044 10376 3204 -660 -453 109 603 642 671 679 642 END
START -11556 10556 2044 -422 -1388 123 616 643 695 680 640 END
START -10728 10812 688 -673 -629 174 607 641 665 679 645 END
START -10776 10612 1356 -915 624 17 607 642 670 679 642 END
START -11968 10660 2400 -952 677 13 606 618 671 679 642 END
START -12100 10364 2916 -784 -389 32 603 641 672 679 642 END
START -11384 10532 2096 -606 -1050 29 585 638 663 679 695 END
START -11048 11040 660 -709 -695 86 604 642 671 681 642 END
START -10524 10668 776 -1013 772 -7 601 642 671 679 643 END
START -11920 10332 2808 -1032 515 1 605 643 671 679 641 END
START -11936 10460 2692 -823 -899 80 602 641 671 679 642 END
START -11200 10512 1908 -733 -815 84 562 640 671 686 628 END
START -10972 10924 1076 -786 -487 73 599 643 670 680 643 END
START -10724 10844 392 -1068 617 6 605 643 671 679 643 END
START -11632 10328 1964 -1232 1082 -80 606 643 661 679 643 END
START -12420 10416 2948 -962 -90 64 604 643 672 679 642 END
START -11668 10392 2580 -744 -747 87 605 642 676 679 625 END
START -10912 10848 1392 -624 -852 63 607 642 671 680 643 END
START -10332 10496 1004 -797 202 -116 604 638 671 679 643 END
START -11660 10632 2100 -804 471 -178 604 649 672 695 642 END
START -12104 10540 1964 -826 -349 5 603 645 671 680 643 END
START -11220 10592 2156 -542 -620 -15 618 644 672 680 639 END
START -11016 10780 1568 -468 -509 -35 604 644 671 680 642 END
START -11156 10720 1988 -456 -392 -29 608 643 671 680 643 END
START -11656 10700 2348 -457 -436 60 619 646 670 679 654 END
START -12084 10216 3568 -308 -1002 228 607 644 673 680 645 END
START -11904 9592 6060 350 -2317 305 605 643 671 680 642 END
START -12552 9760 7212 1633 -6121 457 603 636 689 664 651 END
START -11264 10188 4036 2999 -7900 414 608 644 671 680 625 END
START -10404 10676 2620 3515 -7156 348 608 638 671 679 640 END
START -9140 10552 2772 4035 -6247 54 608 637 670 678 636 END
START -9472 9616 2372 4352 -5634 -580 599 634 668 679 638 END
START -11448 11072 2940 4925 -4989 -756 602 631 667 673 627 END
START -11468 11440 2528 4318 -2991 -302 605 628 665 676 627 END
START -11748 10248 2064 5799 -2175 -236 603 627 665 676 628 END
START -14216 11040 1856 5401 -3944 55 605 628 665 676 629 END
START -14668 11076 1168 4666 -7571 662 603 628 664 676 629 END
START -13168 11016 -256 3617 -9496 1102 603 630 665 676 630 END
START -11052 10856 -932 2260 -8710 1267 601 629 665 676 629 END
START -9236 10664 -1436 1311 -4897 1044 605 629 674 678 630 END
START -9640 10972 -980 505 -1351 869 607 629 663 673 628 END
START -10540 11480 -1260 -259 691 816 605 625 643 676 629 END
START -10804 11860 -2368 -1325 2751 957 604 628 665 676 628 END
START -11640 11744 -1424 -2717 4347 1261 606 629 666 676 628 END
START -11872 11472 -452 -3565 4330 1638 605 629 665 676 629 END
START -11628 11516 -188 -4425 4743 1988 604 628 665 675 633 END
START -11916 11768 988 -4809 4294 2643 606 628 665 676 629 END
START -10948 12580 -860 -4995 4446 3231 604 627 665 675 628 END
START -10044 12304 -1064 -5242 6995 3553 603 631 668 675 644 END
START -8588 11300 2728 -5080 7990 3511 605 631 666 676 630 END
START -4868 8208 7692 -2464 7915 1777 604 627 666 674 630 END
START -5784 6868 11172 1854 6421 -1498 603 632 667 677 635 END
START -13828 12920 1260 2891 1113 -2305 604 632 667 675 648 END
START -12052 14224 -4980 -140 127 -288 603 631 667 677 632 END
START -8756 10688 1620 -818 4614 -308 605 634 666 666 631 END
START -10524 10504 4944 729 3554 -1067 605 632 665 676 632 END
START -12044 11644 2420 1174 800 -1115 605 632 666 675 632 END
START -12172 11688 1964 1301 456 -498 618 634 666 676 634 END
START -11944 11320 2540 1591 -671 39 604 631 666 675 634 END
START -10940 11884 680 1560 -1974 385 602 634 664 675 633 END
START -9228 11568 -672 1171 -751 245 579 634 667 676 634 END
START -9596 11464 -132 729 1126 -16 605 634 667 675 633 END
START -11324 11368 1208 558 845 2 607 635 666 686 636 END
START -11200 11568 772 455 89 84 605 634 667 675 633 END
START -10548 11408 532 290 687 89 602 618 664 676 580 END
START -11000 11440 1196 221 694 -7 605 633 668 675 634 END
START -10932 11444 1236 138 61 -61 620 632 669 674 644 END
START -11084 11708 732 -40 59 -71 604 634 668 675 635 END
START -11136 11632 524 -410 -113 90 608 635 668 676 628 END
START -10660 11260 1040 -596 301 21 608 636 668 677 636 END
START -11312 11436 1584 -609 -133 -35 602 635 667 676 634 END
START -11396 11708 908 -573 -1522 104 605 653 667 675 634 END
START -10068 11960 -472 -973 -640 174 607 636 668 675 638 END
START -10784 11572 944 -1141 398 109 605 634 667 675 634 END
START -11260 11500 1096 -1185 -726 226 604 633 668 675 636 END
START -10956 11324 1104 -1148 -1117 280 606 636 667 675 636 END
START -10596 11624 356 -1001 -1413 458 604 635 667 675 636 END
START -9736 11572 -176 -1032 -405 461 605 635 668 675 631 END
START -10436 11344 460 -1054 369 331 605 635 667 676 634 END
START -11300 11128 1340 -982 -179 348 607 649 655 675 637 END
START -11304 11332 1308 -635 -1464 429 607 633 668 675 636 END
START -10368 11700 -36 -456 -1436 546 607 635 667 675 635 END
START -9996 11808 -592 -502 -89 506 583 630 667 673 636 END
START -10452 11652 416 -629 705 441 602 637 668 675 634 END
START -11280 11392 1348 -564 189 386 605 635 667 675 637 END
START -11208 11248 1332 -420 -846 429 603 636 668 677 635 END
START -10936 11592 160 -453 -967 496 608 635 668 675 635 END
START -10376 11324 268 -552 -137 450 606 631 647 675 652 END
START -10608 11504 468 -600 52 296 602 635 667 674 634 END
START -10704 11264 424 -648 -7 155 605 635 667 674 635 END
START -10968 11264 688 -673 -57 58 605 635 667 677 634 END
START -11220 11564 1012 -607 -798 80 604 635 668 675 636 END
START -10608 11656 68 -594 -876 88 630 633 657 675 636 END
START -10292 11776 4 -759 163 -5 606 635 667 675 635 END
START -11056 11552 584 -778 538 -43 629 629 679 674 622 END
START -11588 11408 1488 -825 -220 10 603 636 667 676 637 END
START -11256 11368 1448 -647 -1566 98 604 634 668 674 634 END
START -10340 11768 -304 -719 -1320 199 606 634 668 675 602 END
START -9924 11536 -260 -950 205 15 612 634 668 675 634 END
START -11168 11616 620 -1000 266 41 602 635 663 675 651 END
START -11192 11248 1140 -1060 -152 64 609 636 667 676 632 END
START -11172 11304 1204 -935 -917 141 607 633 664 674 634 END
START -10152 11564 -12 -877 -942 123 603 635 670 684 633 END
START -10160 11556 180 -928 145 -49 604 633 667 674 634 END
START -10888 11636 208 -1030 305 -118 606 611 662 674 628 END
START -11316 11396 928 -982 123 -31 606 634 668 673 634 END
START -11356 11268 1452 -828 -657 47 602 634 667 675 634 END
START -11116 11560 716 -670 -1282 166 613 635 667 676 634 END
START -9880 11680 -456 -750 -915 165 606 635 666 675 634 END
START -9820 11600 -408 -990 568 -33 608 633 667 674 634 END
START -11184 11300 1096 -1017 561 -80 603 635 667 674 633 END
START -11560 11440 1436 -865 -718 40 604 634 668 674 635 END
START -11000 11416 780 -767 -1004 169 588 573 669 687 600 END