START -456 -1280 15212 2811 6041 -548 626 612 632 640 614 END
START 4440 -784 12912 2603 8118 -175 666 614 649 644 670 END
START -2944 -13976 -26476 8054 12449 -646 626 614 632 646 614 END
START -10516 -2460 19712 1060 2673 366 625 615 632 644 617 END
START -12188 -2736 26000 -149 7406 513 629 613 620 643 620 END
START 2816 -2204 15224 -1335 6156 421 626 614 632 642 614 END
START 3016 -2436 16096 -2757 2272 494 626 614 633 645 614 END
START -2024 -3240 19944 -4211 -4419 648 628 613 635 645 611 END
START -2812 -3988 13624 -4052 -10028 172 627 614 632 646 612 END
START 12888 -3712 3272 -7692 -22599 -893 625 615 632 643 613 END
START 5224 -3520 14944 -9712 -32768 -2150 627 610 634 628 616 END
START 17512 -1928 -8512 3540 7458 -2493 626 616 633 645 614 END
START 3032 -5064 20256 1971 4134 -1051 628 615 633 643 614 END
START -1132 -3240 16016 1192 4658 -1535 624 614 633 644 616 END
START 696 -4108 16744 2054 367 -664 627 613 634 644 615 END
START 2500 -5620 16480 3043 5773 83 627 613 633 644 613 END
START 2604 -4808 17252 4106 7688 650 626 542 646 644 607 END
START 1352 -4324 17568 5537 10687 1428 628 615 634 644 592 END
START -800 -4316 18436 7512 13958 2783 629 613 634 644 613 END
START -2900 -4260 18496 9284 15313 4417 627 596 637 646 618 END
START -4636 -5144 17900 10205 15682 5577 628 612 635 645 580 END
START -5380 -4112 16876 11763 16463 7068 627 615 636 645 614 END
START -4428 -5500 14012 11825 18810 6747 617 614 626 645 605 END
START -7192 -480 15208 13302 23468 8095 627 615 638 646 616 END
START -10004 508 16288 11836 20139 7507 627 612 637 646 613 END
START -10136 -308 15444 11493 16162 8225 628 614 638 646 613 END
START -10960 -720 16060 11721 12458 12066 624 615 638 601 627 END
START -8224 572 11084 11665 12665 13753 627 611 639 647 607 END
START -9308 1068 11764 8963 12338 14678 626 613 639 648 611 END
START -8940 1244 10300 8197 11926 15943 626 605 640 642 614 END
START -7544 2084 9620 6711 14200 16880 625 614 641 649 616 END
START -6348 3004 10352 5627 17351 17526 625 614 642 649 614 END
START -6728 4560 9564 3664 16981 17989 625 591 642 664 614 END
START -5588 5112 6408 2485 19792 17663 624 614 643 650 617 END
START -6420 6780 6692 903 23003 17490 624 615 643 651 617 END
START -7496 6920 7632 -407 24664 17874 645 614 632 634 615 END
START -7272 7108 7632 -1295 25721 17688 624 615 645 653 615 END
START -7000 7644 7432 -2860 25298 16687 626 616 644 652 617 END
START -7632 8712 7520 -4449 25446 16094 607 619 659 652 604 END
START -8208 8280 6284 -6056 25654 15805 624 619 649 657 617 END
START -9040 8732 6716 -7374 25270 15130 619 620 651 655 619 END
START -9148 8320 6520 -8488 24172 14348 619 663 652 690 620 END
START -8944 8388 7116 -9759 23987 13822 619 620 655 656 618 END
START -9040 7600 8640 -10578 23489 12471 619 621 657 659 622 END
START -9608 7388 8680 -10312 22251 11452 617 621 659 661 622 END
START -9748 7508 6400 -10076 21621 10656 615 623 661 661 614 END
START -10484 7572 7132 -10759 21889 9386 613 622 661 665 622 END
START -10688 6220 7760 -10141 20554 8399 611 624 662 665 626 END
START -11576 7012 6296 -9114 20519 8164 628 588 672 666 630 END
START -12904 7088 6056 -8214 19976 7390 608 628 664 667 625 END
START -14328 7648 7892 -7884 17757 7386 609 626 665 668 626 END
START -14236 6692 9188 -6322 13497 7092 607 622 675 669 671 END
START -16188 7692 8488 -4820 7575 7093 607 630 666 670 628 END
START -14348 9168 5260 -3952 2457 7635 607 629 667 671 629 END
START -12396 9408 3152 -3393 3102 8105 604 631 624 671 626 END
START -9184 8620 3820 -2853 3486 7749 605 630 667 670 631 END
START -9300 9276 2720 -2250 5564 6938 597 630 667 671 630 END
START -9500 9756 1696 -2260 7394 6500 604 578 667 670 624 END
START -10520 9588 1488 -2216 8359 6120 601 631 667 673 628 END
START -11780 9760 1212 -2332 8038 5894 602 630 667 671 630 END
START -11708 10036 1716 -2626 6177 5804 600 627 678 671 623 END
START -10468 10116 84 -2825 5631 5635 600 630 671 672 631 END
START -9804 9920 264 -3050 7003 5142 599 630 667 672 631 END
START -10504 10332 972 -3328 7014 4809 606 629 669 686 630 END
START -10776 10376 240 -3750 6954 4667 602 631 668 672 631 END
START -10436 10488 908 -4266 5985 4315 600 631 668 672 627 END
START -9720 10276 1084 -4362 6226 4056 598 673 669 674 633 END
START -7536 10648 -272 -4442 7286 3395 600 632 668 678 632 END
START -7408 10900 -3484 -4706 12903 2628 600 632 669 674 634 END
START -9624 9744 2672 -4224 17584 1789 583 635 669 664 635 END
START -12568 6436 10744 -1262 16007 -87 601 636 671 673 636 END
START -14024 7688 11512 2157 4302 -1287 603 639 671 675 638 END
START -11268 11264 652 3803 279 -1610 620 639 668 681 639 END
START -11800 13272 -5632 1797 3843 -1425 600 639 670 675 639 END
START -12832 11532 -688 219 7041 -596 602 640 671 675 638 END
START -13620 10340 4624 846 4566 -411 624 640 666 678 626 END
START -12044 10544 3000 2099 -365 -701 600 640 672 675 640 END
START -10840 12248 -1796 1948 351 -659 601 640 672 673 641 END
START -12108 12032 -1612 1043 2960 -435 598 663 671 675 650 END
START -12636 10976 1764 581 1895 -158 600 640 672 673 640 END
START -12120 10824 2036 951 -452 -144 601 641 671 675 641 END
START -11140 11052 8 976 -1412 -180 599 631 672 676 641 END
START -10396 11636 -1172 563 -906 -181 599 643 671 675 640 END
START -9868 11384 -764 121 -86 -389 599 690 671 668 641 END
START -10996 11344 -1056 -111 1133 -424 619 641 671 675 641 END
START -12824 11476 -332 -502 353 19 599 640 671 674 641 END
START -12136 11176 -204 -737 -641 518 599 620 672 665 638 END
START -11036 10980 432 -856 -854 501 598 639 670 675 641 END
START -10880 10988 -144 -828 -884 348 601 642 671 676 641 END
START -11412 11244 -740 -852 -951 315 600 641 671 675 641 END
START -10936 11772 -1348 -1226 -732 535 601 641 671 676 642 END
START -10704 11356 -808 -1387 29 575 602 642 673 676 641 END
START -10624 10792 -348 -1354 396 451 595 642 670 675 642 END
START -12368 10908 536 -1182 -2 520 601 641 671 675 641 END
START -11636 11004 -644 -1074 -1478 679 599 646 669 674 626 END
START -10252 11576 -1872 -1048 -787 667 600 642 671 675 641 END
START -10396 11160 -1760 -1314 987 460 600 641 671 675 640 END
START -11924 10588 600 -1095 945 323 602 654 671 675 649 END
START -13188 10560 1160 -544 -1614 513 597 640 670 677 638 END
START -10384 11576 -2976 -677 -1873 708 601 641 671 675 641 END
START -9632 10984 -2384 -939 2129 286 602 638 670 688 638 END
START -12324 10608 804 -790 1538 21 601 641 671 672 641 END
START -13296 10848 896 -515 -669 231 599 642 671 676 642 END
START -12032 11008 -568 -162 -2194 440 603 642 671 675 643 END
START -9588 11696 -3472 -512 -470 460 601 641 671 675 642 END
START -10452 10640 -1000 -846 2246 -61 601 637 671 676 643 END
START -13220 10736 1148 -696 272 -109 600 640 671 676 641 END
START -12732 10888 40 -458 -1938 156 601 641 671 675 642 END
START -10784 11208 -2084 -538 -1514 182 603 662 671 675 642 END
START -10388 11144 -1588 -928 404 5 601 643 671 676 640 END
START -11244 10844 -288 -1038 324 -188 602 641 671 675 641 END
START -11596 10928 336 -1051 12 -305 647 641 695 675 648 END
START -12024 11192 748 -905 -79 -356 602 640 670 675 640 END
START -12564 10512 3128 -598 -798 -303 603 640 671 675 640 END
START -14092 10864 4688 431 -6068 118 602 641 671 675 640 END
START -10656 13392 -3776 76 -7764 917 601 641 671 675 641 END
START -8568 12860 -2640 -1419 -2651 1072 617 641 677 675 649 END
START -10804 11044 1940 -1481 -2074 599 602 639 671 676 644 END
START -12936 11172 4132 -1040 -3973 500 602 638 670 676 639 END
START -13848 11172 6084 -359 -7699 825 603 635 669 676 635 END