START -2032 13528 6544 -692 -931 -63 591 488 527 517 489 END
START -1764 13524 6408 -762 -933 -60 584 491 523 518 473 END
START -1712 13508 6224 -584 194 100 589 491 541 516 489 END
START -2304 13588 7420 -827 -205 144 586 492 538 525 490 END
START -1860 13496 6948 -948 3 14 587 489 526 519 491 END
START -1856 13408 6796 -959 97 -30 590 489 526 517 490 END
START -1928 13452 6560 -927 579 110 589 490 528 519 491 END
START -2324 13348 6988 -946 320 256 589 489 526 518 492 END
START -2468 13300 7280 -931 -188 236 567 492 527 518 528 END
START -2012 13288 7148 -895 -660 61 590 490 528 515 495 END
START -1796 13520 7000 -900 -381 82 591 491 526 518 490 END
START -1696 13500 6780 -908 476 243 599 492 527 518 491 END
START -1916 13336 6728 -926 558 214 588 489 527 518 491 END
START -2492 13352 7392 -762 434 250 589 487 547 523 494 END
START -2392 13488 7616 -802 -543 236 591 491 527 518 494 END
START -1900 13532 7156 -719 -497 164 589 520 527 515 488 END
START -1856 13468 7424 -757 -414 132 587 490 526 531 493 END
START -1688 13520 6500 -789 265 167 591 490 528 519 491 END
START -2088 13212 6812 -820 193 201 599 490 524 512 493 END
START -2252 13396 7096 -834 -334 142 591 491 527 520 488 END
START -1936 13260 7280 -849 -820 -27 623 490 527 523 492 END
START -1704 13420 6600 -936 -679 -92 589 492 528 521 491 END
START -1556 13484 6668 -924 102 -3 591 492 528 519 492 END
START -1668 13400 6608 -1099 323 -4 596 494 528 522 535 END
START -2516 13484 7008 -1102 374 29 590 492 527 519 492 END
START -2452 13396 7220 -1131 -418 -32 585 491 509 541 478 END
START -2012 13484 7016 -1137 -854 -169 592 499 528 519 496 END
START -1824 13360 7156 -1091 -543 -163 589 490 526 519 493 END
START -2128 13360 7324 -963 108 -67 596 508 529 572 493 END
START -2712 13408 7924 -685 260 18 594 492 528 519 493 END
START -2644 13008 8668 -755 -1180 -154 591 407 528 520 499 END
START -1984 12936 7536 -483 -1783 -406 592 493 527 516 493 END
START -1860 13536 6696 -321 -1893 -522 593 493 525 517 493 END
START -2308 13984 6812 -348 -2315 -377 593 501 527 518 491 END
START -1992 13668 6652 -554 -2065 -280 595 490 526 517 494 END
START -2560 13520 7592 -568 -1988 -119 595 489 523 515 485 END
START -3108 13124 7896 -503 -2455 361 595 469 517 516 486 END
START -3320 13276 7656 -472 -2787 820 597 495 523 517 496 END
START -2384 13340 6924 -510 -2146 1217 600 501 521 516 500 END
START -1292 13272 6764 -551 -465 1372 610 499 517 522 529 END
START -732 13716 6720 -864 -60 1032 603 516 524 532 512 END
START -1636 13812 5664 -1141 538 794 604 528 528 535 530 END
START -2152 13120 4892 -1254 -182 1036 608 550 530 542 550 END
START -1704 14768 3024 -4591 -2006 865 611 564 541 544 563 END
START -264 13888 4908 -3977 -2211 1044 614 578 549 555 577 END
START 420 12680 5892 -5077 -2226 -85 606 587 554 561 588 END
START 264 12196 5568 -5083 -1133 -573 617 599 557 563 600 END
START -1492 12888 6176 -5292 402 -695 620 603 574 566 629 END
START -1500 13872 5288 -6939 -722 -829 629 618 562 569 618 END
START -712 13296 5784 -8016 -3016 -1132 639 625 564 572 626 END
START -1436 12372 7356 -7793 -2807 -943 630 638 561 574 613 END
START -3764 12316 9296 -7343 -2482 -488 675 635 565 576 637 END
START -2872 11656 8500 -7657 -6737 -166 682 641 563 578 641 END
START -960 11528 8696 -6540 -5807 410 686 645 547 581 645 END
START -968 11484 10080 -6084 -4069 294 691 646 564 583 639 END
START -1832 11300 10756 -5829 -2821 443 692 647 567 583 648 END
START -1956 11356 11404 -4951 -1708 1093 721 648 568 584 648 END
START -2448 10828 13500 -3130 -446 2129 694 648 568 582 650 END
START -3032 10280 15984 -1598 -236 2234 697 650 565 582 651 END
START -3800 11108 15640 -219 238 2589 696 647 565 581 648 END
START -2812 11772 13572 1264 750 3771 712 649 567 580 645 END
START -2420 11912 12092 2617 1577 4700 697 649 560 578 649 END
START -2568 12100 11460 3513 1472 5156 747 651 556 575 649 END
START -2048 11852 13148 4551 -108 5299 693 649 554 574 649 END
START -1064 12104 11456 4977 1336 5474 699 649 549 569 649 END
START -1220 12220 8724 4920 1882 6065 701 680 546 568 647 END
START -588 12212 6620 4614 1901 6460 701 648 545 566 641 END
START 684 12220 5388 3504 532 5829 701 648 541 564 642 END
START 1960 12268 4744 2744 -186 5065 703 648 521 544 648 END
START 2144 12616 4852 1847 231 4387 700 647 536 557 646 END
START 2420 13168 4400 312 716 4102 701 665 533 569 643 END
START 3080 13288 2872 -1749 1385 3325 700 646 528 567 647 END
START 1616 13420 2288 -3404 1644 3496 697 647 533 556 647 END
START 3800 13416 1332 -5090 727 2869 701 637 531 558 647 END
START 5228 13396 1032 -7370 964 1507 701 646 530 553 648 END
START 5776 13336 1584 -10235 710 -719 703 646 530 552 646 END
START 5680 12336 2796 -13283 1323 -3496 701 630 527 552 638 END
START 20 7276 13760 -6396 -825 -2470 702 645 526 552 645 END
START 1184 10088 10484 -11635 -1618 -4803 696 645 543 552 631 END
START -1968 8572 18816 -7226 1149 -3175 702 645 524 551 647 END
START -2804 9392 17420 -6297 -235 -2859 702 644 523 551 644 END
START -1212 11560 14580 -5110 696 -1653 702 641 522 550 644 END
START -1764 11180 14324 -2675 2049 -1162 702 643 522 546 643 END
START -3216 11768 14440 -1885 158 -701 702 646 522 549 644 END
START -1928 11496 14416 -812 -1185 -465 704 643 524 550 644 END
START -552 11056 12100 -62 -649 -259 701 644 526 549 644 END
START -380 10888 10600 199 337 166 702 647 521 549 641 END
START -12 10544 9804 433 1059 489 722 643 539 546 677 END
START -508 10556 9924 450 594 520 701 644 519 540 641 END
START -460 10568 9772 169 -434 239 703 642 524 550 642 END
START 244 10496 9324 -126 -1036 -177 707 641 522 548 641 END
START 672 10816 9192 -379 -390 -266 702 641 519 549 643 END
START 740 10736 9336 -555 714 -155 722 662 522 555 642 END
START -556 10848 10432 -145 1870 248 701 639 523 549 636 END
START -1212 10912 11732 58 1565 414 645 641 516 571 646 END
START 284 10864 11848 860 1721 179 700 639 524 533 640 END
START -604 11116 11552 1891 2704 253 697 639 524 550 639 END
START -1552 11356 11468 3014 3397 970 695 638 527 551 637 END
START -2004 11896 12720 3389 2417 1023 694 635 527 552 637 END
START -272 13192 10000 2556 1469 21 661 633 526 551 628 END
START -1320 9804 11540 6001 1899 1051 670 615 528 549 613 END
START -1000 10680 9232 6112 927 853 664 592 522 545 592 END
START -2332 12288 11052 6005 2190 1361 656 577 520 534 591 END
START -3264 13028 11704 6149 -894 1309 650 557 521 538 556 END
START 952 7412 10872 5938 -27 117 648 532 520 536 531 END
START -40 8724 10476 5266 -4764 -620 649 513 520 529 509 END
START 1312 14512 5440 4415 258 -250 643 498 520 532 497 END
START -1024 12760 5700 4258 1944 690 634 493 535 528 490 END
START -2576 10296 10412 4421 -416 765 627 490 523 525 506 END
START -692 12256 9156 3869 -3217 -76 622 488 524 523 487 END
START 1160 13804 6764 3447 -2636 -377 616 486 520 521 484 END
START 616 13920 4940 2562 -169 -225 610 485 520 518 485 END
START 1072 13556 3364 1380 1671 -13 589 394 521 515 482 END
START 1052 13540 3956 705 1592 -426 605 483 525 517 484 END
START 228 13556 5608 -89 108 -1549 603 485 526 513 490 END
START 288 13300 6232 -856 -1864 -2582 598 482 525 483 484 END
START 1796 13568 4404 -2099 -1086 -3222 600 480 525 510 481 END
START 2500 13320 2992 -2811 1353 -3270 593 471 533 511 522 END
START 1588 13316 2752 -4285 3609 -3553 620 483 528 511 481 END
START 280 13104 4188 -6130 3838 -4442 596 481 529 510 481 END