START -2944 11788 6960 -834 -804 261 576 477 518 530 476 END
START -2656 11908 5752 -795 -471 70 572 478 519 528 480 END
START -3640 12056 7376 -580 -364 -340 580 479 498 528 481 END
START -3692 12940 10580 -458 -1560 68 580 477 518 529 481 END
START -2288 12852 7176 -696 -568 -88 576 466 539 530 492 END
START -3148 12620 7888 -769 -763 -207 584 479 520 530 479 END
START -2404 12516 6100 -905 -13 -52 582 479 520 529 479 END
START -3520 12304 8032 -725 799 26 576 478 521 527 469 END
START -3480 12412 8536 -1019 -528 7 578 479 522 530 479 END
START -3308 12536 8220 -835 -302 -76 573 469 536 530 497 END
START -3220 12552 8328 -796 -649 -6 582 479 521 529 479 END
START -2976 12596 7176 -692 -91 196 578 479 521 532 479 END
START -3460 12556 8548 -590 -143 240 571 480 521 528 482 END
START -3068 12672 7736 -606 -19 197 578 479 522 532 482 END
START -3336 12544 8004 -722 -388 111 576 495 525 560 487 END
START -2904 12576 7560 -704 -57 184 594 480 521 530 481 END
START -3280 12480 8228 -609 -55 279 579 474 521 532 479 END
START -3068 12380 8144 -613 -603 161 578 479 522 529 479 END
START -3244 12544 8444 -459 -1008 14 578 480 521 530 481 END
START -2072 11804 6204 -1007 -3197 -203 581 482 520 566 481 END
START -4204 12444 7744 -236 -848 353 584 481 523 530 483 END
START -3608 12816 10248 -372 -2903 306 584 481 522 528 487 END
START -2048 12468 7984 -532 -2489 -102 595 505 521 535 481 END
START -3612 12316 8024 53 -1311 118 581 480 521 525 488 END
START -4960 12288 9948 390 -2710 511 583 481 521 524 485 END
START -5116 12224 10328 260 -5312 206 603 482 521 523 481 END
START -4280 12608 8692 377 -7465 112 594 479 520 520 486 END
START -2252 13164 7580 813 -6791 489 575 478 522 519 519 END
START -1452 13328 7304 948 -3509 1187 598 436 516 509 477 END
START -2452 12852 7668 1036 -871 1757 598 480 514 515 479 END
START -3132 12528 8824 1010 -1355 1871 601 493 536 525 501 END
START -3692 12800 10096 1431 -2758 2042 600 494 514 528 486 END
START -3200 13392 8928 1032 -5059 1870 603 509 518 534 505 END
START -1472 13192 6528 1025 -4404 1941 621 556 524 541 523 END
START -1084 12884 7048 1381 -2254 2191 610 543 529 545 545 END
START -2684 12748 8880 1657 -1752 2493 612 568 535 552 568 END
START -3988 12432 10280 1816 -3780 2770 626 588 545 577 588 END
START -3504 12468 11148 2532 -6616 2681 639 607 554 565 608 END
START -1748 13284 8924 3464 -7755 2754 650 622 560 571 621 END
START -352 12972 6204 4300 -6117 3083 657 634 569 574 634 END
START 1200 14128 3744 1515 -7583 2353 681 641 563 574 640 END
START 1652 12688 3456 2971 -323 2426 689 650 563 575 644 END
START -1296 13476 6656 2058 757 2511 695 648 563 577 640 END
START -2380 14036 6692 1592 -1725 2712 698 653 562 577 651 END
START -304 13960 4784 679 -3436 2470 700 663 564 576 649 END
START 908 12956 3340 -35 -3242 2046 701 654 562 572 653 END
START 1740 13796 1316 -1429 -1579 2116 699 655 560 572 653 END
START 3536 15100 2036 -3530 -3 1947 696 701 581 570 651 END
START 2896 14212 3268 -3919 937 437 698 655 557 568 657 END
START -660 13408 6352 -4435 -11 202 701 669 550 570 675 END
START 712 13612 4536 -6102 -4060 -628 695 657 555 574 660 END
START 3716 13276 3444 -7206 -3518 -1155 702 658 556 573 658 END
START 4420 12476 4368 -7165 1505 -1353 698 647 557 562 649 END
START 1924 12132 6512 -6787 3887 -1724 698 657 556 573 657 END
START -1696 12228 10920 -5779 3026 -1969 699 652 555 573 655 END
START -2516 13088 12984 -5795 -2330 -2777 683 655 593 573 651 END
START -884 12620 10692 -5379 -2768 -2494 704 656 556 574 660 END
START 232 11772 9700 -4188 -468 -1850 703 657 555 574 657 END
START -860 11780 10604 -3175 1019 -1648 712 656 558 555 655 END
START -1756 11868 10792 -2242 1350 -1523 699 657 560 576 657 END
START -2612 12024 10980 -958 2401 -627 700 659 558 575 658 END
START -2412 12324 11804 12 1833 -12 698 658 558 574 658 END
START -1620 12432 9980 1083 3152 877 703 656 559 572 658 END
START -1200 12288 9332 1555 3020 1248 702 655 555 573 658 END
START 916 12024 8924 2707 3723 516 685 656 549 571 657 END
START 1300 12396 10480 4262 5082 -693 698 650 547 566 652 END
START -1788 13108 10112 4764 4937 -1331 695 646 544 563 647 END
START -4060 12660 11552 4038 3131 -991 692 636 548 562 633 END
START -2200 13100 8800 3992 2213 -99 686 611 537 561 609 END
START 60 14004 3152 -500 7763 718 679 589 537 558 591 END
START -2404 9916 12164 4006 4963 1590 666 574 537 555 575 END
START -856 12704 5100 1957 3481 275 673 559 534 557 560 END
START -1688 12668 7456 2336 1035 -748 663 546 536 593 546 END
START -3940 12928 8032 2547 -1520 -309 663 532 533 556 532 END
START -2032 14120 4612 1898 -3746 319 658 522 531 557 518 END
START -428 14004 4692 1196 -2013 594 653 510 531 553 513 END
START 16 13448 4208 1123 403 273 646 502 528 552 502 END
START -1628 14884 4344 484 1756 515 607 525 537 550 491 END
START -632 14360 5084 -144 1543 552 635 491 524 548 493 END
START 564 13092 4352 -1653 1177 -516 635 514 508 545 485 END
START -1172 12220 7692 -1044 -827 -1200 636 481 518 541 480 END
START -852 13680 5560 -2416 -636 -1610 633 477 516 537 478 END
START -268 14096 3000 -3366 -432 -1785 627 479 513 528 497 END
START -1084 12672 4488 -3560 1760 -1798 618 471 511 529 474 END
START -1800 12004 7300 -3595 2012 -1585 609 467 511 523 463 END
START 100 14036 7516 -4017 1329 -2398 600 506 510 529 464 END
START 300 13824 6468 -4675 1584 -3771 590 462 506 515 461 END
START -432 12148 6808 -4927 3454 -4591 585 459 509 514 460 END
START -1572 13200 7012 -5524 4314 -4333 587 490 509 511 464 END
START -3456 13628 6432 -5786 5463 -3371 584 464 508 515 463 END
START -5092 11748 8548 -5355 4146 -3193 583 463 508 516 463 END
START -6152 11700 11388 -4611 1057 -3328 567 464 511 515 443 END
START -5316 12476 9984 -4269 -1090 -2889 592 467 511 516 468 END
START -4344 11932 8784 -3618 -942 -2263 579 468 510 518 468 END
START -4500 12684 9500 -2935 329 -2060 584 468 511 520 469 END
START -4236 12064 9324 -2739 461 -1638 585 470 510 520 471 END
START -5208 11888 9372 -1565 2454 -741 577 470 507 520 470 END
START -5652 12004 11204 -1291 932 -173 584 471 512 522 471 END
START -5004 11732 9728 -858 -127 -61 584 472 515 520 473 END
START -4272 12036 8580 -498 -1434 56 582 468 513 522 471 END
START -3456 12476 7644 -640 -1716 203 575 470 527 521 441 END
START -3524 12508 8472 -754 -1020 344 580 473 517 514 470 END
START -2784 11976 8164 -1036 -1013 216 586 473 516 516 473 END
START -2924 11668 8116 -992 550 25 581 464 517 515 480 END
START -3120 11828 7832 -1106 452 102 583 509 515 524 476 END
START -4308 12276 8452 -821 809 349 591 476 516 524 475 END
START -3964 12252 9136 -1111 -980 113 582 471 516 518 480 END
START -3376 12436 8388 -967 -501 -172 583 475 516 524 476 END
START -3216 12196 8228 -949 499 5 584 448 518 485 471 END
START -2924 11800 6148 -1063 131 117 588 477 518 525 476 END
START -4580 12564 8096 -863 1291 311 588 477 519 525 477 END
START -4004 12036 9476 -924 -810 350 579 480 517 527 478 END
START -3980 12372 10232 -961 -987 123 588 477 517 524 477 END
START -3436 12460 7624 -1278 -891 -51 617 476 516 526 474 END
START -3012 11896 7532 -1262 65 588 585 479 519 526 461 END
START -3716 11964 5984 -1062 1329 622 584 477 519 527 478 END
START -5236 11956 10172 -779 -62 617 585 477 518 529 482 END
START -2584 11976 10460 -1403 -1979 53 590 477 520 528 473 END
START -3132 12372 8280 -972 1092 184 500 476 514 527 484 END
START -2792 12016 7404 -1244 868 480 588 476 519 526 480 END