START -3200 10724 9604 -1116 -1114 -305 592 487 512 515 485 END
START -3188 10852 9840 -1047 -720 -354 592 485 512 514 487 END
START -3364 10708 9480 -769 686 185 590 487 512 514 487 END
START -3988 10744 10140 -843 504 344 590 487 512 515 488 END
START -4456 10440 10088 -656 -83 257 575 490 511 528 513 END
START -3844 10804 10248 -757 -1611 -89 605 488 513 501 489 END
START -3216 10904 9824 -914 -1374 -280 591 489 513 516 487 END
START -2672 10732 8940 -1043 -248 -212 589 503 514 514 490 END
START -3584 10500 9476 -989 960 159 592 490 511 516 489 END
START -4260 10608 10560 -765 575 171 590 488 514 515 489 END
START -4608 10656 10324 -749 -956 -91 590 489 514 519 488 END
START -3912 10708 10408 -491 -1493 -187 592 495 514 516 490 END
START -3696 10844 10336 -152 -627 158 572 553 516 498 507 END
START -4644 10744 11408 492 -70 645 595 491 518 521 489 END
START -5312 11128 11828 645 -1731 707 591 492 515 517 491 END
START -4772 10972 10736 541 -4180 391 535 492 502 514 469 END
START -4068 10144 9868 510 -5441 1 595 490 515 516 494 END
START -4424 10776 10000 562 -6078 320 594 492 510 513 491 END
START -3976 10796 10160 935 -6205 1155 596 495 513 514 491 END
START -3552 10540 11620 1879 -5456 1868 598 494 512 514 484 END
START -4012 11084 12004 1989 -5573 2276 604 495 513 515 496 END
START -2928 11100 10176 1873 -4885 2326 608 501 515 518 502 END
START -1396 10892 9280 2353 -3384 2109 602 514 516 525 507 END
START -2228 11640 9908 2606 -1961 2250 611 536 523 532 536 END
START -3932 11772 11340 2614 -3256 2697 616 559 529 554 560 END
START -4136 11196 11204 2647 -5199 2764 621 577 534 546 578 END
START -3352 12064 9836 3011 -6746 2666 634 592 542 554 593 END
START 156 12084 8140 2807 -7103 2791 675 605 550 553 604 END
START 40 9308 7512 3498 -3397 2889 662 617 551 564 613 END
START -604 11952 9456 3645 431 2964 681 622 558 571 648 END
START 144 12520 7824 3525 -465 2914 683 628 557 576 627 END
START -3552 12600 7676 1856 -1853 2903 691 635 562 574 634 END
START -4088 12808 9676 2240 -2740 2808 697 639 566 576 642 END
START -476 11576 5572 1816 -4039 2734 698 641 566 577 642 END
START 1468 12432 4080 912 -3239 3111 710 643 568 577 645 END
START 2568 12752 6168 245 -484 2812 688 650 569 578 646 END
START 1784 12208 8504 59 1637 1809 700 646 569 578 645 END
START -680 12880 9428 115 3226 1654 701 648 577 578 650 END
START -2608 13060 9724 -2 -286 2090 701 643 571 579 654 END
START -1144 12924 7084 -539 -3446 1630 698 640 572 575 648 END
START 2068 12948 5476 -1757 -5539 706 696 648 573 581 650 END
START 4048 12708 4368 -2106 -2083 148 699 650 572 580 650 END
START 1508 12464 7216 -2544 1970 243 719 620 573 624 651 END
START -1144 12764 7980 -3302 2181 620 699 652 572 582 653 END
START -728 12332 8488 -4023 -797 96 699 651 573 580 652 END
START 136 12492 7292 -4813 -2310 -808 699 654 574 583 653 END
START 2076 12548 4780 -6159 -3026 -1422 699 653 575 584 653 END
START 4020 12140 1064 -7904 -45 -1584 699 654 574 584 653 END
START 2320 11688 2856 -7787 4893 -1594 695 654 574 585 653 END
START -1944 10640 11416 -6483 3211 -1612 700 655 572 583 654 END
START -2228 10812 14980 -8111 -2300 -2311 694 653 573 583 646 END
START -432 10448 11456 -8327 -2831 -2938 703 653 573 591 652 END
START 776 9920 9968 -6991 -541 -2306 704 653 572 584 658 END
START -620 9852 12380 -5221 2644 -1665 704 654 570 582 654 END
START -2956 10740 15084 -4128 2216 -1764 700 650 571 602 653 END
START -3844 11096 16280 -3290 -596 -1549 700 654 570 583 653 END
START -1992 10648 13772 -2334 -1300 -1116 702 654 573 583 653 END
START -952 10268 12164 -1039 222 -625 702 658 599 583 646 END
START -2120 10700 12184 -88 1967 119 701 654 569 583 651 END
START -2756 10616 11576 120 1962 825 702 654 570 582 653 END
START -660 9748 10964 498 894 420 703 677 573 581 655 END
START 12 10144 10008 1260 1877 34 702 652 564 578 652 END
START -2180 10336 10768 1906 2531 158 703 648 556 594 650 END
START -2188 10308 11940 2266 2065 369 701 649 555 572 647 END
START -492 10444 10536 2090 3382 267 699 645 552 567 645 END
START -812 11748 9236 -648 6665 -84 694 639 547 563 639 END
START -2100 9524 13792 3576 8288 930 692 628 544 561 627 END
START -1412 9712 12196 2996 2054 -453 657 618 534 559 609 END
START -2508 11800 10380 1576 1859 -1273 683 602 535 550 599 END
START -3876 10140 12776 4444 -1941 -905 677 585 534 548 585 END
START -3448 12128 9332 3893 -1450 -169 654 578 533 544 595 END
START -3128 12000 9412 4147 -353 1511 662 556 543 537 556 END
START -1380 11312 9588 4098 1106 2244 663 544 527 542 543 END
START -1020 11496 8516 3770 2740 1918 680 529 525 582 530 END
START -1580 20436 3012 -1093 2020 1339 642 518 524 510 518 END
START -1640 8356 11460 4732 4662 1829 629 509 521 533 509 END
START -4364 8948 13408 4560 584 908 616 523 518 540 501 END
START -2924 13400 9312 2916 -2021 761 612 498 515 524 498 END
START -1952 13336 7868 3149 -1333 1363 630 492 513 529 493 END
START -804 12420 7564 2755 -1150 1832 606 491 509 527 491 END
START -140 12820 6012 2408 1331 1867 601 487 511 524 487 END
START -1260 12624 6976 2248 2182 1783 617 484 497 523 510 END
START -2372 12136 8436 2046 1116 1525 597 482 507 519 483 END
START -2228 12664 8816 1542 -1360 933 597 478 508 517 486 END
START -248 12836 6872 1217 -1756 444 617 479 532 515 398 END
START -80 13212 6100 797 -294 415 597 480 510 513 473 END
START -244 13320 5556 50 988 545 596 472 506 431 479 END
START -200 13288 5100 -771 1795 410 596 472 513 511 509 END
START -612 13296 4840 -1617 1789 -75 594 476 507 510 477 END
START -976 12748 5964 -2427 322 -651 592 473 507 511 479 END
START 160 12340 6116 -3373 -532 -1581 592 474 506 510 475 END
START 508 12568 5316 -4322 488 -2427 585 452 489 508 515 END
START 92 13412 4836 -5314 1657 -2658 582 474 508 509 475 END
START 116 12564 4756 -6396 2645 -3299 587 475 506 510 475 END
START -516 11912 6100 -7115 2359 -4033 589 479 533 510 538 END
START -1688 11672 7068 -7506 2078 -4432 587 479 507 509 474 END
START -2296 10920 8684 -7630 893 -4368 588 476 509 511 473 END
START -3888 10612 10672 -7004 2102 -4042 587 524 508 515 478 END
START -5084 10760 12420 -6407 564 -3796 586 477 510 509 481 END
START -5304 11320 12508 -5510 -83 -3117 586 479 509 514 480 END
START -4700 11400 11584 -4727 -253 -2654 578 502 510 507 482 END
START -4860 11440 11180 -3813 151 -2004 590 480 509 515 480 END
START -5032 11080 12832 -2988 -136 -1427 587 481 511 515 480 END
START -4680 10880 12052 -2410 -42 -1077 587 499 521 499 482 END
START -4644 10588 11272 -1748 353 -593 590 479 512 516 483 END
START -4160 10580 10776 -1278 540 -153 587 485 515 516 487 END
START -4484 10612 10924 -868 544 334 582 515 515 527 481 END
START -3788 10732 10332 -900 -792 324 584 483 514 519 484 END
START -3348 10588 9944 -815 -976 62 588 484 513 516 484 END
START -2656 10920 9408 -801 -681 -3 581 465 517 523 482 END
START -2692 10896 9552 -855 695 32 588 486 517 518 486 END
START -2732 10884 9440 -886 1161 -115 624 487 555 517 500 END
START -3720 10972 9784 -760 1305 -44 587 488 513 514 487 END
START -3700 10656 9980 -861 -173 -201 588 484 513 518 486 END
START -3728 11032 10020 -684 -401 -209 584 486 514 543 475 END
START -3320 11116 9912 -817 -1247 -295 589 489 515 521 487 END
START -3300 10924 9540 -677 -248 -235 590 487 515 519 488 END
START -3468 10936 10264 -683 0 -44 588 495 515 548 492 END
START -3556 10892 9160 -764 736 108 589 486 515 520 488 END
START -3944 10780 10304 -590 179 220 587 519 519 541 482 END