START -3180 12300 9600 -1027 -1344 -598 602 487 528 537 479 END
START -2968 12808 9464 -986 -1549 -595 601 502 527 536 485 END
START -2420 13292 8928 -1171 -965 -444 602 483 526 534 482 END
START -1624 13068 8332 -1095 -111 -277 600 481 523 529 481 END
START -776 13016 6492 -1081 1576 -361 596 477 519 519 478 END
START -1984 12524 6556 -1233 2967 -514 591 476 514 515 476 END
START -3552 11576 7672 -1511 2540 -658 585 472 507 512 475 END
START -4924 12416 9848 -1262 780 -513 585 475 517 512 472 END
START -3172 13384 8808 -1781 -2174 -395 584 473 511 511 473 END
START -1256 12952 7320 -1759 -656 -523 585 489 510 507 495 END
START -1956 12320 7488 -1718 1308 -826 583 474 509 511 477 END
START -2168 13080 7020 -1892 3659 -209 585 472 508 512 474 END
START -3228 13084 8832 -1843 4978 322 585 456 507 512 486 END
START -4264 12116 8124 -1935 2125 -62 586 473 507 512 494 END
START -4380 12108 9076 -1944 -799 -222 586 477 507 513 474 END
START -2692 12260 8648 -2258 -1637 -603 584 473 499 515 473 END
START -2572 11796 7904 -2109 770 -759 584 475 506 521 475 END
START -3180 11968 8848 -1579 3863 446 586 476 508 516 471 END
START -4352 12376 9480 -922 4896 1494 573 475 508 517 525 END
START -5936 12036 11152 -623 1836 1216 590 479 509 520 478 END
START -3680 12072 9208 -370 -1952 441 589 481 511 520 476 END
START -2560 12372 7692 -258 -3086 331 587 481 511 523 481 END
START -1584 13100 6904 -341 -1276 339 587 478 513 523 483 END
START -2124 12516 9184 -455 -875 299 594 479 514 524 472 END
START -2316 11696 9060 -33 -1056 125 587 482 515 512 478 END
START -3124 11848 9416 115 -1461 -220 584 481 515 524 480 END
START -3352 11548 8440 -482 -3415 -763 554 494 513 521 481 END
START -3660 12036 6880 -501 -3785 -537 588 479 508 516 478 END
START -4408 12656 8292 -266 -4048 126 588 481 513 520 482 END
START -3512 12140 10388 290 -3808 601 590 476 501 520 479 END
START -3056 12368 11248 626 -2811 656 593 479 510 516 478 END
START -3864 13040 9664 920 -1773 1046 581 481 508 505 481 END
START -3244 12456 8944 1224 -1615 1412 597 485 511 520 478 END
START -3628 12576 9416 1421 -1497 1886 608 494 514 524 496 END
START -2484 12756 8940 1261 -2914 1601 610 510 520 530 510 END
START -1976 12168 8932 1974 -2054 1639 602 536 524 535 534 END
START -2760 12308 9368 2840 -1715 2025 613 561 525 540 561 END
START -6052 14308 7604 499 -5068 2276 604 578 550 546 630 END
START -1084 12924 8592 2077 -2829 2339 628 596 533 546 593 END
START -1212 12288 5908 2545 -3855 2247 638 605 538 551 605 END
START -768 13300 6740 2009 -3734 2289 649 608 527 552 601 END
START -1840 13000 8524 2116 -3256 2324 666 623 543 555 622 END
START -2780 12704 6716 2302 -2865 2122 681 630 538 557 630 END
START -3932 12104 7856 2866 -4283 2612 705 635 542 584 637 END
START -1272 13604 5420 1765 -5736 2412 696 643 545 559 644 END
START 564 14472 5504 829 -5482 2445 697 645 547 561 646 END
START 28 13724 4772 408 -3925 2387 698 647 547 561 652 END
START 1964 13076 5068 -635 -3404 2212 698 650 548 559 648 END
START 1872 13364 4556 -1170 -192 1349 701 639 548 557 636 END
START -20 13748 5976 -1350 -861 1326 696 644 545 551 643 END
START -1092 13656 4848 -2202 -1181 1077 698 643 548 559 645 END
START 1552 13740 3488 -3925 -5310 431 696 643 564 560 671 END
START 3708 13312 1556 -4976 -2427 -140 695 644 548 558 644 END
START 2524 12920 5676 -5321 1107 -1216 697 643 545 556 647 END
START -1444 13200 7488 -5552 3343 -514 698 646 546 560 641 END
START -1772 12460 8972 -5701 -221 -234 698 641 544 557 639 END
START 1316 11824 8912 -5375 -2202 -1181 697 643 543 557 643 END
START 772 12548 9384 -3790 742 -1430 696 622 543 574 642 END
START -1696 13160 10996 -4071 -485 -1823 704 646 542 557 644 END
START -748 13076 9320 -3774 -120 -1744 698 645 542 557 645 END
START -1288 12648 9804 -3095 -249 -1112 697 638 523 553 648 END
START -1444 11808 10004 -2252 491 -845 698 641 542 555 639 END
START -2080 12260 11708 -1644 -932 -804 698 644 537 553 639 END
START -1136 12160 10708 -1500 -1300 -596 702 656 541 556 665 END
START -612 11784 8956 -668 749 -326 700 644 542 555 643 END
START -1024 11944 9308 -638 415 -242 700 646 543 556 644 END
START -500 12044 7652 -217 2521 66 701 645 543 551 621 END
START -1092 11888 6992 165 4568 604 702 647 542 557 647 END
START -1432 11864 7664 742 6939 1130 700 640 535 556 643 END
START -1412 12836 9452 1549 7446 1108 711 646 546 555 642 END
START 628 12388 12348 4752 10073 1862 706 641 545 556 640 END
START -7348 11528 12436 2312 -1215 648 697 651 544 560 630 END
START -3772 12964 11428 1689 -1146 -28 686 616 545 557 615 END
START 152 12352 9260 2877 -5302 -977 662 600 544 557 600 END
START -72 18056 1520 -3389 2303 -1236 650 583 545 558 585 END
START 2416 8080 12868 3250 3558 -516 634 569 544 559 567 END
START 1836 11876 3568 -83 5815 -868 604 557 544 608 554 END
START -5924 12704 9388 1605 7899 566 622 540 545 561 539 END
START -6708 12228 9028 1181 2837 1251 616 530 544 561 528 END
START -3196 12864 7572 31 -2929 479 615 541 544 595 523 END
START -456 12936 7616 499 -5395 -626 605 512 544 561 511 END
START 464 13396 5876 211 -3489 -1095 622 508 541 589 509 END
START -936 14820 5380 7 1420 -206 602 490 539 560 473 END
START 172 13588 952 -2926 5213 -355 604 489 536 557 490 END
START -4348 11648 11340 718 8291 1304 600 483 532 553 485 END
START -4556 12752 10252 -265 2370 1256 597 483 529 552 484 END
START -2660 12740 8904 2 -2777 491 598 521 525 549 479 END
START -736 13312 8148 191 -4270 -283 605 478 524 543 474 END
START 348 13668 6248 302 -3113 -353 606 471 521 543 473 END
START -548 13744 4232 -417 115 -55 604 471 519 536 465 END
START -1324 12488 5044 -947 1889 482 603 469 515 532 461 END
START -1892 12088 7604 -612 1876 487 593 467 514 519 468 END
START -2680 13764 9012 -1274 -855 -354 597 468 509 522 467 END
START -740 13104 7540 -2101 -3320 -1194 595 464 510 508 461 END
START 1564 12716 6196 -2212 -2408 -2043 596 450 509 512 463 END
START -376 15224 2944 -3442 574 -1977 595 462 511 512 459 END
START -1232 14100 1640 -5360 2036 -1917 596 460 511 511 459 END
START -816 13060 2612 -5903 2305 -2296 602 490 511 496 462 END
START 744 11164 6792 -7224 3432 -3420 591 465 508 512 464 END
START -2376 12212 8908 -7167 1587 -3720 592 466 512 516 464 END
START -1992 10916 7388 -7241 2091 -4135 573 466 517 517 458 END
START -5492 10984 10876 -5752 4395 -3448 590 466 514 518 468 END
START -6332 12064 12820 -5079 -22 -2212 590 467 515 520 467 END
START -5560 11728 12500 -4288 -1203 -2036 618 468 533 520 461 END
START -3980 11848 9816 -3658 -2670 -2185 589 472 511 524 467 END
START -3396 12400 10228 -2351 387 -1397 587 468 517 523 469 END
START -4280 12360 11088 -1879 1152 -287 593 469 518 523 469 END
START -5672 11624 11924 -1069 1185 382 589 462 515 525 439 END
START -3832 11024 9564 -1435 -3167 -414 589 506 519 525 473 END
START -2164 10812 7332 -1210 -2142 -559 589 473 518 527 470 END
START -1864 11748 8056 -1219 -112 52 589 475 505 524 442 END
START -2568 10872 8104 -1296 1644 422 589 464 519 526 471 END
START -3872 10932 11124 -1066 599 15 589 472 519 525 472 END
START -3724 11524 9732 -1319 -1134 -470 589 472 520 527 503 END
START -2788 11628 7624 -1431 -1426 -637 592 473 520 527 473 END
START -1692 11784 7124 -1200 299 -620 584 471 521 527 473 END
START -3516 12084 11192 -804 1128 -381 588 476 521 528 474 END
START -3700 11976 10240 -922 579 -469 589 473 521 528 473 END
START -3948 11668 10960 -77 216 -455 553 462 519 522 473 END
START -4180 11988 10248 302 250 -126 595 457 522 529 475 END