START 6404 10388 8732 784 1903 -341 701 667 687 693 666 END
START 9956 10544 8816 1462 -1132 -1284 701 667 687 692 667 END
START 4400 8496 11016 464 -1561 -4664 700 667 687 692 665 END
START 6624 11296 7620 -3179 -3783 -7357 701 667 687 692 667 END
START 6084 11876 7876 -4613 1512 -5820 701 667 687 692 667 END
START 5280 11636 10388 -3983 2714 -3925 700 668 687 692 667 END
START 6184 11208 12640 -2235 -101 -2162 700 667 687 693 667 END
START 5652 12548 11284 1326 -3804 507 700 667 687 692 667 END
START 6048 11380 8504 6924 -5564 4106 700 667 687 693 667 END
START 7688 10288 6156 9667 -5332 6021 701 667 687 692 668 END
START 5916 11060 8204 7993 -3377 6201 701 667 687 692 667 END
START 6408 13272 7840 6315 4170 8483 699 667 688 692 667 END
START 5820 12784 7952 3393 2101 8047 701 667 687 692 667 END
START 10912 10820 5872 -843 2516 5639 701 667 688 692 668 END
START 9312 11840 6320 -3607 3514 3148 701 668 687 692 667 END
START 6036 10152 8152 -3881 5960 1761 701 667 687 693 667 END
START 8492 11220 7436 -3083 3217 112 702 667 687 692 667 END
START 7364 10028 9584 -2358 -5636 -2597 701 668 686 692 667 END
START 6868 11928 7928 -178 -8340 -1552 701 667 687 693 667 END
START 7300 12272 6284 -562 -3076 795 701 667 688 693 667 END
START 7296 11544 7492 -880 -335 1067 701 667 687 693 667 END
START 8524 11820 6896 66 -852 696 701 667 687 693 667 END
START 7336 11664 7524 565 -1107 1176 701 667 687 692 667 END
START 7588 11172 7928 97 79 1269 701 667 687 693 667 END
START 8324 10700 7584 -146 -539 547 701 667 687 692 667 END
START 8292 11320 6760 -239 -1043 63 701 667 687 693 667 END
START 7948 12024 6844 -365 -722 97 701 667 687 692 667 END
START 7628 12388 7452 336 -624 637 701 667 687 693 667 END
START 7488 11888 7792 732 -1499 1227 701 667 687 693 667 END
START 8184 11144 7252 472 -1550 1188 701 667 687 693 666 END
START 8552 10532 7096 -615 -1072 630 701 667 687 693 667 END
START 8796 10584 6756 -1660 -580 222 701 667 687 693 667 END
START 8528 10640 7032 -1818 -134 -58 701 667 687 693 667 END
START 8040 11332 7124 -1699 -50 -337 701 666 687 693 667 END
START 7532 11596 7652 -1248 -193 368 701 667 687 693 667 END
START 8048 11500 7484 -802 -257 781 701 667 687 693 667 END
START 8536 11120 7292 -901 -245 280 702 667 687 693 668 END
START 8496 10908 7812 -995 -663 -449 701 667 687 693 666 END
START 8740 11332 7868 -1153 -1145 -1098 702 667 687 693 667 END
START 8536 10892 7512 -1585 -1215 -1093 702 667 688 693 667 END
START 8520 11056 7292 -1793 -1191 -1613 701 667 687 693 668 END
START 8208 11672 7372 -1717 -983 -2047 701 667 687 692 667 END
START 7628 11992 7476 -1237 -1211 -2059 701 666 687 693 667 END
START 7664 11880 7268 -751 -1387 -1795 701 669 688 693 668 END
START 8384 11200 7092 -696 -1169 -2010 701 667 688 692 667 END
START 9056 10792 7440 -1200 -1546 -2711 701 667 688 693 667 END
START 9332 10724 7852 -2101 -2083 -4080 700 667 688 693 667 END
START 8872 10760 7928 -2624 -2971 -5209 700 667 688 693 667 END
START 8956 10360 7076 -3105 -2864 -6015 700 667 688 693 668 END
START 9304 9900 6500 -3752 -2246 -7356 699 667 688 693 667 END
START 8808 11068 7120 -4706 -2249 -9291 699 667 688 693 668 END
START 7872 12484 8016 -4704 -2813 -10334 698 667 688 693 668 END
START 7144 11172 8200 -2863 -2709 -10871 699 668 688 694 668 END
START 7460 11968 7112 -2135 -3988 -12309 700 668 689 693 668 END
START 6540 10176 8444 -1701 -5488 -14235 698 668 689 693 668 END
START 7988 10488 6696 -2408 -7145 -16221 697 668 688 693 667 END
START 7020 11156 6820 -5668 -5483 -17125 696 668 689 693 669 END
START 5408 11508 8488 -6063 -2483 -16933 696 668 689 693 669 END
START 4468 12132 8432 -4376 -2351 -16528 696 669 689 693 669 END
START 4552 12176 8252 -3641 -2894 -18045 696 670 689 692 669 END
START 4156 11716 7624 -2584 -3808 -19480 697 669 689 694 669 END
START 2296 12156 7840 -2511 -4464 -18748 697 669 689 693 669 END
START 1252 12040 7128 -3942 -3908 -15928 696 669 689 693 669 END
START 2188 11500 5396 -5201 -1960 -14142 696 667 689 693 668 END
START 2268 10788 4872 -5614 730 -14660 695 669 689 693 671 END
START -232 12612 6956 -7047 1845 -14770 696 669 689 693 669 END
START -1912 13388 9132 -6772 1414 -11994 696 669 689 693 667 END
START -2140 13136 9388 -4550 1529 -8077 696 669 689 693 669 END
START -2360 13580 8988 -4218 247 -5570 696 669 689 693 669 END
START -2100 13880 8560 -5873 341 -3429 696 669 689 693 669 END
START -1580 12836 8984 -6741 535 -1879 696 668 689 694 669 END
START -456 12684 9132 -5672 940 -810 696 668 689 693 669 END
START -640 12912 9584 -4435 1555 -169 695 668 689 693 669 END
START -1160 13676 10332 -3281 1398 861 697 669 688 692 669 END
START -1476 13856 11080 -2107 -597 1926 697 669 689 693 669 END
START -776 13460 11036 -609 -1274 2566 697 669 689 693 667 END
START 340 12632 10224 888 -1290 1742 697 669 689 693 670 END
START 664 12800 10144 1268 -1300 898 696 669 689 693 669 END
START 700 12600 9736 945 -809 925 696 669 688 693 669 END
START 756 12476 8984 1072 -623 1040 696 669 689 693 669 END
START 384 12580 8808 780 -563 1207 696 668 689 693 669 END
START 400 12176 9036 923 -863 1866 696 668 689 693 669 END
START 832 11804 8940 961 -698 1833 696 668 689 693 667 END
START 912 11564 8224 78 -66 1211 696 669 689 693 668 END
START 788 11632 8368 -1014 635 860 696 668 689 693 668 END
START 672 11696 8712 -1702 1171 654 696 669 688 693 669 END
START 168 12004 8984 -2556 1170 374 696 668 689 693 668 END
START 596 12220 9524 -2660 1250 558 695 668 688 693 670 END
START 540 12088 10144 -2260 1227 787 695 668 689 693 668 END
START 912 11780 10252 -1751 1140 731 696 668 689 693 668 END
START 176 11364 10592 -2991 1294 -174 696 668 689 694 668 END
START 464 11792 10224 -4460 200 -1323 696 668 688 693 668 END
START -1096 10788 10032 -4287 -763 -2834 696 670 689 693 668 END
START 700 11488 7900 -3709 -1050 -5027 696 668 690 693 667 END
START -2560 13028 9428 -2326 -848 -5062 696 668 689 693 668 END
START -4068 13760 10260 1579 1509 -2862 696 668 689 693 668 END
START -5992 10796 5816 4332 -6344 -1750 696 669 688 693 668 END
START -40 11808 9516 -587 4294 603 694 668 689 693 668 END
START 3400 10604 9656 30 1912 1385 693 669 689 693 668 END
START -436 11944 11556 2095 -355 460 693 668 689 693 668 END
START -192 11852 10576 1178 -1131 939 693 668 689 693 668 END
START 1400 10988 11700 1565 -2813 1242 693 669 689 692 668 END
START 1344 11392 10132 1133 -4777 568 693 668 689 693 667 END
START 548 12456 9064 1187 -5952 823 693 667 689 693 668 END
START 528 12600 6768 2342 -4930 2014 694 668 689 693 667 END
START 812 13236 4716 2355 1465 3578 694 668 689 693 667 END
START 3896 13800 3200 -251 8169 6118 693 667 689 693 667 END