START 10436 9584 7868 -1177 1815 -976 695 665 684 691 665 END
START 8876 8312 10172 -2301 -3831 -2466 695 665 683 691 666 END
START 8944 11048 5716 -3492 -10171 -5264 695 665 684 691 665 END
START 11020 11660 7256 -6025 -1809 -4582 695 666 684 691 665 END
START 10964 10032 9096 -5811 -2037 -3961 695 665 684 691 665 END
START 10504 9940 8320 -2009 -3767 -894 695 665 684 690 665 END
START 10456 9972 7216 153 -2512 960 696 665 684 691 665 END
START 6676 9484 10620 423 -3548 2560 695 665 684 690 665 END
START 11296 10148 4556 896 -1646 4579 695 664 684 691 665 END
START 18464 11568 -3764 1047 88 3518 695 665 684 691 666 END
START 6164 10652 8732 -651 -691 5156 696 665 685 691 665 END
START 7456 10476 9028 1608 2927 428 696 666 684 691 665 END
START 9732 11956 7804 -2116 5772 1230 696 665 684 691 666 END
START 7808 10912 8972 -657 -290 1139 696 665 684 691 665 END
START 8072 10128 8248 953 -1083 2619 696 665 684 691 666 END
START 9316 9196 6912 802 2111 3223 695 666 685 691 664 END
START 10824 9488 5844 -312 3989 2893 696 665 684 691 665 END
START 9376 10636 6980 -405 4246 3621 695 665 685 690 664 END
START 7340 9984 9216 -993 3184 4304 696 666 684 690 666 END
START 8292 9372 8276 -1334 2692 3461 696 665 684 691 666 END
START 10032 8920 7196 -2758 2025 1972 696 665 685 690 664 END
START 10404 9628 7484 -3431 2067 1061 696 665 684 691 666 END
START 9500 10340 8716 -2696 1547 1004 695 665 684 692 665 END
START 9304 10184 9376 -559 414 919 696 665 684 691 666 END
START 10748 9736 8740 1119 -266 454 696 666 684 691 666 END
START 11316 9736 8708 1389 -261 -404 696 666 684 690 666 END
START 11208 10116 8068 865 -307 -1181 696 666 684 691 666 END
START 9996 9968 8524 195 -224 -2531 696 666 684 691 665 END
START 8848 10272 8960 226 -1030 -4425 696 665 684 691 666 END
START 9352 9404 8988 1387 -3079 -6468 696 666 685 691 666 END
START 9864 8476 9476 1665 -5850 -9489 696 666 685 691 666 END
START 10276 9224 9224 689 -9006 -13325 695 665 684 691 665 END
START 10452 10260 6608 -1128 -9365 -16634 695 666 685 691 665 END
START 10164 11424 5420 -3060 -4702 -17929 695 667 685 690 665 END
START 8160 10356 8596 -2665 -2003 -17266 695 666 685 691 665 END
START 8636 9744 8572 -1284 -3130 -16806 694 665 685 690 666 END
START 10124 9024 5968 -1788 -2076 -18550 694 665 685 691 666 END
START 9776 9264 5452 -4339 -83 -21098 694 666 685 691 666 END
START 6260 11360 7780 -6688 -1116 -23738 694 666 685 691 666 END
START 2868 13116 10604 -4491 -2350 -22677 694 666 685 691 666 END
START 2220 12020 9988 2684 -4057 -17264 694 666 685 691 667 END
START 2900 10412 9556 3814 -9835 -19676 693 666 685 691 666 END
START 4700 11484 6356 -569 -12140 -23889 694 666 685 691 666 END
START 3856 11924 6700 -2272 -10716 -22028 694 666 685 691 666 END
START 2344 12056 7424 -2983 -12358 -21378 693 664 685 691 666 END
START 1904 11884 6048 -2941 -9713 -20648 693 665 685 691 665 END
START 2196 12096 4296 -3099 -3739 -18611 693 665 685 691 665 END
START 296 12192 6316 -4539 -877 -16391 691 666 685 691 665 END
START 80 12356 6712 -4961 13 -12737 693 664 685 691 666 END
START 276 11632 7572 -4248 1549 -9096 692 665 685 691 665 END
START 976 11948 7100 -2561 822 -9067 691 664 685 692 665 END
START -1280 12420 9136 -3282 2928 -10142 691 665 685 691 664 END
START -2976 12740 9652 -2856 2108 -9253 692 664 685 691 664 END
START -3908 13796 8408 -2709 2260 -6615 692 664 684 691 665 END
START -4364 13924 8112 -3162 3356 -4111 692 664 685 691 664 END
START -4224 13244 8644 -2826 3412 -2729 692 664 685 691 664 END
START -4872 13956 8992 -2202 1822 -2366 692 664 685 691 663 END
START -5136 14640 8872 -1243 359 -1065 691 663 685 692 664 END
START -4496 14236 8000 -504 460 1451 691 663 685 691 664 END
START -3960 14276 6484 -535 2108 3946 691 663 684 690 663 END
START -4416 14900 6788 -1327 3574 5928 691 664 684 691 663 END
START -4288 14756 7648 -2030 4393 7288 692 663 685 690 663 END
START -3772 13944 8276 -2624 4475 7217 692 664 684 691 663 END
START -3568 13712 8816 -2213 2359 5858 692 663 684 691 664 END
START -3412 14860 8344 -1207 1746 6213 692 664 685 690 664 END
START -3636 14936 8320 -104 1500 7786 693 664 685 691 664 END
START -3680 14452 9208 928 1111 9751 692 664 685 691 664 END
START -1776 12820 8620 2604 705 10050 692 664 685 691 664 END
START -132 13148 7624 3062 1103 9521 691 664 684 690 663 END
START -516 14080 7560 1342 2067 9761 692 664 684 690 664 END
START -1416 14256 8436 316 2328 11798 691 664 685 691 664 END
START -1000 13816 7544 716 1980 13865 692 664 684 690 664 END
START -224 12980 6592 1246 2598 16450 692 664 684 690 664 END
START 20 11424 7900 750 1611 15494 692 665 684 689 664 END
START 1116 11912 7460 581 1795 15564 692 664 684 690 664 END
START 1500 12476 7716 120 2754 16230 692 664 684 691 664 END
START 1972 11980 8748 464 3360 16537 692 664 683 691 664 END
START 2484 11416 8932 1151 1697 15681 692 664 684 690 665 END
START 2000 11928 7748 1031 777 15518 692 666 684 690 663 END
START 2736 12376 5844 663 2005 16859 692 665 684 690 665 END
START 4060 12204 5936 221 5141 18064 693 665 684 690 665 END
START 5280 10604 6664 781 5932 16681 693 667 684 690 663 END
START 5212 9144 7968 -701 5337 14800 693 665 684 690 665 END
START 6196 10308 7576 -2155 4916 13640 694 665 683 691 665 END
START 2496 11960 7840 -4231 5271 13667 695 665 682 690 666 END
START -256 12360 7712 -5074 2960 14057 696 665 684 690 665 END
START 4268 9796 7920 -1755 153 13848 696 665 684 690 665 END
START 9540 8516 7200 1317 1577 15262 695 665 683 690 666 END
START 12576 7772 9192 487 4615 15541 696 665 684 690 665 END
START 10228 8096 9296 -5070 5190 12864 695 665 684 690 666 END
START 9176 9584 7884 -10643 4895 11160 696 666 684 690 666 END
START 7416 10648 8176 -9661 4799 10231 697 666 685 690 666 END
START 6672 10196 10060 -5714 2927 10355 697 666 685 690 666 END
START 9160 9060 10924 -2799 -97 9408 697 666 685 691 666 END
START 10560 8792 10108 -2055 -386 7768 697 666 685 691 666 END
START 10804 9872 10368 -2049 533 7124 698 666 684 690 666 END
START 10132 9980 10792 -1776 1055 7160 697 667 685 691 666 END
START 10676 9228 10048 -1753 15 6457 698 667 685 691 667 END
START 10764 8736 9504 -2628 -355 4703 697 666 685 690 665 END
START 11260 8524 9412 -2508 -352 3054 698 666 685 691 666 END
START 11076 8936 9512 -2241 166 1765 697 666 685 691 667 END
START 9452 8972 10132 -1877 -56 1176 697 667 685 690 667 END
START 9308 8712 9612 -590 -1051 1033 697 666 685 690 666 END
START 10196 8136 8936 -338 -1184 166 697 666 685 691 667 END
START 11160 7636 8564 -340 -871 -897 698 667 685 691 667 END
START 10752 8056 8920 -31 -647 -1819 698 667 685 691 666 END
START 9548 8888 9480 488 -488 -3087 697 667 685 690 667 END
START 9016 8432 9956 1307 -1387 -3747 698 666 686 691 666 END
START 9604 8268 9268 1380 -2447 -3991 697 666 685 691 666 END
START 10376 8284 8692 816 -2662 -5375 697 667 685 691 666 END
START 11252 7516 9120 261 -1965 -7055 697 666 685 691 666 END
START 10832 7672 9056 -279 -1452 -9392 697 666 685 692 666 END
START 8880 9840 8612 -510 -1057 -11024 697 666 685 691 666 END
START 5416 11740 9904 996 -1067 -11448 697 666 685 691 666 END
START 5432 9832 10048 3971 -4015 -10855 696 665 685 691 666 END
START 8848 9548 8772 3950 -5848 -9547 696 666 685 691 666 END
START 10724 8188 8728 2314 -4855 -12349 696 666 685 690 666 END
START 9100 8780 9128 -50 -4206 -14175 696 666 685 691 666 END
START 8064 9132 9576 -1191 -2816 -15263 695 665 685 690 666 END
START 6316 10452 8924 -489 -3390 -16559 695 666 685 691 666 END
START 3664 12080 8540 1226 -4170 -16113 696 666 685 690 666 END
START 2984 13024 8976 3905 -5180 -17341 695 666 685 691 665 END
START 3636 12084 8140 5906 -6117 -17447 694 665 685 691 665 END
START 4168 10008 8124 6456 -6373 -16074 693 666 685 691 664 END
START 6500 10020 5536 4240 -6563 -16998 693 665 685 689 665 END
START 6456 10556 5400 911 -5290 -18423 692 664 685 691 664 END
START 4032 10944 7008 -135 -5278 -19758 692 664 685 691 664 END
START 2020 13644 7060 -82 -5221 -20346 691 665 685 691 664 END
START -844 15184 7692 1112 -4736 -18838 691 664 685 691 664 END
START -1684 16456 6568 2820 -5311 -15890 691 664 685 690 663 END
START 1080 14416 5620 3285 -6881 -15164 692 663 684 691 663 END
START 1120 12780 5228 1027 -4491 -13608 690 662 684 690 662 END
START 516 11668 5100 -2735 -4060 -8680 690 662 684 690 663 END
START 2360 12924 4800 -6703 -1867 -6184 691 662 684 691 663 END
START 1784 13912 6688 -8127 714 -9096 691 663 684 690 663 END
START -236 14080 9656 -6041 -1307 -11687 691 662 684 691 662 END
START -3872 16768 7984 -5151 -1598 -11407 691 662 683 690 663 END
START -2748 14376 8124 -4844 -5529 -8108 691 662 684 690 663 END
START -3876 15064 7768 -4446 -3024 -5624 692 662 684 691 662 END
START -3260 14740 6872 -4271 -1342 -1525 692 663 684 691 662 END
START -1648 13276 7460 -3519 -1325 -1043 693 663 684 691 661 END
START -1200 13984 7844 -1820 -491 -1780 693 662 684 691 663 END
START -2592 14652 8552 -184 62 -359 693 662 684 691 663 END
START -2552 15076 8644 465 -1041 1300 693 662 684 692 663 END
START -1972 13660 8368 416 -1222 2646 692 662 684 691 663 END
START -700 12748 7832 -282 -1774 2392 692 663 684 691 663 END
START -156 13064 7360 -1580 -1505 1785 692 662 684 690 663 END
START 64 13324 7708 -2227 -1435 1655 692 662 684 691 662 END
START -620 13136 8396 -1813 -2047 1160 691 662 684 691 663 END
START -832 13336 8100 -1567 -3396 259 691 662 683 691 663 END
START -512 13736 7308 -867 -2285 696 692 662 684 691 662 END
START -176 13316 7224 -330 -716 1417 692 663 685 691 662 END
START -248 13144 8224 -1516 -464 1285 691 663 684 691 663 END
START -124 12524 7936 -2291 -844 141 691 661 684 691 661 END
START -376 12808 7952 -3099 -1435 -1052 691 661 684 692 663 END
START -528 13240 8076 -3463 -1331 -1314 690 662 684 691 662 END
START 1012 13284 5868 -2292 -285 -1687 691 662 684 691 662 END
START 2060 12572 5924 -682 1191 -82 691 663 684 691 662 END
START 656 12896 7956 -598 3001 1713 689 663 684 691 662 END
START 2208 11416 8796 -855 4053 898 688 663 684 691 662 END
START -3440 11084 12732 -341 537 -1280 689 662 684 690 663 END
START 40 12616 8592 -811 2316 -265 689 662 684 691 662 END
START 196 12772 8024 -1022 -375 -576 689 662 684 691 663 END
START -2488 13164 10560 -779 -3257 -983 690 663 684 691 663 END
START -1008 13420 8672 1097 -5852 -166 690 663 684 691 663 END
START 704 13704 5716 891 -4236 79 689 663 684 690 662 END
START 848 13360 6492 -2171 -279 1318 690 663 684 691 663 END
START 7840 15088 2676 -3251 1062 3163 690 663 685 691 662 END
START -5080 12776 16416 -4067 4002 4092 689 663 684 691 663 END