START 6112 16056 4524 2432 -334 -4155 691 658 681 688 659 END
START 284 15012 13728 2672 -4419 -4086 691 658 681 688 659 END
START -352 14980 9608 4707 1349 -2966 691 659 681 688 659 END
START 16320 16508 -7160 5111 11959 -60 692 660 681 688 659 END
START 4008 13520 7884 4441 8920 1539 691 657 681 688 659 END
START 2960 12568 6532 3649 6961 1127 691 659 681 688 659 END
START 2912 12584 5460 1210 2153 1845 691 659 681 687 659 END
START 3372 13452 6080 -643 -883 2787 691 659 681 687 659 END
START 4820 14492 5488 -911 -4327 4347 691 659 681 688 659 END
START 8864 14700 1008 -2466 -1960 5445 692 659 681 688 659 END
START 10000 14168 2024 -1422 -14051 6186 691 659 681 688 659 END
START 5476 12792 3072 -1956 -7118 3664 691 659 681 687 659 END
START 5816 14020 2372 -7595 -8621 2810 692 660 682 688 658 END
START 3868 13908 5948 -8881 -7577 2858 691 659 682 688 659 END
START 3224 14884 5668 -5412 -2481 4012 692 659 681 688 658 END
START 4456 14120 4924 -2732 2343 4969 692 659 682 688 659 END
START 6676 13680 4088 -1872 6899 5930 692 659 682 688 659 END
START 6068 13260 6908 -1116 7597 6520 692 659 681 688 661 END
START 5332 13320 7600 -531 2622 6597 691 659 682 688 660 END
START 6048 12480 7028 -316 -2673 6606 692 659 682 688 660 END
START 8636 12228 5796 -235 -5246 6026 694 660 680 688 660 END
START 9160 12248 5536 765 -6018 4189 691 660 682 689 660 END
START 9428 12356 5668 949 -6210 2596 693 660 682 688 660 END
START 10464 11960 6468 130 -6012 647 695 660 683 688 660 END
START 11400 11632 7064 380 -5584 -2698 691 660 682 688 660 END
START 11048 12528 6304 1059 -4658 -6555 691 658 682 688 660 END
START 9216 12980 5556 383 -3719 -9470 690 660 683 688 660 END
START 7608 13016 5388 -903 -3674 -11133 690 660 682 688 660 END
START 7516 12212 5580 -1258 -1960 -12789 689 660 682 688 660 END
START 7460 11648 6084 -674 -1665 -15096 689 659 681 688 659 END
START 6488 11784 5436 -689 -1673 -17257 688 659 681 688 659 END
START 4084 12940 5032 -1126 -1394 -16625 689 659 681 688 659 END
START 2384 13668 4924 -1934 -79 -14573 690 659 681 688 656 END
START 1488 13800 5384 -2127 1038 -13347 689 660 681 687 659 END
START 940 13372 5516 -1872 1315 -13845 688 658 681 688 658 END
START -292 13572 4980 -2169 953 -13703 687 656 680 688 658 END
START -1724 13884 5112 -2151 175 -11202 686 657 680 688 658 END
START -2556 14692 5048 -1979 -67 -7955 687 657 680 687 657 END
START -3632 15292 6356 -2338 -1286 -4366 688 657 679 687 655 END
START -4448 16064 5596 -2584 -2682 -413 687 657 680 687 657 END
START -4588 15416 6232 -2955 -2425 5330 688 657 679 687 657 END
START -2004 15108 5532 -2125 -563 10359 689 655 678 686 657 END
START 168 14952 4384 -1286 4458 12470 689 657 678 686 656 END
START -376 15284 4048 -1358 9703 15163 690 657 679 686 657 END
START 452 13936 5020 -2148 12142 18085 691 657 679 687 656 END
START 1960 13016 5772 -3035 12252 19325 692 658 680 687 658 END
START 2068 13168 6852 -3909 9068 21220 692 658 681 688 658 END
START 2816 12088 8032 -3417 6265 22636 692 660 681 688 659 END
START 4656 10752 9124 -2633 2338 21699 691 660 682 688 660 END
START 9204 10104 8464 -1964 -2660 18143 693 661 682 688 661 END
START 12472 9240 8432 -903 -4512 13058 693 663 682 687 661 END
START 13688 10156 8504 766 -5759 8085 694 662 683 688 660 END
START 14476 11588 8264 947 -6105 2103 693 662 682 688 662 END
START 14124 12364 8496 1120 -7251 -4899 693 662 682 688 662 END
START 12752 12972 7540 1039 -7518 -11063 692 663 682 688 662 END
START 10536 12956 6400 267 -6598 -14841 691 662 682 688 661 END
START 9312 12744 6256 -1004 -5947 -17270 690 662 681 688 662 END
START 8240 12568 5628 -1832 -5229 -18131 690 663 682 688 661 END
START 6616 11912 5472 -3148 -4788 -18283 690 661 682 688 660 END
START 5712 11984 5936 -4847 -5799 -18459 689 660 682 688 660 END
START 5040 10672 5576 -5527 -6256 -18816 685 659 681 688 659 END
START 3488 11128 5976 -5427 -5370 -19337 687 659 680 688 656 END
START 1516 12428 6040 -5253 -5724 -19408 688 657 680 688 657 END
START -2512 13804 6332 -3900 -4448 -17319 688 656 678 687 656 END
START -5808 15132 6720 -2925 -3298 -13595 690 654 678 687 655 END
START -5528 15288 6608 -2415 -3235 -9127 688 653 678 687 651 END
START -4396 14892 6300 -880 -637 -3912 686 652 677 686 652 END
START -3740 15044 6140 -449 367 804 685 649 676 686 651 END
START -4552 15464 6828 -652 1912 5082 685 652 676 686 652 END
START -4856 14152 6756 -468 2757 9445 686 653 676 686 653 END
START -4040 15384 7684 -550 3455 13623 689 653 676 685 655 END
START -1864 13732 7632 1002 3416 15420 689 654 676 686 654 END
START -284 13196 6820 1441 3065 16061 688 655 676 686 654 END
START 824 13344 6788 1495 1810 18141 690 655 676 686 655 END
START 1304 11532 7272 958 631 19797 689 656 678 687 656 END
START 3148 12988 5004 -887 -1381 19064 691 658 678 686 656 END
START 6148 13668 5336 -211 2271 18635 686 658 681 688 657 END
START 6840 11760 5148 3425 3002 20577 691 657 680 688 658 END
START 9580 10480 5508 3387 3876 19869 689 660 680 687 657 END
START 13516 10192 6468 2868 2164 16509 691 658 679 687 659 END
START 15356 10692 7736 4085 2684 10942 691 660 680 687 659 END
START 15556 12536 6572 4399 1274 5704 695 660 678 687 663 END
START 16044 12540 6112 4862 2350 747 691 661 680 687 660 END
START 14816 12328 6424 3576 501 -5655 690 659 680 687 660 END
START 13032 12532 5064 2 -2408 -12563 690 659 679 687 660 END
START 11288 12492 5704 -2034 -1423 -16902 690 659 680 687 659 END
START 9904 11832 5644 -2316 -454 -19734 691 659 680 687 659 END
START 7872 11524 5796 -3812 -510 -21939 690 661 680 687 659 END
START 6340 11208 6108 -6016 -2466 -24650 690 658 680 687 659 END
START 4896 9968 5952 -7178 -3914 -28302 689 658 680 687 658 END
START 2024 10092 5560 -8032 -4372 -30318 690 658 679 688 661 END
START -2536 10864 4776 -8043 -1377 -28636 689 658 679 687 656 END
START -7336 12972 6072 -5767 4288 -22200 686 656 679 687 656 END
START -8520 13852 7348 -2638 6272 -14091 686 653 678 687 654 END
START -7788 13476 9472 -541 4337 -8402 685 652 677 687 650 END
START -6400 13376 7936 909 2218 -4461 682 649 677 688 649 END
START -8800 15328 7240 140 1342 1786 681 650 677 687 650 END
START -10976 16720 8484 298 1706 11589 683 651 677 687 651 END
START -8492 15148 7564 772 -307 18854 684 652 677 687 652 END
START -3608 13416 6556 370 177 19549 685 652 677 686 652 END
START -1764 13464 5896 468 1942 19083 685 653 677 686 653 END
START -896 13348 5776 1065 4585 20918 687 654 677 686 654 END
START -132 13020 5928 1398 4626 23432 687 657 677 686 654 END
START 1568 11404 5472 192 5083 24521 687 655 678 686 653 END
START 3200 11272 5612 -899 4368 24755 688 656 678 687 655 END
START 5368 11360 6452 -815 3676 24563 688 654 679 687 656 END
START 7532 11192 6560 399 3233 23653 689 657 679 687 657 END
START 9792 10140 7460 1253 2356 21295 689 657 678 687 657 END
START 12140 10476 7256 1653 1940 18073 689 657 678 686 654 END
START 13848 11552 7824 1695 -162 13133 689 658 679 686 657 END
START 14268 12048 7664 1841 -3607 7241 689 659 679 686 658 END
START 14156 12740 7100 1671 -4939 1978 689 659 679 686 659 END
START 14216 12824 6316 717 -5651 -3675 687 658 679 686 658 END
START 13748 12596 5928 -510 -5248 -9713 689 658 679 686 657 END
START 11284 12420 5992 -1534 -4178 -14321 689 660 679 686 658 END
START 9168 11708 5276 -2014 -2822 -17246 689 658 679 686 658 END
START 7152 11872 5196 -2638 -251 -17906 689 658 679 686 657 END
START 5868 12172 5788 -3364 -44 -17434 690 657 679 686 658 END
START 4696 11488 6128 -3443 -764 -17703 691 657 677 687 656 END
START 3188 11576 6776 -3141 -2033 -18148 689 656 679 686 656 END
START 1548 11976 7036 -3402 -2946 -16823 689 658 678 686 656 END
START 1024 12612 6976 -2880 -2358 -13907 689 658 678 686 656 END
START -320 13400 6584 -2234 -1302 -11502 689 656 678 686 656 END
START -2140 13876 5960 -2703 -1111 -9897 689 656 678 686 656 END
START -2256 13900 6696 -3603 -1409 -7692 689 657 678 687 656 END
START -1220 12620 7268 -2313 -483 -6550 689 655 678 686 655 END
START -1408 14476 6248 476 4763 -6189 689 655 677 686 655 END
START -3492 14612 8248 1933 1852 -6259 688 658 678 686 655 END
START 3080 16044 -1452 2267 3214 -6596 691 655 677 686 655 END
START 860 17168 11000 3091 -1697 -3114 688 655 676 685 655 END
START -2696 13984 5816 4447 -696 -2437 688 655 676 685 654 END
START -4424 14864 7276 1347 4400 -222 688 655 677 685 655 END
START -892 14708 5668 173 2169 712 687 655 676 685 655 END
START -1076 14264 6140 -95 -1599 1495 688 655 676 686 655 END
START -1232 14424 6808 -621 -5088 2693 688 655 676 685 656 END
START 208 14660 6400 -901 -6837 3834 687 656 677 685 656 END
START 1984 14808 5680 -1046 -7598 3809 687 656 677 684 656 END
START 5060 14744 4712 -1722 1088 3829 687 656 677 685 655 END
START 11060 14128 -1588 -2280 4112 3714 687 657 677 684 655 END
START 3300 13296 4636 -2886 190 2278 687 655 676 685 656 END