START -2104 15424 7016 3874 8838 -7779 686 653 675 684 653 END
START -268 15612 11252 4127 2648 -7999 686 653 675 684 654 END
START 2644 14460 6820 4146 -7855 -5374 686 653 675 684 653 END
START -5848 13424 11760 -231 9939 -1846 686 653 676 684 653 END
START 272 13280 8612 -1841 8586 -110 685 653 675 683 653 END
START -704 13336 7132 -1019 3171 -1322 686 653 675 684 653 END
START -1840 12532 7112 -2290 -1533 654 686 654 675 683 653 END
START -1888 13652 7220 -3714 -5300 2919 686 653 675 684 653 END
START -1312 14736 6688 -4430 -10250 4952 687 654 675 684 653 END
START -1132 15744 7332 -5919 -3072 6051 686 655 675 684 653 END
START 5540 16492 2820 -5123 -24680 6187 687 653 675 684 654 END
START 60 14812 6008 -2804 -15937 4924 686 653 675 684 653 END
START -804 14436 6660 -1986 -13507 5879 686 653 675 685 653 END
START 1040 14864 4356 -1951 -5486 6347 685 653 676 684 652 END
START 1184 14960 5016 -1406 -1004 7243 686 653 676 684 653 END
START 1364 14448 5444 -506 2720 8845 688 653 675 684 653 END
START 220 14176 6736 -439 1289 11222 687 653 675 684 653 END
START 252 13116 6896 -115 2970 13246 686 653 675 684 653 END
START 992 12652 7832 5 3089 13864 686 653 675 684 652 END
START 2408 12128 7084 -540 -1657 14123 686 653 675 684 654 END
START 3552 11560 5576 -490 -4137 15796 686 654 676 684 651 END
START 4460 11228 5912 -396 -1371 18025 684 653 675 685 653 END
START 6068 11352 6736 275 673 19010 686 653 676 684 654 END
START 8232 10532 7548 820 -880 17616 688 654 677 685 652 END
START 10164 10160 7192 1307 -3671 14756 687 655 676 685 655 END
START 11720 10264 6396 1391 -5284 11566 687 655 677 685 655 END
START 12820 10756 5700 2008 -5089 7651 687 654 676 684 655 END
START 13548 11904 5480 1573 -4600 3404 687 655 677 685 654 END
START 14304 12512 6180 727 -4898 -2078 686 654 676 684 655 END
START 13736 12644 6520 759 -6833 -7961 686 655 676 684 654 END
START 12568 12528 5720 -420 -9873 -13267 685 655 676 684 655 END
START 11340 12800 4900 -3078 -11426 -18078 684 655 675 684 655 END
START 9760 12896 4832 -5116 -10858 -20865 684 655 676 685 655 END
START 8100 12268 4208 -5784 -9172 -21901 685 654 677 685 654 END
START 6448 11844 4156 -6991 -6613 -21973 684 654 676 685 654 END
START 5080 11708 5032 -8256 -4809 -22055 684 654 676 685 654 END
START 3424 11868 5764 -8274 -3898 -22115 686 655 676 685 653 END
START 604 12076 4780 -7209 602 -21815 684 655 677 686 655 END
START -2072 13836 6528 -6563 2204 -19451 686 654 677 686 655 END
START -2736 14320 6536 -6151 1394 -15792 686 653 677 686 654 END
START -3640 14176 7184 -4920 2090 -12186 680 653 677 686 653 END
START -5324 14864 7284 -2608 3819 -6111 685 653 678 686 652 END
START -6268 15240 8060 -1093 5349 1260 685 653 677 686 653 END
START -5372 15012 8204 -204 5008 7410 683 653 677 687 653 END
START -3172 13928 7420 434 5052 11769 685 652 677 686 654 END
START -1928 13516 6848 761 6471 15192 686 654 677 686 654 END
START 100 14108 6788 481 9497 18382 690 654 677 686 654 END
START 2248 13424 7236 2055 10894 19481 687 654 677 686 655 END
START 2808 12592 6956 3607 10930 19051 688 655 677 686 654 END
START 1860 12592 7084 2518 10229 19267 688 655 677 686 655 END
START 3544 12220 6920 492 6515 20584 688 656 677 686 656 END
START 6752 10880 8100 149 1676 21341 688 656 677 686 655 END
START 10972 9240 7412 1835 -1735 19653 687 656 677 685 654 END
START 13888 9880 5112 2868 -2854 15412 687 656 677 685 656 END
START 13960 11296 5372 1384 -4605 9932 687 655 676 685 658 END
START 13896 12660 5876 -761 -6605 3869 687 656 675 684 656 END
START 13928 13180 7080 -1718 -8181 -2708 686 656 674 683 656 END
START 14220 13268 6992 -1790 -9641 -9845 687 656 674 683 656 END
START 13320 13260 5676 -3069 -10630 -17307 684 656 674 682 656 END
START 9640 13236 5588 -5132 -10018 -21894 686 656 674 683 656 END
START 7752 12516 5224 -6538 -9909 -22924 686 655 675 683 655 END
START 6376 11496 4664 -7659 -6715 -23102 687 655 675 684 656 END
START 5564 11248 4792 -8718 -1617 -23200 687 654 676 684 656 END
START 3328 11612 7088 -8853 -426 -22809 687 655 676 685 656 END
START 972 11612 6416 -8127 -278 -22939 688 654 676 685 655 END
START -2996 12580 7980 -5965 2757 -20345 687 655 676 685 653 END
START -6156 13912 9244 -2699 4838 -15862 687 654 677 685 655 END
START -7020 13624 10960 -251 2835 -12236 688 654 677 686 654 END
START -6276 13764 9952 796 405 -8881 687 654 677 686 652 END
START -6008 12644 4716 2358 2669 -5485 687 654 678 686 652 END
START -8224 15820 5740 1052 6389 387 685 654 677 687 654 END
START -8572 16324 5788 676 5640 7813 687 654 678 686 654 END
START -6860 15020 6280 2 4607 13018 687 654 678 686 654 END
START -3724 13572 6112 -557 5251 14001 688 655 677 687 656 END
START -2044 13364 7148 401 6417 13473 688 654 677 687 656 END
START -956 13596 6964 2198 6701 14297 687 655 677 686 655 END
START -1716 14112 6988 2945 7686 16486 689 655 676 686 654 END
START -1540 13044 6728 2092 4745 20562 689 655 676 685 655 END
START 1392 11704 5092 861 3490 23406 689 655 676 685 655 END
START 3284 11248 4848 398 5678 23762 689 656 677 685 655 END
START 4772 11404 6188 205 5368 23558 689 656 675 685 656 END
START 6216 10868 7904 1442 4050 22812 689 655 677 685 657 END
START 7964 10332 9436 2618 -854 21021 689 657 677 685 655 END
START 11440 9804 7748 3454 -5986 17267 688 657 677 685 656 END
START 12480 10872 6384 3500 -7016 12655 689 657 676 684 657 END
START 13740 12008 5764 2826 -8347 7827 689 656 676 684 656 END
START 15328 12648 6440 2437 -9380 1570 688 656 675 683 656 END
START 16468 12912 5476 1901 -10240 -5744 687 655 674 683 655 END
START 15020 13756 4796 248 -10824 -12626 687 655 674 683 655 END
START 12088 13832 3036 -2833 -11126 -17390 685 655 675 683 655 END
START 9612 13436 3744 -5458 -9826 -18331 686 655 675 684 655 END
START 9764 11768 3352 -6952 -8120 -19214 686 655 675 684 656 END
START 7564 11472 4816 -8055 -5524 -20654 686 655 676 685 656 END
START 5620 10656 6200 -8456 -6001 -21845 686 655 677 685 655 END
START 4180 10332 5848 -8050 -5206 -22693 686 655 677 685 655 END
START 1612 11012 5916 -7363 -3535 -22016 689 655 677 686 656 END
START -640 11736 6208 -5884 -2162 -21317 687 656 678 686 656 END
START -3220 12492 6152 -5903 -2766 -20439 687 656 679 687 656 END
START -6720 13512 8376 -5306 -3954 -15856 688 656 679 687 656 END
START -7280 14764 9180 -2842 -3228 -8661 687 656 678 687 656 END
START -5372 14444 8472 -221 -1124 -2488 688 656 679 687 656 END
START -3996 14360 6128 1632 4882 1123 687 656 679 687 656 END
START -5488 15776 5744 2165 9905 3733 688 656 679 687 656 END
START -6496 16636 5716 1370 9683 7849 688 656 678 687 656 END
START -4172 15828 5340 -204 6182 11164 687 656 679 687 656 END
START -628 14040 4764 -1860 3262 11587 687 656 679 687 656 END
START 1552 13688 4832 -2754 3263 10445 687 656 679 687 656 END
START 1880 14336 5800 -1906 4055 8567 687 656 679 687 656 END
START 180 14564 7340 -342 3139 7448 687 657 678 686 656 END
START -1200 15020 7112 302 2868 8340 687 656 677 686 655 END
START 28 15268 5416 -126 4358 10215 687 655 677 686 656 END
START 1536 13908 5288 -593 6631 11055 687 655 677 686 655 END
START 2132 13940 5728 -1200 7859 11268 687 655 677 686 655 END
START 2268 14240 5908 -1900 7385 10980 688 656 677 685 655 END
START 2584 14032 6716 -1279 7935 10668 688 655 676 686 655 END
START 3180 13276 7216 -55 7625 11133 688 655 676 685 656 END
START 3772 12744 7648 5 6061 11634 689 655 676 686 656 END
START 4332 12804 7608 -387 4669 11747 688 656 675 686 655 END
START 4992 12728 7572 -280 4008 11053 687 658 676 686 656 END
START 5320 13048 7024 -85 3491 9840 687 656 676 686 656 END
START 5848 11968 7404 -2 3213 8698 688 656 676 685 656 END
START 6936 11896 7500 -305 2536 7136 687 657 677 685 656 END
START 8076 11052 7056 -42 3343 5236 687 656 676 685 656 END
START 8064 12468 7388 -88 3662 2812 688 656 676 686 656 END
START 8072 13584 7176 -546 2005 531 688 656 676 685 655 END
START 7248 13472 7364 -379 224 -1425 688 655 676 685 657 END
START 7788 12876 7124 -499 -579 -2984 688 658 676 685 656 END
START 7780 12664 6504 -357 -704 -4626 687 656 676 685 655 END
START 5784 11652 3900 1561 2643 -8264 688 655 676 685 656 END
START 1252 12028 6632 2253 3109 -11534 689 656 674 685 656 END
START 6236 14256 4432 1436 10498 -10644 688 656 675 684 656 END
START 8324 15840 -2424 3352 -4573 -10695 685 655 675 684 655 END
START 6276 14676 4296 1532 6552 -6221 688 655 674 684 656 END
START 1592 15112 7024 -64 1331 -4869 686 655 674 683 655 END
START 808 12716 7624 340 -1910 -4238 686 654 673 683 656 END
START 1220 11880 6176 101 -1713 -2633 687 654 673 683 654 END
START 460 13696 4900 -2134 -1117 -2399 687 654 674 683 654 END
START -124 14200 6148 -3803 -2364 -1130 687 655 674 683 655 END
START 84 13540 7676 -5609 -6161 -299 686 655 674 683 655 END
START 1240 12988 7964 -5731 -8415 -55 686 655 674 683 655 END
START 3464 13612 6448 -5075 -7765 -33 687 656 674 682 654 END
START 7552 14028 3864 -4970 -3375 237 687 655 674 683 655 END
START 6052 15720 3976 -4855 -4453 774 687 656 674 683 655 END
START -6704 15644 10912 -5806 -6220 1033 687 654 674 684 655 END