START -4588 10168 18128 1465 -6306 -6387 694 664 682 689 663 END
START 5880 14148 1624 3735 -9599 -6618 694 664 683 690 664 END
START 412 14428 9736 2100 -6258 -3633 694 664 682 690 664 END
START 5804 12980 10412 3106 -4420 -869 693 663 682 690 663 END
START 7924 11852 8128 3661 -1794 -1040 693 663 682 690 663 END
START 8052 11556 3908 414 2383 -1367 693 664 683 690 663 END
START 1672 14316 6736 -2162 2886 -2126 694 664 681 690 664 END
START -1408 17268 6876 -2453 108 2017 695 664 682 689 664 END
START 3760 13400 7616 -825 -3516 3685 694 663 682 689 664 END
START 1332 11168 12048 1712 -1032 3779 694 664 682 690 663 END
START 17408 9872 -2980 3178 5034 3686 693 663 682 689 664 END
START 1944 12948 8564 3651 2996 6093 693 663 682 689 663 END
START 1904 12704 8180 -2747 -353 3685 693 664 683 689 664 END
START 4484 12928 8308 -4689 -1402 2943 694 664 682 690 663 END
START 3836 7348 4384 -5047 1463 -813 694 663 682 690 663 END
START 532 15492 8140 -7173 -1306 883 694 664 683 689 664 END
START 4936 13328 7492 -4634 -820 2099 694 664 683 690 664 END
START 5932 13412 5392 -755 -2490 1276 692 664 683 690 664 END
START 4644 13820 5968 -637 -2701 1378 694 665 684 690 665 END
START 856 13584 7628 -998 -2209 2285 694 665 684 691 666 END
START 1700 14672 7636 225 -786 3222 693 668 685 691 667 END
START 4972 12900 6272 1619 1613 5314 693 667 686 692 667 END
START 6660 12736 5668 1816 3553 5836 695 668 687 692 667 END
START 3164 13840 8060 1005 2115 5852 694 669 688 692 668 END
START 1972 14660 8768 342 1504 8035 695 670 689 693 670 END
START 3536 14348 7664 1121 -196 10256 696 669 689 694 671 END
START 5272 13364 6920 4118 1940 13259 696 671 690 694 671 END
START 6436 11260 7264 4966 4482 14297 696 671 693 695 671 END
START 6460 12216 7360 2818 4388 12598 699 672 692 694 672 END
START 5384 12628 5304 2667 3998 12052 699 672 692 695 672 END
START 5320 10852 5904 3878 5398 13124 700 672 693 695 674 END
START 6548 10680 6748 4584 5106 12996 701 673 693 695 674 END
START 7976 10432 6788 3525 3139 12244 700 674 693 695 673 END
START 9032 10328 6128 1639 4454 11602 700 673 693 695 672 END
START 9700 10936 6488 -371 4165 9828 701 673 693 695 674 END
START 9332 11372 7520 -843 4864 8298 702 674 693 695 673 END
START 8252 11944 8904 -1004 3741 7692 702 674 691 695 674 END
START 8824 11376 7800 -1128 3108 7553 702 674 693 696 674 END
START 10788 9796 5800 -1690 3754 6758 702 673 693 697 674 END
START 12404 9472 5516 -2624 2401 3281 702 674 693 696 675 END
START 12220 8476 7244 -3253 954 -61 703 674 693 695 674 END
START 11220 8500 7840 -2592 -330 -3127 704 675 693 696 674 END
START 10920 9052 7232 -2411 -1274 -6331 703 674 693 695 674 END
START 10220 9368 6652 -2572 -3063 -9710 703 674 693 695 674 END
START 6068 13720 7068 -1744 -675 -10236 702 675 694 695 676 END
START 6760 13704 8392 804 -1468 -9191 701 674 692 695 674 END
START 8204 11176 8380 2970 -3566 -11145 700 674 693 695 674 END
START 9312 9928 6416 2602 -2120 -12981 700 675 693 695 674 END
START 9028 8320 7596 232 -2010 -14491 699 674 693 695 674 END
START 9368 8812 6524 -2116 -2631 -16554 699 674 693 695 674 END
START 6516 10728 7352 -4413 -1357 -17774 698 674 693 695 674 END
START 3820 10012 7332 -4508 -3448 -19098 699 673 693 695 673 END
START 2944 12132 6888 -4361 -6532 -19938 699 673 692 694 673 END
START 2312 12280 8416 -5381 -7674 -18327 698 672 691 693 672 END
START 4008 12092 7848 -5577 -8500 -17475 697 672 691 694 672 END
START 4388 11772 7316 -6290 -7440 -16552 697 671 691 694 672 END
START 4304 11920 6968 -7796 -5711 -16274 697 671 691 694 671 END
START 3336 14048 7064 -8644 -3815 -15965 695 671 691 694 670 END
START 880 14768 8684 -7708 -2740 -13898 694 670 690 694 669 END
START 204 14632 8904 -6922 -2767 -11049 692 669 690 694 669 END
START 500 13168 8896 -5995 -2469 -9239 691 669 689 694 668 END
START -384 12896 8316 -4498 -185 -5532 691 668 690 694 668 END
START 248 13152 8248 -5497 2142 -1492 691 668 689 693 668 END
START -1464 14536 9908 -5998 4057 -462 691 669 689 693 667 END
START -2600 14720 9884 -3120 4843 686 692 667 689 693 668 END
START -3936 16660 9596 -1095 5030 3652 692 667 688 693 667 END
START -4744 16636 8692 -18 4311 9009 694 668 688 693 666 END
START -4904 15372 9120 1442 2139 12081 695 667 687 693 667 END
START -1704 13440 8600 2086 1389 14624 694 667 687 693 667 END
START 1268 12652 9616 2578 1068 13678 695 667 686 693 667 END
START 2060 14124 8940 3401 1278 13285 694 667 687 693 667 END
START 1240 13776 9208 3480 -269 13572 695 667 687 693 668 END
START 720 13228 8180 4615 -320 15336 695 668 687 693 668 END
START 1508 12668 8108 6225 -183 17043 695 668 687 693 668 END
START 2732 11488 8316 7236 -460 18417 696 668 687 693 668 END
START 5552 10248 7616 5568 -1231 16702 696 668 687 693 669 END
START 5604 10148 7892 2348 -1100 13845 697 669 687 693 669 END
START 7256 10224 7156 476 -1620 14544 697 669 686 693 668 END
START 7568 11316 6604 561 2105 15253 698 670 686 693 669 END
START 6176 10324 6912 974 2242 15176 699 670 686 693 670 END
START 5100 10208 8304 2767 1299 14123 696 670 687 693 671 END
START 5592 10540 9604 2713 2238 12822 698 670 686 693 670 END
START 8624 9180 7940 1955 2366 11594 700 670 686 693 670 END
START 9572 9564 7520 532 1830 11290 700 670 686 693 670 END
START 9768 8848 7576 -1059 840 9419 699 670 686 693 670 END
START 11120 9524 7344 -1285 2166 8087 699 670 686 693 671 END
START 11760 10076 7240 -1573 2799 6219 699 671 687 693 671 END
START 11960 10520 7212 -1973 1785 4289 700 671 687 693 671 END
START 11540 10304 7692 -1414 1653 1981 702 671 687 693 671 END
START 9860 10136 8492 -614 -834 -1562 705 671 687 693 671 END
START 9176 10832 7788 -367 -512 -3871 699 671 687 693 671 END
START 9752 10456 7108 -284 -1049 -6757 697 670 687 693 671 END
START 10036 11744 8492 -1050 -1335 -8425 700 671 687 693 670 END
START 10468 9748 7544 -1666 -2033 -9513 700 671 687 693 671 END
START 9196 9188 7436 -3135 -1011 -11250 700 669 687 693 670 END
START 7432 10420 7724 -3524 -2348 -12280 700 671 687 693 671 END
START 6364 10676 7748 -3877 -3270 -12551 699 671 687 693 670 END
START 6688 9448 7592 -3820 -3857 -13209 699 670 687 693 670 END
START 7072 10264 7688 -4086 -4069 -15243 693 670 688 693 670 END
START 6904 10380 8820 -4365 -5171 -16716 697 668 688 693 670 END
START 6620 10208 8608 -4490 -5162 -18116 696 670 688 693 669 END
START 5368 10900 7300 -4972 -5289 -19145 698 670 688 693 670 END
START 2540 12760 7732 -5410 -4625 -18800 697 669 689 694 670 END
START 2020 11776 7868 -4759 -5911 -18247 696 669 688 694 669 END
START 3268 12096 7132 -5212 -4379 -18065 693 669 688 694 668 END
START 3132 11176 8380 -4643 -3404 -19095 692 667 688 693 667 END
START 3924 10304 8344 -6369 -2586 -18484 692 667 687 693 666 END
START 2664 10472 8556 -6950 -1062 -16304 692 667 687 693 667 END
START -368 14108 8496 -6900 793 -14065 692 667 687 694 668 END
START -1096 13776 9248 -6083 847 -12017 690 667 687 693 665 END
START -1432 12544 9024 -5106 -832 -11980 689 665 687 693 665 END
START -2712 13316 9416 -4667 -368 -9057 686 664 687 693 664 END
START -3068 13612 9260 -3543 1337 -4669 686 663 687 693 664 END
START -4404 14588 10376 -3294 2399 -969 687 664 687 693 664 END
START -5104 14100 9976 -2070 1938 3531 689 664 687 693 664 END
START -4476 14196 11004 -2209 1927 7052 689 663 687 693 664 END
START -2912 12884 11040 -2496 888 7697 689 664 687 693 666 END
START -1800 12792 9008 -980 3204 7797 691 664 687 693 665 END
START -1468 11896 10436 720 4351 9859 691 665 687 693 663 END
START 308 12340 12088 2392 242 8080 691 665 687 693 665 END
START -104 12688 10352 3629 -710 8002 691 665 687 693 666 END
START -1468 12720 10272 6075 -947 7847 691 665 687 694 665 END
START -156 13716 9884 10318 -3273 7372 690 665 687 693 665 END
START 540 12392 7656 12355 -1685 7180 689 664 687 693 664 END
START 2584 13884 9288 10475 4500 7918 688 664 686 692 665 END
START 7356 11660 7172 8179 5251 7175 688 665 686 692 665 END
START 3840 11044 6140 3622 5057 6377 690 665 686 693 665 END
START -456 12792 8524 -529 3697 5093 689 665 686 692 665 END
START -980 14012 7732 -1108 3177 5080 689 664 686 692 664 END
START 3384 15640 3644 1139 4002 6351 689 665 685 691 664 END
START -1720 13500 11724 4043 4656 7966 689 664 685 692 664 END
START 4812 9412 6240 7145 5606 6881 690 664 685 691 664 END
START 3700 9972 8152 8913 2413 4345 689 665 685 692 665 END
START 5004 13000 6076 8775 -482 3074 690 665 686 692 664 END
START 1412 14916 8500 9141 2646 3030 690 665 686 692 666 END
START 6084 12216 5396 12473 5657 3206 691 665 686 692 665 END
START 9512 12564 7240 9578 6874 1936 692 666 686 692 666 END
START 6624 12696 6780 2858 4773 428 693 666 687 692 666 END
START 3616 13812 6144 -760 850 151 695 666 687 691 666 END
START 2644 15308 5760 -2583 -2688 -396 696 666 687 692 666 END
START 3084 16392 6116 -1821 -7231 765 696 666 687 692 666 END
START 3480 14180 7044 -2111 -10422 1083 696 667 687 692 667 END
START 4280 14172 4760 -4800 -8104 1129 696 666 687 692 666 END
START 1180 15108 9368 -6807 -5259 1197 696 667 687 693 667 END
START 7524 13836 356 -9905 8442 1679 695 666 687 692 666 END