START -11948 3840 -7192 -2641 12899 588 686 655 671 681 656 END
START -15728 3460 -4944 -3139 10148 388 687 656 672 681 655 END
START -17128 4244 -4120 -3271 11886 143 686 656 672 681 655 END
START -17312 4800 -5016 -3447 7384 592 686 656 672 681 655 END
START -13236 3656 -7560 -3613 12136 809 686 656 672 681 656 END
START -14016 2848 -5988 -3506 8228 754 687 656 672 681 656 END
START -14696 3072 -5328 -704 664 -41 687 656 672 681 656 END
START -15704 2768 -5060 -53 -2342 -333 687 656 673 681 656 END
START -15224 2940 -4800 1047 -6227 -550 686 656 672 681 656 END
START -14740 3248 -4844 1870 -9921 -670 687 656 673 681 657 END
START -15688 3164 -3316 2590 -14745 -381 687 657 672 681 657 END
START -16860 4156 -4776 4227 -19544 297 687 657 673 682 657 END
START -32768 4656 23960 452 -32559 1520 687 657 673 682 657 END
START -13780 4324 -6844 303 -4702 1142 686 656 673 682 657 END
START -12836 3608 -7300 -1082 -125 699 686 656 673 682 657 END
START -15624 3420 -4876 -744 -1100 747 686 656 673 682 656 END
START -15168 3552 -5076 -692 -2791 410 685 657 673 682 656 END
START -15368 3576 -5292 -711 -3158 -542 685 656 673 682 656 END
START -15396 3208 -4620 -1114 -3688 -501 686 656 673 682 656 END
START -15360 3348 -5380 -1729 -2768 -21 685 656 673 682 656 END
START -15436 3240 -4836 -2305 -2954 425 685 656 672 681 656 END
START -14736 4692 -4968 -1765 -3010 -1774 685 656 673 682 656 END
START -13440 3636 -5896 192 -288 -3696 685 657 673 682 656 END
START -14580 2572 -5620 2743 1120 -4259 686 656 673 682 656 END
START -17672 3012 -5212 -1418 1699 1688 686 657 672 682 658 END
START -14520 3112 -4124 -847 -2216 -480 687 657 673 682 657 END
START -15484 3004 -4804 -1063 -464 -104 687 657 673 682 657 END
START -15856 3292 -4324 -890 -1163 -382 686 656 673 683 657 END
START -15224 3364 -3988 -605 -577 -367 686 657 673 682 657 END
START -15308 3420 -4364 -592 35 -12 687 657 674 682 657 END
START -15328 3248 -4392 -868 -383 127 686 657 674 682 657 END
START -15216 3228 -4372 -882 -455 54 687 657 673 682 657 END
START -15240 2984 -4352 -667 248 22 686 657 672 682 656 END
START -15284 3016 -4572 -436 688 -7 687 657 673 682 657 END
START -15372 3164 -4588 -386 379 -16 687 657 673 683 657 END
START -15308 3292 -4548 -552 -217 -72 687 658 674 682 657 END
START -15052 3312 -4660 -753 -448 -18 687 657 673 682 657 END
START -15172 3048 -4712 -868 -221 -75 686 658 674 682 657 END
START -15532 3292 -4720 -734 -417 -160 687 656 673 682 657 END
START -15276 3036 -4472 -388 -86 -148 687 657 674 682 657 END
START -15328 3376 -4412 -179 171 -145 687 657 673 682 657 END
START -15136 3300 -4440 -441 138 -46 687 657 673 682 657 END
START -15212 3144 -4484 -775 -79 -171 687 657 673 682 657 END
START -15348 3076 -4564 -766 -422 -160 688 657 674 682 657 END
START -15384 3020 -4556 -554 -573 -120 687 657 674 682 657 END
START -15488 3044 -4688 -247 -424 -117 687 657 673 682 657 END
START -15472 3156 -4512 -190 -360 -131 687 656 674 683 657 END
START -15348 3216 -4384 -422 -540 -187 688 657 673 682 657 END
START -15420 3052 -4544 -672 -576 -177 687 657 674 683 657 END
START -15712 2980 -4640 -621 -1016 -261 687 657 674 682 655 END
START -12968 2908 -5340 -396 -1253 -292 687 657 672 682 657 END
START -15432 2764 -4036 -203 -243 -398 687 657 674 682 657 END
START -15196 2648 -4064 29 -385 -194 688 656 674 682 655 END
START -15096 2600 -4288 94 -228 40 688 657 673 682 657 END
START -15288 2780 -4356 220 -510 -99 687 657 673 682 657 END
START -15124 2840 -4512 124 -271 -278 688 657 674 682 657 END
START -15236 3004 -4504 15 -395 -425 688 657 673 682 657 END
START -15252 3024 -4324 -53 -258 -473 688 657 674 682 657 END
START -15332 2952 -4572 -43 -22 -415 688 656 674 682 657 END
START -15392 2984 -4624 -61 33 -487 688 657 674 682 657 END
START -15660 3032 -4772 -17 350 -349 688 657 673 682 657 END
START -15400 2816 -4584 159 606 -149 688 657 674 682 657 END
START -15208 2872 -4836 117 732 77 688 656 673 682 657 END
START -15284 2908 -4896 -70 353 162 689 657 674 682 657 END
START -15400 2980 -4832 -492 -144 140 688 657 674 682 657 END
START -15436 2900 -4940 -662 -55 94 688 657 673 682 656 END
START -15576 2812 -4856 -657 -146 86 688 657 674 682 657 END
START -15512 2688 -4744 -757 -624 89 688 657 673 681 657 END
START -15376 2732 -4700 -890 -950 135 689 657 674 682 657 END
START -15156 2836 -4716 -868 -927 139 688 657 674 682 657 END
START -15204 3068 -4736 -835 -470 106 688 657 673 682 657 END
START -15252 2900 -4564 -868 -99 41 688 657 674 682 657 END
START -15308 2836 -4656 -970 13 -19 689 657 674 682 657 END
START -15300 2628 -4492 -998 -17 38 688 657 674 683 658 END
START -15164 2640 -4508 -882 170 234 689 657 674 682 657 END
START -15496 2708 -4792 -744 238 222 688 657 674 682 657 END
START -15548 2744 -4716 -743 69 130 689 657 674 682 657 END
START -15608 2752 -4900 -729 206 124 689 657 674 682 657 END
START -15500 2812 -4752 -605 239 185 689 658 674 683 658 END
START -15220 2776 -4780 -604 192 254 689 657 674 683 658 END
START -15448 2684 -4828 -706 -347 300 689 658 674 683 658 END
START -15396 2764 -4616 -982 -1085 250 689 657 676 683 658 END
START -15456 2872 -4664 -977 -1174 135 689 658 673 683 658 END
START -15224 2776 -4560 -790 -502 165 690 658 674 683 658 END
START -15608 2744 -4424 -617 -460 271 689 658 675 684 658 END
START -15108 2840 -4792 -490 -268 411 689 658 675 683 658 END
START -15056 3032 -4792 -450 -253 417 690 657 675 683 658 END
START -15240 3036 -4808 -611 -49 430 690 658 675 683 658 END
START -15312 3120 -4816 -741 -265 406 690 659 675 683 659 END
START -14992 2908 -4696 -835 -380 248 690 659 675 683 659 END
START -15000 2916 -4940 -976 -592 124 690 659 675 683 659 END
START -15392 2900 -4720 -841 -668 27 691 659 676 683 659 END
START -15524 2952 -4828 -733 -634 104 691 660 675 683 661 END
START -15192 2832 -4584 -643 -194 33 691 660 676 684 660 END
START -15136 3000 -4680 -682 -41 -1 692 660 677 684 660 END
START -14972 2916 -4444 -814 113 -16 692 661 677 684 661 END
START -15220 2764 -4632 -766 56 100 692 661 678 684 661 END
START -15528 2824 -4844 -808 -437 141 693 662 678 685 663 END
START -15368 2872 -4872 -694 -586 143 693 663 679 685 663 END
START -15296 2712 -4540 -487 -451 34 693 664 679 686 663 END
START -15072 2948 -4480 -417 -12 -6 693 664 680 686 664 END
START -14976 3064 -4628 -528 428 -10 692 664 680 685 664 END
START -15416 2988 -4700 -720 185 11 694 664 680 685 664 END
START -15884 2864 -4776 -913 -533 15 694 664 680 686 664 END
START -15988 2804 -4648 -782 -1093 98 694 665 681 686 664 END
START -15472 2808 -4492 -462 -726 70 694 665 681 686 665 END
START -14888 2708 -4388 -280 91 89 694 665 681 686 665 END
START -15036 2740 -4496 -487 476 47 694 665 681 686 665 END
START -15340 2748 -4472 -697 45 114 694 665 682 686 664 END
START -15756 2848 -4664 -853 -339 239 694 665 681 686 665 END
START -15964 2944 -4852 -732 -790 348 693 666 682 686 665 END
START -15312 2964 -4796 -511 -665 261 693 667 683 686 667 END
START -14920 2860 -4632 -415 51 73 694 667 683 687 668 END
START -15124 2612 -4416 -304 253 4 694 667 683 687 667 END
START -14948 3032 -4604 -348 251 141 694 667 684 686 668 END
START -15096 2904 -4812 -668 72 97 694 667 684 687 668 END
START -15528 2908 -5076 -1190 -562 7 695 668 683 687 668 END
START -15560 2924 -4964 -1333 -1090 -57 694 668 684 687 667 END
START -15656 2760 -4984 -1009 -877 -75 694 668 683 687 668 END
START -15756 2712 -4744 -767 -749 167 694 668 684 687 668 END
START -15260 2952 -4520 -688 -839 237 694 668 683 687 668 END
START -15036 2748 -4488 -827 -289 253 694 668 684 687 668 END
START -15284 2816 -4564 -929 -70 215 694 668 682 687 668 END
START -15400 2800 -4732 -915 4 206 695 668 684 687 668 END
START -15324 2792 -4592 -827 -9 218 694 668 684 687 668 END
START -15368 2996 -4768 -801 -118 219 695 668 683 687 669 END
START -15332 2916 -4820 -798 -120 168 694 668 684 687 668 END
START -15436 2896 -4544 -783 -67 147 694 668 683 687 668 END
START -15388 2808 -4744 -716 -261 139 695 668 682 687 668 END
START -15340 2664 -4788 -809 -655 178 694 668 683 687 668 END
START -15400 2828 -4840 -795 -909 150 695 669 684 687 668 END
START -15448 2944 -4464 -844 -903 134 695 668 684 687 668 END
START -15452 3024 -4696 -863 -689 131 695 668 684 687 668 END
START -15500 2832 -4556 -772 -502 165 694 668 684 687 668 END
START -15416 2796 -4544 -650 -257 219 694 668 683 687 668 END
START -15428 2820 -4592 -612 -419 360 694 668 683 687 668 END
START -15236 2852 -4532 -519 -653 578 694 668 684 687 668 END
START -15544 3088 -4620 -682 -351 529 694 667 684 687 668 END
START -15436 2980 -4788 -944 -893 392 694 668 684 688 668 END
START -15628 2920 -4692 -1072 -868 281 694 667 684 688 668 END
START -15496 2872 -4440 -971 -855 448 695 668 684 687 668 END
START -15452 2856 -4456 -852 -1129 534 694 668 683 687 668 END
START -15516 2956 -4444 -1017 -1508 539 694 668 683 687 669 END
START -15612 2772 -4548 -1207 -1640 481 694 668 684 687 668 END
START -15876 2944 -4620 -1106 -1508 519 694 668 684 687 668 END
START -15908 3112 -4584 -1004 -1751 582 695 668 683 687 668 END
START -16108 2876 -4544 -1049 -2472 836 695 668 684 687 668 END
START -15736 3072 -4280 -1148 -2798 1148 694 668 684 687 668 END
START -15608 3044 -4188 -1189 -2922 1496 694 668 684 687 668 END
START -16084 2956 -4404 -1410 -3241 1543 694 668 683 687 667 END
START -16248 2712 -4548 -1674 -3371 1616 694 667 683 687 667 END
START -17024 3124 -4752 -1655 -3857 1749 693 667 684 687 667 END
START -17448 3492 -4692 -1522 -4875 1828 694 667 683 687 668 END
START -18640 4088 -5592 -1170 -10955 1628 694 667 683 687 667 END
START -18520 2692 -4640 -660 244 1654 694 667 682 686 667 END
START -3392 3592 -17172 -758 14452 2296 694 666 681 685 666 END
START -16404 4016 -3328 -5952 13100 6495 692 666 681 684 665 END
START -32768 2828 11388 -12501 3103 4590 691 665 681 684 665 END
START -16620 3472 -3288 -18392 5632 5204 690 664 681 683 665 END
START -16692 2896 -3240 -16991 139 5337 689 665 681 684 665 END
START -16564 2788 -1228 -9865 -2756 6724 689 665 680 683 665 END
START -17768 2964 -1332 -255 -12789 5894 688 664 680 682 664 END
START -17804 3012 -3840 -29 -18822 4849 687 665 679 682 664 END
START -18708 2432 -2460 1132 -26515 4746 686 663 678 682 664 END
START -16092 2852 -2904 4566 -9760 6898 686 663 678 682 662 END
START -16384 6220 -5596 4595 -28050 10804 685 662 678 682 662 END
START -14584 6652 -5228 -106 -25237 13586 684 661 678 682 662 END
START -13444 8296 704 -2610 -21521 15296 683 661 678 682 661 END
START -18272 8632 -272 -1430 -20587 16348 683 660 677 682 661 END
START -22968 7288 5312 779 -19820 19799 684 660 677 682 660 END