START -8880 11328 3712 1737 18184 1117 674 633 653 662 633 END
START -13660 12000 8600 1157 18478 1356 674 633 653 662 633 END
START -11108 13016 7944 2641 10442 305 675 634 653 662 633 END
START -11840 10576 7444 4409 24175 502 675 633 654 662 633 END
START -11728 8824 6296 1737 10531 959 675 633 654 662 633 END
START -13008 9212 7236 152 4567 425 674 634 654 661 634 END
START -12352 9100 6108 -1737 -1734 -45 674 634 654 662 633 END
START -11952 9840 6880 -2070 -7523 90 676 633 654 662 633 END
START -12896 10884 8372 -4073 -14676 -503 674 633 654 662 632 END
START -9968 12360 6924 -4559 -22077 -1518 674 633 653 662 633 END
START -22348 13624 21804 -5028 -32768 -807 674 633 653 662 633 END
START -8556 13796 5576 -1082 -32768 1062 674 634 652 661 633 END
START -4448 11344 -2324 3444 2208 562 674 634 653 663 632 END
START -8880 8428 8712 -315 10658 -390 672 633 654 662 634 END
START -6992 13316 10028 961 2045 -2183 672 633 654 663 634 END
START -5840 11308 6372 1946 2245 -3244 674 634 654 663 633 END
START -5052 11208 6352 1667 7741 -3629 674 634 654 663 634 END
START -5328 10696 6032 2017 10898 -5082 675 634 654 663 634 END
START -13572 8920 10148 5058 6829 -10905 677 634 655 664 635 END
START -6112 9320 6112 3971 6689 -11065 675 634 655 664 635 END
START -8052 8724 5484 4081 5352 -11210 675 632 655 664 635 END
START -11168 8588 6060 4772 5296 -11070 674 636 655 664 635 END
START -11632 6832 5020 6561 4806 -11365 671 635 655 664 635 END
START -11864 4192 3340 7308 5423 -11597 673 634 656 664 635 END
START -11532 6436 3092 6277 7542 -11763 671 636 656 665 638 END
START -10680 8680 1404 5791 8019 -13105 674 638 660 667 638 END
START -11768 9228 -240 4398 10749 -12726 669 640 662 669 640 END
START -14044 8468 1084 4393 13808 -9271 672 645 664 670 643 END
START -13848 6908 1760 3214 16098 -8866 675 647 667 672 648 END
START -13368 4140 944 2147 15732 -9661 674 649 669 673 649 END
START -12940 3888 -1632 1296 15617 -11292 676 651 672 675 652 END
START -13468 4112 -2456 -771 14656 -11163 679 654 673 677 656 END
START -15504 3956 -2684 -630 15303 -9341 678 655 674 678 655 END
START -16032 3868 -1952 1943 13363 -8408 677 657 675 679 657 END
START -15352 3800 -3052 4379 11273 -7755 676 659 677 680 659 END
START -16240 6152 -4204 2078 7483 -6362 679 659 677 680 660 END
START -13840 5136 -4440 -589 6697 -5914 682 660 676 681 660 END
START -15164 5004 -2408 -3217 7217 -4908 679 660 676 681 660 END
START -15748 3456 -2088 -3310 7144 -4280 677 660 677 681 659 END
START -15348 5700 -2140 -3086 6508 -2359 678 660 675 681 660 END
START -16340 2636 -3720 -3480 6523 -2088 679 660 674 680 660 END
START -17224 5308 -3996 -2074 7719 -3497 680 660 675 681 660 END
START -16420 5292 -2040 -345 6766 -3567 680 659 675 680 660 END
START -15916 4168 -2236 849 3135 -2918 683 660 675 680 660 END
START -16264 5444 -3472 939 998 -2738 683 660 676 681 662 END
START -15712 4752 -3724 614 726 -2730 683 661 675 681 661 END
START -16892 4572 -4524 888 442 -2780 683 660 676 681 660 END
START -17364 5368 -4868 513 1280 -2127 683 662 676 680 661 END
START -16892 4968 -4216 389 564 -1483 684 661 677 680 661 END
START -16412 4480 -3736 35 107 -971 683 662 677 681 662 END
START -15980 4396 -3692 -542 -177 -285 685 662 677 681 661 END
START -16248 4020 -3812 -559 -188 -157 684 662 677 681 662 END
START -16532 4188 -3584 -133 -60 -449 687 662 677 681 662 END
START -16024 4560 -4264 -473 -143 -50 683 663 677 680 661 END
START -16124 4164 -4028 -831 -221 389 684 662 677 681 662 END
START -15484 3976 -3848 -745 -233 513 685 662 678 682 662 END
START -15312 3488 -3344 -864 -242 434 687 663 678 681 662 END
START -15044 4184 -3788 -1000 -333 254 682 662 678 681 662 END
START -15064 4056 -3696 -1092 -247 621 685 662 677 681 661 END
START -14912 3864 -4204 -914 -263 743 687 662 677 681 662 END
START -16116 3616 -4052 -568 -1326 646 685 663 678 681 662 END
START -15764 3640 -4156 -461 -2818 296 684 663 679 681 663 END
START -15632 3088 -3784 -416 -3583 -67 681 663 678 681 664 END
START -15688 3800 -3648 -205 -3468 -498 685 662 678 681 663 END
START -15404 3592 -3940 -465 -2400 -124 689 663 677 681 665 END
START -15772 3628 -3988 -376 -2540 384 684 663 678 681 663 END
START -16536 3404 -4424 -83 -3517 1593 685 660 678 681 661 END
START -16200 3760 -3684 307 -4619 2886 683 664 678 681 663 END
START -15264 3444 -3188 662 -5913 1424 682 664 677 681 661 END
START -18168 4076 -4116 2697 -6230 711 680 662 677 681 663 END
START -17160 3800 -2604 5577 -3544 -2641 679 662 677 681 662 END
START -18108 3220 -4424 5154 -5115 303 679 662 678 681 661 END
START -14860 3672 -5104 3647 -13186 2315 678 662 678 682 662 END
START -16744 5024 -2828 -2641 -14571 3836 678 661 678 681 662 END
START -18064 3988 -2232 -1550 -22864 4865 678 663 677 682 662 END
START -18376 2800 -2744 -1322 -19590 6374 678 662 677 682 661 END
START -11108 4492 3308 632 -31273 9791 678 660 677 682 660 END
START -12332 4308 -2752 3821 -32768 8132 679 657 677 682 659 END
START 3932 5228 -16508 5192 -32768 9029 677 659 676 682 659 END
START -4336 6964 -6496 3883 -20738 9309 677 659 677 682 659 END
START -17192 5564 8060 1835 -23989 8755 680 659 677 682 659 END
START -12420 6136 5672 2494 -26925 10283 677 658 677 682 658 END
START -8508 7908 3216 2010 -22732 11788 677 657 676 682 657 END
START -11604 9084 5028 -1652 -22832 12248 679 656 677 682 657 END
START -9784 9172 -2620 -1793 -6454 7665 678 657 677 682 655 END
START -12528 7088 6736 -760 2512 8548 680 657 677 681 657 END
START -9632 7468 6508 -214 593 10014 678 656 677 681 657 END
START -8896 7136 8140 -3310 -5279 12383 678 656 675 681 657 END
START -7280 6876 4528 -3983 -943 13214 679 655 676 681 656 END
START -8364 8328 6228 -7603 2572 15312 678 656 676 681 655 END
START -8992 9176 7520 -8173 2302 13960 682 655 676 680 655 END
START -10988 8776 10112 -5408 -2938 13730 681 654 675 680 654 END
START -10284 7524 7924 -5453 -10542 11339 680 653 675 680 653 END
START -8968 8144 7928 -6331 -14884 9971 680 654 675 679 652 END
START -6848 9652 8584 -5783 -14856 9678 679 652 675 680 652 END
START -6448 10304 8212 -5403 -12052 10349 682 651 673 679 651 END
START -7164 9668 8288 -5378 -8602 10135 680 651 673 679 651 END
START -7008 8320 10056 -5396 -10690 9868 682 650 672 678 651 END
START -6524 7896 9968 -5684 -14666 8573 680 648 672 678 649 END
START -5644 8644 9276 -5569 -17036 7119 680 649 672 678 649 END
START -4808 9836 9324 -5885 -14598 6330 683 649 671 677 649 END
START -3660 9720 10320 -5915 -13622 6028 681 649 672 678 650 END
START -2732 10368 11708 -5692 -9374 6973 681 649 671 677 649 END
START -1144 10228 11076 -5289 -7211 8332 683 649 671 677 650 END
START -3696 9248 11256 -4726 -2657 6650 685 650 670 677 651 END
START 0 9460 11096 -5331 3007 5702 685 651 671 677 651 END
START 396 11372 10776 -5605 4333 4235 686 651 671 677 650 END
START -2928 11572 11784 -5410 1526 3973 687 650 670 676 647 END
START -1648 9612 10512 -4800 10680 1510 690 649 667 675 649 END
START -1060 6980 13108 -4359 10528 1013 688 649 664 673 654 END
START -2084 8244 13052 -3768 10158 880 691 648 664 672 648 END
START -4148 7764 13800 -2655 7056 627 692 648 664 671 648 END
START -5324 7888 13900 -1136 5274 621 688 649 667 672 646 END
START -5228 7948 12952 70 2715 1332 688 652 664 669 649 END
START -4420 8220 13696 1050 1146 1119 689 649 665 671 649 END
START -2640 8832 11980 1292 -435 1093 687 650 665 674 650 END
START -4064 8964 8824 3401 3741 -328 688 650 666 670 650 END
START -3312 9132 10488 4147 7780 -1448 691 650 667 672 649 END
START -2252 10368 9244 4151 14182 321 689 650 667 672 650 END
START -1964 9444 8004 4468 15159 1365 687 650 667 672 650 END
START -6768 8232 10924 4857 18284 1325 687 650 667 673 649 END
START -6892 3888 3296 5361 6237 -4421 688 650 668 673 651 END
START -4520 8492 9472 4659 10803 -2967 687 650 667 673 650 END
START -6952 11740 10852 4345 13549 -1365 689 650 667 673 650 END
START -7912 12072 8136 3534 9528 -186 688 651 666 674 650 END
START -8692 9332 9108 2005 5895 974 687 650 668 673 650 END
START -8520 9572 9596 -323 88 827 686 650 668 671 650 END
START -8628 7588 8844 -1461 -2400 444 686 650 668 676 649 END
START -6708 8484 9116 -1639 -1249 -187 685 650 668 673 650 END
START -7532 9192 8800 -1059 -1390 -2019 688 651 668 674 650 END
START -9108 9984 9984 -1402 -2578 -3377 686 650 667 673 650 END
START -7080 13128 9764 -1973 -5956 -3251 687 650 668 673 649 END
START -12072 10892 12940 -1413 -8971 -2121 686 650 668 674 649 END