START -9544 15312 7540 4055 12853 4824 668 638 658 667 637 END
START -3284 15144 5604 3569 22518 6774 670 637 659 667 637 END
START -9224 12904 7736 5429 5357 4120 669 637 658 667 637 END
START -1368 15344 2876 5769 12244 2920 668 636 658 668 638 END
START -6796 13664 6280 6086 3324 1311 668 638 656 667 637 END
START -6784 13092 6588 6037 2723 -685 668 637 658 667 637 END
START -5188 12244 4940 5628 1613 -2796 668 637 658 668 636 END
START -7520 10872 5908 4883 -2407 -5638 667 636 658 667 636 END
START -8624 10748 5888 5705 -5139 -8620 668 636 659 667 637 END
START -3764 9828 2628 6317 -20314 -9777 667 636 659 668 638 END
START -1240 12820 -3024 7163 -21500 -10511 667 638 660 668 638 END
START -6984 8828 896 5937 -9277 -10054 668 639 661 668 640 END
START 424 9476 -6388 3528 25745 -11974 668 641 664 669 641 END
START -8624 9864 -180 1483 21597 -11318 669 644 664 671 643 END
START -14936 10816 -912 963 9447 -16620 669 644 666 672 644 END
START -9460 11004 -872 1768 14668 -16765 672 646 669 674 646 END
START -12236 8056 -688 1515 12841 -17400 662 648 670 676 648 END
START -14284 6896 -1252 1147 11492 -16790 668 650 673 677 649 END
START -14412 5500 -3068 -106 12432 -15346 668 651 673 679 651 END
START -22916 8000 2780 -1560 -25978 -12635 666 652 674 680 649 END
START -12208 7012 -3004 162 7141 -12647 666 649 674 681 654 END
START -11264 6128 -2412 -495 9308 -11321 667 652 676 681 652 END
START -13628 6532 -2140 805 10087 -10579 668 652 676 682 652 END
START -13648 6944 -1588 1750 9255 -10696 671 653 678 682 651 END
START -13772 6880 -3192 1373 7218 -11686 667 653 678 682 653 END
START -14148 7156 -3424 497 7271 -11509 666 652 677 682 653 END
START -13828 6360 -5004 -191 8530 -11784 665 653 676 682 653 END
START -15336 5168 -4284 -780 12813 -11428 665 657 677 682 653 END
START -16220 3780 -3556 -2072 5756 -10186 664 653 676 682 654 END
START -26160 1820 -5204 362 11117 -15369 665 653 677 682 653 END
START -4840 8004 -5884 -179 3249 -5351 665 651 676 682 654 END
START -16876 6512 -5308 -727 2486 -4086 667 656 676 682 654 END
START -17004 4288 -4844 -555 4362 -2973 667 654 677 682 654 END
START -32768 4548 -25068 1382 2691 -11108 666 653 677 682 654 END
START -10524 7648 -10520 5936 899 -9598 665 653 676 682 656 END
START -15408 4184 -5888 1058 -3507 -4605 666 654 676 681 654 END
START -14768 5564 -4408 648 -875 -1562 666 653 677 681 655 END
START -15752 4324 -2648 75 -2135 -306 662 653 676 681 655 END
START -15340 4532 -3728 371 -3877 36 667 654 677 681 655 END
START -14596 3188 -4084 -678 -1088 456 667 652 676 682 655 END
START -14480 4392 -5164 -1255 1226 769 671 655 676 682 655 END
START -15556 3332 -3508 -1927 3359 825 668 655 677 681 655 END
START -14644 3884 -3960 -2507 4254 2426 667 655 677 682 655 END
START -15268 3848 -4212 -2048 5206 1452 669 656 677 682 655 END
START -16068 5872 -4704 -3623 5748 2656 669 656 677 682 656 END
START -16260 5260 -3424 -1694 1676 1895 669 656 677 682 655 END
START -13992 3604 -3948 -1150 413 1425 669 657 677 683 656 END
START -23096 3632 2804 -503 -4751 2666 669 656 677 682 655 END
START -3620 4860 -10952 -224 -5014 1907 670 656 677 682 656 END
START -19664 4604 1120 -1164 -6117 1560 673 656 677 682 656 END
START -14728 4048 -4172 -1177 1724 953 668 656 677 682 656 END
START -16196 4204 -4732 -962 52 300 669 656 677 682 656 END
START -15476 4288 -3608 -305 -1687 -406 669 656 677 683 656 END
START -13800 4488 -3388 -497 -1406 -60 669 656 677 682 656 END
START -14672 4516 -3716 93 -180 134 669 658 677 682 656 END
START -15204 4524 -3524 676 -3 -314 673 657 677 682 656 END
START -15616 4232 -3956 615 -420 -1093 669 656 677 682 656 END
START -15268 4496 -4144 467 -599 -1161 668 656 676 682 658 END
START -15176 4440 -4096 -15 -105 -1274 670 656 677 682 656 END
START -14948 4276 -4024 -179 561 -1023 668 656 677 682 654 END
START -15680 4372 -3972 107 1303 -609 669 656 677 683 657 END
START -15692 4812 -3672 352 1599 -686 670 656 677 682 656 END
START -15224 4592 -4128 149 1309 -807 668 656 676 682 656 END
START -15564 3984 -4688 -313 961 -818 669 655 675 682 653 END
START -15540 3636 -4488 -757 -1951 121 668 655 675 682 654 END
START -5904 4260 -6988 2914 -32768 408 666 654 674 680 652 END
START -1148 4896 -13956 399 -5164 98 667 653 673 680 653 END
START -9804 5040 -6368 -97 -444 1009 668 654 673 680 653 END
START -10520 4584 -6720 251 1206 1015 666 652 673 681 654 END
START -15676 4716 -3692 -550 2129 823 666 654 673 680 655 END
START -17148 4276 -3060 -1553 780 912 668 653 673 680 653 END
START -16404 4072 -2404 -1572 -723 932 667 654 674 680 654 END
START -13364 5028 -4760 -1478 1370 1235 667 654 674 680 652 END
START -15644 4788 -2796 -1394 1956 1135 668 654 674 680 652 END
START -15088 4268 -3204 -1181 1566 1227 668 654 674 681 654 END
START -15188 4056 -3320 -704 743 1338 668 654 673 680 654 END
START -15556 4828 -4060 -542 42 1163 668 654 674 680 654 END
START -15760 3880 -3952 -620 -524 1339 670 654 673 680 654 END
START -14908 4392 -3940 -563 -329 2139 669 654 674 681 654 END
START -14092 4692 -3872 -37 -814 1973 668 654 674 680 654 END
START -14692 4816 -3716 -237 -1179 1717 668 654 672 680 654 END
START -15808 4576 -3192 445 -3563 1570 668 651 674 680 654 END
START -15512 4728 -3528 551 -4731 1214 669 654 674 680 654 END
START -13196 4944 -6376 368 -3570 2005 669 653 674 680 654 END
START -14432 5228 -3576 -1693 2133 2581 670 654 674 680 654 END
START -15844 5616 -4012 -1387 1627 2850 668 654 674 680 654 END
START -17156 4984 -4484 -318 -247 1983 669 655 674 680 654 END
START -19100 4388 -2660 1945 -9745 121 670 653 674 680 654 END
START -15052 5904 -3692 752 -10724 1447 669 654 674 680 653 END
START -14460 6224 -3820 -1149 -8109 4024 669 653 675 680 652 END
START -15416 6440 -3368 -2657 -5390 5161 671 654 673 680 653 END
START -16796 5412 -2456 -3167 -6770 4763 668 654 674 680 654 END
START -16416 5584 -2760 -2667 -8882 4408 667 653 674 680 653 END
START -16276 5576 -2536 -2325 -10752 4265 664 653 673 680 657 END
START -14500 1184 -760 -933 -13174 2006 665 653 674 680 654 END
START -18804 8292 348 0 -16879 1595 667 654 674 680 654 END
START -18856 6756 -264 -1943 -27183 5558 670 654 675 681 654 END
START -16228 6284 2152 -4450 -15913 6113 668 656 675 680 654 END
START -14000 6012 600 -3075 -18556 3595 667 653 675 681 654 END
START -10304 6040 -312 -2497 -14700 7944 667 654 675 681 654 END
START -14100 6880 4500 359 -17759 12209 667 655 674 679 653 END
START -15776 5304 -464 3156 -15406 9075 667 653 674 680 653 END
START -13032 7016 904 2624 -12308 9465 667 654 675 680 654 END
START -5852 7120 -2648 1041 -6114 11848 668 653 675 680 655 END
START -8548 7992 -8 -1771 -13125 12031 668 653 675 680 653 END
START -13268 8724 4088 -4120 -14466 12240 668 653 675 680 653 END
START -10468 8204 4008 -6438 -12019 12560 668 653 675 680 653 END
START -9340 9572 4272 -7719 -11976 12673 668 652 675 680 653 END
START -9612 10264 4940 -8804 -9720 11636 669 653 675 680 652 END
START -8544 9432 6044 -9849 -10383 11543 668 652 675 680 652 END
START -9456 8888 6368 -12650 -11373 11948 669 651 675 680 652 END
START -8456 8632 5304 -10345 -18672 10190 669 651 674 680 651 END
START -10456 7828 7180 -7001 -17099 10333 670 649 674 679 649 END
START -3652 11804 3584 -3426 -1872 12749 670 647 673 679 649 END
START -6808 7156 9368 -7627 -560 10735 669 647 672 679 646 END
START -8080 8820 10636 -6486 -8034 10277 670 646 672 678 647 END
START -7188 9444 10684 -4311 -14291 8711 670 646 671 678 646 END
START -4640 9712 8348 -4269 -15370 9312 672 646 671 678 645 END
START -4212 9556 7980 -5233 -9560 9579 671 645 671 677 645 END
START -3552 9368 9508 -5989 -4939 9807 671 645 671 678 645 END
START -13652 8232 16800 -4377 -14849 5523 671 645 671 677 645 END
START -2924 8596 11744 -2207 -22911 5729 671 645 671 677 644 END
START 532 11140 6728 -3240 -16881 6690 671 645 671 678 645 END
START 1332 10572 6948 -4400 -2524 7299 671 645 670 678 647 END
START -1368 9956 10040 -5329 3690 7084 671 645 670 678 645 END
START -3356 9676 12232 -4934 -73 6071 671 644 671 678 644 END
START -3664 8980 12248 -4554 -5900 4360 671 644 670 678 648 END
START -536 10136 9100 -4078 -6089 4098 671 642 670 678 645 END
START 604 10448 9428 -3963 2196 5140 671 645 671 678 645 END
START -920 9488 10716 -4168 7855 5594 671 645 672 677 643 END
START -3276 8588 13588 -3854 5660 4515 672 645 670 678 645 END
START -2576 8996 12488 -2678 -3168 1886 672 645 671 677 645 END
START -892 9324 10600 -2945 669 1624 672 645 670 677 644 END
START -1528 9808 12284 -2781 2791 1441 672 645 670 677 645 END
START -2316 9592 12004 -1916 4103 1309 671 645 671 677 645 END
START -2868 9036 12616 -1159 4241 592 673 645 671 678 645 END
START -1908 9232 11644 -653 2765 -70 672 645 671 678 645 END
START -2444 9644 11944 -320 2973 -245 672 644 670 677 645 END
START -2904 9560 12080 46 1297 -801 673 646 669 676 645 END
START -2036 9948 11564 151 3711 -856 673 644 671 678 645 END
START -1764 10100 11720 44 4983 -112 673 646 671 677 645 END
START -2472 9864 10312 598 7139 282 673 645 671 677 644 END
START -3068 9748 10876 640 11228 -9 673 645 671 678 645 END
START -4008 8436 12048 852 9701 1659 672 645 671 678 645 END
START -4424 10080 10504 1064 9646 -1467 673 645 671 677 645 END
START -4000 10320 11792 503 10608 -1144 673 645 671 677 646 END
START -6024 9676 10020 1459 9555 -1549 674 645 672 678 644 END
START -5684 10168 9540 2190 6839 -2112 673 645 671 678 645 END
START -2768 12016 7988 2854 4474 -274 673 645 670 676 645 END
START -7188 8552 11900 2976 -1253 -1009 672 645 671 677 647 END
START -7388 10360 12452 1366 -5711 -4000 673 645 671 677 646 END
START -1904 11652 9084 4296 8656 -377 672 645 671 677 645 END
START -6556 7504 11472 1195 6798 413 673 646 671 676 645 END
START -6520 10168 11720 -796 -1933 18 672 646 671 677 646 END
START -3348 11400 10332 -418 4705 3693 673 645 671 677 644 END
START -3544 10128 9412 -1499 5212 -766 673 646 671 677 646 END
START -5968 11336 9940 -3891 746 -347 673 646 671 677 646 END
START -3784 11504 10460 -4416 -1578 977 673 646 671 677 645 END
START 132 11376 8600 -6632 3291 3445 673 647 671 677 646 END
START -14420 3760 18924 -9219 1059 -3177 672 645 671 677 646 END
START -12228 9664 8876 -1444 -6097 3262 673 646 670 677 645 END