START -10000 12924 13288 1407 32767 2718 685 642 667 674 643 END
START -1328 14844 13128 576 32767 3566 685 642 666 674 643 END
START 2548 10432 -568 3625 20111 293 685 643 667 674 643 END
START -20984 8136 19532 4933 -1320 -5255 685 643 667 674 643 END
START -6108 5264 13632 -2407 2919 6075 685 644 667 674 643 END
START -8752 8748 12760 -2537 -5590 3066 685 643 667 674 643 END
START -6000 8784 10716 -2416 -7839 2653 686 643 666 674 642 END
START -5220 10628 9236 -1181 -9106 -814 685 643 666 674 642 END
START -8684 8640 16500 -1673 -32768 -1375 685 642 665 673 642 END
START -5572 12280 4140 928 -17012 876 685 642 665 673 642 END
START -6484 12392 8220 2988 -1061 -2777 684 642 665 673 643 END
START -6640 11580 13336 3342 2392 -1224 684 642 665 674 643 END
START -3624 10776 7516 3476 139 -1020 684 642 665 673 642 END
START -4144 10784 9444 3333 1717 -1256 684 642 665 673 641 END
START -5896 10824 10912 3873 -2403 -1587 684 642 664 673 642 END
START -2200 10868 8596 4019 1083 -1717 684 642 665 673 642 END
START -3744 10132 9044 4000 2537 -2559 683 641 664 674 642 END
START -3184 9968 7716 3858 5862 -5293 683 642 665 673 642 END
START -3788 10384 8572 3396 6286 -6835 683 642 665 672 641 END
START -2644 10416 6916 3083 7704 -8155 682 642 664 673 642 END
START -4392 10000 7684 2275 9412 -9708 682 642 665 673 642 END
START -5432 10624 7964 2043 7195 -10076 682 642 664 673 642 END
START -4920 10088 6172 1430 7428 -13089 683 642 664 673 643 END
START -8876 8756 6312 642 7478 -14208 682 643 664 673 642 END
START -10332 8228 6336 460 9433 -15515 681 643 662 672 642 END
START -10836 8876 7532 919 8137 -15821 680 642 663 673 642 END
START -9672 8940 6028 931 8436 -14995 678 642 665 674 643 END
START -10268 8176 5484 205 9409 -14292 679 643 667 674 643 END
START -11104 7324 3980 -583 10728 -14315 680 644 667 675 645 END
START -14672 6156 6680 695 10417 -11678 679 645 668 675 646 END
START -11720 5408 4652 1156 7757 -11838 677 646 669 676 646 END
START -13404 5904 7224 2752 1964 -8966 674 646 669 676 646 END
START -11036 6108 4204 2467 -215 -8902 676 647 670 676 652 END
START -10008 6348 3256 758 2253 -8424 679 649 671 678 649 END
START -8988 6756 2428 -1499 5510 -5598 680 655 673 679 651 END
START -10472 1448 5072 -2966 6855 -5069 680 652 674 680 653 END
START -16492 4456 3920 -3259 11928 -6989 678 654 674 679 654 END
START -12908 4860 2812 -634 14040 -9147 676 654 674 680 652 END
START -13656 4428 2860 -588 16197 -8809 678 654 674 680 652 END
START -14216 3640 1704 -664 14506 -8041 677 655 674 679 654 END
START -14388 3536 2136 -801 14329 -7913 675 655 675 680 655 END
START -14916 3020 2348 244 13180 -6441 676 655 674 679 656 END
START -14620 5472 1380 737 22468 -6507 675 656 674 679 656 END
START -13964 4588 -740 629 14714 -5838 674 655 673 678 656 END
START -13348 5556 584 -81 15931 -2767 673 655 673 678 656 END
START -16412 2964 -1796 -805 15519 -1943 675 656 673 679 656 END
START -18292 3940 204 593 12876 -1149 677 657 673 679 656 END
START -16608 4104 -796 1629 9587 -2283 678 656 673 678 657 END
START -15704 4256 -948 1059 7942 -1799 678 656 673 678 658 END
START -15256 4596 -2252 888 6519 -1276 679 658 673 678 656 END
START -16772 4228 -1320 493 7188 -796 680 656 673 678 657 END
START -17324 3760 -2036 638 5747 -1235 680 657 673 679 657 END
START -17904 4448 -1896 690 3670 -1673 681 656 674 679 658 END
START -16612 5204 -2656 29 1628 -1753 682 658 674 679 658 END
START -17412 5024 -2652 -770 1324 -1357 681 658 674 679 659 END
START -17392 4552 -2856 -930 1442 -1683 683 658 673 679 659 END
START -18372 4692 -1936 46 -1333 -2413 681 658 674 679 658 END
START -17456 4076 -2388 378 -3622 -2239 682 658 674 678 658 END
START -17104 4528 -2540 347 -4913 -1310 684 657 674 679 659 END
START -16516 4600 -1984 -393 -4933 -253 685 659 673 679 658 END
START -16840 3720 -1348 -543 -5166 -307 683 659 674 679 659 END
START -15888 4096 -1060 -790 -4260 -341 682 659 674 679 659 END
START -15172 4228 -968 -400 -4097 340 679 659 675 679 658 END
START -15564 4080 -920 -30 -3547 1294 683 658 674 679 660 END
START -15764 3608 -952 444 -3873 1792 683 659 674 678 659 END
START -15828 3836 -1420 632 -4307 1244 681 659 675 679 654 END
START -14556 3912 -1176 -169 -3360 1614 684 659 673 679 659 END
START -14816 4024 -856 -906 -2234 2307 682 659 674 680 658 END
START -15268 3700 -1040 -1083 -1953 1954 682 661 674 678 658 END
START -15400 3708 -912 -842 -2835 1431 680 658 674 679 658 END
START -15404 3752 -988 -817 -3316 1529 683 659 674 679 659 END
START -15124 3452 -664 -823 -3861 1864 690 658 673 679 658 END
START -14724 3512 -792 -419 -3766 1475 681 658 674 679 658 END
START -16648 5668 -1276 545 -5438 1621 677 657 673 679 657 END
START -15788 6436 552 397 -5895 3704 678 655 674 679 653 END
START -13872 5216 3576 7499 -1405 -5297 676 655 673 679 655 END
START -18884 6644 -1780 7176 -4979 -420 677 655 673 678 656 END
START -18320 2664 -2120 458 -8024 5209 677 654 673 680 655 END
START -17324 1552 -1220 -2316 -9363 5814 677 655 673 679 655 END
START -16788 3224 980 -1209 -7923 2913 677 654 673 678 655 END
START -16220 4528 1080 892 -9143 5815 677 654 673 678 654 END
START -17028 5484 672 -422 -10954 8516 677 654 673 679 653 END
START -18196 6120 1276 -2386 -14927 8147 677 654 674 679 654 END
START -17248 7316 1336 -3802 -16598 7506 677 653 674 679 654 END
START -14284 6276 2056 -3667 -13834 7179 677 654 674 679 654 END
START -12396 5156 2920 -2546 -11557 7271 677 654 672 678 654 END
START -10592 5544 4360 -2713 -10225 8610 677 653 674 679 654 END
START -12724 6708 4312 -3970 -12422 8262 677 653 674 678 653 END
START -14952 7456 3736 -5301 -12369 8446 678 653 674 678 653 END
START -14776 6944 4644 -5569 -11609 9542 678 653 674 678 653 END
START -11808 6372 4896 -5149 -8718 9951 679 652 673 678 652 END
START -11692 5892 5252 -5364 -13164 11651 679 653 674 678 652 END
START -11344 7040 5476 -6382 -12551 14406 680 652 674 678 653 END
START -12920 7960 7352 -7470 -11662 16719 681 652 674 678 652 END
START -1952 10100 2984 -8024 -23878 14152 681 651 673 677 651 END
START -3388 7256 3916 -6627 -19265 15542 682 650 673 678 651 END
START -8580 8644 5744 -3834 -8065 16956 683 650 673 678 650 END
START -9824 8336 3864 -6776 -2209 12552 683 649 672 678 650 END
START -7812 7184 9192 -8087 241 10636 685 648 672 678 648 END
START -7368 7840 11264 -7472 -7426 9558 685 647 672 677 648 END
START -6900 7628 8120 -5817 -10863 9546 684 648 672 677 648 END
START -5060 7740 3572 -5744 -761 7796 685 645 671 677 647 END
START -5876 8520 9152 -5032 8021 8784 685 647 671 677 647 END
START -2804 7600 9544 -5487 -5764 9044 685 646 672 676 648 END
START -6520 8248 10260 -6748 -3630 8202 686 647 671 676 648 END
START -5672 7868 10576 -5302 -7674 6925 686 647 671 676 647 END
START -1912 7968 7360 -4749 -4802 6708 685 647 671 675 646 END
START -5740 8372 11280 -3376 -5430 5869 685 647 671 677 647 END
START -4840 8912 11220 -4891 512 6334 686 647 671 676 647 END
START -3004 9380 9916 -4603 3963 6588 686 647 672 676 644 END
START -4172 8704 10620 -3894 -581 4268 686 647 670 676 647 END
START -6040 8916 11852 -2673 -4068 2978 685 647 672 676 647 END
START -7892 8876 12980 -1979 320 2893 685 647 672 676 646 END
START -3128 9004 10560 -2134 4698 3550 685 647 671 676 650 END
START -3932 8588 10464 -1789 -163 3365 685 647 672 676 647 END
START -4944 8340 10780 -1331 -4386 2539 686 647 672 676 646 END
START -4824 9032 11392 -1361 -4325 2159 685 645 672 676 648 END
START -4768 8900 11704 -1293 -4013 2286 685 647 672 676 647 END
START -4332 8668 11416 -1250 -1553 2579 684 647 673 676 647 END
START -4092 9448 12152 -1576 -2824 3064 685 647 672 676 646 END
START -2624 9280 12112 -1900 -3614 3700 685 647 672 676 647 END
START -2144 9764 10552 -2605 -3469 5013 686 647 672 676 647 END
START -6272 8848 10812 -1970 -4866 1956 686 647 672 676 649 END
START -2572 10196 9384 -1683 -2535 407 685 647 672 676 647 END
START -3924 9228 11732 -1969 65 719 685 646 672 676 647 END
START -4840 9224 13072 -1943 -2579 908 685 647 672 675 647 END
START -3512 9300 11788 -1547 -2965 1159 685 647 672 676 647 END
START -2884 9208 11896 -1370 -1345 1393 685 648 671 676 647 END
START -2588 9380 11916 -913 -988 1227 685 646 672 677 647 END
START -3056 8656 12108 -911 -1287 346 686 647 672 676 647 END
START -1356 9268 11068 -396 -1219 -480 685 646 672 676 646 END
START -2224 9480 11864 -659 557 -433 685 647 671 676 648 END
START -3592 9768 12760 -629 1607 -284 685 647 672 676 647 END
START -3748 9712 12672 -702 391 -35 685 648 672 676 647 END
START -3848 8888 12128 -359 -1917 -32 685 647 672 676 648 END
START -3688 8912 10028 -292 -656 -243 685 647 672 676 647 END
START -3884 9072 11700 -721 1251 -36 685 647 671 676 648 END
START -4236 8812 11288 -581 -127 141 685 647 672 676 647 END
START -4484 8988 11592 -431 -1042 146 684 647 672 676 647 END
START -4268 8844 11680 -687 -391 494 685 647 672 676 648 END
START -5016 8768 11492 -580 -1158 214 685 647 672 676 647 END
START -3500 9116 10484 -348 -792 -201 684 647 672 676 649 END
START -3652 8916 11168 -705 -189 -239 684 647 672 676 647 END
START -3720 8916 11400 -858 345 -105 684 647 672 676 647 END
START -4208 8916 12176 -784 -1139 -187 685 647 672 676 648 END
START -3644 8016 11880 -931 -1541 -436 685 647 672 677 647 END
START -4068 8652 10876 -193 -3231 -979 684 647 672 676 647 END
START -3740 9112 10104 139 -713 -1466 685 646 672 676 647 END
START -2600 9184 11952 -205 1112 -1348 685 647 672 675 647 END
START -1512 9616 11752 -862 134 30 685 648 672 676 647 END
START -4352 8756 12580 -1016 -985 260 685 647 672 676 647 END
START -3796 8908 11916 -862 -1941 -377 683 647 672 676 647 END
START -3140 9036 9488 -286 -47 -884 683 647 672 676 647 END
START -3420 8752 10576 -107 3796 -1268 685 648 672 676 647 END
START -3012 9208 12184 1 4009 -972 685 648 672 676 648 END
START -3004 9136 10716 -267 4056 68 685 647 672 676 648 END
START -2800 9512 6780 511 13105 274 685 648 672 676 648 END
START -4280 10704 8324 1440 23185 252 685 647 672 676 647 END
START -6112 9000 13128 772 22126 1091 685 647 672 676 647 END
START -9316 9820 16560 1837 22487 894 685 648 672 676 648 END
START -9272 9116 9112 2044 12894 583 684 647 672 676 647 END
START -7868 9424 11080 1460 8598 468 685 648 673 676 648 END
START -5708 9032 9892 869 5794 798 685 647 672 676 648 END
START -7164 9108 10412 98 1852 375 685 646 672 677 648 END
START -8432 8912 11888 -471 -2551 246 685 648 672 676 648 END
START -6972 9232 11432 -992 -3952 -109 687 648 672 676 648 END
START -7116 8468 11332 -1235 -7166 -724 685 648 673 675 648 END
START -7428 8576 11684 -1987 -11025 -422 685 648 672 676 647 END
START -6296 9572 10540 -2100 -18236 -412 685 648 672 676 649 END
START -3612 12032 10860 -1706 -6762 785 684 648 672 676 647 END
START -1612 9320 7224 -1139 -236 1237 685 647 672 676 647 END
START -2028 9700 9256 -1311 302 818 684 647 672 676 647 END