START -6784 12888 10136 826 9334 -223 688 647 660 668 646 END
START -9372 12816 14340 868 9439 -13 687 646 660 668 646 END
START -128 10996 320 2548 11611 -2528 686 647 660 666 646 END
START -4940 13408 11556 1332 8707 -426 684 646 660 668 646 END
START -7292 12744 11248 1335 6548 -541 688 645 660 668 646 END
START -4620 12648 8548 1032 2743 -746 689 646 660 667 644 END
START -3840 12736 8120 337 -975 -884 687 645 660 668 646 END
START -4880 12796 9740 -427 -3493 -720 687 645 659 668 646 END
START -4300 12452 9560 -703 -5904 -843 687 643 659 668 646 END
START -4164 11864 9096 -572 -9613 -742 687 646 660 668 646 END
START -9364 11788 15620 -633 -18057 -1308 687 644 660 667 645 END
START 1344 11912 2248 917 -5166 -453 687 646 661 668 645 END
START 3324 10328 -196 1037 10713 -1019 683 646 660 668 646 END
START -5768 12652 10812 1506 3739 -2433 690 645 660 668 646 END
START -3044 11824 5448 1617 6518 -4288 687 646 661 668 648 END
START -4144 11860 8480 1467 8126 -4285 686 646 660 668 645 END
START -3940 11840 7460 1712 8732 -5186 686 646 661 668 646 END
START -5108 11324 8028 2328 6704 -7104 685 646 660 668 647 END
START -4544 11208 7656 2879 5506 -8492 686 646 661 668 646 END
START -4148 10748 7872 2852 3885 -8371 686 646 662 669 647 END
START -3792 11480 6604 2271 3464 -9365 685 647 662 669 647 END
START -3756 12028 7108 2491 5198 -9962 685 647 663 671 647 END
START -4024 11208 6032 2990 3602 -11404 688 648 664 672 648 END
START -6020 11200 5944 4555 3211 -11824 688 648 667 674 650 END
START -7308 11780 5180 3565 3526 -14394 686 652 669 676 652 END
START -10292 12936 7144 5771 6241 -11534 690 652 671 677 653 END
START -8696 11064 7600 8642 7665 -10186 687 654 674 680 655 END
START -3892 10816 2220 8862 10066 -13121 688 658 677 682 657 END
START -5604 9208 1304 6015 10295 -16168 690 660 680 686 660 END
START -8656 9228 1664 4494 8998 -16493 695 663 683 687 663 END
START -10908 8944 2444 4538 9663 -15684 697 665 685 688 665 END
START -11360 8832 2556 4629 11948 -16061 695 666 685 689 666 END
START -9876 8560 1504 5080 13918 -16725 695 666 686 690 666 END
START -10436 8024 -608 5232 17705 -16842 700 667 686 690 666 END
START -13432 6692 -192 5579 19854 -16864 697 667 686 690 667 END
START -13620 6072 -1184 7066 21462 -15786 696 667 686 690 667 END
START -15436 6760 -1516 9246 15736 -13919 695 666 685 690 666 END
START -16584 7636 -932 10463 15132 -12184 693 666 683 690 665 END
START -12896 6076 -3736 9617 13964 -11055 693 664 682 689 664 END
START -15180 5520 -3044 6949 14630 -10877 693 664 682 690 664 END
START -16512 5584 -3140 6484 13370 -11983 694 664 680 689 664 END
START -15496 5276 -5200 5106 12558 -12697 694 665 682 688 664 END
START -15596 4304 -5224 3127 10607 -13171 696 664 682 689 664 END
START -17024 3864 -5420 2485 7950 -13621 695 663 681 689 664 END
START -17608 3388 -6756 3280 8217 -12309 695 664 680 689 664 END
START -17308 2436 -6680 5068 10840 -9138 696 664 680 688 664 END
START -16176 2112 -7128 5889 13376 -6858 696 664 679 688 664 END
START -16168 1708 -6776 4816 13332 -6175 696 663 679 688 664 END
START -16704 1424 -6888 3883 11833 -6584 696 662 678 687 664 END
START -17424 2120 -8472 2860 9677 -5313 697 663 677 687 663 END
START -17380 1896 -9512 1749 5942 -3371 697 663 677 687 663 END
START -17112 1268 -9072 1177 1296 -3087 701 663 677 687 663 END
START -16676 1744 -9176 979 589 -2396 699 663 678 688 663 END
START -16168 1248 -8836 1094 2314 -1554 696 663 678 687 664 END
START -16028 1728 -8816 1268 1961 -1329 699 664 678 688 665 END
START -15760 1388 -8700 732 -318 -1106 703 664 678 688 664 END
START -15572 1336 -8696 642 -1286 -854 703 665 679 688 664 END
START -15892 1024 -8288 639 -1525 -411 699 664 678 688 664 END
START -14968 1544 -7888 589 -1433 401 703 665 679 688 664 END
START -13568 1788 -8012 352 198 621 701 665 680 688 665 END
START -13760 1732 -8336 -175 873 -18 700 665 681 688 663 END
START -14904 1464 -8316 -500 -944 -918 696 665 680 688 665 END
START -15020 1636 -7820 -352 -1817 -826 703 665 682 688 665 END
START -14456 1752 -7708 137 -296 90 700 664 680 689 666 END
START -14252 1960 -7872 169 799 516 701 666 680 689 666 END
START -14648 1556 -7936 -352 -702 152 701 667 680 690 666 END
START -14736 1616 -8352 -580 -2346 -282 697 666 680 688 666 END
START -15076 1596 -8656 -542 -2507 -33 701 666 680 689 666 END
START -14836 1472 -8204 -633 -2419 171 700 666 680 688 666 END
START -14916 1736 -8084 -552 -2273 207 701 666 680 689 666 END
START -14664 1724 -7636 -562 -2255 238 701 666 680 689 666 END
START -14312 1656 -7800 -792 -1602 139 701 666 680 688 666 END
START -14628 1380 -7852 -836 -693 226 701 666 680 688 666 END
START -15064 1260 -8220 -563 -149 603 697 666 680 688 666 END
START -15580 1264 -8568 -149 -1005 1283 700 665 680 688 665 END
START -15856 1664 -8192 -30 -2673 1730 704 665 680 688 664 END
START -15432 1576 -7764 -684 -3968 1608 703 664 680 688 664 END
START -15608 1348 -7540 -1138 -4899 1270 700 663 681 688 662 END
START -16564 1456 -8124 -1352 -5836 1633 698 662 680 688 665 END
START -17120 1196 -8064 -1289 -7723 2695 696 662 680 687 662 END
START -17168 1312 -8228 -1686 -9114 4576 693 662 680 688 661 END
START -16952 1420 -7780 -2541 -9629 6055 691 661 680 688 661 END
START -16956 1880 -7552 -3609 -10605 6692 690 661 680 688 660 END
START -16464 2228 -6556 -5007 -10899 7353 690 660 680 687 659 END
START -16588 2308 -5732 -5873 -10850 7802 689 660 679 685 659 END
START -17504 1712 -5036 -5551 -12865 8688 688 657 677 683 657 END
START -17860 2072 -4868 -4998 -15552 10404 686 655 675 682 655 END
START -18988 3368 -4208 -4891 -18032 13245 685 653 672 680 653 END
START -18476 4628 -4420 -5260 -20352 15846 683 652 670 677 650 END
START -12796 5160 -5896 -5482 -23299 17475 682 648 668 677 648 END
START -12460 4436 -3696 -4844 -20165 17776 680 647 665 676 648 END
START -11168 4708 -3744 -6083 -18040 19342 680 646 664 675 646 END
START -13496 5212 -612 -7737 -15796 20056 679 645 663 673 645 END
START -13160 6376 64 -8381 -13966 19909 679 645 662 673 644 END
START -13336 7232 888 -9113 -13635 19979 679 644 661 674 644 END
START -14048 7828 2128 -9110 -16795 18841 679 643 661 675 643 END
START -11236 7748 1256 -7871 -17333 17523 678 642 662 675 642 END
START -12640 8912 4596 -4755 -16567 18528 679 642 663 676 642 END
START -10576 8472 2356 -5698 -21003 18515 679 643 664 676 643 END
START -9396 8752 1500 -11604 -28258 17227 679 642 664 677 642 END
START -9176 9796 8956 -4891 -13644 16920 679 642 662 676 642 END
START -8888 9972 3108 -1964 -17395 20274 680 642 662 675 642 END
START -5476 9276 4052 -4792 -13970 17757 680 641 662 675 641 END
START -6232 11084 6188 -4224 -16743 17281 679 643 662 675 642 END
START -4220 11248 5900 -3933 -18387 15143 680 640 661 675 641 END
START -2164 11836 5864 -3693 -20094 13092 680 642 662 675 641 END
START -1244 11324 6124 -3116 -16790 11988 680 642 662 675 641 END
START -1564 10996 6900 -3201 -14219 11305 681 642 663 675 641 END
START -644 12012 7428 -3300 -13670 10399 681 643 662 675 642 END
START -28 11884 8216 -2681 -11103 10283 682 643 662 674 643 END
START 572 12088 8768 -2672 -8300 9880 685 642 662 674 643 END
START 1524 11948 8516 -2246 -6714 8968 682 643 661 673 640 END
START 1872 11456 8440 -1811 -4400 7587 682 643 662 673 643 END
START 2000 11792 8828 -1693 -4129 5801 683 644 662 674 643 END
START 2588 11740 8580 -1595 -3265 4893 683 643 661 672 644 END
START 2604 12272 8980 -1658 -766 4605 683 644 662 674 644 END
START 1788 12272 9552 -1180 1756 4428 679 644 662 673 645 END
START 2536 12340 8192 -722 5110 4156 684 643 660 673 643 END
START 988 12172 9704 -307 4743 3370 683 643 662 673 643 END
START 1700 12356 9004 -548 4988 2631 682 644 662 673 644 END
START 3160 12956 6792 -253 10681 2843 679 644 662 674 644 END
START 6368 12992 2232 1745 19030 2888 683 644 662 673 644 END
START -9048 11052 18140 112 11537 2793 680 644 662 673 642 END
START -2660 11484 10892 -37 11365 -660 686 644 662 673 644 END
START -4080 11844 10948 -286 2238 -1476 685 644 662 674 644 END
START -3248 12108 10732 -803 20 -502 683 645 662 672 643 END
START -872 12220 9256 -1603 -2615 187 683 644 662 673 644 END
START -1452 12216 9496 -2068 -4277 313 684 644 662 673 644 END
START -1736 12392 10408 -2522 -7541 -608 686 644 662 672 643 END
START -2916 12144 11536 -3117 -11683 -1076 683 644 662 673 644 END
START 316 13280 9968 -3109 -16155 -1361 683 644 662 674 644 END
START 4656 13036 6724 -1646 -8562 327 682 645 662 674 644 END
START -2444 12628 11832 -1658 -7595 1518 679 644 662 674 644 END
START 7780 12832 5784 -1835 650 2252 683 644 662 674 644 END