START -1036 10732 4364 3035 17524 82 683 647 664 670 647 END
START -4880 11380 9288 1416 14615 143 683 648 664 669 647 END
START -16144 12568 15744 184 2191 161 682 647 664 670 647 END
START -9268 9984 12480 791 6444 181 681 647 664 670 646 END
START -6668 9644 8428 197 129 -1317 683 647 664 671 647 END
START -8780 9668 11536 -1261 -2730 -388 683 646 665 669 647 END
START -6216 10828 10052 -1755 -6984 604 683 646 664 671 647 END
START -7264 9752 10948 -1965 -10040 774 685 647 664 670 643 END
START -11616 10520 18168 -3668 -19619 1148 681 647 664 670 647 END
START 3440 12040 600 -1486 -10861 1870 682 648 663 670 646 END
START -8220 10596 8300 -472 -127 1584 682 647 664 670 647 END
START -2260 11384 6184 -63 16170 1994 678 647 663 670 647 END
START -13664 10816 13852 379 3593 512 682 649 664 670 648 END
START -3716 10920 4680 546 5978 -325 679 650 664 670 647 END
START -6104 11056 8596 1135 7234 437 679 647 664 670 647 END
START -9600 10512 10392 992 4748 149 678 646 663 670 646 END
START -6612 10072 8236 1801 5851 -233 679 647 664 670 647 END
START -7288 10160 8792 2665 5288 -1558 682 647 664 670 645 END
START -5044 10364 8304 3319 5073 -2410 683 648 663 670 645 END
START -5756 10436 9028 3421 4623 -2946 682 647 663 670 647 END
START -4788 10404 8728 3450 3973 -3805 684 647 662 670 647 END
START -4348 10232 8544 3561 4646 -4620 680 646 663 670 646 END
START -3924 9528 6828 3956 7845 -6389 681 647 664 670 646 END
START -5072 9860 6412 4551 9264 -7965 678 647 663 670 647 END
START -7364 9108 6096 4880 9715 -9526 684 647 663 670 646 END
START -8476 9308 5484 4814 6696 -10198 678 647 665 671 647 END
START -9636 9860 4680 4385 2854 -12072 684 647 665 671 648 END
START -9632 9556 3968 4853 2887 -12341 686 649 667 671 649 END
START -10952 10224 4480 4467 7433 -12621 684 649 668 672 649 END
START -9672 9564 5224 6796 8534 -9267 679 650 669 674 650 END
START -10752 9172 3768 9264 6586 -8131 679 651 669 675 651 END
START -10272 8260 2480 7789 6404 -10331 678 652 672 676 652 END
START -12536 7124 3000 4822 2668 -11176 680 653 674 677 653 END
START -13132 7464 2748 2984 -16 -10076 678 654 675 679 654 END
START -12040 8008 3672 2240 -1772 -10692 678 655 676 680 655 END
START -13328 7044 884 948 4838 -10848 678 658 677 681 656 END
START -11608 7944 1948 609 9270 -10678 672 657 677 681 657 END
START -13084 7796 2176 1496 10274 -11148 682 657 677 682 657 END
START -13752 5488 1792 1290 9949 -10169 675 656 677 682 657 END
START -14284 5056 1272 957 9526 -10017 672 657 677 683 657 END
START -14420 6844 1924 2319 9029 -11674 678 657 677 682 657 END
START -14256 6060 1060 3809 8091 -11320 681 657 678 682 658 END
START -12504 7364 540 5378 10704 -12903 680 657 678 682 658 END
START -12540 5680 -1172 4276 11846 -10919 683 657 677 683 658 END
START -14308 4280 -864 2975 13304 -10552 680 657 678 683 658 END
START -15608 4152 -1372 2004 13363 -11741 680 658 678 682 657 END
START -14968 3644 -2344 2399 14118 -11359 679 658 677 683 657 END
START -16124 3524 -2752 3450 14111 -10868 677 657 676 682 657 END
START -17812 3908 -2660 4040 13995 -9829 676 657 675 681 657 END
START -16848 2472 -3272 5006 12455 -9267 675 656 674 681 656 END
START -16112 2156 -3160 4668 11613 -7533 675 655 673 680 654 END
START -22300 7528 -11760 4709 -8472 -13097 677 655 673 680 655 END
START -14084 408 -4416 -727 -4855 -8427 678 654 672 680 654 END
START -15496 1548 -3692 -913 1 -9557 679 654 672 680 654 END
START -6788 -8908 3476 329 15322 7663 679 654 672 680 654 END
START -12288 -5048 1532 5458 17479 7474 674 654 672 680 654 END
START -16104 3356 -5328 2248 17527 8231 679 654 672 680 653 END
START -17452 6352 -5480 -1373 13504 5730 684 653 673 681 654 END
START -15216 4292 -6200 -1920 7165 4966 679 653 673 680 654 END
START -18928 12080 -1984 -1123 2598 5441 679 653 674 682 654 END
START -17296 2196 -6140 -214 1895 900 679 654 673 680 653 END
START -13808 3556 -5240 -467 1904 1169 674 654 673 681 654 END
START -14900 3476 -5732 -1110 5310 837 684 654 674 681 653 END
START -13096 6408 -5480 -3252 8765 -1310 684 654 674 681 654 END
START -17168 5156 -8000 -737 3526 -1791 680 654 674 680 654 END
START -15148 2916 -6108 -735 -1980 -1632 680 654 676 681 654 END
START -15272 3420 -6900 -1065 -4435 -1485 680 656 674 681 654 END
START -14628 2988 -6520 -771 -3633 -1854 680 654 674 681 654 END
START -14636 2892 -6028 -396 -3060 -1563 680 655 673 681 655 END
START -14824 3420 -6180 67 -2847 -1270 680 656 674 681 655 END
START -14884 2904 -5760 -277 -3980 -1145 685 653 674 681 654 END
START -14940 3140 -6072 -669 -4250 -724 680 654 674 681 655 END
START -14828 2764 -5708 -803 -3436 -535 680 655 674 680 655 END
START -14808 2804 -5760 -334 -2120 -387 684 655 674 681 655 END
START -14876 2616 -5548 89 -1391 424 680 655 674 681 655 END
START -14800 2424 -6364 -172 -827 245 680 655 674 681 655 END
START -15184 2744 -5784 -594 -1292 608 675 655 674 681 655 END
START -15196 2284 -5916 -333 -1017 -111 684 655 674 681 655 END
START -15444 2148 -6812 1101 -2645 118 679 655 674 681 656 END
START -17272 2964 -5264 480 -4812 -896 678 655 674 681 655 END
START -18196 2496 -5976 1098 -9721 2049 678 656 674 681 655 END
START -17296 2024 -5580 282 -10017 2872 682 655 674 681 654 END
START -16668 2880 -5348 -328 -10047 3417 677 655 674 681 655 END
START -17592 3636 -4704 -401 -10968 4557 676 655 673 681 655 END
START -18324 4300 -4640 801 -12475 6778 675 655 674 680 654 END
START -17160 3616 -4740 1876 -11650 9126 679 654 672 679 655 END
START -15908 1740 -5704 3151 -8472 10379 674 654 673 679 654 END
START -15460 2168 -4344 476 -6052 11407 675 654 673 679 653 END
START -15620 3820 -2656 -2277 -10696 11979 674 653 673 678 653 END
START -16736 6116 -2604 -4168 -17080 10007 675 653 673 678 651 END
START -15988 6044 -1920 -5425 -19545 10603 675 652 671 677 652 END
START -14340 5096 -1176 -5702 -17834 11459 676 651 670 676 651 END
START -13976 5584 180 -6360 -17311 11268 677 650 669 675 650 END
START -13928 6172 1024 -7494 -19073 9811 678 650 669 674 650 END
START -13720 6440 1112 -8422 -21372 8633 679 650 669 675 650 END
START -13728 6780 1732 -8834 -23081 8569 681 651 670 676 651 END
START -14416 7356 2516 -9602 -24211 9888 681 650 669 676 650 END
START -12068 6044 6040 -5262 -17478 11684 682 650 670 676 651 END
START -11988 6148 4084 -1796 -17853 14474 683 650 670 677 651 END
START -10544 7268 3864 -4628 -17602 15109 684 650 670 677 650 END
START -10256 8672 4036 -7000 -19244 14200 685 649 669 677 649 END
START -10244 9092 4396 -7426 -18617 12080 686 647 669 677 647 END
START -8984 8840 4028 -8767 -17539 11844 686 646 669 677 646 END
START -6148 9748 4460 -12159 -14574 11091 686 644 668 676 645 END
START 7496 5528 -564 -14881 -4477 10030 686 644 667 676 644 END
START -11952 9244 17236 -6178 -2030 11398 687 643 667 676 643 END
START -3744 8560 4036 -6215 -4070 10547 687 643 667 675 643 END
START -6956 9800 9788 -7616 2041 8127 691 642 666 675 642 END
START -3720 9420 8436 -6961 3684 8402 687 642 666 676 642 END
START -6964 9052 8256 -7329 6992 7437 684 642 666 675 642 END
START -6652 8532 10128 -6464 7569 6401 688 642 666 675 642 END
START -7824 8580 10824 -5854 7026 5949 688 642 666 675 642 END
START -7704 8712 10724 -5081 4084 4939 688 642 665 675 642 END
START -7012 9484 6964 -3194 6939 3935 688 642 666 675 642 END
START -7792 9048 10608 -2919 9509 3087 683 642 666 675 642 END
START -9296 8700 10996 -2646 2197 2717 692 642 666 675 642 END
START -8132 9120 9936 -2257 -416 2779 692 642 666 675 642 END
START -7940 9172 9992 -2253 -351 3460 687 643 666 675 642 END
START -7824 8992 9576 -2031 -720 3805 684 642 665 675 642 END
START -8672 8528 9708 -1909 -1431 3384 688 642 666 675 642 END
START -8672 8732 9840 -1358 -8223 1802 687 643 666 675 643 END
START -7212 9468 9400 -1149 -9368 2120 687 642 666 675 643 END
START -5780 9136 9612 -1541 -8621 1406 687 642 666 675 642 END
START -6460 9524 9496 -1711 -8344 2493 687 642 666 674 642 END
START -6808 9636 9904 -1806 -6428 2941 687 642 667 675 642 END
START -5048 10056 8284 -1714 -4708 3193 687 642 666 675 642 END
START -6176 9648 10552 -1910 -2543 3679 691 642 666 675 642 END
START -6036 9316 9996 -1750 -4112 3625 687 643 666 675 642 END
START -5564 9480 10340 -1926 -4669 3465 687 642 666 675 642 END
START -4716 9696 9636 -1954 -4267 3004 691 642 666 675 642 END
START -4696 9648 9756 -1815 -2206 2318 691 642 666 675 642 END
START -4568 9496 10492 -1487 -1332 1768 691 642 666 675 642 END
START -4384 9324 9524 -790 -391 1341 687 642 666 675 642 END
START -4056 9348 9112 -659 4492 1071 687 642 666 674 643 END
START -5276 9556 9324 -272 8794 608 687 642 666 675 643 END
START -5660 10360 12092 42 7788 346 687 642 666 674 642 END
START -6196 9520 11168 435 6194 295 687 642 666 675 642 END
START -7948 8856 11476 702 -656 -1569 687 643 666 674 643 END
START -5292 10668 11760 956 -4191 -2249 687 642 666 675 642 END
START -4060 10528 9192 1141 1610 -335 691 641 666 674 642 END
START -7552 9044 10788 568 -244 -1079 687 642 666 674 642 END
START -6944 9340 9728 792 -1559 -1452 687 644 665 674 643 END
START -5596 10108 9244 1420 1071 215 687 642 666 674 642 END
START -6884 10332 10064 999 101 -1192 687 642 666 674 642 END
START -6400 9700 9924 81 82 -647 682 642 666 674 642 END
START -6784 8968 10272 -603 -1665 -47 687 642 666 674 642 END
START -6220 9000 9952 -1422 -1929 426 686 642 666 675 642 END
START -6640 9548 10112 -1984 -3383 154 683 642 666 674 642 END
START -5712 9216 9908 -1876 -7023 -189 687 642 666 674 642 END
START -7736 9780 11768 -1015 -10304 770 690 642 667 674 642 END
START -4992 9764 11640 -1896 -12438 310 687 642 666 674 642 END
START -7020 10144 11328 -1745 -9608 1431 690 642 666 674 642 END
START -3080 10448 7680 -2006 -6209 2399 685 642 666 674 642 END