START -4500 12716 9964 1999 23441 1618 682 636 656 666 638 END
START -5320 13736 12744 1516 13841 1770 681 638 656 666 638 END
START -9664 10836 12648 752 -1531 -1916 682 638 657 666 638 END
START -4916 11404 10296 -76 -2370 -1292 681 638 656 666 638 END
START -3884 10968 4816 853 -3656 -3110 682 638 656 666 637 END
START -1124 11660 6624 2018 3312 -2335 683 638 656 666 638 END
START -2168 13180 7952 1054 1770 -566 683 638 657 666 636 END
START -2412 14000 9424 -856 -1145 2402 682 639 656 666 637 END
START -980 13756 11396 -1938 -1786 2563 682 637 656 666 638 END
START -1504 13012 11160 -2813 -2322 1516 682 638 656 666 638 END
START -1476 12620 10240 -2441 -5363 -1078 685 638 656 666 638 END
START -1172 11992 10056 -1454 -6120 -1404 682 638 656 666 638 END
START -6972 11448 16496 -1770 -26539 -1521 683 638 656 666 638 END
START 508 11196 4544 -184 -8632 -643 683 638 656 666 638 END
START 1320 11436 1000 -626 23025 -1084 683 638 656 666 638 END
START -7200 13436 15516 801 9603 -2458 680 638 656 666 638 END
START -2224 11504 4728 1447 9401 -4432 683 638 656 666 638 END
START -3112 12116 7112 1207 13739 -4052 682 639 657 666 638 END
START -5240 11972 8048 2144 9408 -3824 680 638 657 666 637 END
START -4568 11792 7128 1878 7520 -3548 682 638 657 666 639 END
START -4056 11552 8236 1275 5407 -2579 682 638 658 667 640 END
START -3220 11564 6888 775 4660 -3279 682 638 658 666 639 END
START -2572 11496 8408 762 4488 -4876 681 638 659 668 639 END
START -1264 11984 6580 1351 4908 -7017 683 639 659 668 639 END
START -2684 12384 6260 1564 8191 -8581 681 639 661 669 639 END
START -4876 12736 7320 2462 9613 -8949 680 640 662 670 640 END
START -7136 12600 7324 4245 9923 -6979 680 642 663 671 641 END
START -5340 11720 7020 5654 9873 -7608 680 642 665 672 642 END
START -4596 11908 6052 6021 6304 -8618 680 643 667 673 643 END
START -4608 12012 5136 6690 2163 -10012 681 644 669 675 646 END
START -6248 10840 5756 5797 -5 -12131 683 648 671 677 648 END
START -6064 11036 3136 2949 1233 -13886 685 650 673 679 651 END
START -7484 10508 4656 2556 8287 -12856 687 653 675 681 653 END
START -8440 10612 4464 3150 11941 -12583 688 657 677 682 655 END
START -8872 9768 3644 3763 13682 -12407 690 658 678 683 657 END
START -8772 9808 2580 3422 10771 -13243 693 660 679 684 659 END
START -10436 9624 2772 3007 10317 -12860 695 663 682 685 663 END
START -11708 8860 2492 2911 10302 -12942 697 664 684 686 665 END
START -12060 8444 1888 3455 10568 -13424 697 666 684 686 666 END
START -11208 8300 1996 2841 9642 -13015 698 666 685 687 666 END
START -10920 8796 -4 188 10191 -11668 698 667 685 687 667 END
START -12612 7088 -32 -977 10767 -11296 698 668 686 688 668 END
START -14788 8032 608 -640 9760 -11385 698 669 686 688 669 END
START -14480 7600 656 1299 9841 -11261 698 669 687 688 669 END
START -13800 9268 380 2675 10633 -12722 698 669 686 687 669 END
START -12996 8364 -1688 3028 9743 -12648 699 669 687 687 669 END
START -13376 6948 -1064 2051 13465 -11922 700 669 686 687 669 END
START -13824 5204 -1336 -602 14354 -10469 700 669 686 687 670 END
START -17076 5192 720 -1420 11602 -10461 700 669 686 687 669 END
START -7352 4300 -5792 -256 13120 -9014 701 670 686 687 669 END
START -7176 7184 -9096 2283 6354 -9148 701 669 685 687 669 END
START -8344 4200 -7428 2181 -254 -8355 701 669 685 686 669 END
START -32024 4812 7648 956 974 -8071 702 669 685 685 668 END
START -17748 2960 -1564 2559 6407 -7852 702 668 685 685 668 END
START -9760 4768 -7496 2554 561 -8417 702 668 683 685 669 END
START -20064 2700 -2200 833 4091 -6721 703 669 685 685 668 END
START -21192 2008 -1916 234 1518 -5069 703 668 685 685 668 END
START -21380 2452 -1984 593 -816 -3861 703 668 685 685 668 END
START -20584 3828 -3444 430 -1509 -3081 702 668 686 685 668 END
START -19344 4168 -2632 206 -22 -2362 704 669 685 685 668 END
START -8788 5592 1200 6945 8697 -18215 704 669 685 686 668 END
START -24084 2672 -7536 3491 4539 -11976 705 670 686 687 670 END
START -22732 1316 -3480 -1627 -3369 309 706 670 686 687 670 END
START -12944 2820 -2532 1993 -2709 -2028 706 669 686 687 670 END
START -16228 2056 -4476 1373 1236 -655 706 669 686 686 670 END
START -16040 2144 -3404 -1055 -2198 -599 706 670 686 687 670 END
START -16592 1704 -2736 -1818 -4268 -1001 706 670 686 687 670 END
START -16172 1740 -2652 -842 -1832 191 706 671 685 687 672 END
START -15852 1576 -2748 58 148 778 706 671 686 687 671 END
START -16140 2076 -3420 -329 345 721 706 671 686 687 671 END
START -15980 2248 -2856 -921 -262 656 706 671 686 687 671 END
START -16028 2300 -2436 -506 33 433 706 671 686 687 671 END
START -16068 2328 -2448 -9 154 657 706 671 685 687 671 END
START -15772 2532 -2656 -263 -658 747 705 671 686 687 671 END
START -15964 2148 -2668 -873 -2087 522 705 671 686 687 671 END
START -15772 2272 -2788 -1343 -2883 420 705 668 685 687 671 END
START -16124 2216 -2564 -1034 -3163 208 706 671 685 687 669 END
START -16012 2236 -2544 -405 -2411 372 705 671 685 687 671 END
START -15624 2220 -2328 75 -1393 788 704 671 685 687 670 END
START -16032 2356 -2532 -55 -1670 1016 704 671 685 687 671 END
START -16460 2608 -2452 -484 -2606 1075 702 670 685 687 671 END
START -16076 2536 -2360 -743 -3175 1227 703 670 684 687 670 END
START -16384 2568 -2424 -928 -3527 1646 702 670 684 687 670 END
START -17016 2440 -2484 -1149 -4687 2044 701 669 683 686 670 END
START -18480 2404 -2492 -1039 -6688 2622 700 670 683 686 669 END
START -18972 2748 -2428 -649 -8880 3838 698 668 683 687 669 END
START -17700 2932 -1924 814 -8198 5920 696 668 682 686 668 END
START -17864 3368 -1884 1594 -8106 7482 694 667 680 684 667 END
START -17812 3108 -1804 210 -10864 8305 690 666 678 683 665 END
START -17256 3152 -1752 -2127 -14538 8989 687 662 676 681 661 END
START -12596 2876 -4228 -2695 -10386 10498 685 660 673 680 660 END
START -17124 3792 -608 -1630 -10083 12906 684 657 670 678 656 END
START -17196 4636 344 -811 -9957 14641 681 655 668 676 654 END
START -16840 5404 740 -1516 -11298 15038 680 653 665 674 653 END
START -14336 5376 -916 -2080 -8185 16013 680 652 664 673 652 END
START -11580 4940 -7612 -2215 8404 17019 679 651 662 672 650 END
START -16872 6432 3000 -5415 4505 18417 678 648 660 670 649 END
START -13288 6720 -1180 -7125 -4514 17435 678 645 658 668 646 END
START -21188 7488 6220 -7418 -10859 16568 677 642 654 666 642 END
START -14524 6440 3096 -5677 -11474 16636 677 641 652 663 639 END
START -17360 7424 7732 -2956 -9000 17606 677 639 651 663 639 END
START -11988 7836 2088 -4804 -9760 17886 678 638 650 662 638 END
START -9936 8380 3876 -6769 -8883 17351 679 638 652 662 637 END
START -7916 10348 3088 -6571 -9771 16094 679 636 650 662 637 END
START -7728 11096 2944 -6629 -9433 14451 680 636 651 661 636 END
START -8336 9660 4352 -5887 -10431 12757 680 635 650 661 635 END
START -8184 10072 4900 -5285 -11019 11516 681 636 648 660 635 END
START -8028 9880 4824 -4340 -11474 10686 680 636 650 660 636 END
START -6968 9816 4236 -4468 -9551 10991 680 636 651 660 637 END
START -6932 10588 5288 -4856 -8358 11392 682 637 651 660 634 END
START -7136 11276 7372 -4207 -10754 10634 682 637 651 661 637 END
START -6212 11472 6764 -4078 -11670 9489 682 638 652 662 638 END
START -5136 11920 6728 -4186 -9653 8964 685 639 654 662 639 END
START -5024 11716 6892 -4152 -7624 8426 684 640 655 663 636 END
START -4072 11552 6716 -3990 -6388 7655 684 640 655 664 641 END
START -3976 11292 7084 -3956 -6265 6907 685 641 655 664 641 END
START -3328 11472 7128 -4075 -5916 6385 687 641 654 663 637 END
START -3372 11408 8016 -4241 -5664 6107 685 641 654 664 641 END
START -3216 11672 8496 -4440 -5764 6124 685 641 655 664 641 END
START -2840 11756 7828 -4004 -4349 5834 685 641 656 664 642 END
START -2932 12000 8652 -3174 -3307 5209 682 642 655 664 645 END
START -2456 11112 7580 -1857 -881 3791 686 642 655 664 642 END
START -1952 12108 10384 -1897 1516 4213 683 642 655 665 642 END
START -548 11184 7228 -2042 1008 3520 686 642 655 665 647 END
START -2988 11928 10756 -2181 -1837 2428 684 642 655 665 643 END
START 1480 14300 9224 -1795 6487 3646 684 642 657 665 643 END
START 2760 10916 1348 -54 11088 3450 686 643 655 666 642 END
START -5920 11356 13020 -325 11788 2263 687 643 655 665 643 END
START -6732 12028 11168 -555 3927 -126 685 643 659 665 643 END
START -5364 12208 9792 -666 1625 105 687 642 656 665 642 END
START -3848 12472 8844 -1041 -851 727 687 643 655 665 643 END
START -3064 12256 8924 -1490 -3221 990 687 643 657 665 644 END
START -3424 11836 9524 -2231 -5167 1177 687 643 655 665 643 END
START -3000 12252 9908 -2718 -6768 1356 687 643 656 665 643 END
START -2540 12640 10892 -3681 -9032 2642 687 646 656 665 643 END
START -1064 13764 10404 -4233 -7153 5461 686 643 656 665 643 END
START -4688 10852 10448 -4031 -4235 6375 687 643 656 665 643 END