START -11984 13036 9688 100 23382 1451 683 641 661 669 640 END
START -4280 12540 5812 -531 18602 1373 683 641 660 669 641 END
START -14208 11024 8652 225 3396 -994 683 641 661 669 641 END
START -6804 11608 5308 1168 7765 586 685 641 661 669 639 END
START -7528 10976 6332 344 -1697 710 683 641 660 669 641 END
START -7732 11344 6716 -817 -5030 -642 681 641 661 669 641 END
START -8520 12072 7460 -1252 -7558 -638 683 641 661 669 641 END
START -8844 11192 8888 -1391 -11570 -835 683 641 661 669 641 END
START -9680 11992 8488 -971 -14569 -887 684 640 661 669 641 END
START -12276 10744 13436 -409 -16018 -32 683 641 660 669 643 END
START -1224 12172 2016 169 -10955 825 683 641 661 669 641 END
START -5104 11828 6032 176 -9115 279 683 641 661 669 640 END
START -1852 12760 108 60 9688 -535 683 642 661 668 641 END
START -6176 11664 10880 -267 10808 -1847 683 642 661 669 642 END
START -6088 12132 6972 1376 866 -4569 683 643 662 669 643 END
START -4020 11220 6376 1975 4293 -5547 683 643 662 670 644 END
START -5948 10672 7788 2142 5387 -5840 682 644 663 670 644 END
START -7116 10824 8624 2671 4023 -7323 682 645 664 671 645 END
START -4984 11060 7264 3289 1981 -8893 683 644 665 672 645 END
START -3912 10816 4348 3109 6656 -9633 683 646 666 672 646 END
START -5840 10780 5204 3410 11117 -10154 682 646 667 673 647 END
START -7936 11560 7088 4520 8589 -10711 682 647 667 674 646 END
START -7324 9624 4220 5114 9273 -11039 682 647 669 675 647 END
START -8648 9948 4160 5681 9020 -11708 682 648 670 676 647 END
START -11484 9816 4308 7189 8888 -11562 681 647 671 678 648 END
START -10032 9220 3284 7438 9542 -12126 681 648 672 678 648 END
START -8304 9244 848 7295 16775 -12706 680 649 672 679 649 END
START -10744 7952 632 6270 16406 -12703 681 650 674 680 651 END
START -12456 8180 988 5836 15584 -12579 680 651 674 681 651 END
START -12752 8268 208 6114 11294 -12866 679 652 675 681 652 END
START -13288 7460 -500 6499 11105 -12521 680 654 676 682 653 END
START -14200 6800 -376 7055 10094 -11934 680 655 677 682 655 END
START -14228 6560 -1672 6997 8356 -11818 680 657 677 683 657 END
START -14468 5424 -2596 6386 6650 -12077 681 659 678 683 658 END
START -14352 6540 -3512 5434 7503 -11748 681 659 678 683 660 END
START -15144 6028 -3816 4763 8707 -10560 681 660 678 684 660 END
START -16544 5452 -3968 4812 8557 -10017 680 661 679 684 661 END
START -17404 4696 -4124 4170 5979 -9625 678 661 679 684 663 END
START -15000 5688 -4336 3393 7897 -8182 681 662 679 684 662 END
START -15684 6172 -5176 1489 6976 -6245 681 662 679 684 663 END
START -15864 4972 -2928 531 7318 -3861 682 662 678 684 662 END
START -12780 5652 -6608 636 6447 -2932 683 662 679 684 662 END
START -9248 5720 -7164 -394 304 -3021 685 662 678 684 662 END
START -26812 5776 3860 876 -5448 -3378 686 662 678 684 662 END
START 1476 3376 -13768 1700 -9777 -2404 688 662 678 684 662 END
START -32768 6948 19112 1563 -21128 -4087 688 663 678 684 663 END
START -7892 7424 -8060 1570 1982 -3693 689 661 678 684 662 END
START -21096 4612 -528 1373 -3819 -3557 690 663 678 684 663 END
START -12636 4556 -5504 -346 -2092 -3003 691 663 678 684 663 END
START -18076 4420 -1264 -1208 -2575 -2324 693 663 678 684 663 END
START -16960 3712 -1340 -824 -1072 -1369 695 664 678 684 664 END
START -16852 3312 -3148 -556 -3188 -2352 695 664 680 685 665 END
START -15948 4376 -1944 -649 -3686 -2814 696 665 681 685 665 END
START -13584 5224 -2744 -759 -1363 -1456 699 666 681 686 667 END
START -15960 3352 -1780 -975 76 -1448 699 667 682 686 667 END
START -15148 4532 -1900 -248 -736 -2067 700 668 683 687 668 END
START -9056 440 -2288 1306 479 -9195 701 668 683 687 668 END
START -14064 4968 -1792 6512 2372 -19673 702 669 685 688 669 END
START -24788 2000 -4228 -1715 -973 -6501 703 670 686 688 670 END
START -16784 2588 416 -1398 184 -16 704 671 686 689 671 END
START -15432 2120 -1456 3705 -115 -1941 704 671 686 689 671 END
START -15528 3048 -4216 949 1944 -586 704 671 687 689 671 END
START -16064 2468 -2512 -855 -1630 -1557 705 671 687 690 672 END
START -15920 2256 -2384 -24 1131 -676 704 671 687 689 672 END
START -16084 2656 -2904 365 944 -187 705 672 688 690 672 END
START -16256 2704 -2836 -375 471 -245 704 672 687 690 672 END
START -15860 2584 -2876 -1026 478 -3 705 672 687 690 672 END
START -15960 2232 -2616 -1076 850 227 705 672 688 690 672 END
START -16108 2648 -2884 -1239 509 216 705 672 688 689 672 END
START -16268 2380 -2200 -1248 263 188 705 673 688 690 672 END
START -15836 2264 -2624 -833 530 450 705 673 688 690 672 END
START -16124 2344 -2544 -457 -72 308 704 673 688 690 673 END
START -15552 2296 -2700 -431 83 286 705 673 688 690 673 END
START -15536 2092 -2556 -483 387 168 705 672 688 690 673 END
START -15960 2368 -2372 -757 -45 332 704 673 688 690 672 END
START -15848 2452 -2572 -788 -510 504 704 673 688 689 673 END
START -15776 2576 -3136 -839 -229 668 704 673 688 690 673 END
START -15980 2388 -2632 -1055 62 908 704 673 688 690 673 END
START -16384 2280 -2976 -798 -574 986 703 673 688 689 673 END
START -17328 2284 -2656 -765 -1777 1412 703 672 688 691 673 END
START -17044 2500 -2604 -578 -3214 2013 703 673 686 689 673 END
START -17296 2576 -2904 214 -4241 3254 701 673 688 689 673 END
START -17884 3076 -2104 1400 -6646 4426 699 673 687 689 673 END
START -18452 2884 -1656 1426 -11001 5330 696 672 686 689 672 END
START -18300 4204 -1540 1562 -11709 6289 693 671 686 689 671 END
START -17560 3648 -2640 664 -13595 6607 693 670 684 688 670 END
START -17276 1776 -2436 -710 -13631 7743 692 670 684 688 669 END
START -18152 2052 -1420 -1238 -15175 8893 690 668 682 688 668 END
START -19012 4044 12 -610 -17246 10170 689 667 681 687 667 END
START -19124 4924 -216 1878 -18618 10915 687 666 679 686 666 END
START -17200 5700 -888 4629 -15701 11536 683 663 676 684 663 END
START -13736 5928 -1796 3369 -13368 12132 681 661 674 683 661 END
START -11928 4168 -860 -792 -12532 12484 679 659 674 682 659 END
START -13404 3948 452 -4271 -12626 13791 680 660 674 682 660 END
START -14208 6084 136 -6164 -9635 14375 680 659 673 681 659 END
START -22176 7692 4804 -4796 -11088 15255 680 656 671 681 657 END
START -14900 6964 4888 -2846 -7425 17113 679 656 670 679 655 END
START -11116 8364 1148 -4100 -9403 15675 679 653 668 678 653 END
START -1932 7640 -4144 -5140 -1591 15905 678 651 666 677 651 END
START -14776 5944 5180 -7339 -7008 17892 679 651 665 676 650 END
START -9788 6216 -720 -11480 -3430 18195 679 647 663 674 647 END
START -10344 9404 10320 -8488 2414 17001 679 644 660 672 644 END
START -9720 9412 5920 -7113 -7235 18274 678 641 658 670 640 END
START -11784 8436 6952 -8719 -10800 16930 678 638 655 668 638 END
START -9724 8992 7136 -7570 -15250 17043 679 635 652 666 635 END
START -7892 10260 5380 -7047 -14516 18190 679 632 650 664 632 END
START -7016 9444 8484 -7453 -14140 17971 679 628 648 662 628 END
START -5844 9596 9392 -6839 -15682 16670 679 627 647 661 627 END
START -4392 10068 9916 -4842 -18531 13920 678 626 647 661 626 END
START -2504 10356 7924 -3598 -18854 11380 679 624 647 660 625 END
START -528 9604 6248 -3764 -14972 10023 679 625 646 661 625 END
START 336 9024 7440 -3374 -9731 9399 679 626 646 661 625 END
START -580 10456 9520 -3177 -6934 9156 679 624 645 660 625 END
START -800 11060 9484 -2568 -4204 8800 679 623 646 662 625 END
START 212 10240 9364 -2344 -48 8481 679 626 646 661 626 END
START -692 9836 9672 -2344 -272 7330 679 626 647 661 626 END
START 24 10308 8592 -1978 -458 5698 682 627 647 661 627 END
START 2256 12368 7104 6320 -32768 -3834 681 627 647 661 627 END
START -9716 12696 15948 2224 -27669 -7002 681 628 646 661 628 END
START -2300 14596 8688 1113 -29606 -5947 681 630 647 661 628 END
START 1648 14896 6884 593 -12385 -6164 681 629 647 662 629 END
START 26008 14572 -8428 -4329 7560 10554 681 629 649 662 631 END
START 2940 10172 3464 -1315 32767 17328 682 630 651 663 630 END
START -12776 11248 21144 -3035 20007 6713 681 631 650 663 631 END
START -3368 12936 13604 398 -15253 -1670 681 631 650 662 631 END
START 5352 11596 3496 -1007 -5865 586 681 631 651 661 631 END
START -1036 12420 7616 -1491 9989 3169 679 631 650 663 631 END
START -5128 10800 14380 -635 -961 1161 682 631 650 663 632 END
START 1616 12584 6796 -663 -894 1789 681 632 649 663 633 END
START -896 11916 10404 -1081 164 2825 682 632 651 663 632 END
START -884 11636 8912 -1193 91 2122 682 632 651 663 632 END
START 320 11820 8728 -1437 561 1214 682 632 651 663 633 END
START -288 12376 9364 -1164 2405 918 681 632 651 663 632 END
START 596 12004 8044 -970 6312 414 684 633 650 663 632 END
START -1444 11956 9636 -712 8849 -651 682 633 651 663 635 END
START -1664 11956 9356 484 6150 -1113 682 632 652 663 633 END
START -1628 11772 8760 302 7586 309 682 632 650 663 634 END
START -2948 12160 10072 891 9413 493 682 633 651 663 632 END
START -4860 12272 10260 1593 4497 1685 682 633 651 663 633 END
START -2760 12160 9364 43 4438 -2709 684 633 652 663 633 END
START -888 12536 8352 519 6579 -2844 683 633 651 663 633 END
START -1020 13756 7188 1897 7043 -2342 683 633 652 663 629 END
START -4492 11400 11144 1957 3580 691 682 633 651 663 633 END
START -4020 11156 10508 926 -298 -3658 682 633 651 662 633 END
START -252 14040 2936 2413 15794 -3660 683 632 651 663 632 END
START -5148 12752 9688 3950 16454 47 683 633 651 663 632 END
START -4440 12740 8592 2396 10080 2049 682 633 651 663 632 END
START -4572 11928 8388 1249 1354 678 683 633 651 662 633 END
START -5444 12000 9820 101 -2493 2795 682 633 651 663 633 END
START -2812 13064 9400 -1348 -5726 2170 683 633 651 662 633 END
START -1512 13452 9052 -1866 -6466 831 683 633 651 663 633 END
START 264 14548 8656 -2889 -7772 1679 682 633 652 663 633 END
START -2796 14988 14824 -4740 -10257 5885 683 633 652 663 633 END
START -8540 -116 11452 -6773 -960 -4546 684 634 652 663 632 END
START -6448 11716 6596 -7853 5928 1632 683 633 652 663 634 END
START -4604 14128 8364 -2369 1601 2914 683 634 652 663 633 END