START 8372 13808 3008 -2596 -547 -5025 618 611 615 681 616 END
START 8412 13848 3012 -2631 -465 -5392 618 610 614 682 616 END
START 7860 13696 3056 -2791 -404 -6475 618 611 614 681 616 END
START 7440 13924 2724 -2906 -374 -7442 617 610 615 682 617 END
START 6576 14144 2832 -3123 -621 -8306 618 611 614 682 616 END
START 6132 14016 3156 -3304 -575 -9176 618 611 615 682 616 END
START 5916 14008 3116 -3604 338 -9638 619 611 614 681 616 END
START 5460 14480 3292 -3689 1458 -9904 618 611 615 682 616 END
START 4172 14052 3776 -4005 1772 -9904 618 611 615 682 618 END
START 2220 14008 4608 -4196 825 -9726 618 611 614 682 617 END
START 1992 14600 4596 -4192 -1088 -9638 619 611 615 682 616 END
START 2676 14584 4536 -4286 -1704 -9509 619 611 614 681 618 END
START 2972 14592 4304 -4457 -623 -9537 620 609 614 682 617 END
START 2648 14204 4336 -4550 1394 -9609 620 611 614 683 617 END
START 1680 13068 4484 -4372 3152 -9871 619 610 614 683 618 END
START 728 12844 4640 -3901 3448 -10024 620 610 614 682 616 END
START 580 14952 5168 -3678 1905 -9723 620 602 613 682 617 END
START 304 15276 5744 -3952 817 -9453 620 609 612 683 617 END
START -152 12792 5528 -3830 1181 -10022 621 609 613 682 617 END
START -160 12832 4788 -3029 2608 -10069 620 609 613 683 618 END
START -2268 15388 6432 -3225 1036 -9268 621 608 612 683 616 END
START -2576 12040 5500 -2587 -1245 -9738 621 608 612 683 617 END
START -2100 15512 6496 -2515 -2572 -8709 622 608 613 683 619 END
START -1320 11884 4960 -2212 -1613 -9403 621 608 613 683 617 END
START -1836 15292 6396 -2443 90 -8451 621 608 612 683 617 END
START -1448 12216 4900 -1971 1824 -9205 622 607 612 683 618 END
START -4336 14200 7364 -2165 900 -8391 622 605 611 683 617 END
START -3604 13656 5576 -1120 -1002 -8959 622 606 611 682 617 END
START -4524 11976 6412 -1563 -4065 -8765 622 606 611 683 617 END
START -2592 16008 6560 -1444 -3534 -8181 623 605 611 682 617 END
START -1732 12048 4460 -1144 -1331 -8889 623 604 611 682 617 END
START -3228 11180 5596 -1727 302 -8759 623 603 610 683 617 END
START -3836 15800 6196 -1517 1939 -8145 626 603 611 683 617 END
START -5148 11848 5256 -835 311 -9010 622 603 610 682 617 END
START -6316 10996 6484 -1358 -3844 -9147 623 602 610 682 617 END
START -5140 14752 6984 -1460 -4316 -8448 623 602 610 683 617 END
START -3308 14372 4988 -1153 -1934 -8726 624 600 609 682 617 END
START -3368 11468 3980 -1217 231 -9416 623 600 608 681 617 END
START -3676 12452 5336 -1808 980 -9158 623 599 608 682 617 END
START -6240 14952 7624 -1420 -300 -8889 624 598 608 682 617 END
START -5912 9256 5056 -1108 -2949 -9741 624 598 609 681 616 END
START -7444 13008 7300 -1307 -3686 -9120 623 598 608 681 616 END
START -7504 11272 6256 -972 -1320 -9950 623 598 606 682 617 END
START -6372 12504 6040 -1814 1570 -8957 625 597 608 682 617 END
START -7080 10348 5384 -1585 3121 -9462 623 596 607 682 617 END
START -9724 12548 8360 -1793 1160 -8816 622 596 608 682 617 END
START -9256 9424 6924 -1406 -2099 -9990 623 596 608 682 616 END
START -8596 13312 6892 -1780 -3849 -9564 623 596 608 681 617 END
START -5080 8764 3252 -2176 -2673 -10948 623 597 608 681 617 END
START -7632 12224 6112 -2928 1355 -10083 623 598 609 682 617 END
START -9992 7692 5472 -2431 3701 -10578 623 597 609 682 616 END
START -14224 8356 8320 -2915 660 -9523 623 598 610 682 618 END
START -12984 10232 6512 -2159 -1708 -8964 622 599 611 683 617 END
START -12500 6404 5144 -2272 -986 -8208 623 598 611 681 617 END
START -12588 9204 6712 -2493 1449 -5510 623 600 611 683 617 END
START -16928 9372 8684 -1275 784 -4198 624 602 612 683 617 END
START -15108 6152 6488 -997 -1164 -2950 624 601 612 682 617 END
START -13568 10648 7344 -964 -1219 -768 624 600 612 682 617 END
START -12712 12596 6664 -344 807 129 624 601 612 684 618 END
START -11864 7784 4952 -670 539 435 624 601 612 683 618 END
START -12328 12788 7572 -1077 -221 1769 623 600 612 683 618 END
START -9664 12852 5852 -676 -518 1485 623 600 612 683 619 END
START -9904 8096 5628 -897 -934 879 624 599 614 684 618 END
START -10532 12332 7816 -1426 -904 1622 625 599 613 678 618 END
START -8672 13032 6232 -1029 359 1415 623 598 611 683 618 END
START -8324 9292 4928 -743 835 327 624 599 612 683 618 END
START -10400 8184 6944 -1375 177 605 625 597 612 682 617 END
START -10016 12784 7760 -1206 659 983 624 597 613 682 617 END
START -8872 9580 4992 -768 868 282 625 596 611 682 617 END
START -10508 6844 6524 -1313 -421 36 625 596 610 681 616 END