START 3376 15112 2992 -927 -389 1028 646 600 614 660 606 END
START 3264 15104 3136 -922 -603 1057 639 607 615 656 609 END
START 3736 15012 3072 -883 -358 884 648 610 616 662 625 END
START 4324 15040 2844 -814 191 691 629 607 615 658 610 END
START 4480 15056 2820 -757 774 559 648 607 615 657 611 END
START 4048 15028 2828 -857 894 674 644 609 614 658 609 END
START 3788 15040 3000 -989 661 814 646 606 615 657 610 END
START 3404 14648 3248 -1087 -230 849 647 607 616 662 610 END
START 4044 15472 3108 -1096 -106 866 647 607 615 658 609 END
START 4256 14336 2816 -891 -114 659 645 608 593 655 613 END
START 3904 14684 3360 -952 -90 781 645 606 617 659 611 END
START 4008 15776 3948 -903 327 792 645 606 616 652 610 END
START 4408 16052 3416 -840 481 771 647 607 616 659 610 END
START 4528 16196 3124 -747 268 714 644 607 616 659 609 END
START 4764 16460 3436 -650 115 721 643 607 616 658 610 END
START 4316 16540 3272 -451 129 997 645 608 615 658 610 END
START 4032 17048 3984 -451 -1049 1135 640 625 615 634 609 END
START 3968 15580 4844 -470 -2276 1172 644 609 615 656 610 END
START 4992 13864 3380 -151 -2748 443 646 608 617 658 610 END
START 7412 12880 1576 713 -2354 -543 651 608 616 658 610 END
START 10012 16644 -144 1639 -1200 -881 645 608 617 659 609 END
START 6172 16452 3876 1378 -990 -839 644 608 616 657 609 END
START 5400 14220 4072 1472 -2136 -1472 650 607 618 658 609 END
START 3752 12880 4268 1953 -3595 -2542 645 608 616 657 609 END
START 5540 14688 -532 2849 -3045 -3040 645 605 618 655 612 END
START 5344 15592 3732 2575 -2991 -3412 643 610 619 659 608 END
START 4116 14096 5188 2705 -3839 -4461 644 609 616 654 608 END
START 5024 12456 2752 3255 -3610 -5853 644 611 614 629 611 END
START 2988 14232 1384 4027 -3404 -6615 644 609 627 657 607 END
START 3848 15904 3328 3415 -3798 -6725 644 609 617 656 608 END
START 3868 15084 3548 3088 -4626 -7306 640 608 597 649 608 END
START 3084 12968 2268 3280 -4865 -8489 643 607 620 656 608 END
START 3948 15020 -3836 3998 -4363 -9024 645 603 611 657 604 END
START 2536 16356 2160 3249 -3633 -8760 649 609 615 656 612 END
START 2136 15480 2300 2713 -5279 -9377 643 609 618 628 607 END
START 880 13328 1632 2742 -5365 -10186 642 608 616 656 610 END
START 1404 15496 -3740 3188 -3988 -10478 647 610 622 679 605 END
START -1184 16376 2400 2311 -3869 -10105 640 608 616 655 606 END
START 664 13480 -60 2246 -3876 -10824 642 608 615 656 603 END
START 1140 12784 -812 2808 -3553 -11805 642 612 615 655 605 END
START 1528 16200 -6436 4152 -2923 -10667 603 609 614 655 608 END
START -2148 16244 1128 2455 -3615 -10091 643 608 614 652 604 END
START -4472 13132 2120 1891 -6195 -10356 641 607 613 655 603 END
START -4656 13424 1116 3086 -7587 -9965 640 605 613 656 603 END
START -460 16616 -1424 3611 -2753 -9755 639 606 613 654 603 END
START -2140 15680 68 2394 -1482 -9522 640 606 615 653 602 END
START -5236 13856 632 2329 -602 -9347 616 603 613 651 596 END
START -4008 13264 -992 2349 -2365 -9383 645 607 613 657 598 END
START -2024 16836 -4992 2614 -1616 -8547 639 606 612 653 600 END
START -3584 16484 -80 1540 -1634 -7930 643 606 616 651 590 END
START -1632 15060 -1428 1043 -1468 -8092 638 603 613 653 596 END
START -6468 13960 -424 1102 -635 -8456 640 605 612 654 599 END
START -2768 16908 -8028 1221 1764 -7751 643 609 613 648 599 END
START -7440 18160 256 172 1104 -6092 639 597 612 652 599 END
START -6704 15680 -240 -480 -1467 -5556 640 605 611 651 599 END
START -3956 13684 -2292 -623 -2371 -6015 638 585 612 655 593 END
START -4352 15716 -3872 -409 -933 -5432 643 607 611 655 599 END
START -9128 17480 940 -1163 50 -4296 639 605 612 652 598 END
START -8192 15952 72 -1501 -310 -3738 638 600 614 652 604 END
START -6816 13784 -784 -1627 -861 -3643 641 602 611 650 599 END
START -6312 16396 -4344 -1339 -570 -2721 641 605 611 651 598 END
START -8020 17332 588 -2396 -220 -1468 640 610 616 647 597 END
START -5344 15008 -2048 -2493 -322 -1238 644 605 613 652 598 END
START -6216 13456 -2072 -2044 -444 -1691 640 605 611 651 599 END
START -6116 17488 -1380 -1643 1404 -484 640 605 612 653 599 END
START -8372 15088 1704 -2364 -301 29 642 605 612 651 603 END
START -7068 13476 -384 -1941 -332 -189 639 607 612 652 597 END
START -4676 16748 -5376 -1450 315 216 638 605 613 652 600 END
START -5820 16932 -116 -2184 220 1154 639 608 611 652 598 END
START -7888 13584 -420 -1870 -517 1016 639 604 612 652 599 END