START 2500 15528 2372 -1134 379 -368 609 591 606 655 604 END
START 2544 15532 2280 -1158 291 -358 609 591 607 655 605 END
START 2276 15496 2628 -1129 -126 -358 608 591 607 655 605 END
START 2240 15288 2616 -986 -512 -334 609 591 607 655 605 END
START 1952 15508 2352 -956 -579 -289 611 590 607 655 605 END
START 2196 15320 2480 -939 -613 -283 609 591 607 653 605 END
START 2088 15756 2712 -929 -151 -170 607 591 607 655 606 END
START 2524 15436 2304 -838 -48 -201 609 591 606 655 605 END
START 1972 14896 2228 -1103 -591 -262 609 591 606 655 605 END
START 744 14772 3392 -1350 -964 -84 609 591 607 655 605 END
START 1876 15480 3472 -1427 -827 113 609 590 607 655 605 END
START 2544 15764 3500 -1340 -656 175 609 590 607 655 605 END
START 2852 15820 3300 -1308 -390 161 609 590 607 655 605 END
START 3292 15744 3160 -1356 -124 214 610 590 607 656 605 END
START 1760 15424 4224 -1486 -249 182 609 590 607 655 605 END
START 1764 15260 4460 -1636 -507 22 609 591 608 656 606 END
START 1620 14612 4244 -1712 -593 -143 609 590 608 655 605 END
START 1324 14132 4304 -1881 -967 -482 608 590 607 655 605 END
START 552 14088 3548 -1891 -1087 -707 610 590 608 655 605 END
START 824 14140 3320 -1886 -860 -910 609 590 608 655 606 END
START 1400 13260 2208 -1994 -1189 -1004 609 590 605 655 605 END
START 1652 14804 2184 -1956 -1735 -1053 610 591 608 656 605 END
START 3820 15580 1480 -1932 -1426 -1222 609 585 608 656 605 END
START 3468 15728 2056 -1838 -1254 -1453 610 591 608 656 605 END
START 4580 16056 1480 -1648 -1712 -1730 610 591 608 656 606 END
START 3916 17340 2412 -1526 -3231 -2130 610 590 608 656 605 END
START 5088 17544 1724 -1566 -4523 -2833 610 590 608 655 605 END
START 4448 17028 3104 -1775 -5886 -3823 610 589 608 656 605 END
START 5140 16404 3268 -2066 -6932 -5136 611 591 608 656 605 END
START 3772 15640 3936 -2420 -7445 -6615 609 591 607 656 605 END
START 2620 13992 4132 -2664 -6878 -8156 609 590 608 656 605 END
START 2248 13088 3040 -2565 -5700 -9430 610 591 608 656 606 END
START 1264 13712 2240 -2396 -5074 -10336 610 586 608 656 605 END
START 1904 14644 1692 -2457 -4557 -10847 610 590 608 656 605 END
START 1244 14952 2016 -2532 -4814 -10909 610 591 608 656 606 END
START 1748 15460 1800 -2562 -5122 -10895 610 591 608 656 605 END
START -256 16012 4116 -2684 -5856 -10830 609 591 608 656 607 END
START 1320 16344 3076 -2961 -5142 -10944 611 590 608 656 605 END
START 476 15628 3960 -3309 -3975 -11118 610 591 609 655 606 END
START 304 15100 3804 -3537 -2737 -11261 610 591 609 656 606 END
START -2868 14564 5900 -3869 -2952 -11178 611 591 609 656 605 END
START -3752 12400 5768 -4037 -3496 -11428 611 590 610 657 606 END
START -3752 10944 3816 -3850 -3597 -11881 610 590 609 656 605 END
START -4552 12988 4040 -3645 -3756 -11712 611 590 610 657 606 END
START -2884 13448 3068 -3677 -3679 -11194 610 590 609 656 605 END
START -2888 14308 3628 -3618 -3104 -10607 610 590 609 657 606 END
START -4148 15288 4792 -3819 -2419 -9971 610 590 609 656 606 END
START -3860 14572 5496 -4028 -1491 -9406 610 590 609 657 606 END
START -4848 14068 6264 -4089 -2112 -9047 610 590 609 656 606 END
START -5880 13408 6512 -4335 -4050 -8846 610 590 608 656 606 END
START -7820 11536 7260 -4563 -6000 -9181 611 589 609 656 606 END
START -6508 9632 4236 -4380 -5187 -9213 611 589 609 656 605 END
START -6840 11516 4716 -4314 -3982 -9262 610 589 609 657 606 END
START -5656 11996 4484 -4369 -2771 -8673 611 589 609 657 606 END
START -6776 12584 5764 -4296 -2859 -8029 610 589 609 656 605 END
START -6356 14548 6584 -4387 -2675 -7309 610 589 609 657 606 END
START -6236 13276 6436 -4581 -2815 -6825 610 589 609 656 605 END
START -7452 12816 7804 -4828 -3762 -6587 611 589 610 656 605 END
START -7180 11580 8024 -5248 -3661 -6468 610 589 609 656 605 END
START -9164 9984 8660 -5289 -3349 -6461 610 589 609 657 606 END
START -9388 9292 7584 -5011 -3180 -6321 610 589 610 657 606 END
START -9792 8352 6872 -4690 -3093 -6138 611 589 610 655 606 END
START -8792 10060 6820 -4590 -3367 -5508 610 589 610 657 606 END
START -8232 10024 7376 -4352 -3330 -4558 611 589 609 657 606 END
START -6828 11092 7004 -3915 -2727 -3367 610 588 610 657 606 END
START -7568 12248 8348 -3693 -1661 -2482 611 588 610 657 605 END
START -8532 12032 8940 -3516 -1204 -1620 610 589 609 657 606 END
START -6964 11424 8376 -3254 -1704 -1042 610 589 609 657 605 END
START -7684 11028 9800 -3101 -2181 -605 611 590 611 657 606 END
START -7888 10696 9860 -2869 -1815 -400 610 589 610 657 606 END