START -1324 13540 7616 -1087 741 -72 609 581 604 651 600 END
START -748 13488 7792 -1234 111 -57 608 581 603 650 602 END
START 1780 13396 7256 -1307 76 -24 607 582 603 650 602 END
START 816 13492 7700 -1268 1775 -356 607 582 603 650 602 END
START -836 13748 8032 -1352 1529 -1026 608 581 603 650 602 END
START -440 13900 7840 -1407 1060 -1095 607 581 603 650 601 END
START 384 13168 8132 -1078 1436 -993 608 581 603 650 602 END
START -684 13632 8556 -819 1492 -832 607 582 603 650 602 END
START -48 13040 7748 -422 1868 -591 607 582 603 650 602 END
START -1352 13280 8236 -563 1454 -426 607 582 604 650 602 END
START -1152 13356 8044 -445 1549 -493 608 582 603 650 604 END
START -1836 13884 7724 -367 852 -689 608 581 603 650 602 END
START -1304 13972 6960 -268 146 -440 608 581 604 650 602 END
START -1472 13984 7100 -281 -562 -105 608 582 604 650 602 END
START -2480 13752 8232 -743 -3184 2 608 582 604 650 602 END
START -2660 10720 8660 180 -4850 -1217 608 582 604 650 602 END
START -756 13556 6452 667 -5388 -675 608 583 604 650 601 END
START -1024 14964 8080 107 -6005 -636 607 582 603 652 601 END
START -104 12432 8184 321 -4625 -1101 608 583 604 650 603 END
START 1912 13844 7116 1005 -2048 -1441 608 583 604 650 602 END
START -1084 14376 9476 548 -972 -1200 608 583 604 649 602 END
START 1952 13144 7652 1149 1325 -1866 609 583 604 650 602 END
START -1076 14496 9444 1065 2330 -1843 608 583 603 650 601 END
START 1004 13232 6592 1428 3654 -2797 608 583 604 650 601 END
START -656 12208 9152 837 3483 -2428 606 583 603 649 601 END
START 2468 14544 8060 1453 7185 -3128 606 583 601 650 601 END
START 2624 11024 7308 1133 9015 -4787 606 582 603 650 602 END
START -1792 16572 9820 1070 9815 -5722 604 582 604 650 602 END
START 1488 12896 392 1541 9360 -6167 603 581 603 649 602 END
START 7904 7908 -4148 -752 -1204 -6540 602 577 603 650 602 END
START -11576 16024 12084 -1788 -5307 -4218 602 582 603 650 601 END
START 8284 14540 -2344 -2549 -5992 -4784 601 581 602 649 601 END
START 7012 10316 -1008 -4738 -2002 -5896 599 581 600 648 600 END
START 4528 14184 1436 -4829 2578 -5413 598 579 599 646 600 END
START -7920 10780 10688 -5964 3815 -6539 598 578 597 645 599 END
START -1580 13068 6552 -5563 5068 -6803 596 576 595 643 598 END
START -1456 12808 6164 -7055 237 -7761 595 575 594 641 598 END
START -4560 8648 8872 -6928 -4586 -10255 594 572 592 640 599 END
START -1224 10244 5004 -6045 -4152 -11907 593 572 592 639 599 END
START 352 12592 3900 -6509 -6045 -11368 593 571 592 639 599 END
START -1552 12540 6924 -7459 -8729 -11841 593 572 593 639 599 END
START 48 9880 7072 -8405 -12567 -13588 592 572 593 639 599 END
START -1068 9584 9076 -9298 -15369 -15073 593 571 594 639 599 END
START -972 9300 9660 -10727 -18264 -16421 594 573 595 639 600 END
START -596 9068 9324 -12806 -20475 -18313 595 574 602 639 600 END
START -80 7000 8460 -14821 -20109 -20155 596 577 614 639 600 END
START 728 6436 9696 -16277 -15544 -21218 597 580 624 639 600 END
START -616 6076 12380 -16989 -9900 -22890 600 582 632 641 601 END
START -1788 5076 11200 -17278 -7409 -24027 601 586 638 643 601 END
START -4580 3748 9532 -18363 -9133 -24451 605 590 642 645 602 END
START -6140 3128 10796 -18893 -11404 -24389 607 592 647 647 603 END
START -6168 2044 13432 -18182 -11456 -22994 612 597 652 651 603 END
START -7636 2664 14192 -17114 -15319 -21816 615 599 654 653 604 END
START -3904 5208 12236 -17965 -18903 -20758 617 601 655 655 604 END
START -2120 3764 15324 -18127 -15674 -20240 618 603 655 655 604 END
START -3704 120 19956 -16575 -10642 -17805 619 603 658 657 604 END
START -4484 -1676 20292 -14659 -8542 -17669 621 604 660 659 605 END
START -5388 -928 18628 -14367 -7900 -16772 621 605 661 659 605 END
START -6768 -2508 20012 -13350 -6345 -15578 621 605 662 660 605 END
START -7360 -6748 18708 -11691 -6893 -14529 623 606 661 661 605 END
START -6032 -5512 17816 -10306 -8571 -13622 623 606 662 662 605 END
START -4572 -4324 17788 -9072 -8376 -11774 622 606 662 663 605 END
START -2692 -3992 16388 -8424 -7170 -9877 623 606 662 663 604 END
START -2204 -3976 14916 -8143 -5448 -8218 623 606 663 664 605 END
START -3096 -4104 16344 -7610 -5788 -6555 623 606 662 664 604 END
START -1804 -5388 15796 -7018 -6578 -5017 623 606 663 665 605 END
START -1748 -5836 15960 -6370 -5682 -3754 623 606 663 664 604 END
START 220 -6128 15388 -5552 -3350 -2317 625 606 663 665 604 END
START -1752 -5792 17272 -4756 -2679 -319 623 606 661 665 605 END
START -2104 -7628 16640 -4121 -3170 566 625 605 662 665 606 END