START 8712 14344 2884 -1354 74 -1342 619 589 575 667 601 END
START 8664 14356 2676 -1465 -392 -1595 619 589 575 667 601 END
START 7916 14360 2044 -1790 -1438 -2020 618 590 577 669 602 END
START 6956 14340 2004 -2265 -2179 -2315 618 591 580 671 605 END
START 5944 14280 2840 -2586 -1909 -2194 617 592 583 673 608 END
START 5628 14120 2956 -2657 -1836 -2215 617 594 586 675 610 END
START 5164 14120 2872 -2692 -985 -1567 618 594 587 674 612 END
START 4708 14444 3240 -2358 -1192 -1042 617 595 588 677 613 END
START 4692 13632 3940 -1917 -2096 -922 617 597 591 678 615 END
START 5612 13152 4084 -1547 -2703 -787 617 596 592 679 615 END
START 5436 13092 4032 -1270 -3350 -777 617 596 593 680 616 END
START 6180 13224 3792 -886 -3989 -1145 617 596 594 680 616 END
START 7080 12804 3364 -520 -4129 -1753 617 597 595 681 617 END
START 7724 12912 2868 -136 -3833 -2439 618 597 596 681 618 END
START 7132 14728 3012 59 -3772 -2713 618 597 597 682 618 END
START 6952 16116 3372 -123 -4122 -2857 619 597 597 683 619 END
START 5748 14524 3176 -413 -4555 -3274 620 596 597 682 619 END
START 6280 13104 2048 -18 -4088 -3950 620 596 597 683 619 END
START 5972 16568 2436 13 -3833 -3241 621 597 598 683 619 END
START 4876 14548 2908 -374 -4370 -3244 622 596 598 683 619 END
START 5944 13820 2004 -136 -4478 -3782 616 595 599 684 619 END
START 7368 16292 1800 -605 -4955 -3000 622 596 598 683 618 END
START 6444 13540 2696 -728 -5764 -3977 622 595 599 683 619 END
START 10744 17300 900 -666 -3946 -3527 623 595 599 684 618 END
START 5076 14156 2656 -1358 -3768 -4070 623 595 598 684 619 END
START 4648 15228 76 -1032 -2428 -4672 623 595 599 684 619 END
START 5164 15560 2920 -1812 -3565 -4399 624 595 600 684 619 END
START 3608 12764 3484 -1757 -4830 -5183 624 594 599 684 618 END
START 3652 16100 3624 -2016 -5588 -4766 624 594 599 684 618 END
START 6772 12648 236 -2236 -5179 -5659 624 594 599 684 618 END
START 6136 14932 844 -1900 -4137 -5868 625 594 600 684 618 END
START 4780 14368 1268 -2918 -4214 -5882 625 593 598 684 617 END
START 4536 12712 1268 -3164 -4296 -6645 626 592 598 683 617 END
START 4376 15436 2736 -3680 -5070 -6804 626 592 598 683 616 END
START 3320 12784 3136 -3946 -4462 -8158 628 591 597 683 616 END
START 9776 15388 -2120 -3599 -390 -8550 626 591 596 683 618 END
START -232 14068 4508 -4419 -1299 -9162 628 590 595 683 615 END
START 3692 12840 1920 -4013 -403 -9969 628 589 595 683 616 END
START 5988 15520 1824 -4253 -1765 -9633 628 589 594 683 615 END
START -2456 12652 7576 -4166 -4242 -10298 629 589 595 682 615 END
START -1492 16464 7096 -3580 -3108 -9873 629 585 594 682 616 END
START 6696 13952 -596 -4124 -3065 -10266 630 584 593 682 616 END
START 456 14728 1192 -3976 -3320 -10973 630 582 591 681 616 END
START -1344 14956 5380 -4650 -3503 -11069 632 582 591 681 617 END
START -1024 13168 4508 -4078 -59 -11931 631 581 590 680 616 END
START 4256 15460 564 -4172 457 -11552 632 583 590 681 616 END
START -1052 13348 3524 -4293 -824 -12626 633 580 591 680 616 END
START 3952 14560 -1200 -4048 -280 -12431 633 579 589 680 616 END
START 1844 13388 636 -4759 -2832 -12774 634 578 588 679 616 END
START -5800 13192 5276 -4138 -3173 -13541 636 578 589 680 616 END
START -936 14508 3296 -4551 -1103 -13789 632 578 588 679 616 END
START -320 11356 1428 -4292 2251 -14948 633 578 588 680 617 END
START -2708 14796 3528 -4411 3162 -14863 633 578 588 680 616 END
START -6516 11956 4968 -4640 2101 -15447 632 578 589 680 616 END
START -1792 13144 448 -3976 2758 -15520 632 578 589 680 617 END
START -9748 12092 6324 -4308 1751 -15718 633 578 589 680 617 END
START -4316 10744 1448 -3844 3062 -15620 631 578 588 680 617 END
START -4136 12324 732 -4511 2567 -14470 632 577 589 680 617 END
START -8980 9980 3288 -3744 103 -14087 631 577 589 679 617 END
START -16780 12488 9448 -3635 1773 -12309 632 576 589 680 617 END
START -7856 9624 1168 -2883 4867 -11163 632 579 589 680 616 END
START -15708 12556 7452 -2859 4400 -8434 631 576 588 680 617 END
START -17800 10788 7496 -1488 1219 -6936 631 576 589 680 617 END
START -17480 9736 7696 -1202 -1977 -5004 631 575 588 680 616 END
START -11676 14408 5360 -480 -1094 -2695 630 577 588 679 616 END
START -13392 10424 5736 215 513 -2036 630 575 588 680 612 END
START -14180 11736 6632 42 1024 -345 630 574 588 680 616 END
START -11988 12240 4848 629 1547 370 630 575 588 677 617 END
START -11196 13856 5976 140 997 1393 630 575 588 680 617 END
START -13164 11656 6812 355 88 1511 628 575 588 680 617 END