START -5676 4356 15048 962 471 798 557 559 579 622 600 END
START -6848 4228 16040 856 682 542 558 559 578 621 596 END
START 3988 4240 8536 2266 2065 -191 559 559 576 622 600 END
START -2200 6260 13880 653 4606 3907 554 559 578 623 599 END
START -5292 3508 15612 142 5588 4411 556 560 577 629 600 END
START -2496 4564 14628 -1908 6490 3253 557 561 576 620 598 END
START -4608 4360 16376 -2519 6366 1095 549 560 578 625 598 END
START -6964 3368 16512 -2038 3752 -706 547 556 578 625 597 END
START -6844 4140 15724 -1773 1469 -1233 545 558 574 628 599 END
START -7664 4788 16480 -2386 -1557 -2113 549 564 581 631 600 END
START -9776 8180 17628 -5725 -8359 -3021 554 564 584 634 601 END
START 1160 6784 14684 -8508 -10631 -2451 558 568 591 636 601 END
START 1180 -10140 19332 1717 -5481 -2871 553 565 586 640 605 END
START 12448 9420 11512 2296 4979 1424 561 574 591 640 605 END
START 3928 8068 18888 -897 7581 1893 563 575 591 641 605 END
START 2080 2828 19296 370 6024 -895 558 578 591 639 604 END
START -580 6688 20304 1988 4309 -1763 549 582 595 643 606 END
START 2216 7036 19984 1098 3083 -1826 546 585 593 645 605 END
START 92 7024 19008 2441 4359 -2214 537 583 596 649 605 END
START -2464 7108 20872 2014 2188 -2263 526 584 597 652 608 END
START -5052 11052 20692 2668 233 -1520 520 588 601 655 603 END
START -2880 9332 16236 2899 -2712 -2122 510 589 599 657 604 END
START -3540 8912 17704 1632 -7341 -1768 500 592 601 660 604 END
START -6276 10308 20484 213 -10355 -1271 492 597 602 662 601 END
START -9480 11084 22652 265 -9026 -2511 483 596 608 666 604 END
START 3500 10128 6344 1966 -2202 -4719 483 606 610 666 603 END
START -8656 3444 18808 1879 51 -5878 478 601 614 673 605 END
START -21944 2812 23476 2458 160 -2756 472 601 613 672 605 END
START -19372 -84 13308 6144 -2105 -84 469 598 616 675 609 END
START -29772 -7700 17992 8379 -7389 4268 469 600 612 676 608 END
START -27984 -4860 17300 12063 -9482 8502 466 595 610 675 606 END
START -23436 288 17156 14636 -5962 13407 463 597 610 676 606 END
START -16864 556 5020 16240 -1318 18654 468 599 608 673 607 END
START -15992 -5540 8864 16739 -881 21167 464 603 607 674 608 END
START -17488 -2204 10432 17143 752 25526 464 596 607 675 608 END
START -14628 1180 12828 17745 -604 28494 466 597 606 675 607 END
START -4648 452 2160 19308 -826 28924 463 598 606 676 607 END
START 2008 -3548 4540 18874 -100 28311 468 595 605 675 608 END
START 4240 2464 5524 17802 3172 27999 469 596 606 675 608 END
START 6048 1500 2784 16960 8386 26157 470 595 607 677 607 END
START 7204 3728 3276 13936 10332 25572 468 597 607 676 608 END
START 8728 6124 -2500 12596 10200 23110 471 600 607 673 608 END
START 7632 5640 2452 9179 4638 22235 472 598 611 676 605 END
START 5508 4820 2488 8380 -1696 18928 469 599 609 676 609 END
START 6508 10156 5740 6777 -5423 17425 470 604 608 675 609 END
START 6572 7736 3612 4934 -8567 13928 469 603 610 680 613 END
START 11844 13448 5484 4501 -6511 11296 469 601 612 678 609 END
START 20120 11284 780 2234 -1199 8564 470 602 611 678 610 END
START 15152 10860 1560 1624 -1686 5510 469 603 614 679 612 END
START 16828 14156 1532 321 -1345 5239 470 603 614 679 611 END
START 11360 9540 4116 200 -3954 2891 470 606 615 678 613 END
START 14996 12464 -1980 1115 -4301 2180 470 603 614 679 612 END
START 7908 14152 10176 -72 -6596 1807 464 606 613 677 611 END
START 3220 11380 12424 325 -2991 -103 469 603 614 677 612 END
START 6876 17232 11724 72 1254 566 470 603 615 680 611 END
START 17764 13096 1496 -571 -313 -357 468 601 614 680 612 END
START 4868 12564 9056 -117 -6104 -1851 469 601 615 677 615 END
START 2432 15328 14416 -1040 -9070 -1796 471 602 614 680 612 END
START 23988 11460 -800 -949 -10654 -5395 470 600 613 680 611 END
START 27808 18492 516 -2048 -8019 -7886 475 607 615 678 612 END
START 4108 13980 15592 -4768 -8778 -12498 470 602 616 679 612 END
START 2832 17464 15008 -6212 -6959 -16334 469 598 618 680 613 END
START 32767 12028 -7876 -10038 -6121 -19815 474 605 618 679 611 END
START 1736 10076 8860 -9954 -5798 -21378 474 603 623 683 613 END
START 25168 8384 -3372 -10981 -6175 -20518 471 606 622 682 613 END
START 16916 7896 -1236 -12128 -6030 -22235 471 606 625 683 612 END
START 13052 6588 116 -14077 2283 -23630 472 605 628 685 613 END
START -2068 3036 6372 -13242 7515 -22552 472 607 628 684 614 END
START -14300 5196 12360 -12731 4409 -17327 474 612 631 685 614 END
START -17028 4032 12228 -10633 -4853 -17728 470 611 630 683 614 END