START 6108 13720 5960 -1578 -4369 -1591 628 646 625 688 622 END
START 6328 13528 6036 -1506 -4691 -1640 629 646 626 688 622 END
START 6688 13364 5876 -1354 -5312 -1914 628 646 625 688 622 END
START 6580 13380 5816 -1367 -5421 -2179 628 646 624 688 622 END
START 5980 13508 6040 -1507 -6147 -2602 629 645 624 687 622 END
START 6564 13200 5612 -1651 -7039 -3054 630 646 624 688 622 END
START 6844 13140 5288 -1850 -7462 -3237 631 645 623 688 622 END
START 6492 13284 4996 -2004 -8488 -3614 630 646 621 688 622 END
START 6848 14364 3924 -2559 -9343 -3430 631 644 621 688 623 END
START 5956 14444 3756 -3102 -10846 -3383 631 642 620 687 621 END
START 6936 13992 3472 -3686 -11084 -3393 630 641 618 688 621 END
START 6620 13920 4332 -4070 -9821 -3422 630 641 619 687 620 END
START 6468 14648 4300 -4136 -8089 -3701 629 639 617 687 620 END
START 6648 15564 3272 -4267 -6000 -3800 629 638 617 687 620 END
START 7812 16184 3112 -4610 -3057 -3728 630 638 618 687 620 END
START 7944 14928 3668 -5108 -220 -3715 631 637 616 686 619 END
START 3772 11832 4968 -4716 -584 -4181 631 637 615 685 618 END
START 1512 13720 4792 -3763 -3458 -4704 633 637 615 685 619 END
START 1252 16980 4376 -3838 -6847 -4850 631 637 616 686 618 END
START 3996 14112 2596 -3134 -6725 -5423 632 638 617 686 618 END
START 4368 16988 3856 -3281 -4904 -4121 633 636 616 685 617 END
START 3488 11804 2516 -2985 -2376 -4503 632 637 615 686 617 END
START 2084 15776 4336 -2996 -283 -3808 632 637 616 686 618 END
START 2896 12180 3244 -2519 371 -4819 631 638 618 685 618 END
START 3228 15512 4620 -2913 -118 -3908 632 639 616 685 617 END
START 4612 14288 1876 -2429 38 -4324 632 638 614 686 617 END
START 5868 13208 3012 -3061 -944 -4249 633 638 616 685 617 END
START 4836 14408 2552 -2396 -476 -4758 632 637 614 685 617 END
START 5756 13516 3092 -3013 -93 -5165 632 636 613 684 617 END
START 3444 14844 1996 -2752 -474 -5928 632 635 613 684 617 END
START 4908 13712 3016 -3704 -1703 -5894 632 635 612 684 617 END
START 2844 14120 3240 -3736 -2961 -6980 632 634 612 684 618 END
START 196 13544 7616 -4555 -3140 -6951 633 634 610 683 617 END
START 8576 11176 1092 -4276 -627 -8357 631 633 610 683 617 END
START 2824 16552 6588 -4903 -213 -8473 632 631 609 683 616 END
START -1240 13184 8256 -5379 -400 -9670 631 630 608 683 617 END
START 8292 13980 700 -5126 -407 -10420 631 630 608 683 617 END
START 4396 13740 5388 -5682 -4399 -10852 631 629 608 682 616 END
START -1944 12008 9400 -5018 -3393 -12455 629 627 607 683 618 END
START 8556 14920 1852 -5446 -854 -12841 631 626 607 682 617 END
START 2032 11680 5008 -5416 701 -14539 631 625 607 682 617 END
START -1436 15552 9028 -5638 -101 -14836 631 625 607 681 616 END
START -3948 12432 9748 -5920 1369 -15575 632 625 608 682 616 END
START 6516 13256 896 -5068 3448 -16171 631 625 608 681 617 END
START -3224 13040 7852 -5443 3021 -16348 631 624 608 681 616 END
START -7968 12056 9492 -4755 3614 -16927 631 625 610 682 617 END
START -2996 13448 5888 -4959 3276 -15960 631 624 611 681 617 END
START -8924 10040 8700 -4064 3945 -15351 630 625 611 682 617 END
START -13528 13516 11180 -3907 3990 -12666 631 625 610 682 617 END
START -15860 9244 11556 -2865 2222 -11070 631 625 612 681 617 END
START -17796 12384 12652 -2275 1119 -7724 630 624 612 681 617 END
START -15172 10388 10148 -778 1410 -5688 630 623 613 682 617 END
START -12084 10988 7880 -793 723 -2724 629 624 613 682 618 END
START -10960 13076 8696 378 459 -898 630 621 612 681 617 END
START -9496 9744 7704 452 304 152 630 621 612 681 617 END
START -7192 13168 7044 1101 405 1177 630 621 612 682 613 END
START -7072 9512 6424 1060 -567 1066 629 620 613 681 617 END
START -3860 14020 6748 766 1003 2291 631 617 613 681 617 END
START -6420 10128 6948 960 770 1634 629 619 612 681 616 END
START -6360 13976 8588 192 844 2260 629 619 613 676 616 END
START -3504 10528 5276 133 1031 1666 631 619 612 681 617 END
START -5828 16004 9488 -265 -51 2179 630 618 613 681 617 END
START -6708 11468 8076 -417 -857 1413 629 618 612 681 617 END
START -2684 13840 5684 -136 391 1500 630 618 612 682 617 END
START -6064 12032 7452 -621 162 1378 630 618 611 681 617 END
START -4540 10664 6320 -141 383 927 629 617 612 681 617 END
START -5228 14820 8600 -516 592 1262 630 617 611 680 617 END
START -6804 11312 7888 -406 261 749 631 616 611 680 616 END
START -3980 13628 3724 -161 1 669 630 617 610 680 616 END
START -5620 14048 7628 -740 -529 1014 629 616 609 680 615 END