START -1856 -1000 128 18375 -12138 16252 494 0 619 680 615 END
START -1984 -1288 -608 17965 -12142 16342 494 5 621 681 616 END
START -4412 -464 204 16614 -15900 17498 492 0 623 682 615 END
START -6580 512 1212 14565 -26693 19190 491 0 625 683 617 END
START 392 636 -1180 11895 -32768 13449 493 0 629 685 617 END
START 8628 1908 -5144 10674 -32768 4928 491 0 631 685 616 END
START 17076 4272 -6696 8618 -29458 1399 491 0 629 685 617 END
START 22808 6784 -6364 6654 -14684 2701 489 0 630 684 618 END
START 21188 9516 -3648 4151 395 7167 491 0 630 687 619 END
START 16808 10616 -1084 1871 6278 6639 492 0 630 687 618 END
START 12880 11124 1688 -420 4983 3568 490 0 631 686 617 END
START 13192 11936 2812 -2024 -652 -414 492 0 632 687 618 END
START 16216 11860 2436 -2795 -904 -1975 497 0 635 686 619 END
START 16712 12188 4512 -3215 2692 -801 493 0 633 689 619 END
START 13104 12004 7920 -3301 5288 1024 493 0 634 687 619 END
START 9856 9984 10100 -3390 4185 1055 494 0 635 692 620 END
START 9260 8748 8412 -2699 1116 -552 492 0 634 687 620 END
START 10860 11836 8760 -1842 -193 -1702 497 0 629 687 619 END
START 13012 10064 8088 -1991 33 -1425 495 0 633 687 620 END
START 11996 7624 7812 -1056 3674 88 496 0 634 688 620 END
START 10840 11324 3776 367 6151 1801 494 0 632 688 622 END
START 7228 12264 11032 -478 4066 2027 495 0 633 688 620 END
START 10984 7968 7280 -759 414 661 495 4 633 685 619 END
START 10692 7312 6644 -524 -696 -802 496 0 633 687 620 END
START 13536 10924 2600 87 1560 -817 493 1 633 689 621 END
START 12096 11552 6880 -922 4515 265 496 0 632 689 621 END
START 11164 9428 8244 -1402 5593 995 497 0 631 688 619 END
START 9332 7628 9040 -1307 4554 1035 496 0 633 688 621 END
START 9016 8424 7672 -695 1877 -748 496 1 632 689 621 END
START 11532 11640 8884 467 -211 -2056 494 0 630 688 623 END
START 15952 12184 8624 -100 -993 -3161 495 0 631 690 621 END
START 18140 10516 8132 -381 -212 -5083 488 0 630 688 620 END
START 18768 8824 5508 -158 3643 -8706 496 0 631 688 620 END
START 19624 11208 4488 -1356 8464 -10519 493 0 629 688 621 END
START 15988 13096 8000 -2482 9022 -9936 495 0 632 689 619 END
START 13452 11468 10324 -3277 3420 -13270 496 0 631 689 621 END
START 13224 8220 7872 -3236 -524 -17425 496 0 632 689 621 END
START 15424 11596 4028 -3148 -612 -19641 496 0 628 686 620 END
START 17108 12176 5612 -4440 2093 -20909 497 0 631 689 621 END
START 18520 9144 3712 -5958 9307 -23671 500 2 628 689 621 END
START 10820 6520 3976 -7572 15567 -22820 499 0 630 689 620 END
START 3924 9828 7500 -7396 12304 -21383 499 0 632 688 621 END
START -300 8560 8852 -8246 4270 -24487 501 0 633 688 621 END
START 5436 6652 6300 -9357 1523 -29490 502 17 636 690 621 END
START 5744 5220 5680 -10319 7127 -26231 502 0 635 690 620 END
START -572 7052 5892 -10032 8859 -21688 503 1 635 690 621 END
START -14404 4368 15248 -10540 -948 -21071 502 0 636 691 621 END
START -14032 3276 14512 -9859 -8569 -23425 503 0 636 691 621 END
START -4520 6080 11592 -10031 -6963 -23647 503 0 636 690 621 END
START -4648 -44 11956 -9491 2341 -19868 506 0 636 690 613 END
START -8484 4924 11888 -7292 9246 -15795 505 0 637 690 621 END
START -16224 5004 16916 -7318 3116 -12919 506 0 638 691 620 END
START -15380 3852 11556 -4694 -3604 -13000 505 0 638 691 615 END
START -12868 4652 16816 -3440 -4733 -10086 506 1 636 691 625 END
START -7632 3608 12684 -2029 -527 -8503 505 0 636 690 621 END
START -4352 7992 13532 -1392 5434 -4425 507 0 636 690 617 END
START -10880 5388 14276 -867 5017 -2859 506 0 635 690 622 END
START -12876 9356 16928 464 2467 -1078 509 0 634 690 621 END
START -4584 7516 11784 256 -812 -1709 506 0 634 690 621 END
START -6380 9148 14184 626 -370 -1713 507 0 634 690 621 END
START -1792 12068 13704 -42 2949 -43 506 0 632 690 621 END
START -4392 7704 12900 -369 2644 188 507 0 633 690 621 END
START -7020 10136 11196 314 1402 290 507 0 632 690 623 END
START -4576 11200 14688 -292 3 1340 507 0 634 690 621 END
START -7784 8088 16784 -628 -3030 608 509 0 631 690 621 END
START -1532 7904 10936 -155 -648 -190 508 0 631 689 620 END
START -5252 10856 16200 -540 1782 1492 508 0 631 690 621 END
START -2720 7064 11288 -513 1791 809 509 0 629 688 619 END
START -7856 9532 11864 227 -4 797 507 0 631 690 621 END
START -4752 10688 14496 -164 -1948 1204 509 2 631 689 619 END