START 8828 14260 916 -1774 2505 -289 610 587 597 673 604 END
START 8792 14092 904 -1773 1809 -515 609 586 598 674 605 END
START 8740 14204 360 -1824 77 -994 609 587 599 675 605 END
START 8816 14200 520 -1864 -1161 -1518 609 587 599 675 607 END
START 8076 14384 308 -2008 -1982 -1776 610 588 600 675 606 END
START 7928 14196 416 -2166 -2721 -2142 610 587 600 676 607 END
START 7748 14028 424 -2297 -3243 -2317 612 590 601 677 608 END
START 7576 14228 688 -2432 -3657 -2691 611 589 601 678 608 END
START 8268 14040 312 -2255 -2983 -3237 612 589 601 677 608 END
START 7316 14156 532 -2132 -2209 -3656 612 589 601 677 610 END
START 7472 15000 648 -1824 -1323 -3748 612 586 601 677 609 END
START 6960 15032 704 -1513 -1248 -3828 612 589 601 678 610 END
START 6508 14564 464 -1250 -1979 -3837 613 589 601 677 608 END
START 6104 14628 672 -1234 -3217 -3789 613 589 602 677 610 END
START 6648 15224 516 -1259 -4290 -3721 613 590 602 677 610 END
START 7080 16152 260 -1377 -4368 -3600 614 590 602 678 610 END
START 7004 16448 468 -1749 -3951 -3527 613 589 602 678 611 END
START 5852 15096 840 -2021 -3735 -3772 614 589 602 677 611 END
START 6220 13456 -168 -1878 -3550 -4411 614 589 602 679 611 END
START 6472 16208 240 -1936 -3191 -4016 615 590 603 679 612 END
START 5208 14852 1052 -2717 -3163 -4084 616 590 603 680 612 END
START 6116 14072 -352 -2179 -2060 -4758 615 589 603 679 612 END
START 5368 16332 900 -2646 -1887 -4221 615 590 603 679 613 END
START 5736 13504 -468 -2452 -1076 -5061 615 590 603 679 612 END
START 4160 16128 1588 -2814 -1523 -4475 616 591 603 679 612 END
START 5208 14180 84 -2357 -2124 -5433 616 590 603 679 612 END
START 3940 15780 1792 -3057 -4004 -4909 617 590 603 679 613 END
START 5580 15704 -1456 -2399 -4055 -5460 617 590 603 680 613 END
START 5432 14292 1024 -3082 -4995 -5918 617 590 603 679 612 END
START 9792 16724 -1952 -2809 -3718 -6273 617 590 603 679 613 END
START 5060 12444 1120 -3363 -3328 -7593 618 592 603 680 613 END
START 7928 17140 16 -3178 -1165 -7853 619 591 602 679 613 END
START 3952 14500 1312 -3902 -1234 -8579 619 592 602 679 612 END
START 1336 15504 -228 -3404 -1869 -9043 619 590 601 679 612 END
START 2708 15312 1188 -4152 -4029 -9048 619 590 602 680 613 END
START 4764 12800 -512 -3969 -3779 -9925 615 590 603 679 613 END
START 608 16660 3376 -4376 -3054 -9626 620 590 602 679 608 END
START 2820 13736 1280 -4597 -1147 -10441 620 590 602 679 612 END
START 5800 16328 -1612 -4246 1010 -10164 620 590 602 679 614 END
START 3148 14764 -320 -4857 -1256 -10620 620 590 601 679 613 END
START -2620 15072 1636 -4281 -3687 -11334 620 590 601 678 613 END
START -764 15252 3124 -4778 -5185 -11246 621 590 602 679 613 END
START -152 13536 1904 -4494 -4074 -12208 621 590 602 679 613 END
START 4924 16564 -252 -5064 -2584 -12188 621 591 601 679 612 END
START -1764 13364 3772 -5276 -520 -12931 621 590 602 679 613 END
START -2528 16756 4664 -5096 1766 -13104 621 590 601 679 613 END
START -4236 13696 4128 -5393 1599 -14315 621 590 601 680 613 END
START 812 14436 -1920 -4901 1170 -14967 621 591 602 679 613 END
START -6224 14604 5272 -5682 205 -14553 622 590 602 679 613 END
START -3936 11832 2376 -5469 2251 -14838 621 591 602 680 612 END
START -1628 15440 2044 -5257 3251 -13568 622 591 603 679 613 END
START -7100 11996 3576 -5228 342 -13477 623 591 603 680 613 END
START -14844 12936 5500 -4054 -1849 -12336 623 591 603 680 613 END
START -16368 12176 9000 -4372 -3284 -10356 622 591 602 679 613 END
START -6968 11040 1644 -3296 -500 -8345 622 592 604 682 613 END
START -14304 13348 7756 -3089 2558 -5613 623 591 603 680 613 END
START -16900 10596 7652 -1968 2371 -4202 622 591 604 680 613 END
START -19140 14876 10184 -1389 -4 -1700 623 591 604 680 613 END
START -3976 11880 -800 -823 -1769 -1157 623 591 604 680 613 END
START -7088 16364 4056 -312 -3633 -63 623 591 604 680 613 END
START -9408 13020 6016 -1005 -2876 -301 624 591 604 680 613 END
START -2224 16212 -1116 -724 438 -552 622 590 604 680 613 END
START -4120 13716 2736 -1723 1769 -599 623 591 604 680 613 END
START -6632 13804 3780 -1483 1557 -1108 623 591 604 681 614 END
START -5124 14240 4072 -2074 -223 -855 623 591 604 680 613 END
START -6704 12380 4372 -1563 -1845 -1570 623 591 604 680 613 END
START -7224 14148 5624 -1967 -1937 -885 623 591 604 680 614 END
START -6800 11724 4140 -1292 -2 -1480 623 591 605 680 614 END
START -8348 14476 6032 -1592 994 -589 623 591 604 680 613 END
START -6720 11556 3104 -750 2233 -1009 623 590 604 680 613 END