START 2640 15308 2412 -3182 4788 1274 624 605 633 699 620 END
START 3100 15464 2408 -3008 4272 1089 624 604 633 696 620 END
START 4392 16216 2076 -2633 3837 710 623 604 632 697 620 END
START 4748 16644 1760 -2320 4741 272 622 604 631 698 621 END
START 3624 16568 2400 -2064 4623 -129 622 603 633 699 621 END
START 3396 16112 2996 -1620 2734 -400 620 602 633 697 621 END
START 3228 16192 3032 -1172 33 -309 620 603 634 698 622 END
START 3580 16492 2924 -751 -2502 -402 619 602 633 698 623 END
START 2864 16176 2692 -655 -3769 -302 619 600 633 697 623 END
START 2824 16568 2576 -701 -4153 0 620 602 634 697 623 END
START 2640 17112 1908 -718 -4474 374 619 602 635 698 623 END
START 3012 16716 1720 -887 -4957 690 620 602 634 698 624 END
START 2852 16912 1684 -1053 -5239 1005 620 602 634 698 624 END
START 2364 17320 1736 -1198 -5615 1281 619 602 634 699 624 END
START 1504 17316 1888 -1216 -6245 1499 620 603 635 698 625 END
START 2324 16348 1648 -1199 -7075 1315 620 603 635 698 625 END
START 2964 14212 1236 -1100 -6595 927 620 602 635 699 626 END
START 3660 14644 964 -877 -5979 604 620 603 635 699 625 END
START 4024 16636 1704 -1054 -5659 879 620 602 637 698 627 END
START 3016 16464 2320 -1516 -5851 1014 621 599 636 699 626 END
START 2068 13948 1096 -1138 -6430 -204 621 603 635 699 626 END
START 3384 17704 832 -1128 -6504 -313 621 603 636 699 626 END
START 3288 15680 260 -1427 -6041 -617 622 603 636 699 627 END
START -1136 14092 3152 -1084 -6068 -1425 621 603 636 698 626 END
START 4216 17148 588 -1174 -6075 -607 622 603 636 698 627 END
START -1652 14800 3808 -1075 -8782 -1112 619 604 636 699 627 END
START 940 14664 1880 -520 -8961 -1870 622 604 634 699 626 END
START 5940 17616 60 -346 -8459 -1482 622 604 638 698 627 END
START 3732 16420 -100 -782 -8721 -1811 622 604 636 699 627 END
START 3892 14388 384 -725 -7614 -2268 622 604 637 699 627 END
START 3192 14264 484 -794 -6367 -2530 623 604 637 699 627 END
START 2288 16824 -1252 -574 -6466 -2182 622 603 637 699 627 END
START -628 16956 1868 -1097 -10216 -2403 622 604 637 699 627 END
START 972 15192 680 -1041 -12177 -3455 622 603 637 699 627 END
START 3908 13800 -784 -1103 -10564 -4228 623 604 638 699 627 END
START 5268 16316 -2964 -1599 -6552 -4097 623 603 637 699 627 END
START 3588 16360 72 -2833 -3916 -3722 623 604 637 699 626 END
START -1576 14492 1972 -2773 -5231 -4221 623 603 637 699 625 END
START -1856 13472 1160 -2043 -9706 -5581 623 604 637 699 624 END
START 3016 17460 40 -2154 -11012 -5326 623 604 637 699 624 END
START 3632 15656 -1024 -3306 -8556 -4953 624 605 637 699 624 END
START 5852 13504 -1536 -3886 -3667 -5380 623 604 637 699 623 END
START 888 14968 12 -3566 -1519 -5859 624 604 637 699 623 END
START 492 16732 1468 -3895 -3789 -5839 626 604 636 697 622 END
START -1944 15472 2384 -4283 -7694 -6404 623 604 637 699 622 END
START 744 13332 1324 -3946 -8756 -7265 625 604 635 698 622 END
START 3796 15776 -632 -3792 -5822 -7207 624 604 637 698 621 END
START 4184 17144 2108 -4749 -1878 -6728 625 604 636 698 621 END
START 1428 15332 2996 -4322 911 -6813 624 604 636 698 621 END
START -4412 14492 4088 -3184 -4211 -7784 624 604 636 697 621 END
START -4220 17000 4680 -2485 -13836 -8797 624 604 635 697 620 END
START 1376 15348 -184 -2707 -16624 -9759 625 604 636 698 621 END
START 1684 14928 -1436 -2856 -9938 -9907 627 608 636 697 620 END
START -3644 17944 1232 -3851 -1742 -8928 625 604 637 698 621 END
START -10088 15204 1868 -4485 169 -8190 626 606 636 698 621 END
START -11668 13560 1852 -4188 -4364 -6859 626 605 638 698 621 END
START -11296 16604 3436 -4007 -9976 -4204 626 607 637 698 621 END
START -10576 14812 3164 -4284 -8800 -2037 627 606 637 697 620 END
START -9332 13672 3060 -3373 -3499 -595 627 606 638 699 621 END
START -8656 16732 3788 -3470 592 1568 628 606 638 698 621 END
START -7436 13752 2996 -3130 1808 2113 627 605 638 698 622 END
START -6052 14512 3432 -1894 1185 2424 626 606 638 698 621 END
START -3756 15832 3516 -2284 -205 3038 626 607 637 697 622 END
START -2096 13440 2680 -1098 143 2143 627 607 638 698 622 END
START -972 17016 3464 -1339 1347 2681 626 605 639 698 622 END
START 848 13300 1652 -1028 2819 1415 627 607 638 699 622 END
START 136 16288 240 -203 3496 1097 626 607 637 698 621 END
START -8452 16548 8560 -869 684 901 628 607 638 698 619 END
START 128 13908 2612 -829 264 241 628 608 637 697 620 END
START -1444 13496 3148 -547 1139 1 626 606 635 697 620 END