START 2440 15192 3652 -981 278 -279 616 598 619 663 605 END
START 2524 15272 3616 -998 239 -308 616 598 619 663 606 END
START 2540 15060 3560 -840 293 -341 616 597 620 663 605 END
START 2404 15164 3588 -864 122 -322 617 598 619 663 606 END
START 2428 15104 3400 -893 -176 -320 616 599 618 663 606 END
START 2532 15084 3288 -910 -184 -308 616 598 619 664 606 END
START 2408 15252 3572 -973 -104 -197 616 598 619 663 606 END
START 2660 15120 3564 -981 -242 -222 616 598 619 663 606 END
START 2232 14868 3576 -1122 -345 -231 616 598 619 663 603 END
START 2672 15548 3312 -1103 213 -36 617 598 617 663 605 END
START 2992 15752 3044 -1127 284 -36 616 598 619 663 607 END
START 2928 15320 2872 -1208 100 -190 617 599 619 663 605 END
START 3336 15144 2964 -1450 -1067 -379 617 598 618 664 606 END
START 4020 15316 3072 -1604 -2405 -695 617 598 619 663 606 END
START 4192 15444 3700 -1617 -3347 -1320 617 598 618 663 606 END
START 5412 15596 3128 -1419 -3206 -1951 616 597 618 664 605 END
START 4620 16748 3304 -1379 -2202 -2481 617 598 618 663 606 END
START 3416 16160 4412 -1442 -2042 -3021 617 598 617 663 605 END
START 3556 15836 4764 -1436 -2845 -3472 617 597 617 664 606 END
START 2592 15548 4892 -1662 -4311 -4161 616 597 618 663 606 END
START 1300 13812 3928 -1793 -6043 -4740 617 597 617 663 605 END
START 2596 12896 3116 -1712 -7105 -5609 616 597 618 662 605 END
START 2744 14284 2904 -1570 -7399 -6427 617 597 617 662 604 END
START 4208 14996 2228 -1544 -6625 -7058 617 597 617 662 605 END
START 3448 15424 2644 -1652 -5169 -7710 617 598 616 662 606 END
START 3844 15852 2140 -1661 -3399 -8046 617 597 616 662 605 END
START 2452 16948 3252 -1813 -3356 -8118 618 597 616 662 605 END
START 2832 16728 2744 -1979 -3829 -8207 617 597 616 663 606 END
START 1200 16152 4252 -2327 -4934 -8420 617 597 616 662 605 END
START 2112 15776 4180 -2643 -5243 -8757 617 597 616 661 604 END
START 676 15584 5388 -2998 -4710 -9174 617 597 616 662 605 END
START -396 14012 5380 -3247 -3877 -9570 617 597 616 663 605 END
START -2280 13488 5612 -3288 -4376 -9975 617 598 617 662 606 END
START -1460 12336 4004 -3048 -4160 -10598 617 597 616 662 605 END
START -1912 12636 3268 -2851 -3166 -10927 618 597 615 662 605 END
START -676 13916 2608 -2783 -1293 -11022 617 597 617 663 605 END
START -2432 13944 3996 -2762 53 -11065 619 597 616 663 606 END
START -3644 13964 4872 -2405 523 -11063 616 597 616 662 605 END
START -3012 14304 3976 -2011 -581 -10637 617 596 616 662 606 END
START -4696 15116 4728 -1775 -2343 -10126 618 596 615 664 605 END
START -3316 14936 4424 -1919 -2147 -9573 617 595 615 662 605 END
START -3644 14124 5540 -1975 -1912 -9311 618 595 617 662 606 END
START -3472 14356 5888 -2180 -2206 -9308 617 595 615 662 605 END
START -6616 11788 6688 -2391 -2825 -9590 617 594 615 662 605 END
START -6080 11832 4572 -2296 -2897 -9873 617 595 615 662 605 END
START -5220 11040 3496 -2109 -1685 -10008 617 594 614 662 605 END
START -3504 13144 2604 -2218 -138 -9506 617 592 614 662 605 END
START -5844 13428 4860 -2369 -420 -9117 617 594 614 662 605 END
START -4704 14176 4800 -2464 -911 -8865 613 594 615 662 605 END
START -5576 14956 5544 -2607 -1258 -8665 617 594 615 663 605 END
START -4784 14800 4848 -3051 -801 -8237 617 594 615 662 606 END
START -6116 14020 5956 -3377 -1493 -7974 617 595 615 662 606 END
START -6856 12888 6664 -3859 -2953 -7785 617 595 614 662 605 END
START -9504 11000 7564 -4386 -4042 -8022 618 593 614 662 605 END
START -8320 10228 5728 -4292 -3130 -8327 618 593 615 662 605 END
START -8796 10840 6340 -4019 -1915 -8195 617 592 614 661 604 END
START -7516 11524 6008 -3895 -525 -7246 616 592 615 662 605 END
START -9328 11556 7164 -3305 -739 -6360 617 591 615 661 605 END
START -8292 12308 7068 -2859 -1593 -5603 617 591 614 661 605 END
START -9064 11972 8104 -2639 -1961 -4694 617 591 614 661 606 END
START -9472 11248 9644 -2310 -1149 -4188 618 591 615 662 605 END
START -7864 10756 8316 -2092 -513 -3562 617 591 615 662 605 END
START -9912 10284 9184 -1982 -614 -3247 617 591 615 662 605 END
START -11056 9236 8620 -1780 -1004 -3007 618 592 614 661 605 END
START -11708 8884 7912 -1528 -2014 -2908 617 591 615 661 604 END
START -10988 7656 6740 -1262 -1570 -2991 619 592 614 663 606 END
START -10032 9812 6692 -1195 -836 -2703 617 592 614 662 605 END
START -8508 10228 5952 -1196 -23 -2121 618 591 614 662 605 END
START -10080 10096 6728 -1115 -202 -1500 618 592 614 661 605 END
START -8368 11448 6168 -951 -471 -666 617 592 614 661 605 END