START 5480 15156 1880 -2100 -885 -482 611 602 625 692 621 END
START 5372 15172 1832 -2199 -833 -528 611 602 626 692 621 END
START 5324 15104 2048 -2470 -408 -761 611 603 626 691 621 END
START 4744 15084 2400 -2532 -165 -992 610 601 625 691 621 END
START 4100 15012 2848 -2477 -851 -1076 611 602 626 692 622 END
START 4020 14808 3348 -2306 -2103 -1167 612 603 627 692 622 END
START 4420 14828 3756 -1902 -3061 -1335 611 603 627 692 623 END
START 4900 14768 3508 -1546 -3223 -1692 611 603 627 692 623 END
START 5312 15172 2984 -1140 -2536 -2027 611 603 627 692 623 END
START 4456 14608 2768 -839 -2433 -2602 610 602 627 692 623 END
START 4216 14608 2864 -805 -2285 -2833 611 604 627 692 623 END
START 3180 15276 2928 -777 -2896 -2874 611 603 627 693 618 END
START 3784 15896 2316 -821 -3860 -2853 612 603 628 692 623 END
START 3764 15716 2164 -1026 -4058 -2815 611 603 628 692 624 END
START 4180 15652 1880 -1290 -3343 -2877 611 603 628 694 624 END
START 3952 14816 2060 -1540 -2416 -3159 613 603 627 692 623 END
START 2368 13708 1972 -1437 -2697 -3633 612 603 627 693 624 END
START 2452 15264 1944 -1095 -4062 -3688 611 603 627 693 624 END
START 2832 17108 2328 -1386 -5196 -3024 613 603 628 695 624 END
START 3424 14872 1336 -1673 -4952 -3193 611 602 628 692 624 END
START 3640 14100 1436 -1366 -3608 -3381 612 602 628 692 624 END
START 2820 17400 3152 -1586 -2607 -2760 612 603 628 693 624 END
START 2700 15056 2088 -1914 -1894 -3125 609 602 627 693 624 END
START 1248 14092 2480 -1271 -3373 -3740 613 603 628 693 624 END
START 1264 17260 3612 -1044 -5380 -3151 612 603 627 692 624 END
START 2708 15120 1600 -1453 -5527 -3239 613 603 628 695 624 END
START 3796 13992 1304 -1048 -4384 -3713 613 603 627 693 624 END
START 3260 17188 3584 -997 -3490 -3319 613 602 628 692 624 END
START 1136 15200 2792 -1601 -3762 -3524 613 602 627 693 624 END
START 2440 13520 2004 -1239 -3988 -4296 613 602 628 694 624 END
START 3656 16772 3104 -751 -4204 -4086 615 602 627 693 624 END
START 1388 15612 2888 -1464 -5212 -3934 613 603 627 693 624 END
START 2416 13680 2412 -1373 -5029 -4835 614 603 627 693 624 END
START 3788 15764 -288 -814 -3790 -4917 614 603 627 693 623 END
START 2068 16764 2748 -1607 -4675 -4593 615 602 627 693 624 END
START 1108 14060 2680 -1644 -6179 -5147 614 602 627 693 623 END
START 1664 14500 2000 -1110 -6540 -5191 613 603 627 693 623 END
START 2212 17216 2664 -1666 -6739 -4894 614 602 626 693 622 END
START 2404 14796 2064 -1905 -6398 -5740 614 600 626 693 622 END
START 2092 14308 1880 -1408 -5494 -6439 614 603 626 691 622 END
START 1420 17040 2972 -1825 -5023 -6267 613 602 626 692 621 END
START 1284 14980 2892 -2032 -5179 -6952 615 602 626 692 621 END
START 632 13392 2288 -1608 -5899 -7723 614 602 625 692 620 END
START 1000 16672 3348 -1827 -6015 -7316 614 601 625 692 620 END
START 1040 14896 1892 -2433 -5765 -7969 614 601 625 692 619 END
START -368 13496 1552 -2128 -5578 -8697 615 600 625 692 619 END
START -456 16676 2560 -2436 -5989 -8452 615 600 624 691 618 END
START 232 14820 1732 -3196 -6056 -9089 614 600 624 692 619 END
START -644 12964 1888 -3037 -5605 -9607 615 599 625 692 619 END
START -1628 16412 2656 -3230 -5519 -9293 615 599 624 691 618 END
START -2276 15168 2556 -4023 -6286 -9944 613 598 623 690 619 END
START -3048 13712 1832 -3506 -5684 -10552 614 600 624 693 619 END
START -3068 16492 3060 -4111 -3913 -9762 614 599 624 691 619 END
START -6132 13624 3960 -3899 -2051 -9413 615 599 624 692 620 END
START -7088 14760 3964 -2793 -1157 -8054 615 598 624 692 620 END
START -10820 15228 5808 -3073 -3942 -6277 615 600 625 691 620 END
START -9624 13148 4632 -1991 -4053 -5211 614 600 624 692 620 END
START -9496 16536 5904 -1688 -2888 -3032 614 600 625 692 621 END
START -6628 13636 3496 -1363 -808 -2264 615 600 625 692 621 END
START -9128 15136 4324 -530 -43 -1273 615 600 624 692 621 END
START -5804 16120 3484 -1153 -349 -33 614 600 624 692 621 END
START -6364 14152 4112 -1068 -786 130 615 600 625 692 621 END
START -4956 15016 2576 -635 -1030 272 615 599 624 691 620 END
START -5156 16612 4588 -1112 -1575 845 617 599 625 692 621 END
START -3560 14184 3692 -1288 -752 336 615 599 625 692 622 END
START -3844 13740 3552 -875 336 16 615 601 625 692 621 END
START -1364 16916 3936 -1005 921 364 615 599 624 692 622 END
START -3320 15200 4064 -1549 246 165 614 599 624 692 621 END
START -4384 12812 4200 -1124 -970 -449 615 598 624 692 621 END
START -2692 15416 2304 -703 -723 -77 615 598 624 692 621 END