START 7240 10788 6272 3227 -1566 9743 479 583 608 685 610 END
START 7164 10460 6872 3164 -1580 9659 482 586 613 685 608 END
START 6996 10600 7448 3096 -1432 9649 479 580 612 687 605 END
START 7236 10512 7300 2966 -933 9253 482 583 612 686 608 END
START 7112 11296 6752 2637 -338 9322 482 581 610 686 608 END
START 7132 10824 6656 2448 -502 8871 482 582 612 687 612 END
START 8820 11340 6656 2157 -344 8758 484 578 608 686 609 END
START 11048 11380 6184 2313 183 7860 484 574 607 683 609 END
START 12556 10404 5196 2193 845 6521 484 579 607 686 609 END
START 13372 10188 5500 1793 1396 5205 484 582 607 687 611 END
START 13436 10208 5628 1252 1374 3891 492 581 605 684 609 END
START 13520 9980 4596 835 1210 2525 484 579 607 686 609 END
START 13108 11220 4600 327 1094 1707 484 577 605 685 610 END
START 11760 13332 7120 -623 -28 1499 485 579 610 689 613 END
START 10496 11380 7004 -1586 -1162 859 487 579 607 686 610 END
START 11052 10612 5748 -1042 -166 -174 487 583 612 686 608 END
START 9000 13044 9180 -2194 -457 429 485 580 608 686 610 END
START 9752 9044 5664 -1452 654 -856 486 569 603 684 612 END
START 7660 13264 9456 -2129 637 178 486 576 606 687 612 END
START 9964 7612 5708 -1476 475 -905 487 579 608 687 611 END
START 7896 15320 11004 -1307 878 466 483 581 612 687 610 END
START 6304 9228 8884 -1546 -1768 -60 487 580 608 686 610 END
START 10472 12392 3532 -466 -1244 -247 491 587 610 685 608 END
START 6228 11188 8984 -1459 -1963 669 488 581 610 689 609 END
START 4692 8808 9324 -303 -1691 -436 488 580 608 686 610 END
START 11156 13264 7372 -893 365 622 488 580 609 687 610 END
START 6064 9124 8940 -859 9 -2 488 578 603 686 612 END
START 4020 8532 9924 -438 299 -563 489 581 607 685 607 END
START 7164 13896 10128 -699 -456 815 482 578 610 688 613 END
START 12644 9644 3684 -1017 -865 735 488 580 607 686 611 END
START 2268 9068 11224 -206 -1998 -238 490 580 611 687 609 END
START 12512 13296 7120 -792 636 954 489 580 607 686 611 END
START 452 9404 14300 -719 -2013 -15 490 578 604 682 606 END
START 13792 10392 2500 153 -465 -884 492 581 606 685 606 END
START 13664 13324 7060 -770 -1197 -113 489 580 605 686 610 END
START 18252 8644 1812 -216 -1316 -1520 493 585 603 684 609 END
START 2816 14212 14604 434 -4038 -1989 488 574 594 684 611 END
START 19884 11088 2444 -242 -3046 -2701 492 577 596 684 608 END
START 15544 9868 4504 610 -6250 -4946 495 577 589 683 606 END
START 25084 14020 -500 514 -3052 -4976 492 572 580 676 601 END
START 5940 11024 9592 -577 -5603 -6706 495 574 575 672 604 END
START 6756 12868 5100 -516 -1992 -8226 494 574 572 667 605 END
START 22140 12924 -2924 -2891 -1648 -8629 502 573 574 670 604 END
START 2748 10032 10340 -3583 -1819 -10438 499 573 573 664 602 END
START 4600 13776 9220 -5007 -503 -10034 498 571 572 660 601 END
START 13328 9712 648 -6476 648 -11309 497 575 570 662 599 END
START 7760 10636 4340 -6835 -513 -12593 500 580 578 664 602 END
START 8488 12620 6016 -9013 -1189 -12166 506 582 580 660 598 END
START 5116 8512 6552 -10042 -1276 -13642 500 588 587 666 605 END
START 10176 12488 4184 -10294 -45 -13040 502 586 589 674 605 END
START 8368 7656 5272 -11495 -1533 -13441 502 586 592 672 606 END
START 9228 11344 5648 -10565 527 -12712 501 585 595 673 606 END
START 1240 8780 11124 -11318 -2577 -12984 506 589 592 674 609 END
START 2672 10736 6876 -10049 -2381 -13987 504 583 594 675 607 END
START -700 8960 12236 -11182 -2667 -13841 500 573 594 675 607 END
START -2272 9604 8488 -9678 192 -13592 510 575 591 677 610 END
START 1664 8576 10760 -10342 993 -12601 506 576 590 676 610 END
START 1312 8316 9224 -9455 792 -13544 506 576 592 674 608 END
START 2288 10300 11680 -9779 1228 -11574 509 579 593 675 607 END
START 3256 7112 7740 -9124 722 -11520 509 581 594 674 609 END
START -2140 8536 14172 -8999 420 -9488 508 575 593 676 609 END
START -904 4144 12164 -7176 1317 -9833 515 576 593 673 607 END
START -4492 7824 17396 -6721 83 -7462 510 579 594 674 610 END
START -1560 6444 12372 -5030 145 -7137 509 576 595 678 610 END
START -6972 7216 17100 -5352 -1330 -5169 507 574 594 675 610 END
START -92 9332 11360 -3202 1116 -3650 511 578 600 676 609 END
START -100 4472 12448 -2889 -93 -3128 509 576 597 678 611 END
START 76 10752 14260 -1453 1340 -1963 513 577 596 679 610 END
START 1148 6716 13692 -767 2047 -2950 510 577 596 679 610 END
START -1788 12652 16960 -662 2816 -1670 503 574 597 679 610 END