START 5020 14440 4204 -856 -1971 -1133 625 608 618 685 607 END
START 5100 14400 4048 -845 -2080 -1160 626 609 619 686 607 END
START 5720 14228 4196 -823 -2562 -1190 627 609 618 687 607 END
START 5656 14376 4540 -775 -3598 -1168 626 609 618 686 607 END
START 5356 14296 4592 -521 -5617 -1390 617 609 617 686 608 END
START 5752 14616 4620 -298 -7252 -1720 626 609 618 685 608 END
START 6100 14672 5072 11 -8322 -1992 626 609 618 686 608 END
START 6664 14268 5012 319 -8844 -2260 626 609 618 686 608 END
START 6512 15240 4132 568 -8859 -2055 627 611 620 687 610 END
START 6104 14712 3108 596 -9239 -2373 627 611 621 686 611 END
START 5272 14556 2548 -11 -8190 -2136 627 611 622 688 612 END
START 4456 14760 2044 -477 -6717 -2064 627 612 623 688 614 END
START 4556 15308 2016 -861 -6225 -2536 627 612 624 689 614 END
START 6240 15096 1608 -1188 -4647 -2582 628 610 625 690 615 END
START 6288 14176 1652 -1521 -2959 -2671 627 613 625 689 615 END
START 4624 13436 1916 -1404 -3176 -2860 628 613 626 689 615 END
START 3288 14700 2096 -1212 -5115 -2798 628 613 626 689 616 END
START 3792 16584 2624 -1678 -7418 -2960 628 614 626 690 617 END
START 4880 13380 1444 -1631 -6962 -3919 628 613 626 689 616 END
START 6884 15956 756 -1431 -5049 -4163 630 614 626 689 617 END
START 7184 14904 888 -2378 -3701 -4297 629 614 627 689 616 END
START 5876 14808 1196 -1992 -1315 -4915 629 613 627 689 616 END
START 3164 13984 2968 -2616 -2062 -5566 629 614 625 689 617 END
START 3376 15328 -640 -1598 -2684 -7229 629 613 627 689 616 END
START 3864 13616 2024 -2154 -4421 -7817 630 614 627 690 617 END
START 6252 15028 -908 -1653 -3484 -7751 630 614 628 689 615 END
START 4152 14716 2200 -2552 -4682 -7338 630 614 627 689 617 END
START -868 14608 2916 -2035 -4760 -8060 630 614 627 689 617 END
START 3428 14532 2152 -2420 -3841 -7974 630 615 628 689 617 END
START 5312 13024 84 -2064 -2510 -8737 631 614 627 689 617 END
START 3068 17500 2688 -2548 -1998 -7831 631 615 627 689 617 END
START 2148 13812 2176 -2926 -2484 -8582 631 614 627 689 617 END
START 3960 16988 1312 -2664 -3559 -8304 631 615 628 689 618 END
START 2352 13988 2024 -3019 -5366 -8955 632 615 626 689 617 END
START 4968 16084 672 -2635 -5435 -9580 631 615 627 689 617 END
START 576 15508 2948 -3832 -5792 -9544 632 615 626 688 618 END
START 2968 14196 20 -4002 -4051 -10242 632 616 627 689 618 END
START 2744 17144 1328 -4906 -4533 -9821 633 615 626 689 618 END
START 2520 13256 1624 -5461 -4951 -10634 633 613 625 689 617 END
START 1900 17300 3076 -5778 -2656 -10043 634 613 624 688 618 END
START 1868 13304 1876 -6472 -1131 -10925 633 612 624 689 618 END
START 1588 16780 2600 -6722 590 -11513 634 612 624 688 618 END
START -1076 14508 3420 -7953 -263 -12002 634 609 623 688 617 END
START -748 14288 1588 -7681 490 -11990 634 609 622 687 618 END
START -3352 13548 6024 -8150 1161 -11792 634 607 621 686 618 END
START -4584 12368 6584 -7157 2004 -12535 635 607 621 686 617 END
START -6092 13660 7628 -7157 1683 -12041 635 606 622 686 619 END
START -6300 9876 6384 -5782 1477 -12106 635 607 621 686 618 END
START -12720 13788 10880 -5228 -1007 -10842 634 607 621 686 618 END
START -11232 10148 8552 -3758 -381 -10089 635 607 623 686 618 END
START -10496 12268 8576 -3284 429 -8238 635 607 622 687 619 END
START -10796 12768 8044 -1122 3007 -7378 634 608 622 686 618 END
START -10616 10848 6632 -450 1472 -6501 632 606 622 686 618 END
START -11148 15132 7416 450 -1024 -4821 634 606 621 686 618 END
START -10332 11104 5632 1382 -1721 -4324 634 607 621 685 618 END
START -11520 12472 7276 1119 -207 -3019 634 606 623 686 618 END
START -5232 16800 4400 1130 1904 -1366 634 606 621 686 619 END
START -9684 12008 5276 649 889 -1426 634 607 620 685 618 END
START -7524 15844 4716 414 135 40 635 607 621 687 618 END
START -7920 13448 4964 -112 -1521 -350 634 607 620 685 618 END
START -5248 15608 3900 49 -962 382 635 607 621 685 619 END
START -8492 14556 6392 -830 -1014 619 634 607 620 685 618 END
START -7896 12572 5484 -591 -308 256 634 606 621 685 619 END
START -6168 15516 5420 -1132 154 1003 634 607 621 685 619 END
START -6492 11560 4840 -1153 -110 341 634 606 620 685 618 END
START -5084 14452 4484 -881 313 655 634 607 621 685 619 END
START -5292 13132 4668 -1367 107 500 634 607 620 685 619 END
START -6132 11264 4740 -917 -273 38 635 607 621 686 619 END
START -6084 15692 6408 -989 189 868 633 606 621 685 618 END
START -5652 12280 4496 -1060 455 233 634 606 620 685 618 END