START 6280 13392 1564 2539 6891 11061 629 605 617 677 574 END
START 6376 13420 1864 2458 6977 10851 629 606 618 677 575 END
START 6632 13380 1648 2267 7307 9986 630 610 621 680 578 END
START 6784 13504 1140 2052 8141 9140 630 613 624 681 582 END
START 6200 13624 1076 1689 8923 8252 629 617 627 683 585 END
START 5900 13708 2436 1261 8615 7461 629 619 629 685 589 END
START 6192 13048 3220 1364 7073 6598 629 623 633 686 592 END
START 7044 13220 2912 1408 5747 5849 629 625 634 687 595 END
START 7868 13692 1888 1506 5432 5107 628 627 637 688 598 END
START 7928 13292 1256 1182 5644 4152 627 628 639 689 601 END
START 7992 14000 1556 577 5657 3634 627 629 639 690 602 END
START 8536 14808 1788 470 4982 3223 625 629 640 692 605 END
START 8500 14672 1984 537 3766 2559 625 629 641 692 606 END
START 9072 14772 2132 559 2693 1617 625 631 643 694 608 END
START 9404 14696 2068 446 2161 810 625 632 643 693 609 END
START 9036 15280 2256 172 1697 289 624 632 645 693 611 END
START 8716 16036 2144 -183 811 -32 623 632 644 694 612 END
START 8256 16068 2132 -678 191 -178 623 633 645 694 613 END
START 7340 14972 2280 -1117 65 -466 623 633 645 694 614 END
START 6364 12984 1784 -1118 -44 -955 622 634 646 695 616 END
START 6808 15016 1640 -1057 -232 -770 623 634 646 694 616 END
START 6228 16272 1960 -1788 -944 185 623 633 646 696 617 END
START 5780 12776 1636 -1916 -1120 -260 622 634 646 694 617 END
START 6676 15216 2452 -1772 -1335 67 622 635 646 695 617 END
START 6644 14336 3800 -2502 -2634 191 623 634 647 695 618 END
START 9692 12924 3584 -1533 -2589 -971 622 635 647 696 619 END
START 10452 14252 5748 -1835 -3603 -997 622 634 649 696 620 END
START 13636 13984 4636 -295 -3409 -3114 623 635 648 696 620 END
START 10884 13012 5972 -489 -5851 -4441 622 634 648 696 620 END
START 10736 16088 5360 696 -9844 -7033 624 634 648 696 621 END
START 10108 12144 3612 329 -14488 -9543 624 635 650 697 621 END
START 13604 17948 2668 -78 -15661 -10175 624 635 649 696 621 END
START 8252 12600 1520 -586 -15924 -11641 623 635 649 697 620 END
START 5800 17300 2416 -1249 -14900 -10711 624 635 650 697 622 END
START 2860 12748 1512 -1826 -15267 -11541 625 635 649 696 622 END
START 1056 16120 3656 -1964 -15731 -11101 625 635 649 697 622 END
START 1164 13180 1476 -2946 -16817 -10631 625 635 650 697 622 END
START 2512 13716 -700 -2375 -16767 -10470 627 635 650 697 618 END
START 4084 15180 -1080 -3523 -15351 -9482 627 635 649 697 623 END
START 3704 12508 -1468 -3640 -11693 -10237 628 636 650 697 622 END
START 612 15560 1408 -4138 -9597 -10246 627 634 650 697 622 END
START -200 12720 620 -5219 -10242 -11404 629 634 650 697 622 END
START 2928 11964 -1516 -5237 -9333 -12120 629 634 650 697 622 END
START 2512 15368 -1000 -6101 -7669 -11721 629 633 650 697 623 END
START 2984 12460 -1824 -6320 -4692 -13061 630 632 649 696 622 END
START 2660 15552 -1412 -6223 -2925 -13230 631 632 650 697 623 END
START -3556 12672 2752 -6936 -5545 -14687 630 631 650 697 623 END
START -3920 13692 2060 -6407 -6489 -15554 631 631 649 697 623 END
START -1284 14148 4 -7552 -4165 -15137 630 631 649 698 623 END
START -6228 12276 3556 -7197 -2510 -16018 630 630 649 697 624 END
START -7900 16136 5644 -7578 -307 -14931 630 630 649 697 623 END
START -5224 11852 1452 -6535 901 -15032 631 630 650 697 624 END
START -7752 16732 4420 -6338 -1262 -12623 632 630 649 697 624 END
START -8092 13236 3552 -5143 -2625 -11460 631 630 651 697 624 END
START -11816 16088 6772 -5296 -1272 -8167 631 630 650 697 624 END
START -12096 15556 6252 -3623 695 -6379 630 630 650 698 624 END
START -11856 13544 5776 -3600 -240 -4342 632 631 649 698 624 END
START -8432 17748 4608 -2480 -369 -1991 632 630 650 698 624 END
START -9512 12552 4708 -1687 -854 -1380 630 630 650 698 624 END
START -8176 16260 5392 -2112 -678 601 631 631 651 698 625 END
START -5220 16824 3336 -885 753 837 631 631 650 698 625 END
START -7480 13128 4748 -1566 670 1400 631 631 651 698 624 END
START -1868 18260 2684 -1090 1476 2012 631 631 651 699 625 END
START -4716 12668 4084 -1144 21 1224 631 632 651 698 625 END
START -2296 17592 4172 -1254 141 2131 631 631 651 698 626 END
START -3108 12580 3524 -1114 -378 1021 631 631 651 699 625 END
START -2236 17652 5308 -990 269 1672 631 631 650 698 626 END
START -6840 13188 6688 -1293 304 894 631 631 651 699 625 END
START -2216 14380 2064 -692 298 756 630 631 651 698 626 END
START -5828 16012 5736 -1272 -147 1112 631 630 651 698 625 END