START 2212 15048 3836 -1005 -534 -450 621 598 631 669 611 END
START 2096 15108 4028 -992 -367 -505 620 598 631 667 612 END
START 1760 14992 3752 -944 36 -624 622 598 631 667 611 END
START 1560 15120 3564 -1001 118 -702 621 597 631 667 611 END
START 1612 15064 3668 -1057 -132 -662 621 597 631 667 611 END
START 1628 14864 3588 -1050 -543 -636 621 598 631 667 611 END
START 1332 14976 4088 -1080 -964 -447 622 598 631 667 611 END
START 1820 15076 3856 -1034 -797 -511 621 598 631 667 611 END
START 1140 14700 4348 -1193 -599 -586 622 598 631 667 611 END
START 1556 15396 4120 -1211 210 -272 621 598 631 667 612 END
START 2080 15800 3284 -1112 451 -179 621 597 631 667 611 END
START 2088 15584 3516 -1014 384 -131 622 598 631 668 612 END
START 2208 15260 3304 -967 -67 -30 622 597 630 667 611 END
START 2984 15308 2824 -1029 -107 -133 622 597 631 667 611 END
START 3304 15372 2944 -1034 -145 -203 620 597 631 667 611 END
START 3600 15816 2976 -1074 -585 -356 621 597 631 667 611 END
START 2524 16784 3996 -1170 -1012 -670 624 597 631 667 611 END
START 3404 16548 3132 -1312 -635 -1157 621 596 631 667 610 END
START 3088 16304 4392 -1582 -439 -1798 622 594 631 667 612 END
START 3808 15708 4920 -1705 -725 -2664 622 595 631 667 611 END
START 3164 15432 5896 -1624 -2092 -3665 621 596 631 667 611 END
START 2276 14324 5836 -1496 -3462 -5018 622 594 631 667 611 END
START 1208 14068 4736 -1349 -5076 -6359 621 595 631 666 611 END
START 2060 12852 3516 -1256 -5640 -7641 621 595 631 668 611 END
START 1652 13996 3548 -1045 -5860 -8611 622 595 631 667 611 END
START 3512 14748 3428 -692 -5412 -9677 622 595 631 667 611 END
START 2000 14976 4288 -307 -5675 -10349 622 594 631 666 612 END
START 2300 15072 2700 40 -6335 -10826 622 595 631 668 611 END
START 2180 15340 2216 49 -6537 -11304 624 595 631 669 611 END
START 600 16260 3680 53 -5912 -11635 624 595 631 669 611 END
START 24 16328 4008 -54 -4822 -11705 623 595 632 669 612 END
START -376 16124 4172 -106 -3849 -11953 623 595 632 667 611 END
START 880 16180 2508 -192 -2522 -12015 624 595 632 669 610 END
START -1116 15956 3192 -552 -2193 -11932 624 594 631 669 611 END
START -1160 15588 3248 -1007 -2046 -11878 623 595 631 668 612 END
START -4064 14780 5872 -1256 -2671 -11888 624 595 631 669 611 END
START -4256 13004 5560 -1583 -3652 -12185 623 594 631 669 612 END
START -5012 11872 3884 -1392 -3552 -12538 624 595 631 669 611 END
START -5260 12988 3820 -1145 -2026 -12621 622 595 630 669 612 END
START -4084 12788 2980 -1023 -112 -12314 624 596 631 669 612 END
START -6184 12880 3832 -779 57 -11780 623 594 629 669 613 END
START -7128 13716 4488 -610 -1562 -11187 623 595 631 669 612 END
START -5596 14116 3708 -644 -2949 -10373 625 595 631 669 612 END
START -5732 14928 3916 -818 -2098 -9863 623 595 631 669 612 END
START -5584 14120 4300 -1197 -490 -9545 624 595 631 669 612 END
START -6296 13228 5536 -1375 195 -9351 624 596 631 669 612 END
START -6960 12724 5600 -1552 -789 -9386 624 595 631 669 612 END
START -9168 12104 6752 -1789 -2629 -9303 627 595 631 670 612 END
START -9764 10172 4592 -1884 -4504 -9175 624 595 632 670 612 END
START -10032 9120 4672 -1618 -4745 -8925 624 595 631 669 612 END
START -10140 10572 4812 -1494 -3898 -8339 623 595 632 670 613 END
START -8844 11064 4516 -1277 -2032 -7563 624 595 631 670 613 END
START -9080 11720 4816 -777 -740 -6444 623 595 632 669 612 END
START -8836 12584 4240 -703 -573 -5268 624 595 631 670 612 END
START -10924 12824 5968 -950 -983 -4228 624 594 632 670 612 END
START -8208 12780 4124 -1292 12 -3413 625 594 630 670 613 END
START -8300 12788 4364 -1468 1717 -2774 625 595 631 670 611 END
START -9204 11996 5228 -1493 2416 -2001 625 595 631 670 613 END
START -11676 12308 7256 -1518 1027 -1771 624 594 631 670 613 END
START -10836 11416 7016 -1681 -375 -1346 624 594 631 670 612 END
START -11792 11072 6816 -1829 -1608 -951 624 594 631 670 613 END
START -10608 9788 5500 -1668 -1340 -1026 624 594 631 670 612 END
START -11976 9628 5720 -1405 -1172 -1290 624 594 631 669 613 END
START -10012 10268 3980 -1280 -586 -1394 624 594 631 671 613 END
START -10396 10996 4700 -1101 -117 -1083 624 594 631 670 612 END
START -9260 11296 4056 -964 -433 -433 624 595 630 670 612 END
START -9588 11736 4532 -842 -1155 -132 626 594 631 670 613 END
START -8772 12352 4352 -642 -1031 165 624 594 630 671 612 END
START -8568 12208 4492 -588 -690 364 624 594 631 670 613 END
START -8164 12276 4556 -442 -394 477 624 594 631 671 613 END