START 7104 15128 2860 319 6101 7628 637 587 587 661 593 END
START 7324 15076 2236 167 6523 7480 637 588 588 661 593 END
START 7264 14964 1904 -351 7124 6993 637 588 588 662 593 END
START 7196 14444 2380 -957 6263 6192 637 589 589 662 594 END
START 7800 14108 3380 -1441 4547 5102 637 590 589 664 592 END
START 8576 13504 3544 -1555 3669 3934 637 590 590 664 596 END
START 8796 13956 3084 -1572 3396 2698 635 590 590 664 597 END
START 8360 13388 3124 -1730 3094 1428 635 590 591 665 598 END
START 8420 14204 4212 -2021 2887 636 635 591 590 666 598 END
START 8092 14080 4552 -1981 1968 -144 635 591 591 666 598 END
START 7548 13788 4620 -1835 848 -907 635 591 591 666 599 END
START 6704 13472 4788 -1644 -307 -1636 633 585 592 666 599 END
START 6440 13640 4944 -1438 -877 -2185 633 591 592 667 600 END
START 6092 13524 4596 -1144 -1123 -2476 632 591 592 667 601 END
START 6136 14824 4320 -1103 -1516 -2297 629 591 592 668 601 END
START 5904 16140 4556 -1059 -1985 -2099 628 591 593 669 603 END
START 5196 13444 4744 -980 -2858 -2583 625 589 594 669 603 END
START 5772 12408 4268 -353 -3099 -3326 622 590 595 670 603 END
START 5892 16000 4544 -396 -4029 -3065 620 590 595 671 605 END
START 5568 13000 5336 -557 -6251 -3707 618 591 597 672 606 END
START 8572 14168 4068 78 -6856 -4705 616 591 598 674 608 END
START 7676 15828 5244 -669 -7060 -4396 615 592 599 674 609 END
START 7788 13168 3680 -298 -5963 -5743 615 593 600 675 610 END
START 6556 16260 5400 -873 -6301 -6023 614 592 601 676 611 END
START 7644 13140 3196 -186 -6475 -7605 615 592 602 677 612 END
START 5820 14012 4628 -1270 -8116 -7385 616 592 603 677 612 END
START 6768 16004 3492 -759 -7427 -8118 616 592 603 678 612 END
START 2960 12516 5208 -1757 -8591 -9071 617 592 604 678 613 END
START 4252 17112 4352 -1866 -5577 -8811 619 595 606 678 613 END
START 6352 12536 1436 -2164 -3508 -9797 620 592 603 678 613 END
START 2044 16324 4236 -2347 -2124 -9125 621 593 604 679 613 END
START 2212 11960 2732 -2399 -2814 -9764 622 593 604 679 614 END
START 3328 17060 4056 -2144 -3156 -9129 622 592 604 679 613 END
START -1764 13456 6068 -2616 -3660 -9286 623 591 604 679 613 END
START 2380 15752 2304 -1944 -3363 -9065 624 592 605 679 615 END
START 4688 14356 -248 -2629 -4256 -8954 625 592 603 679 614 END
START -1996 13560 3916 -1943 -4964 -9378 624 592 604 679 613 END
START -2016 15180 5572 -2533 -3437 -9051 626 592 605 679 615 END
START -1796 12568 4020 -2242 986 -9555 626 592 604 679 614 END
START -2920 16948 5644 -2448 2049 -8588 627 591 604 678 614 END
START -4572 13556 5124 -2850 -711 -8871 628 592 604 679 614 END
START 284 13936 -148 -2123 -2528 -8803 628 590 604 679 614 END
START -4336 15028 5468 -2837 -5311 -8337 629 590 603 678 614 END
START -180 12124 2092 -2631 -3649 -8765 628 589 602 679 615 END
START 928 16244 2364 -3093 -494 -8270 629 590 603 679 615 END
START -4240 13228 5156 -3576 906 -8720 629 588 603 679 616 END
START -780 14444 -260 -3106 1001 -8804 629 588 602 679 614 END
START -6440 15148 6812 -4003 -3541 -8656 628 587 601 679 615 END
START -4676 12332 5292 -3904 -4384 -9342 630 587 602 678 615 END
START 592 15916 2108 -4502 -2515 -8883 630 585 600 678 615 END
START -2120 13144 3776 -5105 -893 -9577 629 583 600 678 614 END
START -2204 14952 1172 -4790 1832 -9848 628 583 600 678 615 END
START -2072 13848 3552 -5615 261 -9790 628 583 600 678 615 END
START -5416 11512 5452 -5371 -2358 -10564 628 582 600 678 615 END
START -6172 15068 7548 -5796 -2417 -10073 628 580 599 678 614 END
START -4396 11468 4984 -5986 -48 -10654 628 580 599 678 616 END
START -528 15172 3584 -5924 2722 -10052 627 577 598 677 615 END
START -7820 11948 6732 -6332 1194 -10317 623 580 597 677 614 END
START -9548 12792 5952 -5480 557 -10294 626 577 597 678 615 END
START -5728 12320 5188 -5950 574 -9718 626 576 596 677 615 END
START -6512 10068 4684 -5295 1957 -9654 626 569 595 677 615 END
START -11044 13448 8800 -5344 4273 -8093 624 575 595 677 615 END
START -11556 9880 7276 -4094 6021 -7492 626 574 595 677 614 END
START -12812 12652 8932 -3700 3966 -5448 625 574 594 677 614 END
START -14684 10768 9480 -1771 901 -4157 625 576 597 677 615 END
START -13972 10840 9244 -1368 -1290 -2596 625 574 594 676 613 END
START -11324 14932 8188 -501 -104 -453 624 574 594 677 614 END
START -9468 11280 5672 309 1398 94 625 574 594 677 614 END
START -10412 14672 7800 -97 1879 1575 625 573 593 677 613 END
START -10192 13668 5636 948 1605 1726 625 574 593 677 612 END