START 8144 13636 956 -3254 5309 6893 613 594 598 666 592 END
START 8232 13360 1228 -3278 5056 6431 613 595 598 666 592 END
START 9616 13524 1836 -3287 4452 4891 611 597 599 667 594 END
START 9968 13340 2616 -3039 4321 3021 611 598 600 669 597 END
START 10248 14132 2936 -2792 4852 1217 609 599 601 669 598 END
START 9440 14556 2252 -2898 4971 -379 609 599 603 670 600 END
START 8600 14716 1908 -3178 3897 -1562 609 599 604 671 602 END
START 7508 14464 2488 -3484 2369 -2093 608 600 605 671 603 END
START 7080 14252 2884 -3393 970 -2686 608 601 606 674 604 END
START 6268 14592 3348 -3493 -369 -3200 608 603 607 674 606 END
START 6380 14304 3404 -3545 -541 -3328 609 602 609 675 607 END
START 5428 14524 3960 -3376 -624 -3257 609 603 609 676 608 END
START 5784 14772 3872 -3002 -935 -3216 609 603 610 676 609 END
START 5164 14176 4192 -2538 -2000 -3389 609 603 609 677 608 END
START 5484 13528 4000 -2116 -3380 -3736 610 602 611 677 610 END
START 6608 13564 3596 -1646 -4334 -4216 610 602 611 678 611 END
START 7488 15412 3220 -1555 -4173 -4580 610 601 612 678 612 END
START 6612 16296 3428 -1818 -3484 -4960 610 600 611 677 611 END
START 6088 13728 2592 -1797 -2443 -6015 610 601 611 678 607 END
START 6456 14780 2248 -1392 -1520 -6170 611 601 612 678 612 END
START 3788 16296 4024 -1924 -3402 -5839 611 599 612 678 612 END
START 3812 12644 2932 -1799 -5140 -7060 611 598 612 679 612 END
START 5004 16444 2572 -1673 -5435 -6809 612 599 613 679 613 END
START 4176 13720 2392 -2208 -4770 -7359 609 597 612 678 612 END
START 5556 16716 1828 -2043 -2464 -7027 612 598 612 679 612 END
START 3064 13204 2340 -2760 -1839 -7541 612 598 612 679 612 END
START 2972 16684 2456 -2563 -2029 -7312 614 598 612 679 613 END
START 2004 12764 2384 -2690 -3764 -8046 613 597 613 679 613 END
START 1888 16916 3572 -2874 -5394 -7208 613 596 613 679 613 END
START 3500 14112 1580 -2382 -4656 -7957 614 597 613 679 613 END
START 2252 14068 3124 -3171 -3786 -7951 614 597 613 679 613 END
START 2684 17036 2572 -2931 -1294 -7654 614 596 612 679 612 END
START 1768 12700 1676 -2897 -333 -8450 615 596 612 678 613 END
START -620 14392 4228 -3449 -1596 -7945 616 597 613 680 613 END
START 2636 17016 2236 -2825 -1626 -7771 616 595 613 679 614 END
START 208 12180 2944 -3180 -2656 -8328 620 596 613 679 612 END
START 100 16052 3864 -3201 -2423 -7498 617 596 613 680 614 END
START 1712 12436 2076 -3130 -1526 -8296 618 596 613 680 614 END
START 1628 16116 2804 -3050 -701 -7686 618 596 613 680 613 END
START -4084 13332 6504 -3105 -1670 -8350 618 595 613 680 615 END
START -2456 16584 6132 -2543 -1339 -7622 617 595 614 677 614 END
START 364 13616 2576 -3022 -1630 -7880 618 596 613 679 614 END
START -504 14032 2700 -2684 -1993 -7954 619 595 614 679 614 END
START -5496 15508 7372 -3131 -1949 -7635 614 595 613 679 614 END
START 416 12656 2524 -2900 -406 -8139 615 594 614 680 614 END
START -660 16004 4164 -2513 -296 -7539 620 596 614 679 614 END
START -1620 15236 3664 -3211 -1052 -7339 620 594 614 680 615 END
START -216 12976 2364 -2777 -972 -7884 619 595 614 680 614 END
START -6124 15908 7056 -2965 -1829 -7214 621 595 615 681 614 END
START -5616 12100 6076 -2947 168 -8003 621 595 614 680 614 END
START -4308 15540 5332 -2719 395 -7714 621 595 616 680 615 END
START -5528 12992 6012 -3419 -1617 -8066 621 595 615 680 614 END
START -964 15292 2704 -3095 -1885 -7886 621 595 615 680 615 END
START -4280 11336 5056 -3490 -2490 -8749 621 594 615 680 614 END
START -4044 15436 5824 -3568 -1359 -8440 622 594 615 680 615 END
START -2144 12284 3268 -3348 821 -9709 621 595 615 680 615 END
START -2996 12940 4256 -4294 1316 -9732 621 594 615 680 615 END
START -3108 15080 3764 -3648 1741 -10296 621 594 615 678 614 END
START -5080 11244 5948 -4325 -300 -11720 621 594 615 680 615 END
START -1920 15100 4416 -4807 -385 -12430 621 594 615 680 615 END
START -72 9492 1460 -5265 3559 -13372 622 594 615 680 615 END
START -4800 12712 4632 -5482 8866 -12310 622 593 614 680 615 END
START -9120 8136 4920 -5314 10456 -13078 622 595 615 680 615 END
START -15788 12144 10652 -4583 7509 -11737 621 595 616 680 615 END
START -14816 7060 6876 -3267 1538 -10340 622 596 616 680 615 END
START -13572 11600 6424 -2833 -1804 -7286 621 596 616 680 614 END
START -14032 7712 6132 -1620 -233 -6021 622 597 616 680 616 END
START -13032 12064 7072 -1873 2052 -3739 623 596 616 680 615 END
START -12216 11612 6104 -500 4029 -3192 622 597 616 681 617 END
START -12244 9056 5832 -744 1985 -2608 621 597 616 680 616 END