START 8560 14004 792 -967 5100 2000 622 625 648 698 626 END
START 8712 14040 620 -1022 4838 1876 621 626 648 698 628 END
START 8232 14112 512 -1143 4499 1581 621 625 648 698 628 END
START 7764 14256 1108 -1233 3716 1025 620 627 649 699 629 END
START 8360 14620 1436 -1422 3411 675 620 626 649 699 630 END
START 8640 14280 1880 -1492 3264 480 619 627 650 699 630 END
START 8004 14204 2044 -1377 2621 303 620 627 650 699 631 END
START 8272 14292 2252 -1119 1702 83 619 627 652 700 631 END
START 8084 14404 2724 -1087 1024 61 618 627 651 700 633 END
START 8336 15016 2572 -1043 834 267 618 627 650 700 633 END
START 8388 14524 2428 -716 338 106 619 628 652 700 633 END
START 7816 13904 2384 -614 -91 -108 619 628 651 701 633 END
START 7752 13596 2384 -567 -170 -187 619 627 652 701 633 END
START 7228 13456 1968 -627 -299 -152 620 627 651 700 634 END
START 6820 13060 1764 -657 -890 -207 619 626 652 700 634 END
START 7460 13524 1604 -696 -1247 -229 618 627 651 700 634 END
START 7624 14288 1224 -862 -1291 -51 621 628 651 700 634 END
START 7868 15440 1132 -1275 -1061 439 619 627 652 700 634 END
START 6844 14632 2076 -1867 -987 360 619 627 652 701 635 END
START 6576 12244 1696 -1913 -903 -421 619 628 652 700 635 END
START 7468 14068 1084 -1592 -790 -614 619 628 652 701 635 END
START 7276 15492 1944 -2304 -1269 -37 619 627 653 701 635 END
START 7668 11680 1296 -2342 -1126 -1007 619 628 652 701 634 END
START 7652 15800 2576 -2133 -1501 -866 618 628 652 701 636 END
START 7288 12640 2860 -2462 -2770 -1683 619 628 652 701 636 END
START 8892 14948 2816 -1815 -3433 -2084 621 627 652 700 635 END
START 7856 12260 3772 -2106 -4959 -2885 620 627 652 701 636 END
START 9520 16148 3680 -1540 -6211 -3121 619 627 653 701 636 END
START 10652 11800 2820 -1109 -7287 -4655 620 627 653 701 636 END
START 9284 16300 3876 -814 -8668 -4620 620 627 652 701 636 END
START 10480 12420 1584 -315 -9328 -6436 620 627 652 701 636 END
START 11768 16604 1820 -144 -9387 -6311 621 623 652 701 636 END
START 11472 12996 8 -517 -10443 -7650 622 627 652 701 636 END
START 7336 15512 244 -161 -9686 -7934 621 627 652 700 635 END
START 9800 14600 -612 -1168 -9631 -7987 621 626 652 701 635 END
START 5628 13020 1340 -1084 -11088 -9150 621 626 652 701 635 END
START 1588 16804 3972 -1473 -12271 -8819 621 626 651 701 636 END
START 10204 14016 -3288 -2176 -11537 -9840 623 626 652 701 635 END
START 9740 15492 -5552 -2216 -9794 -9990 622 626 652 702 634 END
START 2704 14716 1448 -3536 -9377 -10177 622 625 652 701 634 END
START 2564 12532 484 -3553 -9037 -11210 622 625 652 701 634 END
START 4628 15232 -3224 -3565 -9806 -11171 623 626 651 701 634 END
START 4616 13704 -2136 -4529 -10598 -11158 623 624 650 701 634 END
START 2980 13288 -480 -4528 -9754 -11581 623 624 643 701 633 END
START 1440 15864 1520 -5089 -8955 -11239 623 624 652 701 633 END
START 2592 12608 -236 -5121 -8045 -12191 623 624 650 701 633 END
START 2816 15716 -2920 -4764 -7133 -12147 623 624 650 701 633 END
START 848 15664 800 -5809 -6887 -11963 624 624 652 701 633 END
START 504 13116 912 -5675 -4911 -12705 625 624 651 701 632 END
START 308 15712 -2044 -5329 -4056 -12916 624 624 651 701 632 END
START -1600 15484 1716 -6287 -5432 -12358 624 623 652 701 632 END
START -2116 13536 2088 -5920 -5602 -12921 624 624 651 701 632 END
START 856 17196 1908 -5828 -2751 -11445 624 624 651 701 632 END
START -6896 14332 4436 -6386 -2267 -11049 624 624 651 701 631 END
START -8584 14056 5056 -5464 -2730 -10637 624 625 651 701 632 END
START -4196 16196 2680 -5347 -3978 -8390 624 624 651 701 632 END
START -4120 13088 2752 -4293 -5910 -7883 625 624 651 701 632 END
START -8664 16492 7108 -3501 -3935 -5557 625 624 651 701 631 END
START -360 13688 -176 -3168 -314 -4658 625 624 650 701 631 END
START -9912 16952 4556 -2016 950 -3448 625 625 650 701 632 END
START -2488 15812 1888 -2399 2563 -1859 625 624 650 701 632 END
START -6012 14276 3500 -1461 501 -1565 624 625 651 701 631 END
START 92 17604 -424 -1324 393 39 624 625 651 701 631 END
START -8932 15660 5656 -1590 -539 334 624 624 650 701 632 END
START -7280 13996 5668 -1050 -1064 153 626 624 651 702 632 END
START -60 18344 3016 -981 879 1346 626 624 651 701 632 END
START -6036 15736 5520 -1583 282 1241 625 624 651 701 632 END
START -6952 13844 6272 -1024 -317 603 624 624 651 701 631 END
START 1672 17716 1268 -749 585 1342 625 624 652 701 630 END
START -3516 15468 3860 -1498 -476 1325 624 624 650 701 631 END