START 4392 14988 4412 -1303 -810 -750 620 622 623 691 617 END
START 4076 14912 4504 -1365 -1025 -774 621 622 624 691 617 END
START 3524 14940 4496 -1563 -1585 -960 621 622 623 691 617 END
START 3328 14904 4624 -1689 -1459 -1117 621 622 623 691 617 END
START 3152 15204 4536 -1662 -730 -1105 621 622 623 691 618 END
START 2484 15044 4464 -1540 -49 -1063 622 622 622 691 617 END
START 2240 14892 4380 -1314 242 -963 621 622 623 691 618 END
START 1932 15048 4652 -940 -131 -640 622 622 623 691 617 END
START 1512 14348 4676 -737 -1212 -455 621 622 623 691 618 END
START 2136 15300 4316 -631 -1506 -163 622 622 622 691 617 END
START 2824 15944 3780 -484 -1348 -65 622 621 622 691 617 END
START 3096 15628 3708 -417 -885 -82 621 621 622 691 617 END
START 3308 15144 4000 -391 -710 -84 622 621 622 691 618 END
START 2988 14768 4132 -381 -886 20 622 621 622 691 618 END
START 3116 14972 4072 -314 -1361 -35 621 621 622 691 618 END
START 3676 16412 4200 -298 -1502 215 621 621 622 691 618 END
START 3408 16304 4328 -551 -1558 348 622 620 621 690 618 END
START 2620 14456 4744 -814 -1757 48 622 620 621 691 618 END
START 3288 13056 3916 -636 -2042 -585 622 621 621 691 618 END
START 4100 16408 4280 -481 -1772 -134 623 620 620 691 618 END
START 2668 15072 4964 -1093 -2209 -117 623 621 620 693 618 END
START 4228 14060 4084 -601 -2648 -944 622 619 620 691 618 END
START 3928 16492 5392 -1045 -4172 -447 623 619 620 691 618 END
START 4792 12420 5412 -1000 -4859 -1467 623 618 619 691 618 END
START 4820 16264 6548 -1371 -6246 -888 615 616 618 691 618 END
START 5836 12420 6312 -1503 -7769 -2338 623 615 618 691 619 END
START 7092 16612 6688 -1496 -8329 -2593 623 613 616 691 618 END
START 6924 13244 5240 -1878 -9328 -4446 623 612 616 690 617 END
START 9200 16072 2992 -1602 -9441 -5376 624 613 616 691 618 END
START 3476 14092 5924 -2523 -11217 -6893 624 612 616 691 618 END
START 3820 15016 3084 -2253 -9943 -8334 624 610 616 690 617 END
START 7328 15052 2164 -3092 -7882 -8470 624 611 617 691 617 END
START 4892 12564 3024 -3218 -6800 -9516 625 611 617 691 617 END
START -1172 15736 6548 -3681 -8472 -9131 625 611 617 691 617 END
START 236 12556 3996 -3819 -11584 -10559 625 612 617 691 617 END
START 3036 16372 3404 -3692 -11640 -10300 627 611 617 691 617 END
START 1776 13120 4464 -4334 -10366 -10961 627 612 618 692 617 END
START 1932 15392 5168 -4244 -6175 -10519 627 611 617 690 616 END
START 2468 12448 2516 -4971 -3701 -10939 627 611 617 691 617 END
START 1932 13032 2128 -4578 -2632 -11582 628 611 619 691 616 END
START 1440 13736 2664 -5173 -4575 -11182 628 611 618 690 617 END
START -4796 12084 6484 -5078 -5139 -12141 628 610 618 692 617 END
START -5440 14808 7768 -5516 -4001 -11340 627 611 618 691 617 END
START 3292 11404 1584 -5562 -2944 -12375 630 611 618 691 617 END
START 28 15192 5172 -5347 -2843 -12025 630 610 618 690 617 END
START -3572 12544 6448 -5620 -5216 -12625 630 610 618 691 616 END
START -2284 13948 2956 -4924 -5527 -13532 631 610 619 691 617 END
START 736 14108 3160 -6056 -5630 -13751 631 611 619 690 617 END
START -2004 11040 5116 -6008 -3794 -14515 631 611 619 692 617 END
START -3756 13872 7128 -6566 -721 -13981 632 610 620 690 617 END
START -3532 10268 5492 -6369 1990 -14773 631 611 620 690 614 END
START -4368 14016 6616 -6188 2074 -14626 632 611 620 690 618 END
START -8004 9572 6868 -6178 1743 -14517 632 612 621 690 618 END
START -3484 12384 4716 -5464 4078 -13039 633 612 622 690 618 END
START -14184 9356 10256 -5461 3118 -11421 634 614 624 690 618 END
START -13364 11268 8856 -3942 2348 -8645 634 612 624 691 618 END
START -15100 8184 8764 -3190 -2514 -7346 633 613 624 690 618 END
START -15748 12276 11288 -2117 -4116 -5115 634 614 624 691 618 END
START -11980 9796 8100 -823 -1201 -4213 634 614 625 690 619 END
START -10144 10380 7476 -983 940 -2250 634 613 625 691 618 END
START -9824 13500 7960 223 1608 -1282 634 614 625 691 619 END
START -8260 9540 6492 75 1236 -1032 634 614 626 690 619 END
START -9520 14576 8668 85 252 49 634 614 624 690 619 END
START -8068 9500 6704 179 -477 -850 634 615 623 690 618 END
START -7816 13764 8604 -597 -1119 131 634 614 625 690 619 END
START -5944 14216 7112 -179 46 -180 634 614 626 690 619 END
START -6224 9280 6272 -674 133 -887 631 613 625 690 619 END
START -7008 12416 8260 -1234 268 -257 634 613 625 690 618 END
START -6120 14100 7004 -654 1177 -360 634 613 624 689 618 END
START -5844 10588 5688 -449 847 -1251 634 612 622 688 617 END