START 7360 14896 3308 -2019 3457 1355 605 590 595 678 605 END
START 7236 15064 3324 -1995 2915 1049 605 591 595 677 608 END
START 6844 14944 2988 -1900 1333 164 606 590 596 679 608 END
START 6320 15168 2664 -2017 -227 -570 604 590 598 679 610 END
START 6112 14932 2608 -2142 -1202 -1018 605 591 598 680 609 END
START 6044 14772 2776 -2285 -1870 -1459 604 591 598 680 611 END
START 5532 14632 2900 -2369 -2163 -1816 604 591 599 680 611 END
START 5284 14604 3180 -2398 -2472 -2108 605 591 599 681 612 END
START 5036 14508 3560 -2321 -2864 -2391 605 592 599 681 612 END
START 5376 14828 3548 -2018 -2989 -2641 605 591 599 681 611 END
START 4956 14252 3472 -1650 -2848 -2977 605 591 599 681 612 END
START 5096 14564 3448 -1535 -2575 -3268 606 591 600 681 612 END
START 5300 14876 3456 -1449 -2549 -3487 606 591 599 681 612 END
START 5024 15268 3632 -1380 -3380 -3861 606 591 600 682 613 END
START 4000 15500 3524 -1285 -4615 -4374 606 590 599 681 613 END
START 3744 15140 3112 -1249 -5094 -5054 607 590 599 681 613 END
START 3472 14132 2944 -979 -4802 -5581 607 591 600 681 612 END
START 3476 13904 2332 -710 -4048 -5626 607 589 599 681 612 END
START 3116 16056 2576 -771 -3649 -4960 607 590 599 682 613 END
START 2104 16380 3020 -1400 -3967 -4174 608 590 600 679 612 END
START 1672 13164 2560 -1211 -4462 -4569 608 589 599 682 613 END
START 2388 16828 2756 -1016 -4823 -3880 608 588 599 681 613 END
START 1820 14608 3048 -1638 -5398 -3655 607 588 599 681 613 END
START 1332 15116 2496 -851 -4586 -3999 609 589 599 681 613 END
START 2076 15724 2384 -1603 -4195 -3181 608 589 598 681 613 END
START 2636 13272 2284 -1217 -2935 -3758 608 588 598 681 613 END
START 4980 17232 2008 -1291 -2743 -3263 605 588 598 682 613 END
START -484 13884 4192 -1726 -2723 -3880 609 588 598 681 613 END
START 4524 14592 -184 -1299 -1951 -4356 609 588 598 681 613 END
START -584 16308 4552 -1984 -2546 -3768 611 587 598 681 614 END
START 2248 13420 2400 -1851 -2101 -4513 610 588 598 682 613 END
START 3460 16152 812 -1393 -2038 -4491 609 588 597 681 612 END
START 472 16144 4432 -2313 -2835 -4314 611 588 598 681 613 END
START 2748 13364 2484 -1934 -2519 -5080 610 588 598 680 612 END
START 2228 16136 924 -1519 -2876 -4828 611 589 598 681 612 END
START 2112 15640 2828 -2271 -3916 -4987 610 588 597 682 613 END
START 2132 13524 2540 -1853 -3199 -5805 611 588 598 681 612 END
START 4268 17380 2844 -1937 -1654 -5566 611 588 593 680 614 END
START 2204 14328 2336 -2630 -331 -6009 611 589 597 682 613 END
START 1400 13296 2800 -2265 1796 -6919 612 587 597 681 612 END
START 1276 16228 3200 -2430 3505 -6619 613 585 595 681 612 END
START 612 13904 2420 -3137 3716 -7009 613 584 595 680 612 END
START 260 13368 3172 -3049 4051 -7354 613 584 595 677 612 END
START 1788 16512 3296 -3113 5220 -6529 614 583 594 680 611 END
START -2792 13880 3924 -3526 3493 -6880 615 582 593 679 612 END
START -3200 13708 3516 -3052 436 -7132 615 582 592 679 611 END
START -4908 16116 5612 -3340 -4624 -6843 615 581 591 679 611 END
START -1564 13168 3708 -3494 -7329 -7895 615 580 592 677 611 END
START 696 15628 112 -3282 -5819 -7999 616 580 592 678 612 END
START -68 15616 3508 -4309 -4780 -8118 615 580 593 679 612 END
START 24 13136 3348 -4400 -2099 -8998 616 579 592 679 612 END
START -1100 15336 2236 -4170 -360 -9210 617 578 591 678 612 END
START -2176 14560 3784 -4680 -1752 -9835 614 576 590 677 612 END
START -3444 12332 4516 -4242 -4431 -11343 615 576 589 677 612 END
START -2384 15724 4840 -4506 -5774 -11552 616 575 590 677 612 END
START 580 12596 1872 -5221 -3716 -13062 617 576 590 678 613 END
START 284 14652 1304 -5435 1428 -13228 617 576 589 677 613 END
START -3528 12896 2408 -6663 5319 -13489 616 576 590 677 613 END
START -8252 10436 3668 -6098 3599 -14234 617 577 591 678 613 END
START -16256 13168 9844 -6515 -1164 -12113 618 580 594 679 613 END
START -15796 10024 7280 -5984 -3857 -10309 608 581 595 680 614 END
START -17492 13768 8808 -5943 -2143 -6469 619 582 596 679 614 END
START -17200 9560 8164 -5045 2013 -4317 620 583 596 680 615 END
START -12100 13368 6444 -4608 5604 -1417 620 583 597 680 614 END
START -13156 10068 7712 -3098 7441 -698 621 584 596 681 615 END
START -12748 14360 8696 -2558 6234 993 621 584 597 681 615 END
START -11568 11528 7384 -949 2386 624 621 584 596 681 614 END
START -6564 13632 5816 -937 -1126 1297 622 585 597 680 614 END
START -9228 11916 7928 60 -1665 640 620 583 595 679 613 END
START -7868 15200 8428 -381 -87 1175 621 582 592 677 611 END