START 2412 15292 3684 -1139 50 -541 597 590 609 656 603 END
START 2264 15372 3648 -1143 -13 -493 599 590 609 657 604 END
START 2148 15184 3328 -1092 -590 -309 598 590 610 656 604 END
START 2540 15220 2964 -1040 -706 -137 598 590 610 656 606 END
START 2628 15236 2932 -1093 -486 -46 597 590 609 656 604 END
START 2440 15064 3084 -1062 -739 101 598 591 609 656 603 END
START 2604 15440 3120 -1066 -751 205 599 590 609 657 603 END
START 3096 15220 2804 -1059 -720 110 598 590 609 657 604 END
START 2428 14920 3304 -1259 -879 8 599 591 610 657 604 END
START 2956 15856 3080 -1274 -472 230 598 591 610 657 604 END
START 3512 15952 2668 -1216 -182 180 598 591 609 657 604 END
START 3664 16420 2828 -1170 124 40 600 591 610 657 603 END
START 2924 15560 2544 -1020 177 -42 598 591 610 657 604 END
START 3116 15532 2724 -861 -158 -38 599 590 610 657 604 END
START 3732 15920 2416 -756 -362 79 598 591 610 657 604 END
START 3684 16608 2608 -679 -210 39 598 590 610 656 604 END
START 3232 16664 2792 -634 38 52 598 591 610 658 604 END
START 2868 16488 2864 -639 -30 -23 598 591 609 657 602 END
START 2660 16708 2644 -651 -159 19 599 591 611 656 604 END
START 3256 16760 2360 -792 -689 -50 598 590 610 657 604 END
START 3796 16712 2144 -958 -1727 -215 597 591 610 656 603 END
START 4824 16620 2260 -1153 -3276 -679 598 591 610 657 604 END
START 4740 16240 3400 -1345 -4944 -1551 598 590 610 658 604 END
START 5280 15748 3520 -1597 -5651 -2584 598 590 611 657 605 END
START 4140 15692 3808 -2091 -5582 -3878 598 590 610 656 604 END
START 3224 14080 3796 -2503 -5384 -5348 598 590 610 657 604 END
START 3752 13296 2348 -2597 -5448 -6542 599 591 610 657 604 END
START 2588 14432 2220 -2543 -6112 -7112 598 591 610 657 604 END
START 3880 15356 1532 -2692 -5971 -7514 598 590 609 657 604 END
START 3336 15620 1940 -2787 -5333 -7845 598 590 609 657 604 END
START 3536 16092 2040 -2640 -4819 -7865 598 590 610 657 604 END
START 2268 16900 3272 -2653 -4980 -7713 598 590 610 657 604 END
START 2728 16732 2960 -2830 -4872 -7752 598 591 611 657 604 END
START 1532 16192 4484 -2893 -4515 -7967 599 591 611 656 604 END
START 2128 16168 4448 -3103 -4293 -8087 599 591 611 657 605 END
START -144 15576 5624 -3267 -4630 -8362 600 590 610 658 604 END
START -884 13972 5432 -3361 -5344 -8565 599 590 611 658 604 END
START -1756 13880 4908 -3227 -5654 -8938 600 590 611 658 605 END
START -1268 13132 3372 -3002 -4987 -9259 599 590 611 657 604 END
START -1124 14040 2868 -2999 -3964 -9307 599 590 610 658 604 END
START -176 14272 2288 -3116 -2739 -9063 600 590 611 657 604 END
START -1764 14464 3620 -3195 -2643 -8891 599 591 610 657 604 END
START -1212 15396 3704 -3137 -2343 -8589 599 590 610 657 604 END
START -2204 15936 4480 -3170 -2969 -8190 599 590 610 657 604 END
START -616 16040 3464 -3600 -3602 -7844 599 590 610 658 604 END
START -2840 15412 5588 -3889 -4412 -7634 599 590 611 658 605 END
START -668 14976 5264 -4370 -3916 -7880 599 590 611 658 605 END
START -2968 12880 6340 -4693 -2351 -8175 599 590 610 658 604 END
START -4792 12616 6732 -4735 -1532 -8534 599 590 610 658 605 END
START -5312 11268 5220 -4549 -1996 -8728 600 590 610 657 605 END
START -4612 11528 4456 -4407 -2687 -8721 599 590 612 658 605 END
START -2972 12880 4164 -4397 -2431 -8205 599 589 611 658 605 END
START -4336 12920 5640 -4300 -2008 -8152 599 590 611 658 605 END
START -2512 13848 4512 -4329 -497 -7810 599 590 611 658 605 END
START -4332 14176 5968 -4337 204 -7526 600 590 611 658 605 END
START -5248 14556 6644 -4329 -319 -6932 599 590 611 657 605 END
START -5256 13556 7208 -4306 -1815 -6449 599 590 611 658 605 END
START -4800 13452 7916 -4472 -2093 -6286 599 590 611 658 605 END
START -6304 11628 8736 -4594 -1243 -6323 600 590 611 658 605 END
START -8356 10768 8980 -4447 -1502 -6300 600 590 611 659 605 END
START -7988 8948 7920 -3747 -1947 -6503 600 590 611 658 606 END
START -9064 9756 8368 -3097 -2812 -5878 600 590 612 658 605 END
START -6608 11044 6920 -2806 -2793 -5212 598 589 612 658 605 END
START -5784 12080 6268 -2634 -1846 -4442 601 590 611 658 605 END
START -5524 12964 6408 -2264 -356 -3546 600 590 612 659 605 END
START -6876 13392 7332 -2443 -48 -2697 600 590 612 659 605 END
START -6076 12940 7588 -2503 -329 -2105 600 589 612 659 606 END
START -7772 12616 8968 -2742 -1662 -1692 598 589 612 659 605 END
START -6428 11720 8348 -3018 -1861 -1650 600 590 612 659 605 END
START -8908 10824 9548 -3191 -1789 -1583 600 590 612 659 605 END