START 6876 14528 1888 90 4428 2219 611 606 633 694 616 END
START 7084 14524 1792 166 4533 2089 611 605 633 694 617 END
START 6608 14872 1252 234 4832 1636 612 606 633 695 617 END
START 6256 15468 1016 -11 5011 1047 611 605 634 695 617 END
START 5944 15540 1332 -363 4719 541 611 605 634 695 618 END
START 5224 15760 1548 -642 3347 226 611 606 634 695 618 END
START 5476 15832 1292 -924 1314 -351 611 606 634 695 619 END
START 5852 16076 1292 -1272 747 -422 610 605 633 695 620 END
START 5252 16432 1252 -1522 750 -567 611 606 634 696 620 END
START 4140 15644 1904 -1869 471 -889 612 606 635 696 620 END
START 3732 15452 2536 -2095 567 -715 612 607 634 696 621 END
START 3300 16184 2776 -2107 221 -418 613 606 635 695 621 END
START 3232 16580 2596 -2047 -481 -136 612 606 635 695 621 END
START 3532 16312 2652 -1987 -727 80 612 607 635 696 621 END
START 3548 16244 2600 -1970 -592 377 613 606 635 696 621 END
START 3424 15844 2496 -2057 -587 299 613 606 635 696 621 END
START 3744 15028 2368 -2057 -503 -86 613 606 635 696 622 END
START 4796 13660 2252 -1935 -30 -484 613 606 635 695 622 END
START 2760 14092 3596 -1813 -162 -808 613 605 635 696 622 END
START 3664 15932 1256 -1404 -487 -731 613 606 635 696 622 END
START 3504 16992 2772 -1658 -2176 -645 614 606 635 696 623 END
START 4300 14184 2084 -1422 -2665 -1139 613 605 634 695 622 END
START 3340 13924 3736 -1053 -2666 -1517 613 605 635 695 622 END
START 5208 17052 3944 -786 -2433 -1051 613 606 636 697 622 END
START 3452 16216 3968 -1169 -4027 -1111 613 605 636 695 622 END
START 3472 13804 4364 -605 -4992 -1951 613 605 635 696 622 END
START 4392 15176 3048 -196 -5936 -2108 613 607 635 696 623 END
START 5372 16932 3020 -799 -6711 -1878 613 605 634 697 624 END
START 6052 14056 1612 -889 -6026 -2489 614 604 635 696 623 END
START 4040 14060 2516 -901 -6898 -3260 614 605 635 696 622 END
START 4864 17576 2896 -1124 -8136 -3260 614 604 634 695 622 END
START 3024 15388 1764 -1713 -9280 -4220 614 603 634 696 621 END
START 3792 13840 936 -1411 -8063 -5419 614 602 634 696 622 END
START 4528 16564 400 -1128 -6909 -5645 614 602 633 696 621 END
START 1988 15932 1844 -1864 -8143 -5662 614 602 633 697 620 END
START 360 13548 3316 -1479 -8694 -6394 614 602 633 696 619 END
START 1680 14276 1052 -1162 -9208 -6552 614 602 633 696 619 END
START 1144 16748 2656 -1498 -10110 -6209 614 602 633 696 620 END
START 1492 13452 1500 -1204 -9781 -6704 615 603 633 696 620 END
START 1496 14176 1096 -796 -8973 -6871 615 602 633 695 619 END
START 1468 17420 1812 -1107 -8043 -6118 615 603 633 694 619 END
START 900 15220 1296 -1622 -8075 -6313 615 602 633 696 620 END
START 1348 13540 1624 -1325 -8379 -6987 615 604 635 695 620 END
START 2540 16056 -1360 -1097 -7672 -6979 615 603 633 696 620 END
START -92 15788 1604 -2107 -7382 -6857 616 604 634 696 620 END
START -116 13972 1572 -2033 -6796 -7339 616 605 633 696 621 END
START -132 14564 1448 -1924 -6706 -7227 616 605 634 696 620 END
START 884 17176 1924 -2860 -6748 -6589 615 605 634 696 620 END
START -544 14356 1532 -3199 -6821 -6970 615 604 635 695 621 END
START -976 13652 1924 -3019 -6215 -7596 616 606 635 696 621 END
START 1812 17312 2620 -3229 -3640 -7295 617 606 635 696 621 END
START -100 15800 1300 -3972 -2556 -7735 616 606 636 695 621 END
START -2304 12960 2736 -3452 -2463 -8258 616 606 636 696 621 END
START -2584 15832 1428 -3025 -3621 -8111 617 606 636 696 621 END
START -2492 15720 2596 -3667 -3201 -7215 616 607 638 696 622 END
START -3360 13824 1848 -3148 -1499 -7419 617 607 637 696 621 END
START -6840 15052 2608 -2703 -668 -6829 617 607 637 696 622 END
START -7620 17296 3588 -3468 -1206 -5513 617 607 640 697 623 END
START -6756 13588 2968 -3260 -1114 -5087 618 606 638 696 623 END
START -7584 14608 3612 -2863 -997 -3977 617 607 637 696 623 END
START -9308 17056 5132 -3143 -783 -2111 617 608 639 697 623 END
START -4972 13956 1688 -2895 314 -1554 618 607 640 696 623 END
START -5720 14756 2804 -1951 775 -907 617 608 639 697 623 END
START -5872 16856 3404 -2146 -325 382 617 608 639 696 623 END
START -5496 12928 3208 -1719 -2205 147 617 608 638 696 623 END
START -1888 15916 2116 -1095 -689 939 618 608 639 696 623 END
START -3544 14928 2580 -1773 247 1258 617 607 640 696 624 END
START -6680 13448 5388 -963 88 614 617 607 640 697 624 END
START 768 17584 2608 -1029 819 1435 618 608 639 696 624 END
START -2692 14288 2616 -1537 -394 865 617 608 639 697 624 END