START -7480 12112 788 278 2331 -750 644 578 593 619 597 END
START -9284 12560 1592 311 2020 -886 641 578 594 619 597 END
START -9908 13260 2724 63 758 -591 643 578 594 621 597 END
START -9240 12312 2620 502 -270 -543 643 578 593 620 597 END
START -7932 12136 1516 1408 1092 -631 643 581 594 619 596 END
START -7260 12988 136 1752 2107 -224 643 578 595 618 597 END
START -8468 13776 240 1743 3338 239 643 578 594 619 597 END
START -9196 13332 -48 1677 2776 133 641 579 594 618 596 END
START -9784 13592 -480 1451 1717 -39 640 579 593 617 596 END
START -9940 12912 -364 1057 480 699 639 578 593 615 596 END
START -8864 13508 -836 919 -849 1063 639 577 591 613 594 END
START -9420 14900 600 537 -413 1886 638 578 591 610 593 END
START -9856 14240 1496 365 -1050 1833 638 577 591 608 591 END
START -9556 13400 2112 57 -1703 919 637 577 591 608 591 END
START -9456 13656 2480 -167 -2309 565 638 577 591 608 591 END
START -9084 13756 2776 -124 -2684 227 637 577 592 609 591 END
START -8280 12636 3436 -11 -3315 -75 638 577 592 610 592 END
START -8308 13176 3096 474 -3229 -507 639 578 593 613 593 END
START -4968 13368 2852 1852 -2029 -1108 639 577 594 613 594 END
START -9832 15108 5272 2948 -776 -774 637 579 594 615 594 END
START -7916 13840 1532 4408 -1387 756 638 581 595 617 595 END
START -19020 12544 5072 6194 -13451 -1151 636 581 596 620 596 END
START -17080 17788 11232 9682 -24294 1050 639 582 600 622 597 END
START -11552 13592 -2876 7229 -32768 8296 640 583 604 624 599 END
START -18224 14676 8156 11682 -32768 7984 642 584 609 627 601 END
START -17352 12844 5972 14489 -32768 8157 644 586 618 631 603 END
START -6340 12036 -1652 15116 -32768 5006 646 588 625 638 605 END
START -8164 12436 1508 15569 -32768 3649 648 592 634 645 607 END
START -4048 11980 -140 15241 -32768 2265 651 594 642 652 608 END
START -5260 12284 -52 14622 -32768 1700 653 596 649 658 608 END
START -5736 12900 -500 13069 -29381 1231 655 598 656 666 609 END
START -3672 12804 -1564 11242 -19186 1050 656 601 661 671 611 END
START -4892 13544 -368 9457 -10683 2513 658 604 667 677 613 END
START -4024 13876 -1420 7371 -5644 3233 659 606 670 681 614 END
START -2896 14176 -2080 5123 -3359 4011 659 607 672 686 615 END
START -3668 14912 -428 3004 -1867 4188 660 609 674 687 617 END
START -1388 14760 -868 1053 226 4741 659 611 675 690 618 END
START -1452 15504 80 -656 1046 4964 660 613 676 691 619 END
START -1268 14988 524 -1836 1521 4000 661 615 676 692 620 END
START 456 15920 332 -3156 2806 3366 660 617 676 693 620 END
START 1264 15796 164 -4037 4149 2833 660 619 677 693 621 END
START 332 16076 1332 -4574 4005 2214 660 620 676 694 622 END
START 592 16660 2180 -4751 2535 1706 661 621 677 694 622 END
START 928 16880 2676 -4463 1396 1081 660 622 674 695 622 END
START 1504 16932 2760 -3882 1394 385 660 622 675 694 623 END
START 248 16760 3688 -3073 1969 -335 659 622 674 694 623 END
START 596 16900 3088 -2242 2625 -818 660 623 671 693 623 END
START -4 17192 2888 -1422 2161 -857 660 624 665 693 623 END
START -956 17132 3140 -1101 829 -810 660 623 658 692 622 END
START -2304 16732 4596 -767 108 -623 659 625 655 691 623 END
START 16 16840 3240 -375 -370 -370 662 625 652 691 622 END
START -2940 16164 5036 -126 -509 -368 662 625 650 690 622 END
START -1924 16472 4000 -79 346 -327 662 624 648 689 622 END
START -2972 16392 4116 -111 405 -213 662 623 642 687 621 END
START -2640 16404 3708 -337 -132 -327 662 622 640 686 621 END
START -1416 16508 2944 -381 92 -351 660 621 637 683 621 END
START -2532 16492 3620 -390 -123 -377 658 619 636 682 621 END
START -3096 16508 3908 -272 -574 -441 656 617 634 680 620 END
START -804 16908 2756 -130 -888 -656 652 614 633 678 620 END
START -1536 16624 3108 167 -554 -949 649 612 632 676 620 END
START -1916 16396 2884 184 157 -1087 647 610 629 674 619 END
START -2444 16064 2884 308 644 -1407 644 611 629 673 619 END
START -1180 16496 2364 530 955 -1238 642 608 629 674 618 END
START -2160 16732 3512 708 289 -1076 639 606 629 672 618 END
START -2124 16808 3812 968 -483 -1166 636 603 629 672 618 END
START -956 16496 2700 1120 -367 -1398 634 602 629 672 618 END
START -756 16492 1900 1024 16 -1552 631 602 629 672 618 END
START -488 16372 1600 703 75 -1733 629 602 629 672 618 END
START -1004 16528 1696 485 87 -1672 628 602 631 673 618 END
START -1064 16596 2196 242 -574 -1653 625 601 631 673 618 END