START 3300 16136 2620 -2809 5019 1142 623 624 648 700 630 END
START 3168 16244 2924 -2906 5104 1191 623 624 648 700 631 END
START 2640 16112 3404 -3071 4470 1462 622 625 649 699 631 END
START 3468 15944 3692 -3248 3051 1675 621 625 650 700 631 END
START 3664 16020 4128 -3214 2079 2143 622 626 650 701 632 END
START 4508 16060 5060 -3118 640 2335 621 626 651 699 632 END
START 5688 15748 5552 -2819 -683 2322 621 626 652 700 632 END
START 6748 15464 5908 -2338 -1355 1751 621 627 651 700 632 END
START 6192 15704 6372 -1806 -1814 1086 621 625 646 701 634 END
START 5996 15876 6240 -1274 -3200 415 622 627 653 702 634 END
START 5300 14988 6004 -916 -4837 -220 621 627 653 701 635 END
START 3632 14648 5884 -720 -5853 -675 621 627 653 701 635 END
START 3304 15544 4788 -530 -6191 -1048 621 626 653 701 635 END
START 2348 15472 3932 -457 -5897 -1266 622 627 654 701 634 END
START 1448 14848 3436 -461 -5363 -1250 621 628 653 701 635 END
START 512 14108 2824 -461 -5090 -1001 622 627 653 702 635 END
START 724 13636 2896 -352 -5890 -569 621 628 653 700 635 END
START 1204 14888 2968 -390 -6571 462 622 627 653 701 635 END
START 1420 16784 3076 -681 -6896 1204 622 627 653 701 635 END
START 1232 15252 2692 -817 -6321 940 622 627 653 701 635 END
START 2360 13388 1840 -423 -5050 308 624 628 652 702 636 END
START 3876 16392 2240 -558 -4205 910 623 628 654 702 635 END
START 3572 14848 3336 -853 -3970 917 622 627 650 702 636 END
START 3832 13324 3148 -56 -3711 -241 623 628 653 703 636 END
START 4988 17556 4016 -202 -3913 -25 623 628 653 702 636 END
START 4592 13636 3252 114 -3898 -885 623 627 654 702 636 END
START 4316 15660 3284 496 -3949 -1050 623 627 653 701 636 END
START 6028 16476 3396 -86 -3290 -630 623 628 653 700 636 END
START 4160 13696 3892 351 -3339 -1517 623 627 652 702 635 END
START 4628 16228 1084 751 -5745 -1539 623 627 652 701 634 END
START -84 16396 5416 172 -10269 -1665 624 627 652 702 635 END
START 7436 13520 528 367 -9218 -2587 624 627 653 701 635 END
START 7336 15084 768 -69 -5258 -2909 624 627 652 702 636 END
START 7220 17864 2476 -845 864 -2325 621 627 652 702 636 END
START 3248 15412 1856 -1698 1528 -3321 624 627 651 701 634 END
START -1324 13720 4256 -1453 -4069 -4828 625 628 651 702 634 END
START 6300 16936 -248 -1766 -7640 -4729 625 627 653 702 634 END
START 4452 15308 1276 -2880 -7229 -5588 625 627 651 701 633 END
START 7652 12908 -136 -3366 -1333 -6875 625 628 652 698 634 END
START 3460 15120 2696 -4139 3916 -6560 626 627 652 702 633 END
START -1832 12464 3640 -4823 -3 -8113 626 628 651 702 634 END
START 32 11828 1956 -4190 -5693 -9501 626 628 652 702 633 END
START 1560 15168 2264 -4489 -9281 -9052 626 630 652 702 633 END
START 3128 12568 1296 -5143 -9744 -9816 626 628 652 702 633 END
START 2516 12924 3080 -5331 -8030 -10865 626 628 651 701 633 END
START 880 12748 4988 -6399 -5152 -11498 626 628 652 702 632 END
START 3636 11060 1220 -6014 -3655 -13343 626 628 651 702 633 END
START -2504 14788 5556 -6237 -5337 -13649 627 628 651 701 632 END
START -104 12336 2640 -6388 -6090 -15312 622 628 652 702 632 END
START 2628 15200 408 -6141 -4516 -15710 628 628 651 701 632 END
START -1668 12492 3480 -6868 -2724 -15603 628 629 652 702 632 END
START -4860 12084 3220 -6225 -2191 -16188 628 629 652 701 631 END
START -5624 14824 3604 -6906 -3600 -14725 627 629 653 702 633 END
START -15088 11344 9288 -6195 -2666 -13388 628 629 652 702 631 END
START -17664 14356 10800 -5770 -1224 -9843 629 630 653 702 628 END
START -17716 11228 9724 -3850 -1183 -7323 629 629 652 702 630 END
START -13644 14576 7844 -3432 -3917 -3566 629 630 652 702 629 END
START -9420 14076 5452 -1679 -3534 -1816 628 630 653 702 630 END
START -7880 13168 5396 -1956 -1259 -491 628 630 653 702 630 END
START -7268 16408 3520 -1172 1658 564 629 630 653 700 630 END
START -4508 12912 4328 -1620 2691 435 627 630 652 700 630 END
START -5656 14696 5372 -846 1055 445 628 630 652 702 631 END
START -1412 13988 4012 -1462 -1214 566 627 630 652 701 629 END
START -5800 12576 7656 -609 -2356 -224 628 629 652 702 630 END
START -5720 15888 8388 -1057 -1926 261 629 630 653 702 630 END
START -244 12192 3860 -635 676 -617 628 630 651 703 630 END
START -3448 16132 7448 -359 1322 -227 628 629 652 702 630 END
START -6040 13260 7528 -810 740 -590 628 628 651 702 630 END
START -2808 13004 4600 88 1001 -1111 629 628 650 702 629 END
START -9136 14872 10040 -262 -681 -408 629 628 650 701 628 END