START 8724 13892 2992 -1153 5812 2385 637 604 594 670 595 END
START 8844 14084 3216 -1178 5218 1982 637 604 595 671 595 END
START 9276 14028 3984 -1269 3923 949 636 604 594 671 596 END
START 9064 14072 4432 -1210 2491 -124 637 605 595 670 595 END
START 9516 14356 4196 -1159 1173 -1213 637 605 595 671 595 END
START 9428 14804 4096 -1367 1344 -1690 637 604 596 671 596 END
START 8156 14572 4312 -1560 1747 -2048 637 607 596 672 596 END
START 7312 14984 4324 -1753 1232 -2025 638 607 596 671 597 END
START 7160 14552 4296 -1686 -105 -1991 637 606 596 671 596 END
START 6268 13984 4724 -1663 -1592 -2082 636 606 596 672 597 END
START 6188 13644 4956 -1665 -2371 -2200 635 607 596 672 597 END
START 5940 13864 4528 -1534 -2301 -2201 634 607 596 672 599 END
START 5868 13704 4064 -1493 -2357 -2248 634 607 596 672 598 END
START 6376 13368 4276 -1321 -2408 -2368 631 607 596 673 599 END
START 6468 13496 4508 -904 -2503 -2512 628 607 598 674 600 END
START 6892 15616 4060 -906 -2760 -2093 627 607 599 676 601 END
START 5884 15400 4468 -1294 -3845 -1753 624 607 601 677 602 END
START 6200 12804 3668 -1021 -4430 -2357 623 608 603 679 604 END
START 7484 16160 3532 -839 -3999 -2113 622 608 604 680 606 END
START 7024 15232 4448 -1241 -3645 -1966 621 608 607 681 607 END
START 6524 13192 4436 -713 -2663 -2676 620 609 609 682 608 END
START 1284 16184 6660 -1149 -5025 -2123 619 610 609 683 609 END
START 10532 12700 -564 -362 -5690 -3217 619 610 610 683 610 END
START 6612 18108 4856 -645 -6351 -2293 619 611 611 683 611 END
START 540 13232 7584 -906 -5421 -2530 622 610 612 683 612 END
START 14620 14592 -4856 -695 -1896 -2998 620 611 612 685 611 END
START 3964 14792 4452 -1933 -1553 -2493 621 611 613 684 612 END
START -1164 13128 6924 -1682 1006 -3249 621 611 614 684 613 END
START 12900 15936 -2920 -1914 1321 -2620 621 611 613 685 613 END
START -1284 12944 8060 -1685 -3888 -3572 622 610 613 684 612 END
START 3272 15200 5000 -1339 -6211 -3360 623 611 613 685 613 END
START 15080 14148 -3496 -2154 -3404 -3605 622 612 614 685 612 END
START 13164 14616 -3196 -2044 103 -4418 622 611 612 685 613 END
START -3480 15596 9984 -3041 84 -4113 623 610 614 685 613 END
START 7212 12268 132 -2478 -83 -5343 624 611 614 685 613 END
START -4208 15844 9708 -1970 -7178 -5392 624 611 614 686 613 END
START 11160 13996 -1588 -2631 -8391 -5475 624 610 613 685 613 END
START 13052 14780 -4904 -2195 -6213 -6083 625 611 614 685 613 END
START 2768 15148 4836 -3280 -3641 -5672 625 611 613 685 613 END
START 1808 12544 3896 -2949 59 -6594 625 610 614 685 613 END
START -1908 16700 6828 -2793 3 -5972 626 610 613 686 613 END
START -844 13024 4300 -3028 -4320 -6469 625 610 613 685 613 END
START 6928 14056 -2068 -2479 -9450 -6822 628 609 613 685 613 END
START -2352 14112 6748 -3367 -11439 -6393 625 610 613 685 614 END
START -1632 12488 5884 -3392 -7274 -7350 626 608 612 685 613 END
START 3756 14740 2668 -4156 -2440 -7107 626 609 613 685 613 END
START 7472 10596 -1580 -4235 -1775 -8221 626 607 612 684 612 END
START -3084 14996 7612 -4372 -5375 -8110 625 609 612 685 613 END
START 4008 11240 1368 -5118 -8340 -8932 627 608 612 684 612 END
START 6480 12684 -2092 -4976 -7829 -9827 625 607 611 684 612 END
START 6576 12300 -168 -6612 -7448 -10696 626 607 612 684 612 END
START -704 12316 4656 -6940 -3862 -12597 626 607 611 683 612 END
START 3364 13188 2928 -8470 1090 -13496 627 606 611 684 613 END
START 6772 10008 -788 -8522 5496 -14802 626 607 610 684 612 END
START -1416 13936 5212 -9205 3493 -14944 626 605 610 683 612 END
START -1120 10268 5164 -9708 -682 -16524 626 605 609 683 612 END
START -4956 13864 7876 -9945 -3057 -16775 625 605 609 683 612 END
START -1856 10516 5988 -10910 -1448 -18687 625 605 609 683 613 END
START 3324 15172 2836 -11747 4249 -18427 626 605 609 683 612 END
START -2840 9124 5068 -12010 6665 -19241 626 606 611 684 612 END
START -11616 12768 11100 -11470 5811 -18280 627 607 611 684 612 END
START -16316 7996 12244 -10227 1483 -16680 627 608 613 684 612 END
START -18656 10980 15112 -9506 -360 -12596 627 610 614 684 613 END
START -18292 10976 13620 -6389 2424 -8534 629 610 614 685 613 END
START -18780 7548 12632 -4445 3327 -4738 627 611 613 686 614 END
START -17584 13688 13700 -2703 3119 -413 628 610 615 685 613 END
START -14372 14268 11752 -374 2236 1825 627 611 615 683 612 END
START -11876 10696 10800 182 1078 2733 628 612 616 685 613 END
START -7000 13916 8508 -251 927 3928 627 611 615 685 614 END
START -8652 13916 8428 353 1947 3759 628 611 615 685 614 END