START 4532 15016 2332 -2507 -4530 -8152 616 584 608 679 614 END
START 4484 14896 2184 -2477 -3968 -8175 615 584 608 679 614 END
START 3748 15080 2756 -2510 -2735 -8090 616 584 608 679 614 END
START 2824 14752 2872 -2477 -1740 -7979 616 584 608 680 614 END
START 1800 14652 2940 -2433 -797 -7694 617 584 608 679 614 END
START 1392 14788 2252 -2361 -168 -7514 617 584 608 679 613 END
START 1096 15108 2272 -2537 496 -6899 617 584 608 678 614 END
START 828 15684 2516 -2431 185 -6411 618 584 608 679 614 END
START 340 14580 3140 -2557 -1096 -6242 611 585 608 679 614 END
START 208 14168 3244 -2780 -2472 -6081 618 584 608 680 614 END
START 584 14776 3252 -3011 -3153 -5838 618 585 607 680 610 END
START 956 14852 3268 -3082 -2866 -5829 618 585 607 681 614 END
START 1052 14560 3048 -3091 -1562 -5940 619 585 608 679 614 END
START 1220 13944 2576 -2994 365 -6149 619 585 608 679 615 END
START 1144 14308 2668 -2751 2043 -6187 618 585 608 679 614 END
START 112 15524 3660 -2673 2469 -5756 620 585 608 680 614 END
START -1708 16324 5004 -2783 699 -5411 619 585 607 680 615 END
START -2052 13664 4304 -2579 -2088 -5683 620 586 608 680 615 END
START -216 15652 3552 -1819 -3027 -5393 619 585 608 679 614 END
START -756 15804 4300 -2523 -3022 -4791 619 585 608 680 614 END
START -4 13676 2764 -2006 -988 -5376 620 587 608 680 614 END
START -824 16832 4336 -2332 34 -4610 619 585 608 680 615 END
START -1708 13004 3956 -2310 456 -5213 621 585 608 678 614 END
START -1928 17292 4748 -1974 74 -4269 619 585 608 680 614 END
START -2628 12904 4344 -2064 -1869 -4697 620 585 608 680 615 END
START -3260 16800 6188 -1990 -3085 -3791 620 586 607 679 614 END
START -3416 12804 5408 -1844 -3366 -4658 620 585 608 680 614 END
START -932 16040 4248 -2292 -2462 -4096 621 585 608 680 614 END
START -1912 12948 4612 -1936 -1113 -4774 620 585 608 679 615 END
START -3536 15704 6048 -2419 -1522 -4143 620 585 608 679 614 END
START -2616 13056 4848 -2018 -1185 -4896 621 586 608 679 614 END
START 852 16076 3432 -2184 -1271 -4031 621 585 607 679 614 END
START -3964 13080 6616 -2100 -2158 -4961 621 585 607 680 614 END
START -480 15672 3384 -1545 -1063 -4680 621 585 607 679 614 END
START -1784 14124 4256 -2155 -1562 -5060 622 585 607 679 614 END
START -1484 14240 2852 -1513 -1264 -5691 622 586 607 680 614 END
START -3368 15344 6180 -2176 -1315 -5186 622 585 607 680 614 END
START -2364 12088 4296 -1914 -473 -6029 622 585 607 679 614 END
START -1068 16016 4508 -1752 -430 -5647 624 585 607 679 614 END
START -5464 13508 6080 -2231 -2405 -6119 623 586 607 680 614 END
START -3196 13260 4428 -1646 -3049 -6729 622 585 607 679 614 END
START -2120 14660 4632 -2507 -3136 -6596 622 585 608 680 614 END
START -292 12072 2884 -2324 -3509 -7780 622 585 609 679 615 END
START -4012 15596 6088 -2895 -4228 -7951 622 584 607 680 614 END
START -768 12636 2540 -3705 -4849 -9649 622 584 607 680 615 END
START -1380 13540 3408 -3508 -3775 -11210 622 583 607 679 614 END
START -872 13116 5072 -4909 -521 -12462 621 584 608 680 613 END
START -1936 9860 3828 -4560 4347 -13700 622 585 608 679 615 END
START -6388 13540 5848 -5157 5258 -12934 622 585 609 679 614 END
START -13212 8996 7600 -4932 1844 -13194 623 586 609 680 615 END
START -12020 12316 6788 -4672 -1502 -11002 623 587 609 680 615 END
START -13288 7752 6204 -3762 -3064 -9235 623 587 611 681 615 END
START -13860 11420 8012 -3522 -1791 -5750 624 589 611 681 616 END
START -12412 8948 6176 -1915 972 -4272 624 588 610 680 616 END
START -13400 11672 7724 -2071 3227 -1923 623 589 611 680 616 END
START -10808 13520 3600 -608 5118 -1094 623 588 611 681 616 END
START -12408 10176 7036 -625 1916 -929 623 586 611 680 616 END
START -8112 15356 5968 -671 -222 -132 624 589 611 681 616 END
START -7336 10320 4664 -418 -202 -1068 624 589 611 682 615 END
START -6752 13196 5784 -1685 680 -519 623 588 611 681 617 END
START -7044 14880 6324 -1289 2129 -615 625 588 612 680 615 END
START -6380 9940 5056 -1692 2153 -1092 623 589 612 680 615 END
START -11512 13704 9624 -2028 -354 -273 624 589 611 680 615 END
START -11616 10980 7640 -1011 -962 -597 624 589 611 680 615 END
START -8144 10468 6120 -1399 -1042 -355 623 588 611 680 616 END
START -8168 12092 4052 -278 282 -146 626 588 609 679 614 END
START -8864 11120 6268 -805 631 28 624 585 606 678 612 END
START -7700 9472 5176 42 2724 -274 624 583 602 675 609 END
START -7900 13304 6248 -240 4454 699 623 580 596 671 605 END
START -7864 10152 5292 -210 4903 319 621 577 586 665 601 END