START 6804 14828 1288 90 1056 2228 604 595 618 686 616 END
START 7272 14944 968 -62 1178 2065 603 595 617 687 617 END
START 7316 14988 936 -493 1998 1741 604 596 620 687 617 END
START 6840 14972 1496 -938 1979 1188 605 596 620 687 618 END
START 7184 14916 1628 -1206 1665 531 604 596 620 688 618 END
START 6424 14756 2204 -1404 1214 32 605 596 620 688 619 END
START 6140 15084 2436 -1471 464 -476 605 596 621 688 619 END
START 6252 15296 2320 -1538 586 -867 606 598 621 688 620 END
START 4964 15212 2492 -1520 481 -985 606 596 622 688 620 END
START 4576 14548 3080 -1574 -380 -1036 606 597 622 689 620 END
START 4840 15060 2788 -1624 -111 -767 606 597 622 689 620 END
START 5064 15672 2368 -1556 568 -524 607 596 622 688 620 END
START 5052 15896 2684 -1481 340 -503 606 597 622 688 621 END
START 5096 15972 2892 -1292 -343 -626 607 597 621 689 621 END
START 5564 16008 2676 -1065 -745 -826 607 596 621 689 621 END
START 5292 16124 2684 -1009 -991 -899 608 596 622 689 621 END
START 4884 15704 2840 -1021 -1340 -1140 607 595 622 689 621 END
START 4516 13848 2604 -864 -1508 -1819 608 596 621 690 622 END
START 5132 13992 2052 -499 -1597 -2506 608 594 621 687 621 END
START 5100 16836 2132 -785 -1494 -2041 609 594 621 684 621 END
START 4056 14984 2500 -1090 -1336 -2245 607 594 621 689 622 END
START 4380 13888 2012 -408 -1020 -2871 609 593 621 689 622 END
START 3524 16820 2760 -964 -2212 -2057 610 593 621 690 623 END
START 4396 12932 1632 -567 -2201 -2941 610 593 617 689 622 END
START 4340 17100 2704 -985 -2064 -2117 609 592 620 689 622 END
START 3536 12632 1836 -516 -2084 -3011 610 591 619 689 622 END
START 2584 17624 2684 -955 -3778 -2363 610 590 618 688 622 END
START 4032 13572 1440 -241 -4329 -3524 610 590 618 689 622 END
START 2928 15248 3072 -953 -4587 -2828 611 589 618 690 622 END
START 3760 14300 1292 185 -3567 -3576 608 589 618 689 621 END
START 5052 14248 936 -470 -4156 -3411 611 589 618 689 621 END
START 952 14164 2976 189 -5528 -3820 611 588 617 689 621 END
START 732 15772 3436 -552 -7955 -3480 611 589 617 690 621 END
START 7520 13380 -1016 -208 -7723 -4484 611 589 617 689 621 END
START 2468 18264 4596 -482 -8873 -4542 611 588 617 690 621 END
START 3968 14500 812 -1090 -6722 -5084 610 588 616 689 621 END
START 9832 14280 -4104 -1140 -5948 -6008 611 588 615 689 620 END
START -3652 17124 6724 -2093 -6446 -5396 606 588 616 689 620 END
START 5220 14052 -644 -2175 -5578 -6226 611 588 615 688 619 END
START 2572 16084 -920 -1800 -6114 -6454 612 588 615 689 619 END
START -1800 16596 4328 -2692 -7348 -6046 612 588 615 689 615 END
START 1308 13644 2312 -2512 -5608 -6697 611 587 613 688 619 END
START 4444 16644 896 -2177 -3871 -6498 612 588 614 688 619 END
START -1160 16580 3816 -3010 -4385 -5961 613 587 614 689 619 END
START -788 13708 2828 -2597 -5680 -6606 613 586 613 688 617 END
START 3256 16616 2132 -2262 -6821 -6560 613 586 613 688 618 END
START 3508 15820 756 -3186 -6875 -6217 615 586 612 688 618 END
START 4372 13624 120 -3022 -4450 -6829 613 585 611 688 617 END
START 1036 16260 -424 -2826 -3471 -6836 614 585 610 688 618 END
START 28 16440 2276 -4027 -5009 -7053 614 585 610 688 617 END
START 2064 13444 796 -4024 -5185 -7641 613 584 603 687 618 END
START 1160 14896 52 -3877 -4527 -8082 613 584 608 687 617 END
START -360 16376 2948 -4876 -3870 -8098 612 584 608 687 617 END
START -448 13864 2388 -4823 -2907 -8775 612 584 608 687 618 END
START -408 15832 532 -4402 -2915 -9543 613 584 607 687 617 END
START -888 16152 3088 -5311 -3141 -9385 614 585 605 687 617 END
START 96 13048 2012 -5182 -2805 -10170 613 585 608 688 617 END
START 92 14316 1416 -4771 -2663 -10842 613 584 608 687 617 END
START -704 15740 3348 -5448 -1156 -10973 613 584 608 687 618 END
START -908 13356 2304 -5095 1771 -11983 613 583 607 686 617 END
START -3700 15476 1460 -4672 2380 -12277 613 585 608 687 618 END
START -5760 14328 4420 -5401 226 -12458 614 586 608 687 618 END
START -5544 11172 3236 -4610 1090 -13037 614 585 607 687 618 END
START -5740 15440 4732 -4703 4189 -11786 615 586 610 687 618 END
START -11776 11680 6292 -4468 4653 -10493 615 587 610 687 618 END
START -14784 12740 6224 -3097 326 -9143 614 588 611 687 619 END
START -9404 13248 4604 -3175 -2398 -6904 615 588 611 687 619 END
START -12688 10280 7016 -1778 -797 -5551 616 590 612 687 619 END
START -12332 14160 7120 -1390 2482 -2779 615 589 613 688 619 END
START -13392 10952 6092 -801 3399 -1647 616 590 613 687 618 END