START 9392 4392 4360 8108 -11698 14688 516 0 639 689 625 END
START 9712 4752 4264 7904 -10610 14691 520 0 641 689 625 END
START 10552 5596 5996 6884 -8204 14013 515 0 639 689 624 END
START 11028 6496 5656 5214 -6944 12035 519 8 640 696 625 END
START 10684 6664 4816 3608 -6858 9990 518 0 640 689 625 END
START 13320 7284 4048 2353 -7034 7368 523 0 641 688 625 END
START 14852 8128 2448 1347 -5692 6289 518 0 641 690 624 END
START 14188 8708 5392 295 -4597 4856 518 0 643 694 624 END
START 13552 11492 5644 -675 -5159 3673 521 0 639 688 620 END
START 14772 10404 6244 -1159 -4155 498 520 0 642 690 625 END
START 14876 9488 5020 -1803 -1284 -814 520 0 641 690 628 END
START 13624 9468 4260 -2764 1338 -1168 521 0 641 690 626 END
START 11036 8916 5512 -2875 2549 -213 520 0 641 690 625 END
START 8792 9224 9360 -2524 1224 6 521 0 636 689 625 END
START 8080 8884 10148 -2226 -742 -530 522 0 641 690 625 END
START 8964 9460 8820 -1629 -290 -1188 521 0 640 692 625 END
START 9720 11996 9032 -1441 2386 -696 521 0 639 690 625 END
START 7876 11252 10632 -2207 4579 1033 521 0 638 689 624 END
START 5212 7900 11936 -2174 3488 1554 522 0 637 690 625 END
START 4140 8324 11600 -898 238 1431 523 0 638 690 626 END
START 6972 12164 11788 -930 -1916 1938 522 0 638 690 624 END
START 8120 8776 10896 -1024 -3131 1676 521 0 637 690 625 END
START 11128 7168 9276 -555 -1218 333 508 0 635 688 624 END
START 11796 10128 3100 -47 3706 1393 520 0 635 689 624 END
START 7600 9816 11304 -1090 4574 2386 521 0 636 690 621 END
START 5856 6928 11688 -795 1589 1267 520 0 637 690 621 END
START 6396 7316 9836 47 -2042 584 520 0 634 689 625 END
START 11768 11088 6892 1015 -1755 224 522 0 634 689 624 END
START 8416 9268 11472 -140 -1330 893 519 1 634 689 625 END
START 10940 7056 8968 -150 1412 -318 519 0 634 690 627 END
START 8736 6936 10232 74 1797 -835 519 0 634 688 625 END
START 8256 9908 5104 776 2804 -639 519 0 633 690 624 END
START 8804 10868 11180 -174 907 -393 519 0 633 689 625 END
START 8984 8740 10376 -134 -1220 -1214 521 12 634 690 625 END
START 9492 8000 9668 315 -1577 -1681 523 0 633 689 625 END
START 10016 12740 10276 921 -431 -1067 521 1 631 689 625 END
START 8420 10120 11912 341 -2507 -1053 520 0 630 688 625 END
START 10364 8844 11272 753 -4716 -2515 520 0 631 689 625 END
START 12424 11924 3672 1873 -4658 -3080 522 1 631 688 625 END
START 13196 12344 9448 808 -4248 -3084 524 0 630 689 625 END
START 14016 10348 9868 300 -4198 -4455 521 0 629 689 625 END
START 12788 8808 5984 784 -2307 -6679 518 0 624 688 625 END
START 15268 12740 4072 876 1475 -7012 522 0 626 687 625 END
START 13108 12252 7444 -570 4040 -7335 522 13 625 687 625 END
START 12040 11080 9176 -1734 5111 -8241 524 0 624 687 622 END
START 10304 8240 5664 -2259 3931 -10531 522 0 623 687 625 END
START 12176 10632 2112 -2056 2582 -12468 522 0 623 691 625 END
START 11680 11492 6372 -3589 2634 -13545 522 0 624 687 631 END
START 14704 7348 3752 -4713 5195 -15119 523 0 624 686 624 END
START 11508 7144 3376 -5284 8774 -17888 517 1 625 687 625 END
START 12220 10680 4304 -6059 12105 -19505 524 1 625 685 625 END
START 9108 9548 8324 -8175 11152 -21049 524 0 625 686 624 END
START 8572 6544 7168 -9975 8939 -24566 526 0 635 686 626 END
START 8172 6436 6300 -10982 8105 -28204 531 0 628 686 626 END
START 7344 9660 7152 -11933 10326 -28025 528 0 630 687 627 END
START 2408 5280 7716 -14135 6640 -28076 528 9 630 687 626 END
START -2900 568 10296 -13588 1924 -29138 528 3 631 687 627 END
START -4060 1056 10220 -11481 3411 -28781 527 0 631 687 627 END
START -6776 -540 14936 -11849 7559 -28545 512 0 631 686 627 END
START -11412 -992 15492 -10990 13707 -27043 527 0 631 687 627 END
START -19848 504 16844 -10241 7599 -20807 527 0 632 688 628 END
START -22444 -3648 11376 -6922 -9096 -17032 526 1 630 687 628 END
START -18624 348 18304 -4011 -19075 -16513 530 0 634 687 627 END
START -6580 -1456 13352 -1950 -10389 -15111 523 0 633 687 628 END
START -6168 -524 16356 -1229 3788 -7501 528 0 633 688 628 END
START -11800 3580 12616 1290 10431 -3751 527 1 631 687 629 END
START -14484 3836 17344 1392 5617 -1932 517 0 632 687 628 END
START -9120 4432 14252 2427 732 -2594 528 0 632 687 628 END
START -5516 7176 16676 1402 21 -968 527 0 633 688 628 END
START -5936 3520 15188 808 1667 -461 527 0 632 687 628 END