START 5864 14420 2760 -478 -599 303 626 602 616 682 610 END
START 5792 14340 2988 -460 -893 228 626 603 615 682 609 END
START 6988 14416 2028 -533 -1326 38 622 602 615 682 609 END
START 7712 14200 1792 -731 -318 140 627 603 616 683 610 END
START 6836 14300 2412 -859 80 127 628 602 616 683 610 END
START 6696 14224 2872 -1015 -388 -176 628 603 615 683 610 END
START 6952 14176 2992 -1105 -1057 -631 628 603 615 683 610 END
START 7292 14336 2660 -1150 -2156 -1453 627 602 615 682 611 END
START 7652 14612 2248 -1220 -3142 -2195 627 602 615 683 610 END
START 8676 14688 2104 -1238 -3061 -2926 627 602 615 683 611 END
START 8152 14228 2924 -1398 -2320 -3522 628 604 615 683 610 END
START 7608 14676 3572 -1418 -1688 -3904 626 602 615 682 610 END
START 7260 15412 2948 -1179 -2767 -4406 626 603 615 684 611 END
START 5980 15980 2344 -1029 -4398 -4638 625 604 615 684 612 END
START 5664 16264 2200 -848 -6231 -4769 625 603 616 684 611 END
START 5764 16236 2504 -872 -7541 -4567 627 603 616 684 612 END
START 5756 15168 2608 -866 -7503 -4228 625 604 617 684 613 END
START 4940 14168 2576 -912 -6967 -4083 625 604 617 684 612 END
START 3576 13436 1680 -602 -6882 -3952 626 605 617 685 612 END
START 4044 16704 1740 -683 -7805 -3143 626 604 617 686 614 END
START 4292 14860 1332 -1180 -8091 -2654 625 604 617 685 613 END
START 5108 14180 920 -735 -7206 -2966 625 604 617 685 613 END
START 5092 16736 1716 -1466 -6838 -2125 626 604 617 686 610 END
START 6048 12736 896 -1209 -5715 -3106 626 605 617 685 613 END
START 5068 17148 1924 -1927 -5414 -2230 627 605 617 686 613 END
START 4636 13544 772 -1570 -6144 -3753 626 604 616 685 613 END
START 3084 16024 2116 -2187 -7460 -3609 626 605 617 685 612 END
START 6648 13468 428 -1773 -6761 -4895 627 605 617 686 613 END
START 8136 17656 1064 -2413 -5059 -4289 628 604 616 687 613 END
START 136 13860 4936 -2635 -4029 -5337 628 604 616 685 612 END
START 7844 15852 -1780 -2682 -1140 -5836 628 604 616 686 613 END
START 5652 14008 -852 -3579 665 -6175 629 604 615 685 613 END
START -5528 13628 6740 -3382 -3553 -6879 628 605 615 686 612 END
START 5680 15908 -580 -4245 -5044 -6393 628 604 616 685 612 END
START 8056 12540 -1664 -4384 -3612 -6819 629 604 614 685 612 END
START 7388 16664 684 -4475 -2203 -6927 629 606 615 686 612 END
START 11792 14696 -3848 -5643 3336 -7459 630 604 615 685 612 END
START 8260 13244 -3360 -5342 6442 -8568 629 603 614 685 611 END
START -5532 14928 6632 -5795 3530 -8151 630 603 614 685 612 END
START 248 11236 2172 -5703 -877 -9228 631 604 614 686 611 END
START -1988 14192 1584 -5352 -4796 -9154 631 603 613 685 610 END
START 664 13456 2876 -6607 -4917 -9076 630 603 613 685 610 END
START 4056 12052 1396 -6493 -877 -10330 630 602 613 686 611 END
START 2708 15424 2628 -6975 3532 -10292 631 603 613 686 611 END
START -1504 11496 4184 -6836 4207 -11864 630 602 613 684 611 END
START -2512 15252 4912 -6554 1557 -11546 631 603 613 685 611 END
START -292 12300 2668 -6955 -2280 -12063 632 603 612 684 611 END
START 1212 14796 1008 -6730 -3180 -11868 631 602 612 684 610 END
START -712 12472 3660 -7747 -2289 -12319 632 601 612 685 611 END
START -224 14036 2072 -7116 1948 -13000 632 600 611 684 610 END
START -1976 12652 2704 -7831 3431 -13154 632 600 610 684 611 END
START -5584 12832 4720 -7235 1674 -13742 632 601 611 683 611 END
START -4856 14460 4800 -7830 -894 -13140 631 600 610 683 611 END
START -4228 12012 3828 -7120 -395 -13661 631 600 611 684 611 END
START -4864 14704 5460 -7865 1111 -13119 631 599 610 683 610 END
START -8168 11304 6012 -7400 2760 -13746 630 598 610 683 611 END
START -8912 13940 7440 -7742 979 -12882 630 600 610 683 611 END
START -8852 10436 6120 -7030 -1 -12813 630 600 610 683 611 END
START -13500 13548 10480 -7045 -767 -10927 630 599 611 683 611 END
START -15536 8892 10604 -5842 1706 -10237 630 600 611 683 611 END
START -13700 11976 9796 -5573 3569 -7777 629 600 611 683 612 END
START -14440 10516 7940 -3502 4017 -5835 630 599 611 683 611 END
START -16700 10604 9992 -2858 1959 -3196 629 600 610 683 612 END
START -14532 13816 9308 -1024 671 -802 629 599 610 683 612 END
START -9792 10012 5140 -510 1314 495 629 597 610 683 612 END
START -13084 15136 9460 64 1520 2362 629 595 609 683 612 END
START -7184 10836 5192 101 3281 2340 629 593 605 682 612 END
START -9600 15112 8388 -155 4549 3469 629 592 602 681 609 END
START -9088 11192 7572 17 5195 2720 629 589 598 677 607 END
START -9964 14608 9220 -242 3799 3459 628 587 592 672 605 END