START 8324 13984 3840 -1544 6104 3898 624 591 607 686 612 END
START 7944 13596 4064 -1473 5925 3618 623 592 607 686 612 END
START 7932 13972 3704 -1369 5714 2821 623 591 608 686 614 END
START 7492 14060 2992 -1389 5111 1874 623 592 609 686 614 END
START 7992 14016 2828 -1310 4673 1276 622 593 609 686 615 END
START 7516 13844 2948 -1151 4304 944 621 594 609 686 616 END
START 5736 13736 4272 -953 2617 663 620 594 609 687 616 END
START 5920 13504 4532 -648 911 667 621 593 610 687 617 END
START 7264 14052 3708 -354 254 651 619 594 610 686 618 END
START 6648 14360 3492 -398 1046 892 619 595 610 687 618 END
START 6404 14784 3588 -183 1003 890 618 595 610 687 618 END
START 7108 13708 4028 289 -638 311 618 595 610 688 619 END
START 7312 12728 4032 821 -2552 -129 618 595 611 687 619 END
START 8716 12632 3684 1247 -3436 -492 618 596 611 687 618 END
START 8372 12948 3472 1456 -3252 -950 618 596 612 687 620 END
START 9104 13360 3464 1533 -2683 -1484 618 596 612 687 620 END
START 8824 14876 3228 1373 -1964 -1514 617 596 612 687 620 END
START 8192 15524 3140 823 -1904 -1340 620 596 613 687 621 END
START 6960 13140 3368 531 -2156 -1709 618 596 612 686 621 END
START 7616 12704 2536 543 -1605 -2028 618 596 612 688 621 END
START 7540 15840 2864 9 -971 -1220 619 597 612 684 621 END
START 6316 13848 2828 -643 -1141 -1452 620 596 612 688 621 END
START 7416 13664 1720 -627 -406 -1693 620 596 612 688 621 END
START 5964 14824 2844 -1680 -656 -972 618 596 612 688 621 END
START 7328 12704 2396 -1467 -180 -1810 618 597 612 688 621 END
START 7024 14692 4544 -2242 -726 -1181 620 596 612 688 621 END
START 9036 14120 3728 -1419 -275 -2250 619 597 612 688 621 END
START 7668 12580 5096 -1834 -1188 -2646 619 597 612 689 621 END
START 9140 15704 4956 -1300 -2052 -3213 619 595 612 688 621 END
START 9772 12348 3596 -709 -4229 -5027 620 597 613 688 620 END
START 8288 12996 4464 -1354 -7697 -5592 620 596 612 689 620 END
START 9388 16880 3908 -1283 -9029 -6349 621 597 612 689 620 END
START 13464 11916 -1520 -1440 -8178 -8365 620 597 612 688 620 END
START 10304 14284 676 -2650 -8153 -8923 621 598 612 688 620 END
START 7520 15408 1060 -2651 -7864 -10027 622 598 612 688 618 END
START 6804 13852 2024 -3959 -7708 -10237 622 599 614 690 615 END
START 7672 15632 668 -3975 -5181 -10158 622 599 614 689 619 END
START 3312 14312 2932 -5113 -4339 -9848 622 599 613 688 618 END
START 3428 14980 1216 -4898 -2184 -10216 624 600 614 689 618 END
START 2120 14360 3532 -5895 -238 -10117 623 601 614 689 618 END
START 2356 14640 60 -4845 2060 -10885 623 600 614 689 618 END
START 1076 15196 3256 -5003 1962 -10487 624 601 613 689 618 END
START 816 13016 2888 -4261 948 -10887 625 601 614 690 618 END
START -204 16748 4436 -4256 -699 -9603 625 601 614 689 617 END
START 112 12996 3060 -4164 -2470 -9703 625 603 614 689 619 END
START 1208 15372 1604 -3494 -3489 -9299 625 602 614 690 618 END
START 5112 14256 156 -4101 -3674 -9032 626 602 613 689 618 END
START -2368 13472 5252 -3703 -3226 -9413 624 602 613 688 618 END
START -2636 16268 5436 -4127 -1046 -8921 626 600 613 689 618 END
START -1180 13512 3652 -4000 1832 -9618 627 603 613 688 617 END
START 7052 17248 -156 -3983 301 -9334 627 602 613 689 618 END
START 1584 14268 1648 -4526 -2495 -9286 627 602 613 688 617 END
START -88 12660 2860 -4154 -4862 -9794 627 601 612 689 618 END
START -2752 16008 6240 -4606 -4826 -9229 628 602 612 689 618 END
START 1236 13356 2768 -5090 -2881 -9999 626 601 612 688 614 END
START -172 14656 1076 -4832 -698 -10506 628 602 612 686 618 END
START -528 14572 3812 -5784 935 -10809 628 601 612 688 618 END
START -3328 11696 5344 -5442 1016 -11820 628 602 611 690 618 END
START -1404 15180 4920 -5480 -508 -11365 627 602 611 688 617 END
START -3748 11700 4940 -5646 -1277 -12000 628 602 612 688 618 END
START -3368 14168 5092 -5255 732 -11761 627 601 611 687 617 END
START -5924 12796 6088 -6014 1849 -12116 627 601 611 688 617 END
START -4192 11728 3952 -5250 3484 -11554 627 602 613 688 617 END
START -7960 11732 6092 -5107 1135 -10711 621 604 613 687 617 END
START -10800 9812 7432 -3984 -3170 -10063 627 602 613 688 618 END
START -11004 12888 8552 -4448 -4586 -7953 627 603 612 688 617 END
START -7492 10948 6208 -3296 541 -7041 627 602 612 689 618 END
START -11300 11004 8708 -2998 5372 -5148 628 603 612 688 618 END
START -10712 12336 8136 -915 4507 -4008 627 602 611 688 617 END
START -11776 9648 7668 -90 -1047 -2899 627 602 612 689 617 END