START 2224 14772 4352 -1176 -355 357 614 589 620 656 606 END
START 2192 14760 4336 -1177 -500 386 613 589 620 657 605 END
START 2460 14636 4380 -1164 -524 364 613 589 620 656 606 END
START 2748 14652 4020 -1162 -121 236 614 590 621 656 606 END
START 2496 14628 4136 -1182 173 163 613 590 620 657 606 END
START 2500 14696 4372 -1155 241 147 613 590 620 656 606 END
START 2528 14900 4588 -1159 261 101 611 589 620 657 606 END
START 2476 14968 4556 -1124 277 115 611 589 620 657 606 END
START 2672 14792 4536 -1194 54 193 612 589 620 657 606 END
START 2660 14636 4696 -1149 -118 174 612 589 620 657 606 END
START 2964 14860 4456 -1073 92 218 613 590 620 655 606 END
START 2808 14648 4540 -1164 16 1 612 590 620 657 606 END
START 2900 15124 4688 -1165 314 36 612 589 619 656 606 END
START 3300 14776 4576 -1170 -184 -255 612 590 620 657 606 END
START 3172 14392 4640 -1267 -1088 -468 612 589 620 656 606 END
START 2492 13612 4428 -1339 -1655 -768 613 590 620 657 606 END
START 2168 13864 5320 -1469 -1488 -832 612 590 620 657 606 END
START 1268 13796 5684 -1544 -1216 -1013 612 590 620 657 606 END
START 1092 13500 5056 -1503 -1066 -1302 613 590 621 657 605 END
START 2360 12448 3932 -1362 -1155 -1603 612 589 620 657 606 END
START 1676 14180 4172 -1251 -1616 -1534 612 590 619 657 606 END
START 3564 15096 3636 -1168 -1625 -1282 613 590 620 657 607 END
START 2796 15228 4300 -1001 -1378 -1031 612 590 620 657 606 END
START 4276 15724 3412 -928 -1034 -931 613 590 620 657 606 END
START 3208 16400 4200 -1013 -1257 -973 612 589 620 657 606 END
START 4524 16400 4164 -1201 -1812 -1272 612 590 620 657 606 END
START 4136 16048 5364 -1307 -3034 -1795 613 590 620 655 606 END
START 4864 15784 5156 -1470 -4889 -2740 613 590 620 657 606 END
START 4104 15316 5992 -1619 -6832 -3921 613 589 620 657 606 END
START 3016 13816 6232 -1555 -8016 -5341 613 591 620 658 607 END
START 3656 13416 4208 -1303 -8075 -6989 613 591 619 657 606 END
START 3216 13092 3420 -1029 -7126 -8398 613 590 619 657 606 END
START 3840 14428 2708 -1070 -6335 -9430 613 591 620 657 606 END
START 3452 14748 3932 -990 -5686 -9969 615 591 620 657 607 END
START 2640 14780 4556 -770 -5548 -10271 614 591 620 657 606 END
START 2840 15664 4200 -541 -5006 -10558 614 590 620 658 607 END
START 1672 16256 4476 -455 -4550 -10816 614 590 620 658 607 END
START 2352 16092 3272 -494 -3596 -10832 614 590 620 658 607 END
START 704 15800 4548 -694 -3406 -10684 614 591 620 658 607 END
START 856 15528 5388 -718 -3437 -10460 615 591 620 658 607 END
START 448 15516 5604 -771 -3615 -10261 615 590 620 655 607 END
START -1308 15440 6076 -936 -3646 -10015 615 591 620 658 607 END
START -2660 13600 5416 -1314 -3103 -9988 615 591 620 659 606 END
START -3600 13464 4464 -1486 -2407 -9976 616 591 619 658 606 END
START -2544 11560 3080 -1492 -1192 -10134 615 591 620 659 608 END
START -2936 13540 3748 -1617 -228 -10242 615 591 620 658 607 END
START -2052 13576 3532 -1578 1572 -10061 615 590 620 659 607 END
START -4728 14344 4496 -1463 1486 -9732 615 591 620 659 607 END
START -3224 14616 3096 -1517 565 -9232 615 591 620 658 607 END
START -3200 15096 3836 -1663 -900 -8911 616 591 620 659 607 END
START -3544 15508 5064 -1741 -855 -8483 615 590 621 659 607 END
START -2952 14860 5000 -1893 -218 -8342 615 591 620 658 607 END
START -4820 14564 6072 -2035 152 -8227 615 591 621 658 607 END
START -3984 13984 5476 -2292 133 -8370 614 590 620 658 607 END
START -6120 13248 6468 -2625 -807 -8325 616 591 621 659 607 END
START -7320 10972 6764 -2761 -2220 -8491 616 591 620 659 607 END
START -7076 11164 5096 -2675 -2586 -8670 615 591 620 659 607 END
START -6904 10104 4012 -2563 -1493 -9058 616 591 620 659 607 END
START -4920 12044 3404 -2832 10 -9043 616 591 620 658 607 END
START -6032 11660 4284 -2895 327 -8760 616 590 620 658 607 END
START -8064 11940 5600 -3021 -933 -8318 617 591 620 659 607 END
START -6220 12296 4340 -3110 -1309 -7603 616 591 620 659 607 END
START -7768 13240 5764 -3531 -444 -6644 616 590 620 658 607 END
START -6572 12524 5488 -3715 787 -5644 616 590 620 659 607 END
START -9660 12132 8588 -3563 -130 -4896 615 591 620 659 607 END
START -8528 11364 8148 -3578 -1224 -4213 616 590 621 659 607 END
START -11172 10560 9044 -3434 -2460 -3683 616 590 620 659 607 END
START -11364 8832 7592 -2906 -3049 -3527 616 591 620 660 607 END
START -10324 8324 6896 -2363 -2585 -3085 617 590 620 659 607 END
START -9040 10692 6532 -2078 -1676 -2437 616 590 620 659 607 END