START 7692 14632 2964 -1808 4796 1292 619 588 585 665 595 END
START 7100 14804 3472 -1816 4555 1202 620 588 585 665 595 END
START 6080 14588 3760 -1699 3079 647 619 589 585 665 595 END
START 6076 14540 3568 -1593 854 -85 618 590 586 666 596 END
START 6704 14796 3060 -1697 -890 -528 617 590 587 668 597 END
START 6632 14340 2500 -1644 -1763 -895 618 590 587 668 598 END
START 6616 14832 2728 -1865 -1980 -1186 618 590 588 668 598 END
START 6312 14412 3260 -1774 -2354 -1799 617 591 589 668 599 END
START 5480 14288 3696 -1908 -2401 -2296 616 590 587 669 600 END
START 5728 15012 3040 -1774 -2060 -2587 617 590 588 669 600 END
START 5868 15684 2532 -1537 -1646 -2677 616 590 589 669 601 END
START 6312 15720 2444 -1384 -1930 -3014 615 589 590 670 601 END
START 6364 15832 2384 -1443 -2021 -3343 617 589 589 670 602 END
START 6176 15764 3064 -1607 -1941 -3861 615 590 590 670 602 END
START 5656 14992 3400 -1714 -2151 -4565 617 589 590 670 602 END
START 4936 13356 3164 -1499 -2630 -5348 618 588 589 670 603 END
START 5548 14304 2304 -983 -3143 -5851 617 589 590 670 603 END
START 4796 16480 3112 -1118 -3693 -5662 618 589 591 671 602 END
START 4416 14208 3364 -1505 -4045 -6246 617 589 590 671 603 END
START 5292 14496 2284 -863 -3058 -6538 618 589 589 671 603 END
START 2928 16236 3784 -1335 -3295 -5760 619 590 590 671 603 END
START 2776 13588 1740 -1106 -3378 -6508 620 588 589 671 603 END
START 2556 17356 3016 -1253 -3892 -5716 620 588 589 672 603 END
START 3256 13388 2008 -1162 -4109 -6423 622 590 589 671 603 END
START 2224 16660 3892 -1504 -4421 -5631 622 588 590 671 604 END
START 3892 14332 1696 -1124 -4091 -6488 622 588 589 671 604 END
START 2332 14928 3416 -1922 -4323 -6033 622 587 589 671 603 END
START 3588 16956 1908 -1517 -2757 -6412 623 587 589 671 603 END
START 3444 13308 1456 -2064 -2429 -7114 622 589 589 671 604 END
START 920 16564 4608 -2347 -2025 -6713 624 588 589 671 604 END
START 3016 13328 1444 -2256 -1935 -7717 622 588 590 671 604 END
START -432 15328 4588 -2593 -3403 -7448 622 588 589 671 605 END
START -1744 13384 4704 -2388 -2925 -8441 623 588 589 671 604 END
START 1596 16064 2984 -2642 -3180 -8155 624 587 589 671 604 END
START 5536 12996 -384 -2705 -3014 -8872 624 586 589 671 604 END
START -2100 17504 6640 -2594 -4382 -8471 624 587 590 670 604 END
START -932 13844 3588 -3132 -4885 -8883 624 587 588 671 604 END
START 5032 13856 -800 -2512 -3643 -9493 623 587 590 671 606 END
START -4136 15848 7204 -3077 -4646 -9424 624 587 590 671 604 END
START 2024 13488 2144 -3148 -2142 -10409 623 586 581 667 602 END
START 1988 16092 2396 -2944 150 -10174 626 586 590 671 605 END
START 912 14320 1276 -3685 -1242 -10536 624 586 589 671 604 END
START -2768 12852 3996 -3590 -3213 -11517 624 584 588 670 604 END
START -64 15836 3528 -3720 -4679 -11801 624 584 588 670 605 END
START 1112 12692 1100 -4365 -4278 -12692 624 579 588 670 605 END
START -972 12224 2668 -4194 -2232 -13758 623 581 587 670 604 END
START -2556 14224 4464 -5248 -982 -14177 623 581 588 670 606 END
START -2116 12004 3800 -5542 -241 -16282 623 581 588 670 606 END
START 1800 13400 1372 -5323 1233 -16699 623 583 591 671 605 END
START -7872 11304 5288 -5886 113 -16570 624 583 593 671 606 END
START -7956 9664 3876 -5209 -944 -17004 625 584 594 671 607 END
START -10312 12480 6356 -5792 -310 -14836 625 584 596 673 608 END
START -14180 8172 6284 -4523 -1932 -13418 626 587 599 674 608 END
START -18360 12184 9360 -3885 -2497 -9599 627 587 602 674 609 END
START -16180 8916 6872 -2156 57 -7033 626 589 604 675 610 END
START -15072 13220 7064 -2162 994 -3652 627 589 605 675 610 END
START -15012 9632 7364 -770 1100 -2813 628 590 605 675 610 END
START -11900 13032 5656 -1160 883 -846 628 590 606 676 611 END
START -11268 14028 5712 -375 246 -176 628 591 607 676 611 END
START -9040 12128 4804 -1130 -548 270 629 590 606 676 611 END
START -8228 16148 6248 -1395 -221 886 628 591 607 676 612 END
START -6632 10332 4680 -1564 123 56 628 591 607 677 612 END
START -8612 15636 8104 -2321 -488 782 628 591 606 676 611 END
START -6764 10108 4624 -1877 -630 -184 628 591 607 677 611 END
START -8288 13868 7404 -2256 -1315 491 629 592 607 677 611 END
START -5924 9604 5212 -1569 313 -517 629 592 608 676 611 END
START -7460 14192 7284 -1276 1427 198 629 592 608 677 612 END
START -9728 10536 6736 -1290 602 -74 629 593 609 678 611 END
START -8272 10292 5240 -402 -277 -317 629 594 608 677 612 END
START -9616 13148 7668 -792 -1875 397 629 592 608 677 612 END