START 8548 13504 3480 -2148 5384 4375 623 616 644 701 633 END
START 8524 13492 3512 -2064 5252 4035 623 617 644 701 633 END
START 9160 14104 3820 -1949 5264 3092 623 618 646 701 634 END
START 9156 14116 4052 -1986 5025 2033 623 619 647 702 634 END
START 8204 14316 4048 -2004 3803 1388 623 620 647 702 635 END
START 7728 14476 3996 -1939 1583 892 622 620 647 702 635 END
START 6992 14840 4148 -1812 -1054 482 620 620 647 702 635 END
START 7264 14560 4248 -1679 -3750 38 621 617 648 702 636 END
START 7508 14836 3796 -1714 -4855 162 620 620 648 702 636 END
START 8316 14680 3700 -1495 -4967 -218 619 621 648 703 636 END
START 7852 13788 3804 -1498 -3821 -440 620 621 649 703 637 END
START 7052 13388 4220 -1549 -2649 -578 620 621 649 702 637 END
START 6516 14024 4464 -1388 -1776 -592 619 621 649 703 638 END
START 5844 14144 4048 -1239 -1300 -300 620 622 650 702 637 END
START 5204 13408 3956 -1028 -2121 -191 619 621 649 702 637 END
START 5740 12584 3740 -827 -2931 -266 620 621 649 703 637 END
START 5952 12276 3400 -554 -3435 -429 620 623 649 703 638 END
START 6636 14104 2932 -243 -3660 -367 619 622 650 703 638 END
START 7056 15816 3048 -438 -3681 9 621 622 649 703 637 END
START 6464 14844 2800 -782 -3159 30 620 622 650 703 638 END
START 7016 12296 1628 -791 -2254 -662 621 622 650 702 638 END
START 7528 13944 1644 -674 -1309 -591 621 623 650 703 638 END
START 6064 15084 3548 -1663 -2638 -161 621 622 650 703 638 END
START 7208 11940 2372 -1248 -3740 -1367 621 622 649 702 638 END
START 7928 16136 3888 -1661 -5107 -799 622 622 650 703 639 END
START 8368 11556 3368 -1384 -5950 -2154 621 623 650 703 638 END
START 9456 16208 4436 -1256 -6807 -2174 622 623 650 703 639 END
START 9756 11500 3792 -733 -7377 -4046 622 623 650 703 639 END
START 8868 16304 4776 -854 -8365 -4065 622 623 650 702 639 END
START 8996 12208 3104 60 -9176 -6242 621 622 648 703 638 END
START 7844 15816 4292 -493 -10347 -6263 623 623 650 703 639 END
START 8840 14008 1448 304 -9270 -7851 623 623 650 704 640 END
START 7784 12384 1528 -752 -9324 -8585 623 623 650 703 639 END
START 8476 16972 640 -864 -7576 -8810 623 623 650 703 639 END
START 6356 11932 340 -1208 -7920 -10626 623 624 650 702 638 END
START 4440 13700 1588 -2477 -10964 -11045 623 623 650 703 638 END
START 5684 16492 848 -2495 -12190 -11566 623 624 651 703 638 END
START 4952 13724 228 -2676 -11614 -12789 623 624 651 703 638 END
START 3588 12728 1536 -3538 -10791 -12635 624 624 651 703 638 END
START 4756 16312 2060 -3874 -8434 -12228 624 624 651 703 637 END
START 7464 12212 -1700 -4186 -5132 -12750 623 625 651 703 637 END
START 3416 15828 1164 -4788 -4556 -12083 625 625 651 703 637 END
START 2380 12080 1020 -4363 -5773 -13110 625 624 651 703 637 END
START 3304 16900 1352 -4495 -8039 -12522 625 625 651 703 636 END
START -640 13524 4056 -4861 -7595 -12650 625 625 651 703 636 END
START 8132 15168 -4220 -4605 -3305 -12748 626 625 651 703 637 END
START 4916 13608 92 -5334 -483 -12657 625 624 651 703 636 END
START -2824 12872 4800 -4650 -2059 -13760 625 624 651 703 635 END
START -1204 16456 3876 -4617 -4133 -13499 625 625 651 703 635 END
START -148 13312 2580 -4671 -4537 -13993 626 624 651 701 635 END
START 572 16164 -1012 -4220 -2791 -14135 626 625 652 704 635 END
START -1628 14960 2200 -5149 -1784 -13692 626 625 651 702 635 END
START -5804 12324 3584 -4700 -2870 -14189 626 625 651 703 635 END
START -8240 15776 6044 -4846 -4081 -12529 626 626 651 702 634 END
START -7852 12168 3364 -4766 -3469 -11507 627 626 652 703 634 END
START -9716 13816 4544 -3800 -2788 -9480 626 626 651 702 634 END
START -12392 13832 7140 -4262 -781 -6569 627 625 652 703 635 END
START -7048 12160 2904 -3076 1756 -5223 627 626 652 703 634 END
START -15644 16084 9356 -2676 96 -2823 627 625 652 703 634 END
START -3148 12892 56 -2302 -1041 -2172 627 626 653 703 634 END
START -10552 14360 6472 -1604 -3424 -1223 627 626 652 703 634 END
START -8336 14876 5596 -2388 -1734 -635 627 625 651 703 633 END
START 2728 13688 -2612 -2029 1373 -1016 626 625 652 704 635 END
START -15440 16476 11936 -2897 -956 -4 627 626 652 703 635 END
START 84 12552 76 -2574 1628 -599 627 626 651 703 634 END
START 1336 13664 -1080 -2170 -443 -384 629 626 651 702 634 END
START -7880 15836 7292 -2540 -2511 376 626 626 651 703 634 END
START -5916 12580 5516 -2078 -1018 -44 627 626 651 702 633 END
START -7828 13792 6784 -1514 -1256 -126 627 625 651 702 633 END
START -5676 15624 6004 -1937 -318 581 627 625 650 703 632 END