START 6192 14608 3384 -1496 -1770 -972 608 592 607 677 610 END
START 6548 14628 3448 -1419 -2201 -1122 609 592 609 678 611 END
START 6268 14796 3796 -1265 -2946 -1542 609 594 610 680 613 END
START 6076 14680 3696 -1165 -4108 -1996 609 593 611 678 613 END
START 5724 14392 3912 -1121 -5184 -2337 610 594 611 680 614 END
START 6172 14324 3308 -1046 -6008 -2810 611 593 610 679 614 END
START 6528 14828 3052 -1052 -6040 -3047 610 593 611 680 614 END
START 6240 14740 2980 -979 -6486 -3586 610 593 612 680 615 END
START 6096 14392 2960 -1203 -6564 -4108 611 593 612 681 615 END
START 5932 15060 2588 -1376 -5668 -4348 612 594 606 680 615 END
START 6172 15808 2356 -1632 -5101 -4643 612 593 612 678 615 END
START 6520 15652 2216 -1869 -4526 -4949 612 593 612 681 616 END
START 5656 15460 2452 -2166 -4188 -5471 613 594 612 681 615 END
START 4820 14988 2452 -2380 -3840 -6126 613 593 611 680 616 END
START 4344 14104 2548 -2442 -3794 -6738 613 593 611 680 616 END
START 4828 13876 2016 -2235 -3557 -7017 614 593 611 681 616 END
START 4584 15596 2284 -2424 -3507 -6687 615 593 611 681 615 END
START 3016 15940 3212 -3092 -4617 -6579 615 592 611 681 615 END
START 2160 12992 3036 -3025 -5166 -7346 617 592 610 681 616 END
START 3300 15416 2300 -2442 -5078 -7309 616 592 610 681 616 END
START 2536 16044 3220 -3303 -4707 -6689 616 591 610 680 616 END
START 3800 13620 1172 -2800 -2131 -7182 617 592 609 680 616 END
START 2472 16748 3040 -3355 -467 -6356 616 591 611 681 616 END
START 1192 12760 2940 -2998 -376 -7142 617 591 609 682 615 END
START -2140 16596 5812 -2747 -2331 -6614 618 590 609 679 616 END
START 1956 13328 2728 -2659 -4122 -7304 617 591 609 680 615 END
START 3468 16992 3272 -2254 -2812 -6542 618 590 609 680 616 END
START 24 14080 3452 -2766 -1738 -7015 619 591 608 680 616 END
START 884 16236 720 -2140 509 -6809 618 590 608 680 616 END
START 732 15776 2808 -2732 568 -6288 619 591 609 681 617 END
START -3468 13284 5204 -2393 -170 -6584 619 591 608 676 616 END
START 2980 16828 2116 -1972 -1596 -5739 619 591 608 680 615 END
START -2140 13508 4308 -2425 -4453 -6040 619 590 608 681 615 END
START -3440 15260 4576 -1696 -3203 -6022 619 590 608 681 615 END
START 5224 15676 -288 -2588 -725 -5826 620 591 607 680 614 END
START 924 13588 2512 -2319 633 -6424 619 590 608 680 616 END
START 5044 17160 876 -2404 1502 -5958 619 590 608 680 615 END
START -2896 13312 4628 -2898 -2757 -6650 619 590 608 680 615 END
START -4468 15032 4724 -2279 -4535 -7175 618 589 607 681 616 END
START 3860 15504 972 -3372 -4543 -7265 621 590 608 680 616 END
START -932 13060 3944 -3236 -3477 -8176 620 588 606 680 615 END
START -1980 15888 4780 -3822 -1880 -8069 619 586 605 679 616 END
START 5864 12296 -1488 -4028 1143 -9492 620 586 605 680 615 END
START -2728 15360 5292 -3855 1497 -9735 619 585 605 679 615 END
START -3764 13304 6240 -4495 -427 -10904 619 585 605 679 616 END
START -3144 15012 3660 -3875 755 -11544 620 585 605 681 615 END
START 4736 14120 92 -4658 -671 -12185 620 584 605 680 616 END
START -4820 11696 6724 -4298 -3233 -14073 619 586 605 679 615 END
START -5540 14260 7396 -4478 -2364 -14951 620 585 605 679 615 END
START 4956 10300 -1440 -4624 737 -16645 619 585 605 679 615 END
START -6508 13276 4104 -4591 4024 -16296 620 587 607 680 615 END
START -15756 11172 10228 -5539 4858 -16046 620 588 607 679 616 END
START -14656 10196 7712 -4641 3577 -14946 620 588 608 680 613 END
START -18360 10176 8888 -4548 -742 -11793 621 590 610 678 615 END
START -12448 9448 3536 -3139 -2893 -8727 622 591 609 681 615 END
START -12544 10204 4240 -3622 -2010 -4931 621 591 610 681 616 END
START -15140 11620 7200 -2369 2676 -2742 622 592 610 681 616 END
START -14236 9904 6900 -2351 5550 -1582 622 592 611 681 616 END
START -8936 14496 5188 -1540 6763 -98 622 592 610 682 616 END
START -14252 10504 7964 -1395 1799 -672 622 592 610 681 616 END
START -8612 14736 6140 -1249 -201 276 623 592 611 681 617 END
START -6044 10356 3868 -1037 -620 -601 622 592 611 682 617 END
START -7528 14568 6356 -1634 9 209 624 592 611 682 617 END
START -8676 10352 5728 -1172 937 -826 623 593 611 681 617 END
START -9040 12524 7032 -1843 809 15 623 592 611 682 617 END
START -9084 12364 6132 -929 492 -518 623 592 611 681 616 END
START -9456 10104 6544 -1505 -1193 -302 623 592 611 681 617 END
START -9080 13856 7200 -924 -499 211 623 593 611 681 617 END
START -7844 9108 4468 -450 119 -647 623 593 611 682 617 END
START -9524 12168 7012 -1018 -276 294 623 592 611 681 617 END