START 2368 15088 2528 -1554 -353 -242 607 591 610 656 605 END
START 2404 14888 2516 -1575 -35 -267 606 592 609 657 606 END
START 2364 14984 2892 -1646 564 -345 606 591 609 656 605 END
START 1940 15156 2756 -1731 749 -397 606 592 609 656 605 END
START 1980 15424 2920 -1807 640 -460 607 593 609 657 605 END
START 1912 15084 3184 -1835 31 -458 607 592 609 658 605 END
START 1928 15420 3112 -1724 -121 -324 606 592 609 657 605 END
START 1704 14776 3112 -1800 -975 -394 607 591 609 657 605 END
START 1388 14928 3912 -1852 -958 -328 607 591 609 656 605 END
START 2404 15808 3596 -1594 14 -209 607 592 609 657 606 END
START 2608 16140 3208 -1298 779 -164 606 591 608 657 605 END
START 2352 16548 3644 -1006 687 -125 607 591 609 656 605 END
START 2704 16864 3256 -851 -265 7 606 591 608 657 606 END
START 2168 16036 3244 -763 -1304 92 606 592 607 657 606 END
START 2656 16640 3088 -721 -1958 185 606 591 609 657 606 END
START 3212 17076 3000 -752 -2101 313 606 592 608 656 605 END
START 3512 17064 2628 -864 -1853 291 607 591 609 655 604 END
START 3432 16572 3668 -953 -2083 112 606 592 609 656 605 END
START 3544 16256 4028 -1109 -2665 -233 607 592 609 657 605 END
START 4048 15820 4108 -1247 -2930 -684 606 592 609 657 605 END
START 2428 15500 5056 -1331 -3060 -1196 606 592 609 657 605 END
START 1344 13772 4812 -1540 -3041 -1961 607 592 610 657 606 END
START 1504 13636 3496 -1425 -3023 -2624 606 593 610 657 605 END
START 1264 13468 3032 -1127 -3030 -2969 607 592 610 658 605 END
START 2696 15044 2608 -816 -3895 -3063 607 592 610 658 605 END
START 3632 15264 2008 -652 -4688 -3212 607 592 610 658 606 END
START 3332 15796 2628 -570 -5639 -3566 607 593 610 658 606 END
START 5040 15684 1672 -487 -5899 -4344 607 592 610 658 605 END
START 4500 16944 2428 -475 -6306 -5148 606 592 611 658 605 END
START 4908 17180 2000 -553 -6728 -5872 607 592 610 657 606 END
START 4496 17120 1976 -816 -6960 -6739 606 592 610 658 606 END
START 3944 16648 3348 -1185 -6821 -7728 607 592 611 658 606 END
START 3648 16372 3768 -1608 -6322 -8535 607 593 610 657 605 END
START 1800 15496 4108 -2159 -6238 -9392 606 593 610 658 606 END
START 16 14036 4236 -2425 -6399 -10076 607 589 610 658 605 END
START -428 13164 3256 -2437 -6664 -10570 607 592 611 658 606 END
START -1132 12744 2416 -2336 -6910 -10988 607 591 611 658 606 END
START 872 14520 1468 -2374 -5625 -10983 607 592 611 658 606 END
START -616 14476 2292 -2525 -4220 -10842 607 595 610 658 606 END
START -992 14776 2264 -2551 -3418 -10560 607 592 611 658 605 END
START -1036 15280 2280 -2653 -4440 -10059 607 592 611 658 606 END
START -2076 15560 3612 -2733 -6498 -9472 607 592 610 658 605 END
START -3080 15164 4728 -3046 -8762 -8933 607 592 611 659 606 END
START -1232 14016 4388 -3334 -8528 -9091 606 592 611 658 605 END
START -3200 13540 5636 -3818 -7127 -9154 606 592 611 659 606 END
START -4460 12088 5884 -4035 -6534 -9456 607 591 610 658 606 END
START -3948 10484 3416 -4008 -6465 -9645 606 592 611 658 606 END
START -4660 12848 3920 -4074 -6079 -10040 607 592 611 658 605 END
START -2548 13140 2776 -4400 -4202 -9433 607 592 611 658 605 END
START -3492 14084 4036 -4441 -3205 -9166 607 592 611 658 606 END
START -3356 14564 4448 -4566 -2663 -8700 607 593 611 658 606 END
START -4472 15088 5376 -4920 -2912 -8348 606 592 611 659 605 END
START -4132 14420 5896 -5433 -2546 -8208 607 593 611 658 606 END
START -3844 13856 6060 -5777 -2367 -8255 607 590 610 658 606 END
START -5480 13208 6728 -6376 -2519 -8478 607 592 611 659 605 END
START -7080 11224 6304 -6433 -2769 -8723 607 592 611 658 606 END
START -7564 9300 6252 -5896 -2896 -8907 606 592 611 658 606 END
START -7548 11164 6896 -5669 -3397 -8371 607 592 612 659 606 END
START -5920 11596 5744 -5527 -3062 -8045 606 591 611 658 606 END
START -5876 12608 5692 -5324 -1573 -7259 607 591 612 659 606 END
START -7728 13260 8060 -5171 -1152 -6200 607 591 611 658 606 END
START -6784 12408 8452 -4996 -1964 -5545 608 591 612 659 606 END
START -8096 11640 10188 -4640 -2596 -4960 607 590 611 659 606 END
START -7992 11420 9992 -4543 -2059 -4567 606 590 611 659 606 END
START -9796 9876 10372 -4219 -1809 -4284 607 590 612 660 606 END
START -9900 7452 8232 -3586 -1968 -4063 606 590 611 659 606 END
START -9752 9504 8000 -3040 -1893 -3757 606 590 612 659 606 END
START -8688 10132 8072 -2713 -1384 -3158 605 591 612 659 606 END
START -7852 10588 7596 -2477 -873 -2255 606 591 612 659 606 END
START -8224 11260 8048 -2227 -924 -1475 607 590 612 660 606 END