START 6460 14216 3320 -1451 -5221 -3606 609 588 608 681 613 END
START 6368 14172 3212 -1391 -5411 -3824 609 587 608 682 614 END
START 7008 14428 2868 -1275 -5285 -4626 611 588 608 681 614 END
START 7044 14672 2428 -1212 -4316 -5388 609 588 609 681 615 END
START 6320 14756 2628 -1247 -3243 -5932 610 588 608 681 615 END
START 5692 15016 2480 -1356 -3265 -6183 610 588 609 681 615 END
START 4292 14832 2488 -1515 -4839 -6355 610 588 608 681 615 END
START 4380 15104 2104 -1600 -6051 -6708 610 588 608 682 615 END
START 4624 14744 2008 -1807 -5673 -7120 612 588 609 683 615 END
START 4352 15200 1920 -2312 -4065 -6994 611 588 609 681 615 END
START 4148 15624 2012 -2562 -1936 -6685 611 588 608 681 616 END
START 3740 16144 2132 -2734 -582 -6317 611 589 609 681 615 END
START 2432 16072 2888 -2872 -1322 -5998 611 588 608 682 615 END
START 1796 15848 3500 -2936 -3578 -5911 612 588 608 681 616 END
START 2536 15016 2896 -3038 -4739 -6204 612 588 609 682 615 END
START 3584 13720 2080 -2977 -3529 -6659 613 586 609 681 616 END
START 4032 14228 1964 -2778 -1119 -6854 612 588 608 681 616 END
START 3872 16380 2564 -3189 1673 -6529 613 588 608 681 616 END
START 1768 14812 3360 -3721 3704 -6798 614 585 608 681 616 END
START 780 13816 2496 -3095 3499 -7200 615 588 608 682 617 END
START -652 16800 4144 -3307 541 -6355 606 588 607 682 615 END
START -600 13220 4044 -3319 -2329 -6834 614 588 607 683 616 END
START 2468 16448 2336 -2914 -2590 -6427 615 589 607 681 615 END
START 96 13504 3580 -3472 -1892 -6679 614 588 607 681 615 END
START 1548 16812 3256 -3042 1298 -6354 616 588 607 681 615 END
START -800 13248 4032 -3460 2313 -6870 615 588 608 682 616 END
START -924 16660 4636 -3051 2014 -6234 615 589 608 683 615 END
START -1560 12800 4776 -2875 -1489 -7000 615 588 607 682 616 END
START -2592 16280 6300 -2991 -3659 -5937 615 588 606 681 615 END
START -1416 13408 4832 -2533 -2793 -6595 615 589 607 681 615 END
START 60 14744 4808 -2894 -1548 -6105 616 588 607 681 615 END
START -1060 13408 4564 -2445 401 -6828 616 588 607 681 615 END
START -3212 15380 6404 -2646 -463 -6497 617 589 606 682 615 END
START -2208 12472 4824 -2076 -1850 -7410 617 588 606 681 615 END
START -856 15832 4728 -2073 -3110 -6876 617 587 606 681 615 END
START -1360 12788 4440 -2070 -3105 -7612 618 587 605 681 615 END
START -1072 16200 4744 -2043 -2990 -7131 617 587 605 681 616 END
START -3612 12580 6216 -2387 -2526 -8350 618 587 605 681 615 END
START 204 14548 2512 -1856 602 -8628 617 585 606 681 615 END
START -2744 14612 5592 -2594 2146 -9120 618 586 605 680 615 END
START -2760 12284 4200 -2212 2541 -10003 618 586 605 681 615 END
START -3916 14980 5796 -2400 158 -9569 617 586 605 682 614 END
START -5888 12940 6468 -2395 -4368 -10652 617 584 605 676 615 END
START -3092 15680 6080 -2160 -6064 -11124 618 585 604 681 615 END
START -3248 11844 5372 -2729 -5599 -12897 617 584 604 680 615 END
START 84 13484 1912 -2814 -1225 -14338 617 585 605 680 615 END
START -2048 12128 2984 -4141 2883 -15268 618 585 605 680 615 END
START -5940 10512 3472 -4386 6547 -15193 618 585 604 681 615 END
START -9524 12560 5572 -4876 4427 -13577 618 586 607 680 615 END
START -15100 8948 6776 -4053 -4192 -12861 618 586 606 681 615 END
START -19692 11532 10932 -4289 -12519 -10191 618 586 607 682 615 END
START -11396 11048 5624 -3088 -9183 -6984 618 587 608 682 616 END
START -12684 8088 6596 -3157 -1762 -3789 618 586 609 679 616 END
START -11416 13780 6892 -2626 3914 -1087 618 587 607 684 616 END
START -10256 12812 5852 -1424 6415 -736 619 587 609 682 616 END
START -12672 9952 6872 -1347 1905 -551 618 587 609 681 616 END
START -10524 15252 7480 -1018 -2650 371 618 587 610 682 617 END
START -7188 12652 4664 -329 -3416 -5 620 587 610 682 617 END
START -6256 10144 5856 -1052 -2362 -149 619 587 609 682 617 END
START -9524 13800 8596 -1510 236 413 619 587 609 682 617 END
START -8020 10920 6164 -1209 2187 -290 620 588 609 682 617 END
START -9592 11888 7952 -1617 773 435 619 587 609 683 616 END
START -9832 10548 7252 -773 -801 -118 620 587 611 682 616 END
START -9004 13056 8124 -974 -1993 864 619 587 609 682 617 END
START -8624 9588 6508 -290 -1252 210 619 588 609 682 617 END
START -7604 13296 6552 -442 -45 1026 620 588 609 682 617 END
START -9824 9792 7356 -389 666 300 620 587 609 682 616 END
START -6676 12732 2472 135 1833 620 619 586 609 682 617 END
START -6808 12264 5864 -640 1666 534 619 587 608 682 616 END
START -8108 9768 5956 -407 2136 -122 620 586 606 681 615 END