START 8020 14516 4608 -2427 729 -1379 616 599 590 667 597 END
START 7920 14468 4448 -2270 205 -1656 616 598 590 668 598 END
START 7408 14284 4204 -1732 -1055 -2277 615 600 590 668 599 END
START 5660 15116 4520 -1039 -2399 -2807 615 600 591 670 600 END
START 6160 15056 3856 -646 -2814 -2877 607 599 591 670 601 END
START 5880 14980 3048 -405 -3206 -2923 615 600 591 670 603 END
START 5284 14872 2876 -416 -3163 -2659 614 601 592 671 603 END
START 5324 14764 2260 -529 -3786 -2572 614 600 592 671 603 END
START 5032 14428 2720 -827 -4541 -2455 614 600 593 672 604 END
START 6284 15336 2428 -1161 -4652 -2369 614 599 592 672 605 END
START 7252 15088 2376 -1201 -4297 -2794 615 599 593 672 606 END
START 7096 15028 2576 -1306 -4078 -3414 615 599 593 673 605 END
START 7108 15156 2164 -1445 -4260 -3975 615 599 593 673 606 END
START 7048 15620 2124 -1759 -4620 -4450 616 599 593 673 607 END
START 6200 15876 2760 -2132 -5093 -4798 616 599 594 674 606 END
START 5704 15584 2816 -2498 -5309 -5384 615 599 593 673 607 END
START 5308 13848 2244 -2464 -5192 -6200 617 599 594 673 607 END
START 5228 14488 1788 -2005 -4629 -6417 618 599 593 673 608 END
START 3820 16660 2732 -2288 -5188 -6059 618 599 593 673 608 END
START 3648 13512 2044 -2411 -5670 -6772 619 599 593 673 607 END
START 5064 16548 1956 -2044 -4837 -6294 620 598 592 674 607 END
START 3776 13740 2244 -2739 -4388 -6411 620 599 593 674 608 END
START 4800 16032 1696 -2213 -2325 -6528 620 598 593 673 608 END
START 3048 13200 2088 -2862 -2014 -6875 620 599 593 674 608 END
START 2836 17272 2836 -2675 -1889 -6353 621 598 593 674 608 END
START 2256 12928 1760 -2700 -3277 -7058 621 598 593 674 608 END
START 1352 15424 3472 -3215 -3905 -6517 621 598 592 673 608 END
START 3008 16008 1840 -2489 -1826 -6878 621 598 592 674 608 END
START 2316 12432 1744 -2796 -1040 -7287 621 598 592 674 608 END
START 272 15744 3636 -3125 -758 -6237 621 597 592 673 608 END
START 1100 16320 1944 -2482 -673 -6165 622 597 592 674 608 END
START 376 12292 2924 -2590 -2404 -6568 622 597 592 673 608 END
START -1532 14588 5028 -2977 -4323 -6020 620 597 592 673 610 END
START 1196 15548 1992 -2293 -2920 -5750 622 597 593 673 609 END
START 1944 13764 2476 -2929 -2870 -5844 622 597 589 673 608 END
START 1820 17716 3952 -2597 -2404 -5652 622 597 592 672 608 END
START -1488 13540 5508 -2955 -3041 -6603 622 597 593 674 609 END
START 1212 17656 5596 -2640 -1751 -6471 622 597 592 673 608 END
START -2352 13592 6608 -2941 -1119 -7218 622 596 592 673 608 END
START 3956 15492 880 -2186 298 -7374 622 596 592 674 609 END
START -5568 15724 8764 -2887 -2974 -7757 623 596 591 674 609 END
START 1408 13120 3188 -2432 -4445 -8827 622 595 591 673 608 END
START 6512 17304 1172 -2530 -4906 -8941 623 595 591 672 609 END
START -4608 14004 8060 -3060 -7859 -10256 623 595 591 673 608 END
START -804 14812 3204 -2711 -4478 -11198 622 594 591 673 609 END
START 4852 14320 436 -3651 -1015 -11718 623 594 591 673 609 END
START -1664 11820 4416 -3497 225 -13768 623 593 589 673 609 END
START 1940 16148 3260 -3712 1971 -13939 622 593 591 673 609 END
START -1620 12212 3736 -4242 1246 -15173 623 594 592 673 610 END
START -2272 14032 1060 -3699 1322 -15706 623 594 591 673 609 END
START -3128 14220 3792 -4501 -249 -16144 624 593 593 673 609 END
START -5400 11700 4672 -4473 55 -17209 622 594 594 674 610 END
START -2084 14808 3132 -4815 2056 -16836 623 594 595 674 609 END
START -12672 10768 6528 -5116 246 -15982 624 594 596 675 610 END
START -18552 10024 6780 -4607 -1514 -13549 624 595 598 676 610 END
START -21656 8864 10080 -4681 -2821 -9328 624 595 600 671 607 END
START -22456 10348 9076 -2713 -2377 -4961 623 594 600 677 611 END
START -16032 9816 5260 -2205 -3821 -2002 623 594 600 678 611 END
START -9956 14628 4588 -1572 753 771 625 594 601 678 611 END
START -9436 10360 4540 -1137 4375 1071 624 597 601 677 612 END
START -6964 15484 4700 -1559 5865 1995 625 595 601 677 612 END
START -7468 11056 5536 -1220 4957 931 625 595 601 677 612 END
START -6796 15144 5432 -1751 3459 1310 624 595 602 679 612 END
START -5204 10996 4348 -1447 817 245 624 595 603 677 612 END
START -5820 16124 7136 -1606 258 626 625 596 602 678 613 END
START -5808 11824 4840 -1899 -344 -151 625 595 602 677 612 END
START -6768 12876 4756 -1196 -591 -349 625 596 602 677 613 END
START -7936 12796 7288 -1605 -1055 -71 626 596 602 677 613 END
START -6128 9896 4848 -591 19 -665 626 596 602 678 613 END
START -7968 14180 7432 -309 -126 141 625 596 603 677 613 END