START 5804 14896 2192 -1412 -2365 -1369 612 595 588 663 603 END
START 5892 14920 2100 -1413 -2258 -1454 612 596 588 664 601 END
START 5872 14824 2320 -1394 -1760 -1535 612 588 588 664 602 END
START 5776 14300 2480 -1292 -1538 -1720 611 596 588 664 602 END
START 5468 14472 2312 -1129 -1344 -1804 612 596 588 664 602 END
START 5552 14600 2484 -1114 -1771 -1900 612 596 589 665 603 END
START 5688 14644 2508 -1085 -2684 -2061 610 595 587 664 603 END
START 5996 14684 2260 -1121 -3337 -2371 611 595 589 664 603 END
START 6476 14884 2304 -1061 -3453 -2911 612 595 589 664 603 END
START 6752 14124 2312 -1099 -3566 -3694 612 595 589 664 604 END
START 6772 14052 2500 -1386 -3751 -4317 612 594 589 665 604 END
START 6828 14764 2468 -1615 -4078 -4871 612 593 589 664 603 END
START 6796 15224 2372 -1661 -5116 -5459 612 592 589 665 604 END
START 6248 15428 2404 -1719 -6074 -6090 612 594 589 665 604 END
START 5576 15176 2204 -2040 -6865 -6860 613 592 588 665 603 END
START 5132 14104 1740 -2339 -6851 -7865 614 592 588 665 604 END
START 5780 13272 888 -2436 -6285 -8701 614 592 588 665 603 END
START 5888 15624 1004 -2737 -5069 -8752 615 592 585 665 604 END
START 4292 15960 1984 -3659 -4632 -8869 616 592 588 664 604 END
START 3996 12956 1184 -3548 -3451 -9901 616 591 586 664 604 END
START 4048 16868 1496 -3789 -2383 -9630 616 591 587 664 604 END
START 2508 13468 1820 -4387 -2790 -10254 616 590 585 664 604 END
START 6356 17356 1128 -4100 -2596 -10164 617 593 585 664 604 END
START 1144 13460 3020 -5059 -3690 -10754 618 590 588 664 604 END
START 7568 15332 -4484 -4807 -876 -11148 617 589 586 664 604 END
START 1804 14724 2556 -5853 1300 -11544 618 588 586 664 604 END
START -2500 12904 4912 -5932 2705 -12720 618 587 585 664 604 END
START -3824 15468 6360 -6393 4647 -12444 614 588 585 664 604 END
START 5056 12280 -1300 -6347 3667 -13444 618 588 586 664 605 END
START -3060 14852 4356 -6147 186 -13491 619 588 586 664 604 END
START -1028 13596 3336 -6853 -1848 -14018 618 587 585 664 605 END
START -100 13496 1552 -6635 547 -14385 618 587 585 664 604 END
START -52 14308 3436 -7272 2202 -14403 619 586 586 664 604 END
START 496 12176 2748 -7184 4980 -15333 619 587 586 664 605 END
START -1540 14196 1880 -6770 5584 -15528 620 587 587 665 605 END
START -5968 11940 5940 -6888 1593 -16331 620 587 587 665 605 END
START -6912 12432 6160 -5967 -1249 -16916 619 587 588 665 605 END
START -3196 12900 4772 -6679 -2454 -16789 620 588 589 665 605 END
START -1888 12704 2388 -6483 1166 -17243 619 587 588 666 605 END
START -4332 10004 4636 -7007 5831 -17917 620 587 589 666 606 END
START -8376 11804 5604 -6058 9218 -17755 620 587 591 666 606 END
START -13016 7144 6884 -5236 6013 -18007 620 589 592 668 608 END
START -15212 9060 8880 -5002 1209 -15851 621 590 594 669 607 END
START -15988 9432 7360 -3451 -996 -13842 621 590 595 670 608 END
START -15164 6164 5664 -3062 -734 -11834 621 591 597 671 608 END
START -15376 6612 6684 -3098 1689 -9080 621 591 598 671 609 END
START -16880 10340 8084 -2227 3722 -6515 620 591 597 671 609 END
START -15540 10676 6620 -897 2894 -5033 622 591 598 671 609 END
START -15992 7256 6648 -416 1028 -4052 621 591 598 672 609 END
START -14228 8312 6240 -722 -95 -2369 621 591 597 672 610 END
START -12964 13400 7084 -729 946 -926 622 591 599 672 610 END
START -12004 11416 4668 -388 734 -1039 622 591 598 672 610 END
START -11316 8720 5728 -1091 266 -807 622 592 599 672 610 END
START -13368 13024 8452 -1343 -99 77 622 593 599 673 610 END
START -11080 8632 5748 -1161 -101 -551 622 592 599 673 610 END
START -12160 11852 7936 -1516 -1143 104 622 591 600 672 611 END
START -11024 9624 5772 -924 -551 -227 623 592 599 672 609 END
START -10404 10340 6172 -1392 -538 292 621 591 600 672 611 END
START -11344 8872 6328 -856 74 -108 622 593 600 672 611 END
START -13016 11700 8284 -1265 -707 627 623 591 599 673 610 END
START -12784 8000 7240 -769 -853 -167 621 591 599 673 608 END
START -12460 10848 7868 -1057 -1377 744 621 590 600 673 611 END
START -12312 8092 6716 -643 -1114 10 623 591 600 672 611 END
START -11976 11812 8000 -845 -771 852 623 592 600 674 611 END
START -8296 7996 3996 -680 93 -10 622 591 600 673 610 END
START -8784 12172 5000 -502 557 561 623 591 600 673 610 END
START -12180 8668 6668 -1018 178 176 623 592 597 673 611 END
START -9880 9724 4524 -422 -185 195 622 592 600 673 611 END
START -9788 10296 5872 -913 -1452 526 624 588 600 673 611 END
START -11524 8304 6232 -420 -1368 -29 623 591 600 673 610 END