START 3868 14848 3680 -800 -424 -838 609 589 608 652 602 END
START 3900 14944 3620 -731 -374 -928 608 590 608 653 602 END
START 3824 14792 3432 -667 -447 -966 609 589 608 652 602 END
START 4028 14908 3116 -669 -1175 -1068 607 589 608 653 602 END
START 4448 14884 3052 -794 -2289 -1250 609 589 608 653 602 END
START 4808 15004 3376 -925 -3977 -1763 609 589 608 653 602 END
START 4868 14948 3432 -904 -5000 -2334 610 590 609 653 602 END
START 4832 14796 3732 -968 -5158 -3199 609 590 608 653 602 END
START 4896 15332 3468 -903 -3780 -3673 609 590 608 653 602 END
START 4888 15244 3472 -717 -3208 -4229 609 588 608 653 602 END
START 4512 14840 2968 -628 -4345 -4799 609 588 608 652 602 END
START 4820 14844 2148 -664 -5661 -5355 608 589 608 653 602 END
START 3880 14288 2248 -749 -7105 -6054 609 590 609 653 602 END
START 3656 14452 2412 -971 -7873 -6666 608 589 608 653 602 END
START 5716 15056 1168 -1121 -7144 -7318 609 589 608 653 602 END
START 4148 15500 1916 -1308 -6389 -7676 608 590 608 653 602 END
START 4640 16224 1408 -1402 -5571 -7845 609 589 609 653 602 END
START 4068 17216 1520 -1707 -5013 -8008 609 589 609 653 602 END
START 3608 16516 2792 -2101 -4840 -8136 609 589 608 653 602 END
START 3280 16208 3524 -2483 -5404 -8376 608 590 608 653 602 END
START 1568 15948 4700 -2999 -6071 -8562 610 590 608 654 603 END
START 712 14060 4440 -3436 -5979 -9059 609 589 608 653 602 END
START -320 13812 3984 -3608 -5558 -9445 609 589 608 653 602 END
START 416 12452 2432 -3825 -4571 -9940 610 589 608 653 602 END
START -328 13232 2344 -3964 -3662 -10178 609 590 608 653 603 END
START -476 13760 2352 -4061 -3287 -9986 609 589 608 653 603 END
START -88 14072 2632 -4214 -3414 -9884 609 589 608 653 602 END
START -924 14456 3284 -4373 -3230 -9696 609 589 608 653 603 END
START 1208 15248 1836 -4515 -1916 -9641 610 589 608 653 603 END
START -776 16084 3248 -4784 -659 -9194 609 589 608 654 602 END
START -356 16124 3312 -5111 -304 -8968 610 589 608 653 602 END
START -780 15720 3812 -5431 -1011 -8756 609 589 609 654 602 END
START -2440 15152 5588 -5706 -2023 -8610 609 589 608 653 603 END
START -844 14300 5408 -5939 -1243 -8645 609 589 608 653 602 END
START -3324 13516 6672 -6153 -122 -8699 609 589 608 654 602 END
START -4560 11724 6692 -6248 558 -8868 609 589 608 653 603 END
START -6116 11908 6352 -6108 -279 -8891 609 589 608 653 603 END
START -4828 9976 5032 -5783 -1012 -9041 610 589 608 653 603 END
START -6224 11888 6044 -5531 -1993 -8741 609 588 608 653 602 END
START -4056 12144 4752 -5442 -2245 -8287 610 588 608 653 603 END
START -5364 12500 6304 -5376 -2145 -7740 609 589 608 653 603 END
START -4188 13780 6192 -5240 -1136 -7126 609 589 609 654 603 END
START -4636 14352 6864 -5453 -1091 -6417 610 589 608 653 603 END
START -4808 13128 7356 -5493 -1496 -6070 609 588 608 652 603 END
START -6040 12636 9116 -5385 -2507 -5817 609 588 608 654 603 END
START -7620 11092 9536 -5465 -3248 -5609 608 588 608 653 602 END
START -7820 10636 8456 -5311 -3224 -5612 608 588 609 653 603 END
START -6932 8736 6840 -4799 -2339 -5768 609 588 608 653 603 END
START -8276 10204 7876 -4438 -1756 -5335 609 588 609 653 602 END
START -7560 11032 8292 -4067 -1714 -4641 609 589 608 653 603 END
START -6232 12288 7768 -3616 -2010 -3784 609 588 609 653 603 END
START -5544 13296 7604 -3365 -1227 -2958 609 587 609 649 603 END
START -5236 12864 8212 -3370 -97 -2367 610 588 609 653 603 END
START -5964 12312 9000 -3260 -185 -1944 609 588 608 653 602 END
START -7092 11840 10532 -3216 -582 -1476 609 588 609 653 603 END
START -8608 10848 10576 -3273 -1025 -1121 605 588 609 655 603 END
START -8932 10392 9732 -3282 -1345 -1041 610 588 609 653 603 END
START -8320 8596 8496 -2748 -1021 -1124 610 589 609 653 603 END
START -7868 10796 8104 -2429 -1516 -777 610 588 604 653 603 END
START -6348 11196 7904 -2226 -1227 -331 609 588 608 653 603 END
START -6628 11908 8744 -1866 -924 55 610 588 609 654 603 END
START -5924 11864 8400 -1565 -409 309 610 589 609 653 603 END
START -5644 12252 8280 -1170 284 538 609 589 608 654 603 END
START -5228 12812 8276 -830 538 941 609 588 608 654 603 END
START -6236 13136 9272 -487 322 1250 609 588 610 654 603 END
START -6924 13112 10120 -87 -153 1750 610 588 609 653 603 END
START -7220 12884 10068 242 -277 2219 609 588 608 654 603 END
START -5512 12432 8736 606 216 2647 610 589 609 654 603 END
START -5160 12216 8832 923 650 2900 611 589 609 654 603 END
START -5356 12248 8988 1195 1197 3206 610 588 609 654 604 END