START 7748 14200 4412 -958 887 568 620 589 602 686 625 END
START 7352 14552 4404 -1027 272 163 620 589 602 688 625 END
START 7576 14248 4064 -1266 -1104 -723 620 590 605 687 626 END
START 8060 14248 3268 -1546 -1299 -1213 618 590 603 687 626 END
START 6372 14164 3448 -1808 -934 -1296 620 590 603 687 626 END
START 5176 14108 3940 -1962 -1043 -1530 620 590 603 687 627 END
START 5252 14264 4072 -2083 -1065 -1387 620 591 604 689 627 END
START 5104 14556 3904 -1921 -1597 -1349 619 591 605 688 627 END
START 4596 13752 4456 -1942 -1459 -925 620 591 605 687 628 END
START 5080 14376 3860 -1820 -1000 -572 620 592 604 688 628 END
START 5492 14992 3816 -1624 -698 -311 620 592 605 688 628 END
START 5444 15176 3784 -1360 -1132 -258 620 592 606 688 628 END
START 5880 15272 4092 -1114 -1884 -334 621 593 607 689 629 END
START 6184 15076 4552 -805 -2648 -595 621 593 606 691 628 END
START 5984 14096 4536 -632 -3137 -1128 621 593 608 689 629 END
START 5860 12972 4108 -261 -3111 -2031 621 594 607 689 629 END
START 6588 13132 3236 296 -2974 -2705 620 593 607 689 629 END
START 6560 15852 4240 238 -3756 -2448 620 594 607 689 629 END
START 5456 13908 4244 -83 -4762 -2769 621 593 607 689 629 END
START 5120 12860 3700 368 -5072 -3763 621 594 608 689 630 END
START 4704 16684 5012 202 -5586 -3267 621 594 608 689 629 END
START 7976 13040 1628 -77 -5317 -4268 621 594 608 689 629 END
START 5240 14332 3112 187 -5343 -4870 620 594 607 689 629 END
START 9504 15776 1340 -1057 -4496 -4473 621 594 608 690 628 END
START 7068 13220 1540 -1335 -4372 -5721 622 594 608 689 628 END
START 3064 17300 5400 -2007 -5475 -5733 622 595 607 690 628 END
START 7756 12904 1372 -2259 -6888 -7053 622 594 608 689 628 END
START 6772 17092 3348 -1940 -7512 -7236 621 594 606 689 627 END
START 7248 14536 2924 -3011 -6631 -7374 622 594 607 689 627 END
START 6008 14040 2408 -2616 -3919 -8078 621 595 606 689 626 END
START 8456 15656 2672 -3145 -2408 -7678 622 594 606 690 625 END
START 752 12380 7000 -2905 -2862 -8502 623 595 605 689 624 END
START 2536 16516 3996 -2019 -4055 -8338 623 595 604 689 624 END
START 3936 13876 2600 -2189 -10266 -9153 624 595 603 688 623 END
START 420 14812 4036 -1375 -11099 -9537 624 596 603 688 623 END
START 2808 14300 4116 -2018 -9078 -8886 624 596 604 688 624 END
START 6560 12448 440 -1684 -5691 -9551 625 595 603 688 622 END
START 544 16400 5752 -1878 -3060 -8506 625 596 602 689 622 END
START 4748 13516 372 -2137 -671 -9173 625 596 600 688 618 END
START -2732 13880 3664 -1431 -2968 -9575 626 596 600 687 621 END
START -4080 13936 5576 -2032 -6249 -9477 626 596 600 689 619 END
START 3088 11960 156 -1563 -6275 -10096 627 596 599 688 620 END
START -568 15648 3916 -2015 -5015 -9369 626 595 598 687 619 END
START -2452 12352 4312 -2351 -2603 -9742 628 597 599 688 620 END
START -1772 16280 4448 -2546 45 -9304 628 596 598 687 619 END
START -1088 13128 2040 -3142 -1256 -9539 628 596 597 687 619 END
START -748 14088 168 -2514 -5009 -10231 628 596 596 687 619 END
START -3104 14396 4716 -3050 -7949 -10047 629 596 596 686 619 END
START 792 12256 1300 -2936 -6796 -11029 629 595 596 686 619 END
START 944 16412 1932 -3542 -4190 -10509 629 595 595 686 621 END
START -2724 14056 3908 -4376 -2774 -11262 630 594 594 686 618 END
START -1204 16536 3896 -4537 -662 -11335 629 586 594 685 619 END
START -1220 13864 1452 -5374 168 -11684 630 593 593 685 619 END
START -2064 13688 1304 -5136 548 -12668 630 594 594 685 618 END
START -4512 16188 4396 -5958 255 -12378 630 594 593 685 619 END
START -3960 12248 3500 -6101 531 -13474 631 594 594 685 618 END
START -2220 15160 2644 -5703 3118 -12911 631 595 594 685 619 END
START -8004 12172 4856 -5902 3516 -13187 630 595 594 685 619 END
START -13596 12144 7220 -4695 4244 -12348 631 595 594 684 619 END
START -19448 11684 11804 -4473 3608 -10716 630 596 596 685 618 END
START -20172 13168 11800 -2660 1507 -8507 630 596 597 685 618 END
START -12596 11344 5348 -2088 -713 -6142 630 596 597 685 619 END
START -9728 14800 3900 -770 116 -3464 630 597 597 686 618 END
START -14024 11344 6876 -567 1498 -2090 630 595 598 685 619 END
START -6972 15500 4004 91 5196 -19 630 596 597 685 619 END
START -11668 11708 5956 208 4070 221 630 589 598 685 619 END
START -7636 16236 5480 482 2752 1441 631 597 597 685 618 END
START -6840 11904 2976 302 -57 841 630 597 599 684 618 END
START -7220 16520 5932 264 -620 1512 630 596 598 685 619 END
START -7540 12056 5248 -286 36 895 629 596 597 684 618 END