START 5436 6376 3936 -192 -2411 12561 497 0 625 682 619 END
START 4728 6416 4240 -449 -3321 12352 488 0 626 684 617 END
START 4648 7176 5260 -1017 -6509 9814 489 0 627 683 618 END
START 7228 8736 4760 -1784 -8069 6990 490 0 628 683 617 END
START 10044 8604 3952 -2408 -6436 5323 490 7 628 687 618 END
START 12240 9164 4020 -3125 -2533 4045 490 0 627 682 617 END
START 11812 10160 5140 -3463 1212 3497 488 0 629 683 614 END
START 9912 10516 7820 -3371 2846 2882 489 0 625 683 621 END
START 9524 13756 9964 -3468 1044 1649 491 0 629 684 618 END
START 10588 13356 9532 -3325 -7 342 492 0 628 684 616 END
START 11208 12372 10036 -3520 -558 155 492 0 628 684 618 END
START 10196 12364 11412 -3223 -957 463 493 0 631 684 618 END
START 10080 12064 11612 -2455 -1635 504 496 18 619 685 618 END
START 9752 11508 12052 -1353 -1709 364 493 0 629 684 618 END
START 9296 11040 11968 -720 -1012 378 496 1 629 686 619 END
START 9200 10680 10272 -478 418 430 494 0 629 685 620 END
START 8472 10368 8688 -538 1091 349 494 10 630 684 619 END
START 4640 11404 4356 -206 876 228 494 0 629 685 619 END
START 8888 11716 6012 -498 1186 264 494 0 629 686 620 END
START 5824 11220 10436 -931 -170 361 492 0 629 685 619 END
START 5000 10236 11468 -1047 -585 578 494 0 630 685 619 END
START 7656 8560 10136 -1281 -1404 -221 494 0 628 686 619 END
START 8348 9256 9160 -943 -2866 -1382 494 0 629 685 619 END
START 11276 13060 10700 -295 -3426 -2147 497 0 629 685 619 END
START 11616 12556 12408 -542 -5500 -3258 492 0 628 685 619 END
START 14588 10964 11968 -198 -7688 -5855 494 0 627 684 619 END
START 15488 13336 4776 748 -8026 -7865 493 1 628 685 618 END
START 13968 14060 12196 235 -8323 -8968 493 0 627 685 619 END
START 14292 11548 10504 18 -7941 -12167 495 0 628 685 619 END
START 14892 10456 7004 -31 -5166 -14910 495 1 625 686 627 END
START 17376 13384 4080 739 1822 -15287 496 0 628 685 619 END
START 12316 11352 7060 -158 6079 -14745 495 3 628 684 619 END
START 8432 8408 6524 -872 7682 -16532 496 0 616 684 619 END
START 5112 7888 5660 -1141 5499 -19287 496 0 628 685 619 END
START 4560 10464 4308 -1645 4050 -21054 497 2 628 683 620 END
START 5200 9308 5380 -3171 3758 -22167 497 0 628 684 620 END
START 8088 6524 3312 -4612 4405 -22678 497 0 629 685 619 END
START 3052 5644 3412 -5804 4597 -22977 496 0 628 685 619 END
START 696 8276 7084 -6483 4630 -23616 497 0 630 685 620 END
START -304 7336 8592 -8269 3193 -24624 502 1 629 685 620 END
START 1760 4756 4928 -9453 3177 -25538 498 0 629 686 620 END
START -2032 3628 7264 -10093 2992 -26405 498 0 628 685 620 END
START -6980 6368 11236 -9648 3811 -24180 499 0 629 685 614 END
START -9912 2252 11136 -9353 2014 -22477 499 0 629 686 622 END
START -14704 3384 12936 -8211 576 -21349 500 0 629 685 620 END
START -17300 4948 18500 -7952 -322 -18182 500 0 627 686 617 END
START -16524 1184 14284 -6774 -393 -16292 500 0 629 686 620 END
START -13140 5892 12560 -3361 2532 -12736 500 0 628 685 620 END
START -14704 4680 13148 -2339 514 -8155 489 0 627 685 619 END
START -15192 5416 13904 -298 1705 -6490 500 0 631 686 619 END
START -11144 8172 15704 517 3392 -4210 500 0 627 685 619 END
START -11600 7164 14376 1325 4354 -3026 501 0 627 685 620 END
START -10172 13292 14888 2088 5555 -1328 500 0 625 685 619 END
START -8064 9836 12136 967 3264 -443 500 0 626 685 620 END
START -9852 9452 11820 794 964 -817 501 0 636 685 620 END
START -8988 13336 15524 387 -182 -256 501 0 626 684 620 END
START -2572 9224 10256 -170 209 -1334 501 1 626 687 620 END
START -5520 9540 10520 106 2604 -1014 501 0 626 685 619 END
START -12448 10880 16072 73 2316 447 499 0 624 684 620 END
START -5500 7664 8956 -140 -228 -368 501 0 625 684 618 END
START -11236 8028 11760 187 -2323 -746 502 1 626 684 619 END
START -6988 10300 11836 -78 -1801 964 505 1 631 684 621 END
START -6416 7332 10024 -719 -3070 127 501 0 625 685 620 END
START -7928 9588 8480 -357 -1260 63 502 0 626 684 617 END
START -9212 11336 14328 -752 238 1248 502 0 625 686 619 END
START -4784 8016 8748 -1162 -297 817 502 0 624 684 619 END
START -7492 7184 9044 -915 -1514 19 500 0 624 684 619 END
START -4520 11460 9896 -478 -30 1132 502 0 624 685 620 END
START -4564 9692 10396 -1382 -1729 1260 501 0 624 684 619 END
START -5808 7052 9200 -1622 -1256 293 502 0 624 684 620 END