START 3728 14876 5128 -2780 -3112 -2458 604 583 612 689 617 END
START 3412 14928 5300 -2574 -3902 -2618 604 585 612 689 617 END
START 3948 14940 5328 -1823 -5838 -2811 605 585 614 689 617 END
START 4020 14988 4984 -1196 -6506 -2897 606 586 614 689 618 END
START 3696 15260 4664 -593 -6523 -3134 606 587 615 690 618 END
START 4004 15296 3880 -120 -6205 -3343 607 588 615 689 618 END
START 3516 15292 3784 120 -5959 -3277 607 588 615 690 619 END
START 2804 15016 3628 293 -6908 -3275 608 588 615 690 615 END
START 2188 15336 3456 325 -8830 -2999 608 589 616 690 619 END
START 2916 15292 3016 421 -10833 -2965 607 589 616 691 620 END
START 4024 14832 2712 82 -11001 -2895 609 590 617 690 619 END
START 3888 15144 2568 -328 -9791 -2647 610 591 617 690 620 END
START 2968 15448 2984 -687 -9607 -2602 610 590 617 690 620 END
START 3692 15676 2844 -880 -9630 -2810 611 592 617 691 621 END
START 3376 15312 2536 -1014 -8619 -2793 612 592 618 691 621 END
START 2088 14420 2824 -904 -7996 -2976 613 592 619 691 622 END
START 2560 13928 2192 -468 -7689 -3246 614 592 619 691 621 END
START 3240 15400 1660 -235 -6075 -2778 614 593 618 691 622 END
START 3400 17020 1876 -651 -5099 -2065 615 594 619 691 622 END
START 2476 13936 2364 -822 -4978 -2244 615 594 619 692 623 END
START 3248 14792 1856 -279 -5103 -2607 616 595 618 691 622 END
START 2888 17600 2400 -895 -5726 -1968 616 594 619 691 622 END
START 3252 13436 1292 -694 -4907 -2970 616 594 619 691 622 END
START 3772 17816 2000 -882 -3822 -2501 617 594 619 692 622 END
START 3484 13160 1368 -1094 -3552 -2964 617 594 619 691 622 END
START 4768 18160 2956 -662 -3717 -2711 617 595 618 694 622 END
START 2852 14620 1456 -1291 -5389 -2886 618 595 618 691 622 END
START 2696 15680 360 -629 -5077 -3310 618 594 618 692 622 END
START 1496 16192 2560 -1671 -4733 -2906 618 595 619 691 622 END
START 5764 13344 88 -1271 -2216 -3816 618 593 618 692 622 END
START 1636 16220 3044 -1134 -1486 -3770 618 595 617 692 621 END
START 5332 15684 -624 -2037 -1553 -3780 618 594 619 691 621 END
START 392 13216 2692 -1599 -4277 -4799 618 595 617 691 621 END
START 1940 17256 2620 -1628 -6419 -4609 618 594 617 692 620 END
START 5360 15304 44 -2258 -5858 -5210 618 595 616 692 620 END
START 1572 14032 2336 -2045 -3602 -5764 618 594 616 692 620 END
START 3236 16976 2556 -2340 -934 -5399 618 595 615 691 619 END
START 364 14556 3016 -2707 -1178 -5802 618 595 615 691 619 END
START -592 13368 2620 -2327 -2670 -6085 618 593 614 691 618 END
START 2004 17224 1852 -2726 -3489 -5296 619 593 613 691 618 END
START 376 14304 3004 -3144 -3364 -5976 619 593 613 692 617 END
START 1420 14500 160 -2476 -1107 -6402 620 593 613 691 617 END
START -740 15812 3632 -3116 -420 -5961 619 592 613 691 617 END
START 280 13040 2600 -3027 92 -6628 619 593 612 690 616 END
START -1060 14748 2624 -2328 474 -6570 619 593 612 690 616 END
START -392 16808 3652 -2783 -1925 -5953 616 593 611 690 616 END
START -252 13248 3396 -2484 -3945 -6735 620 592 612 690 616 END
START 936 15800 3472 -2101 -5083 -6764 619 592 611 690 617 END
START 1488 15244 2556 -3083 -5544 -7136 619 593 611 690 616 END
START 1076 13892 2836 -3021 -3820 -8052 619 591 610 690 616 END
START 4576 17772 1348 -3623 -551 -7833 619 590 610 690 617 END
START -2304 14592 3872 -4108 -436 -8939 620 589 610 690 614 END
START -592 14576 84 -3326 -317 -10053 620 590 610 690 617 END
START -2216 16244 3336 -4338 -896 -10041 620 590 610 690 617 END
START 396 12896 260 -4758 2918 -10709 621 589 610 689 617 END
START -4724 15668 1928 -4829 4912 -9644 620 589 610 690 617 END
START -8292 13348 3344 -5332 402 -9077 620 589 610 690 617 END
START -9504 12144 5252 -4353 -6204 -9064 621 589 609 690 618 END
START -14520 15380 10420 -4258 -6016 -6584 621 589 610 690 618 END
START -15996 11004 9332 -3145 -355 -5001 621 589 611 689 618 END
START -8400 15560 3520 -2291 2770 -1806 616 588 611 690 617 END
START -7440 12632 2460 -1734 1203 -413 623 588 612 691 613 END
START -11184 16120 6824 -774 -1355 906 621 589 612 690 618 END
START -7160 13640 4640 -1093 -1080 820 621 590 612 690 618 END
START -1172 16216 -600 -276 658 396 621 589 611 690 619 END
START -4664 15956 5136 -1412 876 297 621 589 612 690 619 END
START -100 12904 1028 -1205 2350 -795 622 590 611 690 618 END
START -4788 16544 6912 -1152 633 -457 621 590 612 691 619 END
START -2952 13244 3164 -1665 -642 -825 621 591 613 690 619 END
START -4720 13676 3776 -1050 -2174 -1017 622 590 613 690 620 END