START 4980 15056 3792 -1240 -352 135 653 602 616 658 612 END
START 4896 15000 3840 -1170 -485 35 644 603 616 657 609 END
START 4920 14868 3420 -1115 -840 -255 644 605 616 658 609 END
START 4772 14856 3544 -1121 -884 -380 643 602 617 659 611 END
START 4392 14820 3344 -1120 -1077 -612 647 600 616 660 609 END
START 3844 14996 3644 -1052 -1242 -399 646 599 616 661 609 END
START 3520 14448 3360 -848 -1786 -491 645 603 616 658 609 END
START 3596 15136 3364 -779 -1735 -140 651 615 620 652 609 END
START 4256 14692 2584 -508 -1452 -483 643 599 616 660 611 END
START 4004 14000 2364 -587 -1449 -378 645 603 616 657 609 END
START 3500 14680 2952 -641 -906 24 641 604 618 657 609 END
START 3456 15768 3636 -595 -663 240 645 603 617 658 608 END
START 3864 16036 3756 -569 -688 381 633 609 616 659 610 END
START 4544 16092 3428 -561 -623 287 643 604 617 660 609 END
START 4876 16356 3660 -627 -259 181 644 603 617 662 609 END
START 4984 16132 4136 -726 -214 -75 645 603 605 659 609 END
START 5216 15624 4924 -777 -357 -640 644 603 616 658 610 END
START 5100 13748 4048 -513 -527 -1434 647 622 615 661 609 END
START 5012 13760 2120 -81 -1031 -1663 645 604 616 658 609 END
START 4532 16472 2988 -176 -3051 -1364 644 603 617 659 610 END
START 4072 16176 5660 -735 -5975 -1519 657 600 619 657 607 END
START 5440 12840 2384 -152 -6470 -2799 644 595 618 657 606 END
START 6168 16432 2588 514 -4429 -3221 645 604 617 659 610 END
START 4264 13652 4676 577 -4617 -3655 641 607 617 695 609 END
START 5076 14416 788 1778 -3237 -4444 647 602 614 658 611 END
START 2428 15524 5876 1372 -4184 -4142 644 602 617 660 610 END
START 4040 12980 540 2538 -4695 -5374 644 604 616 659 610 END
START 3348 16288 4920 2153 -4811 -4887 645 603 616 659 609 END
START 4264 12900 1160 2718 -5210 -6223 646 602 616 659 610 END
START 2076 16776 3396 2708 -4404 -5350 644 603 617 659 610 END
START 6304 12744 -1020 2593 -5218 -6253 644 604 616 659 609 END
START 1972 16220 -1776 3370 -5186 -6716 643 603 615 659 609 END
START 880 16112 3612 2422 -6749 -6873 644 602 616 658 608 END
START 5152 12724 -432 2745 -5306 -7783 641 603 614 658 612 END
START 3092 15172 -3984 3412 -5574 -8444 644 604 615 658 610 END
START -1688 16428 4508 2761 -4758 -8112 648 602 616 658 608 END
START 2356 14696 1520 2369 -4301 -8344 643 608 615 657 607 END
START 3272 13192 -412 2626 -4863 -9327 642 603 613 656 609 END
START 592 15216 -2116 3418 -4556 -9883 643 599 588 655 609 END
START 648 16564 884 2568 -3766 -9591 644 603 610 653 608 END
START -236 16016 1696 2005 -4916 -9668 642 602 612 656 608 END
START -500 13864 268 1882 -5072 -10200 641 604 612 656 608 END
START -2252 13996 284 2126 -5545 -10849 643 602 612 657 607 END
START 84 17100 -464 2123 -4217 -10566 640 602 611 655 608 END
START 660 16268 -384 917 -5780 -10792 643 603 611 656 610 END
START -20 14664 -48 174 -7356 -10847 643 602 614 656 606 END
START -3108 12740 1008 -86 -7739 -11453 605 600 615 636 604 END
START -3052 13652 -976 294 -5981 -11903 643 601 611 655 607 END
START -2788 15764 -48 -246 -3532 -11872 642 602 612 657 608 END
START -5288 15552 2108 -727 -1755 -11894 645 603 610 655 607 END
START -4608 13212 16 -693 -452 -11514 643 601 611 656 618 END
START -7296 13356 516 -581 -295 -11295 643 602 615 656 606 END
START -4012 16696 -1752 -301 1684 -10127 641 600 610 657 608 END
START -5208 16204 336 -974 1071 -9540 646 601 610 656 607 END
START -4740 14016 -948 -773 1844 -9436 642 601 610 656 607 END
START -6652 13340 -1208 -252 3566 -9323 634 600 610 656 607 END
START -6112 16612 -3240 280 6358 -8205 642 599 610 656 607 END
START -8636 15816 1084 -254 6468 -6911 642 600 610 655 607 END
START -9060 13788 180 -86 6047 -6618 641 600 610 655 607 END
START -9196 15228 -1552 317 6478 -5944 642 600 608 655 606 END
START -12004 17592 1440 39 6082 -3491 635 599 611 655 610 END
START -8144 14112 -1792 -538 2494 -2795 644 599 611 660 608 END
START -11460 14044 196 -457 -1309 -3062 642 596 609 655 607 END
START -6220 16652 -1476 -1080 -378 -1619 638 598 608 655 606 END
START -9192 13232 -172 -1111 207 -1691 641 598 608 655 608 END
START -3968 17196 -7696 -432 2642 -647 641 601 608 655 607 END
START -13700 15312 4744 -1603 -387 289 641 598 608 654 606 END
START -5836 12636 -2592 -1351 -306 -353 640 599 608 654 607 END
START -10764 16812 1696 -1093 21 477 642 597 609 655 606 END
START -7268 13992 560 -1849 -814 721 641 598 608 654 607 END