START 9356 14064 116 -173 4991 4739 630 627 638 697 628 END
START 9560 14044 -24 -305 5072 4295 631 627 639 697 629 END
START 9548 14436 -28 -685 5463 3204 629 629 639 697 629 END
START 8180 14204 604 -1058 5146 2164 628 631 640 698 624 END
START 8508 14240 724 -1284 3302 1290 628 632 641 698 629 END
START 8580 14052 1444 -1406 1646 775 627 632 642 698 631 END
START 8368 14456 1008 -1476 916 350 627 633 642 698 631 END
START 8164 14300 1016 -1438 755 -100 627 634 643 699 631 END
START 7480 14260 1488 -1501 1054 -212 627 634 644 699 632 END
START 6816 14724 2088 -1259 494 -299 626 635 644 698 632 END
START 6992 13828 2064 -988 -1081 -713 626 635 644 699 632 END
START 7016 13340 2096 -924 -1356 -532 626 635 645 699 632 END
START 7492 13516 1840 -953 -1305 -561 625 636 645 700 633 END
START 7388 13348 1692 -1018 -1186 -698 625 636 645 699 632 END
START 7480 12944 1572 -1104 -1436 -813 624 637 645 699 633 END
START 7128 12876 1716 -1139 -1820 -1100 625 636 645 699 633 END
START 8148 13568 1244 -1189 -2331 -1400 625 636 646 699 633 END
START 8332 15804 944 -1692 -2186 -985 625 636 645 699 633 END
START 7564 15412 1032 -2191 -2212 -1010 625 636 645 699 633 END
START 6916 12712 756 -2021 -1718 -1825 625 636 646 699 633 END
START 7388 15732 1456 -2020 -1778 -1661 624 636 646 700 634 END
START 6208 14404 1976 -2458 -3016 -1346 625 637 646 699 634 END
START 7352 13300 1392 -1704 -3583 -2240 625 636 646 699 634 END
START 7568 15872 2548 -2155 -4388 -1473 625 637 646 699 633 END
START 8940 12776 1124 -1425 -3683 -2725 624 636 646 699 634 END
START 8196 16420 2396 -1872 -3852 -2340 624 637 646 700 634 END
START 8000 12672 1536 -1224 -3768 -3889 624 636 645 699 634 END
START 5256 15948 3804 -1608 -6002 -3715 625 636 645 699 634 END
START 14028 12780 -2688 -914 -6800 -5155 624 636 646 699 634 END
START 7372 18412 3736 -1236 -8336 -5047 624 639 645 700 633 END
START 5476 13772 2200 -1660 -7569 -6576 624 636 644 699 633 END
START 15976 14232 -6052 -1681 -4557 -7794 624 636 645 699 634 END
START 9668 15252 -2012 -3011 -6723 -8421 624 636 645 700 633 END
START 4288 12424 1444 -3107 -8447 -10257 623 636 645 699 634 END
START 6104 15448 -1500 -3193 -8856 -10561 624 636 645 699 633 END
START 8536 14520 -1292 -4341 -8035 -11185 624 636 645 700 633 END
START 6732 12500 -624 -4249 -5963 -12428 624 636 645 700 633 END
START 7128 16544 -84 -4407 -4741 -12026 628 636 646 700 633 END
START 2196 14100 1320 -5115 -4973 -12205 625 636 646 699 632 END
START 992 12344 1644 -4695 -6329 -12811 624 635 645 699 631 END
START 3060 15228 1276 -4335 -7447 -12362 625 635 645 700 632 END
START 2928 15180 744 -5312 -6827 -11837 625 635 645 700 631 END
START 4824 12724 -628 -5101 -2580 -12222 625 634 644 699 631 END
START 1644 14936 -872 -4795 283 -12038 626 635 645 699 632 END
START -808 15436 2872 -5520 137 -11934 626 634 645 699 630 END
START -1372 13076 2944 -5245 -949 -12560 627 633 644 699 630 END
START -1068 13920 2364 -4793 -2575 -12734 626 633 643 699 630 END
START -228 15820 2476 -5228 -2967 -12073 627 633 644 700 629 END
START -2320 13096 2712 -5121 -1286 -12620 627 632 644 700 629 END
START 912 16456 252 -4822 1246 -12150 623 633 644 699 629 END
START -2100 15376 1972 -5555 1112 -11632 627 634 644 699 628 END
START -6676 11864 3632 -4495 -796 -11842 627 632 644 699 628 END
START -8136 15860 5024 -4699 -4605 -10171 627 633 644 700 627 END
START -10948 12012 6852 -3898 -4440 -9086 628 632 645 699 628 END
START -13540 15956 9480 -3715 -1990 -5920 628 633 647 699 628 END
START -9028 12108 4184 -2552 1076 -4524 627 632 644 700 628 END
START -8288 16124 4656 -2304 1391 -2072 627 632 645 698 628 END
START -11500 12560 6912 -1091 90 -1671 628 632 644 700 628 END
START -11192 16788 7920 -1464 -1231 301 627 631 644 699 629 END
START -5128 13436 2952 -625 -332 -175 627 632 644 698 628 END
START -7176 16840 6028 -1076 1108 1127 628 631 645 699 628 END
START -2308 13516 2104 -1017 3015 445 627 630 645 699 628 END
START -6620 17448 5512 -832 2071 1136 627 631 644 700 629 END
START 580 14876 140 -1719 847 571 629 630 644 700 628 END
START -5720 13212 5020 -1353 -906 30 628 630 643 699 628 END
START -7984 16496 4988 -1118 -2687 192 628 629 641 699 626 END
START -804 14796 1896 -1971 201 403 628 628 639 699 626 END
START -9800 13012 8156 -1691 847 -348 629 628 637 698 624 END
START -4300 14952 3256 -1229 3395 -274 629 626 633 697 622 END
START -3452 15104 3380 -1969 4041 -1 627 625 627 695 620 END