START 2920 15220 2632 -1696 -301 191 607 590 608 657 602 END
START 2812 15304 2812 -1689 -299 104 608 590 608 657 602 END
START 2848 15468 2756 -1604 -11 -126 603 590 608 656 603 END
START 2560 15340 2732 -1524 148 -322 607 591 608 657 602 END
START 2468 15372 2708 -1504 180 -479 606 591 608 658 602 END
START 1948 15400 3336 -1482 -168 -414 607 591 608 658 602 END
START 1896 15180 3516 -1322 -909 -391 607 590 608 657 602 END
START 2044 15324 3352 -1025 -933 -321 608 590 608 657 602 END
START 2016 15316 3004 -982 -479 -404 607 591 608 657 602 END
START 2296 15464 2560 -723 410 -396 607 591 609 657 602 END
START 1848 14752 2912 -788 25 -564 607 591 608 658 602 END
START 1240 15196 3708 -993 -423 -402 608 591 609 657 602 END
START 2332 15940 3148 -923 -579 -169 607 590 605 657 603 END
START 2592 16064 3076 -830 -569 44 607 591 608 657 602 END
START 2632 16784 3088 -740 -69 31 608 592 608 657 603 END
START 2972 16804 2628 -603 609 -18 608 591 609 658 603 END
START 2012 16660 3040 -653 722 116 608 591 609 657 602 END
START 1960 17080 3136 -743 628 152 606 591 609 657 602 END
START 2280 17052 2628 -832 528 244 607 591 608 657 603 END
START 3084 16892 2392 -984 460 219 607 591 609 657 603 END
START 2728 16960 2732 -1149 1194 59 607 591 609 658 603 END
START 3196 16884 2272 -1355 2381 -250 608 591 609 657 602 END
START 2600 16416 3356 -1476 2750 -437 608 591 609 658 602 END
START 1352 16280 3908 -1473 1247 -400 605 591 610 657 602 END
START 2260 15720 4020 -1450 -395 -273 608 592 609 657 603 END
START 2920 15652 3876 -1453 -935 -360 608 591 609 657 603 END
START 2304 15572 4732 -1620 -716 -790 608 590 610 658 602 END
START 2700 15596 4536 -1878 -96 -1617 608 591 610 658 602 END
START 2108 14528 4420 -1955 -143 -2503 608 591 609 658 603 END
START 2292 13804 2892 -2007 -1268 -3433 609 591 610 657 603 END
START 2168 13536 2680 -1974 -2841 -4498 608 589 609 657 603 END
START 3500 14696 2016 -1955 -3540 -5275 601 591 609 658 603 END
START 4620 15200 1908 -2196 -2148 -6217 607 591 608 658 603 END
START 4876 15696 1740 -2414 886 -7303 608 591 609 657 602 END
START 4304 15632 1468 -2557 3055 -8017 608 591 609 657 603 END
START 1912 16468 2644 -2597 1285 -8150 608 591 609 657 603 END
START 508 16776 3444 -2722 -2220 -8065 608 591 609 658 603 END
START 3192 16800 2420 -3101 -2852 -8331 608 591 609 657 603 END
START 2308 16336 4332 -3398 255 -8879 603 591 609 657 603 END
START 2268 16340 4280 -3334 5129 -9629 608 592 609 659 603 END
START 780 15600 4240 -3005 7207 -9827 608 591 609 658 603 END
START -1112 15236 4352 -2601 3879 -9967 609 591 609 657 602 END
START -2820 14816 5416 -2437 -2042 -9804 608 591 610 658 604 END
START -2492 12724 4728 -2603 -4624 -10116 607 591 610 658 602 END
START -2708 13028 4424 -2459 -2549 -10750 608 591 610 658 603 END
START -2668 11736 3152 -1866 1040 -11546 609 591 609 657 603 END
START -6592 12812 4848 -1434 -53 -11550 608 591 610 658 604 END
START -4960 13144 3356 -1444 -4355 -11063 608 591 610 659 603 END
START -4724 13788 3960 -1339 -7575 -10559 609 591 609 654 603 END
START -2884 13956 3336 -1329 -7594 -9989 608 591 606 658 604 END
START -3368 14692 4296 -1560 -6423 -9581 608 591 610 658 603 END
START -4656 14040 5564 -1817 -5452 -9390 608 591 610 658 603 END
START -5560 14044 6568 -2020 -5702 -9190 607 591 610 658 603 END
START -5636 13436 6320 -2330 -6867 -9044 607 591 610 657 603 END
START -7852 11656 6148 -2625 -8164 -9110 607 590 610 658 603 END
START -6720 10116 4628 -2533 -6696 -9605 607 590 609 658 603 END
START -7432 11236 4992 -2448 -4492 -9776 607 591 610 658 604 END
START -6512 12532 5240 -2509 -3541 -9314 607 590 611 658 603 END
START -6736 13332 5728 -2536 -4109 -8698 607 590 611 658 604 END
START -5112 13864 4552 -2777 -3726 -8244 607 589 610 658 603 END
START -5404 13916 5300 -3143 -3236 -7624 607 590 610 658 604 END
START -7352 13180 7708 -3422 -3326 -7338 607 589 610 658 603 END
START -6692 12376 7792 -3568 -3776 -7145 607 589 610 657 604 END
START -9728 11240 8896 -3669 -5660 -7085 607 589 610 658 604 END
START -9236 9188 6584 -3574 -6152 -7251 607 589 610 658 603 END
START -8884 9148 6420 -3349 -3496 -7108 607 589 610 657 603 END
START -8944 9544 7316 -2990 -613 -6565 607 591 611 658 604 END
START -10112 9576 7796 -2504 -60 -5535 607 589 610 659 604 END
START -10832 9428 7724 -1982 -2386 -4311 607 588 610 658 603 END
START -8552 11676 6972 -1327 -3595 -2960 606 589 610 658 603 END