START 1160 15480 3052 -1122 -395 -506 621 595 629 669 613 END
START 1116 15532 2908 -1082 -455 -472 621 595 628 669 613 END
START 904 15528 2820 -944 -489 -563 622 595 629 669 613 END
START 800 15560 2964 -904 -585 -500 621 596 629 669 613 END
START 668 15600 2724 -901 -761 -402 621 595 629 669 612 END
START 636 15492 2784 -942 -1049 -362 620 595 629 669 613 END
START 776 15720 2540 -900 -635 -176 622 596 629 669 613 END
START 780 15056 2372 -943 -793 -337 621 595 629 669 613 END
START 268 15428 3056 -1055 -519 -150 621 595 629 670 613 END
START 952 16144 2912 -944 -203 70 621 595 629 669 613 END
START 1456 16216 2724 -865 -157 84 621 595 629 669 613 END
START 1240 15560 1600 -836 -301 -39 621 596 629 670 613 END
START 920 15876 2360 -970 -326 -118 621 595 629 670 613 END
START 704 15952 2312 -1063 -139 -243 622 595 629 670 612 END
START 712 15792 2504 -1056 -29 -200 621 595 629 668 613 END
START 972 16016 2188 -999 -88 -198 621 595 629 669 613 END
START 1504 15944 1704 -987 -116 -296 621 595 630 670 613 END
START 1708 15968 1860 -949 -34 -221 620 595 629 670 613 END
START 1600 15880 1912 -1022 -566 -315 621 595 629 669 612 END
START 1900 16020 1864 -1102 -1375 -463 621 595 627 669 613 END
START 3880 16320 1444 -1143 -2789 -855 621 595 629 668 613 END
START 3292 17564 2960 -1056 -4816 -1403 621 595 629 670 613 END
START 4788 17472 1992 -1062 -6484 -2328 621 595 629 669 613 END
START 4364 17208 2940 -1246 -7460 -3643 621 594 629 669 613 END
START 5180 16824 2828 -1363 -7504 -5203 623 595 629 670 613 END
START 3052 16412 4104 -1633 -7748 -6645 621 595 629 671 613 END
START 1636 14584 4384 -1895 -8420 -8105 621 594 629 670 612 END
START 76 14308 4324 -1734 -9109 -9165 621 596 629 670 613 END
START 664 12956 3032 -1526 -9803 -10042 621 595 629 669 613 END
START -200 14316 2684 -1233 -9771 -10581 622 596 629 671 613 END
START 1384 14828 1204 -1222 -8835 -10793 621 595 629 670 613 END
START 248 15060 1852 -1295 -7547 -10783 621 595 628 671 613 END
START -192 14756 2804 -1124 -6627 -10669 622 596 629 671 614 END
START -2488 16288 4728 -838 -7296 -10377 622 596 629 671 613 END
START -872 16424 2960 -917 -7448 -10187 623 596 629 671 614 END
START -740 16332 2152 -1284 -6660 -10224 622 597 629 672 613 END
START -1812 15764 3380 -1811 -5481 -10370 622 596 629 671 613 END
START -3872 14600 5444 -1926 -5395 -10078 623 596 630 671 614 END
START -5744 13392 6196 -2087 -7465 -9790 622 596 628 670 613 END
START -6436 12368 4440 -1966 -9389 -9913 622 597 627 672 613 END
START -3664 11696 1596 -1952 -7994 -10283 622 596 629 671 614 END
START -2712 13536 1920 -2027 -5183 -10088 623 597 629 672 615 END
START -5944 13084 4492 -1778 -4038 -9349 623 597 629 671 614 END
START -5792 14088 4852 -1623 -5090 -8664 622 597 629 672 614 END
START -6340 15024 5388 -1584 -6125 -7688 622 598 629 672 614 END
START -4724 14792 3888 -1787 -5680 -7560 623 598 629 672 614 END
START -4552 14440 4168 -2207 -4192 -7418 623 597 629 672 614 END
START -5612 13888 5256 -2658 -3254 -7350 623 598 629 672 614 END
START -7956 11844 6752 -3024 -3470 -7460 623 598 629 672 615 END
START -7508 12016 5356 -3011 -4515 -8155 623 597 629 672 614 END
START -7804 11980 4720 -2924 -4596 -8245 623 598 629 673 614 END
START -5376 12668 2636 -3333 -3870 -8086 623 598 629 673 614 END
START -5372 13116 3216 -3725 -2227 -8057 623 597 629 671 614 END
START -5160 12964 4208 -3517 -778 -7136 623 598 629 672 614 END
START -9452 13456 7784 -3375 -2427 -6321 623 597 629 672 614 END
START -8368 12304 7376 -3216 -3848 -5611 623 597 630 673 614 END
START -7080 11968 6856 -3283 -3617 -5403 623 598 630 672 614 END
START -7356 11696 7340 -3338 -1326 -5087 623 597 629 673 614 END
START -10892 9732 7940 -2760 -137 -4281 623 597 629 673 615 END
START -12096 8136 7804 -2005 -1193 -4073 623 597 630 673 614 END
START -10592 9632 6656 -1451 -1881 -3700 623 598 628 673 615 END
START -9604 10952 6032 -1108 -1406 -2951 624 598 630 673 615 END
START -8888 11924 5808 -843 -262 -2074 624 598 630 673 615 END
START -9160 12168 5748 -692 37 -1308 624 598 629 673 615 END
START -6848 12976 4360 -698 85 -833 624 598 630 673 614 END
START -6704 13288 4360 -767 99 -545 624 597 629 673 615 END
START -6468 13360 4264 -852 105 -456 624 597 630 674 615 END
START -6264 13528 4344 -893 297 -250 624 598 629 674 615 END
START -6328 13668 4420 -972 204 -51 625 597 630 673 615 END
START -6584 13900 4828 -1040 251 37 624 598 629 674 615 END