START 3304 15304 3848 -1425 320 500 620 599 621 665 607 END
START 3244 15356 3788 -1398 163 400 619 598 620 663 607 END
START 3004 15208 3832 -1358 -153 225 618 599 620 665 606 END
START 2928 15144 3768 -1286 -322 123 618 598 620 665 607 END
START 2816 15072 3620 -1287 -389 -5 619 600 620 665 606 END
START 2760 14916 3952 -1220 -508 -98 618 599 620 665 606 END
START 2392 14940 4244 -1114 -570 -152 619 599 619 665 606 END
START 2324 15132 3960 -1065 -450 -144 618 599 620 665 606 END
START 2652 14928 4020 -897 -294 -165 618 600 620 664 606 END
START 1928 14764 4332 -1037 -586 -37 618 599 620 665 607 END
START 2496 15604 3940 -872 -259 326 619 599 620 665 606 END
START 2784 15648 3764 -793 -322 309 620 598 620 665 607 END
START 2944 15260 3416 -678 21 280 618 598 620 666 606 END
START 3032 14880 3532 -769 17 203 619 599 620 665 606 END
START 3400 14960 2960 -811 115 24 612 599 620 665 607 END
START 1708 14528 3576 -853 -277 -95 619 599 620 666 607 END
START 2248 14688 3448 -883 -541 -46 618 599 621 665 607 END
START 3076 14984 2952 -941 -295 2 619 599 620 665 607 END
START 3640 15216 2664 -966 124 -105 619 599 620 665 606 END
START 3264 15380 3028 -1003 141 -56 619 599 620 665 606 END
START 3084 15348 3264 -1038 -246 -26 619 599 620 666 606 END
START 3396 15344 3128 -1174 -1057 -28 619 599 620 665 607 END
START 4420 15116 3132 -1232 -2435 -292 619 599 620 665 607 END
START 4544 15840 3420 -1242 -4058 -666 619 600 621 666 607 END
START 5588 16568 3148 -1364 -5009 -1305 619 600 620 665 607 END
START 5444 16172 4496 -1603 -5978 -2136 619 599 620 665 606 END
START 6104 15904 4556 -1810 -7454 -3419 619 599 620 665 607 END
START 4428 14900 5248 -2056 -9041 -4889 619 599 620 665 607 END
START 3400 13816 4412 -2071 -9685 -6591 619 599 620 665 607 END
START 3888 13092 3000 -2049 -8709 -8145 619 599 620 665 606 END
START 4564 14384 1716 -2214 -7660 -8866 619 599 621 665 607 END
START 3692 15116 3300 -2509 -8014 -9061 620 600 620 665 606 END
START 3788 14988 3268 -2511 -8721 -9310 622 599 620 665 607 END
START 3036 16200 4056 -2608 -9145 -9563 619 600 619 666 607 END
START 3320 16304 3200 -2936 -8282 -9775 619 600 620 665 607 END
START 2688 15872 4360 -3273 -7305 -10198 620 599 620 665 608 END
START 1220 15288 5432 -3609 -6685 -10434 620 599 621 665 607 END
START 20 13788 5756 -4069 -6614 -10853 619 600 621 665 607 END
START -1816 13152 6332 -4170 -6637 -11024 620 599 620 665 607 END
START -1004 12088 4552 -4035 -5735 -11458 618 599 620 665 608 END
START -1628 13364 3748 -3719 -4528 -11422 619 599 620 665 607 END
START -888 13704 3360 -3666 -4530 -10943 619 599 620 666 607 END
START -1084 14356 3972 -3718 -4994 -10596 619 599 620 666 607 END
START -232 14592 4388 -3725 -3948 -10157 620 599 619 665 606 END
START -2248 15700 6200 -3821 -2401 -9687 619 599 620 665 607 END
START -1148 15344 5340 -4010 -402 -9617 619 599 620 665 607 END
START -2184 14656 6256 -4147 591 -9520 619 600 620 665 607 END
START -824 14196 5036 -4374 1422 -9588 618 599 620 665 607 END
START -1124 13876 5284 -4747 1692 -9819 619 599 620 665 607 END
START -4040 13564 7712 -5027 361 -10045 619 598 620 665 607 END
START -5220 11728 7784 -5284 -2466 -10405 619 599 620 665 607 END
START -5580 11452 5908 -5503 -3986 -10986 619 598 620 665 607 END
START -3404 10104 4452 -5545 -1570 -11449 619 599 620 665 607 END
START -4212 11448 5884 -5351 1226 -11065 621 598 620 664 607 END
START -6380 11328 7364 -5060 702 -10567 619 598 619 664 607 END
START -7468 11780 7972 -4450 -569 -9697 619 598 619 665 607 END
START -6200 12484 6716 -4058 -1746 -8694 619 597 619 664 606 END
START -6560 12548 7616 -3879 -1724 -7704 619 596 619 665 604 END
START -7932 12344 9036 -3703 -1615 -6718 619 597 619 665 607 END
START -7700 11724 9944 -3460 -1377 -5862 620 597 619 664 608 END
START -10308 10580 10884 -3375 -1421 -5253 618 597 619 665 607 END
START -10392 9428 9280 -2819 -956 -4686 619 596 619 665 607 END
START -10200 8404 7672 -2359 -740 -4181 619 597 619 666 607 END
START -9788 9232 7268 -2063 -1293 -3433 619 596 619 665 606 END
START -8684 10748 7228 -1904 -1451 -2516 619 597 619 665 607 END
START -8024 12016 7808 -1780 -1120 -1713 619 597 619 665 607 END
START -6024 12328 6952 -1523 -89 -1182 620 597 619 665 607 END
START -7460 13312 8464 -1574 -118 -530 620 596 620 664 606 END
START -7288 12416 7932 -1515 -250 -142 620 595 619 665 607 END
START -6728 12792 7800 -1426 -307 341 619 596 619 666 607 END