START 5612 13972 2688 -562 -4755 -5457 619 593 606 674 610 END
START 5416 14432 2780 -532 -5024 -5623 619 594 606 674 611 END
START 4608 14460 2556 -361 -5346 -6140 619 594 607 675 611 END
START 5388 14740 1764 -378 -5616 -6444 620 595 609 676 611 END
START 5516 14540 1556 -530 -5512 -6318 618 595 608 676 612 END
START 4500 13924 2004 -730 -5234 -6436 620 595 609 677 612 END
START 4500 14464 2180 -890 -5033 -6660 620 597 610 677 613 END
START 5032 15068 1648 -746 -4485 -6912 622 596 611 677 614 END
START 4852 14936 1096 -1039 -3562 -6812 620 596 612 678 614 END
START 3836 15076 1752 -1395 -3080 -6509 623 597 612 679 614 END
START 2812 15700 2396 -1390 -4631 -6715 622 597 612 679 614 END
START 2932 16064 2188 -1273 -6221 -6998 622 598 613 679 615 END
START 3920 16100 1360 -1294 -6598 -7164 622 598 613 679 615 END
START 4596 15272 860 -1458 -5853 -7356 622 599 613 679 615 END
START 4552 14004 624 -1419 -4551 -7747 622 599 613 679 615 END
START 3820 15084 1056 -1416 -4144 -8056 622 599 614 679 616 END
START 3832 17276 1904 -2011 -4746 -7900 622 598 614 680 616 END
START 2828 14864 1484 -2485 -4126 -7956 623 600 614 681 616 END
START 3076 15116 296 -2241 -2593 -8103 624 599 614 680 616 END
START 2600 17564 1568 -3149 -2668 -7401 624 599 615 680 617 END
START 3348 13752 748 -3450 -2596 -8041 624 600 615 680 617 END
START 1824 17064 2212 -3707 -2384 -7428 625 600 615 680 617 END
START 816 12896 1664 -4240 -3023 -8324 626 600 615 680 617 END
START 1560 17664 1940 -4628 -2190 -7933 626 599 615 680 617 END
START 580 13588 1744 -5341 -2309 -8500 627 600 615 680 617 END
START 832 17860 3192 -6054 -2725 -7719 628 600 616 681 617 END
START 2940 14060 1480 -6009 -2637 -8704 628 600 612 680 618 END
START 348 14248 3592 -6815 -2603 -8359 628 600 616 680 618 END
START 1552 15608 1416 -6039 -982 -9211 628 601 616 680 618 END
START -108 13212 3552 -6714 201 -10244 630 601 616 680 617 END
START 1700 17096 2592 -6750 3673 -9512 628 600 616 681 618 END
START -4004 13612 5352 -7145 3966 -10026 630 602 617 681 619 END
START -2712 15856 3192 -6555 3092 -10108 629 601 617 681 618 END
START -1776 13136 2240 -6607 -607 -11054 629 602 617 681 619 END
START -1048 13732 -36 -5480 -2393 -12132 630 602 619 681 618 END
START -3016 12896 3368 -5755 -1367 -11904 630 602 618 680 618 END
START -4184 11888 2340 -5245 2850 -11524 630 603 619 681 619 END
START -11892 15068 8024 -5666 4807 -9839 630 603 620 681 619 END
START -11836 11460 6364 -4848 4533 -8757 630 603 620 681 619 END
START -6752 13536 2768 -3634 1605 -6992 630 604 621 681 618 END
START -16320 11980 9868 -3010 -2625 -5720 630 604 621 681 619 END
START -12740 14588 7884 -1993 -1751 -3640 630 597 621 682 619 END
START -9656 12044 5200 -1650 -8 -2619 630 604 621 682 620 END
START -6432 15348 3688 -744 2763 -1211 631 603 622 681 620 END
START -9464 11836 6376 -499 2152 -962 630 604 622 682 619 END
START -7880 15324 5004 357 1154 -21 631 604 621 682 619 END
START -7724 12900 5136 241 -1012 -88 631 604 622 681 620 END
START -5652 13208 3928 758 -1350 61 631 604 622 681 620 END
START -8428 15756 7720 95 -1129 660 630 604 622 681 620 END
START -7084 12812 5840 308 921 194 631 604 623 681 620 END
START -1864 15192 -172 530 2042 518 631 603 622 682 620 END
START -9756 14956 8164 -206 -21 815 631 604 622 682 620 END
START -6200 12140 4604 140 -680 259 630 604 622 682 620 END
START -7340 15120 4332 159 -1677 834 631 604 623 682 621 END
START -1720 14236 2108 -527 -1634 771 631 603 623 681 622 END
START -6676 12540 5000 -65 -1689 360 631 604 622 682 621 END
START -2612 15580 2912 -714 17 1051 632 604 623 682 621 END
START -6900 11384 4612 -563 -15 226 631 605 622 682 621 END
START -6828 15780 6168 -658 4 837 631 604 622 682 620 END
START -8000 11872 5860 -832 -686 135 631 604 622 682 622 END
START -5544 15864 4796 -541 -307 671 631 601 622 682 621 END
START -6784 11172 4504 -936 -1128 140 630 604 623 682 621 END
START -4860 16100 4596 -1086 -939 931 632 603 622 682 621 END
START -5020 12292 3396 -810 -919 -56 631 604 622 681 621 END
START -5440 13628 4968 -1533 -929 325 631 603 622 681 621 END
START -4432 15532 4288 -1068 203 8 631 603 620 681 621 END
START -5744 11164 4672 -1507 -351 -926 631 602 620 680 620 END
START -5112 15268 5268 -1845 -421 -605 631 603 619 679 619 END
START -3392 14556 3256 -1563 -288 -1464 631 601 617 679 618 END
START -4012 10896 3308 -1952 -1617 -2536 631 602 615 677 617 END