START 1596 15284 3744 -1318 215 182 606 590 607 653 604 END
START 1660 15284 3592 -1315 243 221 607 590 606 653 604 END
START 1712 15184 3612 -1337 291 319 607 589 606 654 604 END
START 1492 15172 3808 -1346 55 459 607 590 607 653 603 END
START 1652 15232 4080 -1266 -138 615 607 590 607 653 604 END
START 1672 15208 4084 -1195 -203 650 607 590 607 654 604 END
START 1868 15116 3928 -1113 -66 593 607 590 607 653 604 END
START 1800 15276 3932 -1094 112 626 607 589 606 654 605 END
START 1680 14808 3992 -1166 -279 500 605 590 607 653 604 END
START 2028 15432 4024 -1112 129 538 607 590 605 654 604 END
START 2532 15192 3604 -1071 -91 179 607 590 607 654 605 END
START 2464 14512 3368 -1280 -608 -136 607 590 607 654 604 END
START 800 14128 3848 -1501 -1208 -480 607 590 607 653 604 END
START 1064 14024 3924 -1770 -1416 -650 607 590 608 653 604 END
START 1640 13352 3152 -1998 -1678 -950 607 590 607 653 605 END
START 1412 13468 3372 -2160 -1821 -1420 607 590 607 653 605 END
START 2100 12432 2796 -2126 -1728 -1875 600 589 607 653 604 END
START 932 14400 3776 -2015 -1133 -2053 607 590 605 654 604 END
START 2248 15068 3368 -1864 -492 -1941 608 590 607 654 604 END
START 1512 15368 3788 -1576 -593 -1738 607 591 607 655 604 END
START 3280 15896 2604 -1349 -881 -1605 607 590 607 654 604 END
START 3480 15908 2652 -1260 -1607 -1675 606 590 607 654 605 END
START 3568 16732 3016 -1282 -1864 -1919 607 589 607 653 604 END
START 3188 16856 4616 -1357 -2361 -2516 607 590 607 654 603 END
START 4024 16164 4788 -1438 -3269 -3279 607 590 608 654 604 END
START 3772 15908 5344 -1381 -4204 -4264 607 590 607 654 604 END
START 2312 15208 5436 -1558 -5220 -5278 607 590 607 654 604 END
START 1632 14148 5016 -1751 -5847 -6624 609 590 607 655 605 END
START 2188 13168 3760 -1675 -5629 -7876 607 590 607 654 605 END
START 1248 13688 3832 -1499 -5221 -8806 607 590 606 654 604 END
START 1664 14628 3628 -1383 -5116 -9315 607 590 608 654 605 END
START 1756 14964 3380 -1410 -5027 -9697 607 590 607 655 605 END
START 1568 15168 3548 -1310 -4289 -10144 607 590 608 655 605 END
START 2176 15560 2620 -1166 -2707 -10210 607 591 608 655 605 END
START 172 16164 3760 -1374 -1756 -10346 599 590 608 655 604 END
START 288 16460 3420 -1658 -959 -10335 608 590 608 655 604 END
START -612 16200 3888 -2015 -1648 -10343 607 590 608 655 605 END
START -652 15096 5332 -2180 -2370 -10375 607 591 608 655 605 END
START -3428 14784 6920 -2303 -3656 -10365 607 590 608 655 604 END
START -3892 12716 5632 -2570 -4223 -10949 607 591 608 655 605 END
START -4640 11920 4240 -2616 -3879 -11548 607 591 608 654 605 END
START -4872 12328 4288 -2458 -2647 -11724 607 591 609 656 605 END
START -4000 12528 4036 -2337 -2348 -11239 608 591 603 656 605 END
START -4896 13504 4824 -2420 -3426 -10568 607 590 609 655 605 END
START -3672 13872 3736 -2427 -3242 -9943 607 590 609 655 605 END
START -3724 14524 4524 -2794 -2606 -9320 609 591 609 655 605 END
START -5040 13892 6248 -3216 -2361 -9005 607 590 609 655 605 END
START -4956 13308 7552 -3465 -2126 -8516 607 591 609 656 605 END
START -7708 11620 9000 -3414 -2495 -8358 607 590 609 655 605 END
START -7644 10712 6536 -3093 -2627 -8174 608 591 609 656 605 END
START -7576 10312 5572 -2678 -2016 -8269 607 590 609 656 605 END
START -6024 11932 4540 -2733 -628 -7752 607 590 610 656 605 END
START -6600 12192 5268 -2810 88 -7140 608 590 610 656 606 END
START -6888 12752 6448 -2526 -443 -6316 607 591 609 656 606 END
START -6592 14048 6524 -2530 -1750 -5545 607 590 610 656 605 END
START -6656 13488 6500 -2640 -1688 -4980 607 590 611 656 605 END
START -5984 13320 6344 -3154 -979 -4662 607 590 611 657 605 END
START -5788 12196 7388 -3402 224 -4538 607 591 610 657 606 END
START -8152 11844 9052 -3422 -46 -4166 607 590 610 657 606 END
START -10264 10668 8968 -3358 -1841 -4316 607 591 610 657 606 END
START -9268 9144 6368 -3123 -2564 -4654 608 590 611 657 606 END
START -8932 10632 6352 -2892 -2791 -4716 607 590 611 657 606 END
START -7120 11020 5872 -2727 -1595 -4363 607 591 610 657 606 END
START -8220 11580 6428 -2573 -1080 -3861 608 591 610 657 605 END
START -7292 13052 6540 -2343 -446 -3359 607 590 611 657 606 END
START -8416 12296 7564 -2366 -976 -2838 607 590 611 658 606 END
START -7232 11752 7260 -2342 -819 -2323 607 591 611 657 606 END
START -8384 11492 8456 -2275 -936 -2030 607 591 610 657 605 END
START -7804 10976 8536 -2359 -555 -1824 607 591 610 657 607 END
START -10228 10876 9872 -2554 -927 -1589 608 591 610 657 605 END