START 7608 14668 276 -1287 8773 4666 608 607 646 702 626 END
START 7096 14620 652 -1444 8649 4544 608 608 646 701 627 END
START 7024 14504 1212 -1938 7217 3933 610 607 645 701 628 END
START 7644 14764 780 -2312 5319 3324 608 607 646 701 628 END
START 7696 15200 580 -2731 3976 2599 607 603 645 701 629 END
START 8060 15200 780 -3095 3212 1823 607 607 646 701 629 END
START 8300 15372 1216 -3269 2584 1158 607 608 646 701 630 END
START 7856 15100 1980 -3181 1841 492 607 607 646 701 630 END
START 7160 15644 2032 -2780 1441 157 606 607 646 702 630 END
START 5768 15048 2408 -2215 475 -287 607 607 647 701 630 END
START 4628 14972 2684 -1816 -327 -352 607 606 646 701 631 END
START 4840 15636 2256 -1313 -768 -110 607 607 646 702 631 END
START 5240 15952 1572 -971 -823 138 608 607 646 702 631 END
START 5504 15944 1240 -743 -591 312 607 607 642 701 630 END
START 5432 15700 928 -689 -329 408 608 607 646 702 630 END
START 5428 15948 1156 -751 -104 522 608 608 646 701 631 END
START 4984 16228 1244 -1024 -243 619 608 607 646 701 631 END
START 5308 15608 1200 -1282 -484 427 608 606 646 701 632 END
START 5340 13396 1272 -1469 -665 -60 607 606 646 701 631 END
START 5940 13248 856 -1164 -696 -673 608 607 646 702 632 END
START 6440 15660 1120 -1198 -666 -563 608 607 646 701 631 END
START 5804 15368 1672 -1981 -938 -518 608 606 646 701 632 END
START 6228 12760 1128 -1885 -575 -1379 608 606 645 701 631 END
START 7396 16560 2616 -1658 -1036 -1124 609 607 646 701 630 END
START 5972 12980 3652 -1710 -3433 -1885 609 606 647 702 632 END
START 7556 16476 3412 -617 -5745 -2456 609 606 646 702 633 END
START 7856 13148 3516 -723 -7905 -3241 609 608 646 702 632 END
START 9296 16336 2984 54 -8062 -3771 610 606 646 702 632 END
START 7936 13408 2604 -436 -9162 -4663 610 607 647 702 632 END
START 8624 17504 1644 -232 -9053 -4967 610 607 646 701 632 END
START 7716 13492 1572 -989 -9892 -6064 611 607 646 702 632 END
START 7396 18604 2448 -1147 -10361 -5866 611 606 647 701 632 END
START 2904 13900 3264 -1896 -11625 -6854 612 607 645 702 631 END
START 6560 16436 -364 -1847 -11598 -6404 612 607 646 702 631 END
START 4252 14860 212 -2845 -10761 -6666 612 607 647 701 631 END
START 7500 14936 -3272 -3098 -9756 -6917 614 607 646 701 631 END
START 1276 16684 2816 -4094 -8118 -6237 612 607 646 701 630 END
START 4560 13784 624 -4471 -5570 -6819 612 607 646 701 630 END
START 4460 15212 -2176 -4019 -4058 -7406 613 607 646 701 629 END
START -140 15972 3228 -4535 -4587 -6646 613 608 646 701 628 END
START 3576 13620 -132 -4368 -5054 -7334 613 608 645 701 628 END
START 3948 15652 -2856 -3975 -3609 -7180 614 607 645 701 627 END
START 1108 15604 2056 -5100 -2665 -6903 613 607 644 701 628 END
START 1964 12548 1092 -5039 -1855 -7678 614 606 645 701 627 END
START 1296 15208 -216 -4868 -2060 -7977 614 605 645 701 627 END
START 1320 15156 1304 -5672 -3516 -8386 614 606 644 702 626 END
START 2280 12964 852 -5595 -3271 -9298 615 606 645 701 627 END
START 3628 15668 340 -5583 -1555 -8863 616 607 645 701 625 END
START 896 13772 996 -6203 -1821 -9206 616 606 643 701 625 END
START -1416 12052 2984 -5869 -2754 -10333 616 606 644 701 626 END
START 1112 16140 2628 -5517 -3237 -10444 616 606 644 701 626 END
START -932 13676 1664 -6146 -4870 -11679 616 606 644 701 625 END
START 1256 12464 748 -5744 -2982 -12352 617 607 643 701 625 END
START -2496 15168 3200 -5791 -1200 -11992 617 607 644 701 626 END
START -5348 12380 3564 -5781 -624 -12156 617 606 644 701 625 END
START -4764 15280 3596 -4954 -598 -11138 619 599 644 702 626 END
START -7668 13232 4384 -5021 -1099 -9890 618 607 644 701 625 END
START -9236 15696 5600 -3605 -343 -7979 618 607 645 701 625 END
START -9844 13080 5472 -3369 -805 -6189 620 608 646 702 624 END
START -8304 17212 5524 -2235 -497 -3735 619 608 645 701 625 END
START -7728 13024 4720 -1504 -909 -3205 619 608 645 701 625 END
START -10216 17176 8148 -1344 -1887 -1686 619 608 645 701 625 END
START -6400 14164 4768 -604 -795 -1671 618 609 645 701 625 END
START -6064 16396 5396 -1079 -727 -807 619 608 645 701 624 END
START -9264 14300 7252 -633 -345 -764 619 608 645 702 625 END
START -1684 17068 2824 -975 697 434 619 609 646 701 626 END
START -6468 14080 4900 -1191 -1162 38 618 608 645 701 625 END
START 232 14404 220 -775 -509 -3 619 607 640 699 624 END
START 3436 17200 1020 -757 35 1002 619 608 646 701 626 END
START -3796 14748 4092 -1189 -1327 858 619 608 645 700 625 END