START 7384 14864 2508 -1521 1572 2362 601 576 615 684 604 END
START 7240 14916 2284 -1513 1715 1968 602 577 616 685 606 END
START 6248 14704 2396 -1510 2294 1205 601 576 616 685 605 END
START 5376 14596 3024 -1587 2301 478 602 576 617 684 606 END
START 3932 14184 3448 -1520 1488 143 603 576 617 686 609 END
START 3348 14212 3148 -1423 -321 -67 603 578 618 686 607 END
START 3840 14324 2984 -1491 -1352 -86 603 577 618 686 608 END
START 4340 14304 2912 -1675 -1457 -169 604 577 618 686 608 END
START 4392 14388 3164 -1869 -543 -370 604 578 618 686 608 END
START 4096 14940 3028 -1941 258 -491 604 577 618 686 609 END
START 4064 14588 3192 -1894 -35 -860 604 577 614 687 610 END
START 3564 14260 3520 -1918 -571 -1067 605 578 618 686 609 END
START 3948 15100 3488 -1954 -1371 -1186 604 578 618 686 609 END
START 4360 15668 3712 -1896 -2291 -1490 605 578 620 687 610 END
START 4532 15764 3812 -1800 -2969 -1857 605 578 619 687 610 END
START 4420 15456 4000 -1657 -3244 -2288 605 578 618 687 610 END
START 4148 14668 3980 -1399 -2972 -2868 605 578 619 686 610 END
START 4220 13684 3508 -919 -2637 -3418 607 579 619 687 610 END
START 4112 15264 3416 -621 -2672 -3233 606 578 618 687 610 END
START 3148 17020 3784 -1009 -3856 -2791 607 579 618 687 610 END
START 2900 14116 3132 -950 -4863 -3457 607 579 618 687 610 END
START 4528 15524 2220 -296 -4360 -3748 607 579 618 687 611 END
START 2896 16304 3336 -856 -4199 -3266 605 580 618 687 611 END
START 2964 13216 1732 -183 -3865 -4291 607 579 618 687 611 END
START 2192 17668 3312 -280 -4323 -3405 606 580 619 687 612 END
START 2712 13468 2504 -388 -4554 -3988 607 578 617 687 607 END
START 6352 17732 1988 111 -3644 -3662 608 579 617 687 611 END
START 1248 15744 4076 -704 -4019 -3437 608 578 618 687 611 END
START 2764 13592 2340 -91 -2658 -3926 608 578 618 686 611 END
START 920 17568 4828 -117 -3746 -3170 608 579 616 687 611 END
START 4168 14640 1012 -453 -4838 -3265 609 578 616 687 611 END
START 1648 13844 3220 238 -6747 -3846 607 579 617 687 611 END
START 5752 17436 2092 324 -7049 -3284 610 579 616 687 611 END
START 3152 15328 3472 -112 -7696 -3545 610 579 616 687 611 END
START 3312 13536 3020 419 -7273 -4306 610 579 616 687 611 END
START 5156 17384 3040 489 -7415 -4294 610 579 616 687 611 END
START 4096 15268 2412 -423 -8148 -4636 610 578 616 687 610 END
START 3700 13080 1724 -400 -8382 -5556 610 577 614 687 610 END
START 2980 17392 2132 -673 -8194 -5528 611 581 613 687 610 END
START 3316 15260 956 -1890 -8327 -5842 611 577 613 687 610 END
START 1572 13452 2360 -1825 -8271 -6565 611 577 612 686 610 END
START 3088 17192 2448 -2245 -7367 -6182 612 577 613 687 610 END
START 892 15204 2332 -3063 -7687 -6627 613 576 611 686 610 END
START 816 14792 1020 -2689 -6707 -6908 612 575 611 686 609 END
START 220 17036 2648 -3516 -6961 -6699 612 574 610 685 609 END
START 328 13848 2272 -3677 -7349 -7401 612 575 603 686 610 END
START 1844 15356 -372 -2964 -6036 -7808 614 575 610 686 610 END
START -36 16184 3504 -3866 -5156 -7720 614 575 610 686 610 END
START 1784 13400 568 -3712 -3151 -8119 615 575 609 685 610 END
START -1060 17012 3016 -3409 -3602 -7900 615 574 609 685 610 END
START -516 14880 1688 -4077 -5334 -8433 615 575 610 686 610 END
START -2556 13536 3204 -3448 -5372 -9285 616 575 609 685 610 END
START -124 16292 2020 -3936 -3740 -8928 616 575 610 685 611 END
START 2084 12740 -144 -3911 219 -9514 617 575 611 686 611 END
START -3892 15560 212 -3265 2521 -8987 617 574 610 686 612 END
START -3972 15456 2208 -4090 -711 -8208 617 576 611 686 611 END
START -7960 12540 5484 -3701 -3463 -8147 617 576 611 685 611 END
START -3484 16256 3836 -3328 -1903 -7063 617 576 612 686 612 END
START -5864 13004 4044 -3469 659 -6567 618 576 611 686 612 END
START -7096 12956 3968 -2448 3054 -5641 618 576 612 686 612 END
START -10408 15484 6448 -2526 1785 -3678 618 577 612 686 613 END
START -8708 12304 4472 -1806 -694 -3048 619 576 614 685 612 END
START -4384 14852 2088 -918 -933 -1898 619 577 613 687 612 END
START -9796 14492 6824 -1479 -1866 -991 619 577 613 686 613 END
START -720 12864 432 -498 1557 -977 619 575 613 686 613 END
START -3308 16708 4096 -594 2220 -52 619 578 614 686 613 END
START -13096 14532 9712 -1079 558 -198 619 577 613 686 613 END
START -620 14344 556 -452 645 -432 619 578 614 686 613 END
START -10700 16492 9420 -1239 -1379 196 619 578 615 686 613 END
START 1700 13004 -36 -1320 1109 -524 619 578 614 686 612 END