START 8016 15016 2084 -2241 -4190 -1930 600 577 610 686 621 END
START 7732 14896 2400 -2318 -4129 -2252 601 578 608 685 621 END
START 7072 14792 2124 -2304 -3909 -3062 601 578 608 686 622 END
START 5688 14728 2984 -2150 -4575 -3536 603 578 609 686 620 END
START 4820 15104 2728 -1986 -5889 -3599 603 578 609 687 622 END
START 4568 15416 2152 -1722 -6760 -3364 602 579 609 686 622 END
START 4604 15560 1288 -1619 -6609 -3053 603 578 609 686 622 END
START 4792 15948 476 -1742 -5190 -2752 604 578 609 687 623 END
START 4976 15292 108 -1976 -3439 -2697 606 580 610 687 623 END
START 4420 15340 324 -2398 -2265 -2617 605 579 609 687 623 END
START 3708 14756 820 -2423 -3009 -2796 606 580 609 686 623 END
START 3392 14672 960 -2710 -4708 -3052 606 570 609 686 623 END
START 4852 14832 1080 -2829 -5476 -3163 605 580 610 687 623 END
START 4732 15244 1240 -2892 -5796 -3271 606 580 611 687 624 END
START 3960 14952 1744 -2897 -6428 -3713 607 580 611 686 623 END
START 4060 14404 1452 -2824 -6441 -4204 608 582 609 686 623 END
START 4496 13704 956 -2563 -6203 -4720 608 581 609 685 624 END
START 4496 14508 964 -2274 -5698 -4684 608 582 610 687 623 END
START 3936 16772 1720 -2363 -5706 -4411 609 580 609 687 624 END
START 3216 15424 1904 -2608 -5258 -4471 609 581 609 687 623 END
START 3116 13972 756 -1778 -4510 -4947 610 582 610 687 623 END
START 1980 17128 1940 -1839 -5295 -4147 610 582 608 687 624 END
START 1468 14276 1948 -2019 -6592 -4472 610 582 609 686 624 END
START 2504 16324 1288 -1218 -6093 -3925 610 582 609 686 623 END
START 1420 14944 1628 -1829 -6849 -3695 611 582 609 687 623 END
START 4656 18264 408 -1027 -5595 -3087 610 582 609 687 624 END
START 3028 14432 372 -1968 -5007 -3063 609 583 608 687 623 END
START 4596 16496 -2684 -1306 -2975 -3070 610 583 608 687 623 END
START 4632 15548 -748 -2286 -2784 -3333 608 583 607 686 622 END
START -1236 14896 2936 -1803 -3346 -3883 608 582 607 687 623 END
START -2632 16936 4788 -2437 -5013 -3189 608 583 606 686 622 END
START 3168 14116 424 -2279 -3763 -3587 609 584 606 687 622 END
START 7416 17440 -1084 -2041 -4556 -3420 608 583 605 686 622 END
START 68 15564 2836 -2933 -4261 -3589 609 583 606 686 622 END
START 3288 13944 896 -2757 -3147 -4451 608 584 606 686 621 END
START 2128 16848 2156 -2464 -2746 -4247 608 583 605 685 621 END
START 4652 16284 -628 -3337 -2995 -4444 608 582 604 685 620 END
START 2032 14040 1724 -3253 -4035 -5077 609 582 604 685 621 END
START 3720 17188 2156 -3206 -3535 -4804 609 582 603 685 620 END
START 4428 15540 288 -3987 -2611 -5388 610 582 603 684 620 END
START 1716 13840 1660 -3925 -1079 -6631 609 582 603 684 620 END
START 4200 17596 1288 -3954 1330 -6758 610 582 603 685 620 END
START 2000 15408 1172 -4702 883 -7398 610 581 603 684 619 END
START 116 13260 2440 -4559 -836 -8027 611 582 602 684 618 END
START 1244 15856 2216 -4212 -2218 -8028 610 581 601 684 619 END
START 648 15272 1904 -5196 -3454 -8306 610 580 601 684 618 END
START 524 13344 2192 -5239 -1692 -9324 610 581 600 682 618 END
START 1768 15724 608 -5113 1727 -9459 610 580 601 684 619 END
START 1496 15168 1476 -5972 3270 -9661 612 579 601 684 619 END
START -3116 12612 3168 -5769 1571 -10576 610 578 601 683 618 END
START -352 16036 3500 -5498 -668 -10729 610 577 600 683 618 END
START -1608 13268 3428 -6232 -1776 -11201 607 578 600 683 619 END
START -2216 12656 3536 -5959 -659 -12625 608 576 601 683 619 END
START -1992 14976 3784 -6519 2569 -12616 608 577 601 683 618 END
START -3108 10600 2680 -6270 4804 -13379 608 578 602 684 618 END
START -4352 14120 4364 -5515 3730 -13174 608 579 603 684 620 END
START -14024 12156 9660 -5872 -789 -12845 609 580 604 684 619 END
START -13336 12788 8616 -5026 -1642 -12300 609 581 605 685 620 END
START -15880 10476 10008 -5272 4 -10317 611 581 606 685 620 END
START -10736 11456 4760 -3593 5117 -7863 611 581 607 685 621 END
START -12764 10196 5176 -3311 5297 -4881 611 583 608 686 621 END
START -16840 13356 8952 -1602 2391 -2529 611 583 607 686 620 END
START -14644 10016 7544 -843 -1089 -1582 612 585 608 686 621 END
START -11260 14444 6772 -821 -2368 451 612 582 608 686 621 END
START -6508 13388 3064 -159 -225 267 612 584 608 686 621 END
START -5900 13712 3716 -1063 1748 1090 612 585 609 686 621 END
START -5248 15444 1468 -629 3216 905 613 584 606 686 621 END
START -4896 12688 3400 -1570 2314 689 613 584 608 686 621 END
START -9032 13176 6132 -1196 52 514 613 584 608 686 620 END
START -7288 15288 6524 -1990 -1909 783 613 584 608 685 620 END