START 19108 5364 4552 8094 1629 24903 501 0 625 681 612 END
START 17504 5440 4604 7411 3865 25122 500 0 626 682 610 END
START 12872 7636 7556 5927 4563 23810 501 0 626 682 610 END
START 9712 8068 9440 3727 -2827 18772 500 0 628 683 611 END
START 14008 7792 7084 1969 -8468 10492 501 0 631 683 612 END
START 18616 7144 4372 1035 -5136 7038 501 0 632 684 612 END
START 16772 8228 4924 273 2442 6845 499 0 633 683 612 END
START 12040 9628 6800 -382 5642 6093 500 0 633 684 612 END
START 7216 10748 8056 -1586 4285 4606 500 0 634 684 612 END
START 5212 11616 8696 -2247 1160 1395 501 0 635 685 612 END
START 6048 10252 8156 -3100 -2249 -1696 499 0 634 684 613 END
START 8348 8928 5812 -3515 -1607 -3205 500 0 634 683 614 END
START 8220 8724 6212 -3040 2427 -1712 500 0 634 685 614 END
START 5256 9748 8664 -2840 4303 -267 499 0 636 687 615 END
START 1908 11524 6124 -2413 3649 -1482 498 0 632 685 613 END
START 5348 13796 8836 -2524 2271 -989 499 0 635 686 615 END
START 2264 13284 12912 -2882 -271 -592 496 16 634 686 614 END
START 2636 10196 12156 -2935 -1617 -347 498 0 633 686 615 END
START 5228 8336 9544 -2066 -1243 -9 496 2 633 686 615 END
START 2284 10452 9560 -957 -1915 688 497 0 634 687 615 END
START 5816 13628 9940 -688 -1380 808 497 0 634 686 616 END
START 3996 11380 13928 -1394 -1895 111 497 10 634 686 614 END
START 6584 8784 11632 -1751 382 -510 495 0 632 685 617 END
START 6720 11672 5076 -1154 2335 -612 496 0 634 688 616 END
START 4884 12964 12656 -1353 2794 290 494 0 633 686 616 END
START 5400 11084 12536 -1524 -529 177 492 0 631 686 616 END
START 6064 10500 14076 -1352 -3807 -1147 491 0 630 682 616 END
START 9208 13620 6900 60 -3556 -1911 491 0 630 686 616 END
START 9748 15328 15260 -303 -3070 -1519 496 4 630 688 616 END
START 9136 11620 15296 -32 -3670 -2875 490 0 628 686 618 END
START 9432 11152 13016 918 -4773 -4567 491 0 626 686 616 END
START 10088 13832 11224 1584 -3967 -5106 491 0 626 685 615 END
START 10164 10500 11520 1679 -6657 -7857 492 0 627 686 616 END
START 9948 10124 10484 1877 -7715 -10646 492 1 626 686 616 END
START 10704 13024 10028 1342 -5021 -11946 493 24 627 685 616 END
START 10520 8508 8672 150 -3028 -14981 488 0 626 686 617 END
START 9964 7740 5048 -1159 1115 -18101 497 0 626 685 616 END
START 10540 9284 1748 -715 7728 -18433 498 0 624 685 613 END
START 9140 6264 4528 -2858 9326 -19309 499 3 626 685 616 END
START 3856 4488 6132 -3511 7797 -19474 500 0 627 685 616 END
START 600 6868 1700 -3794 3129 -22435 500 0 626 685 616 END
START 2216 8456 7972 -4935 202 -24972 502 0 628 685 617 END
START 2720 6468 7272 -6736 -1882 -26415 504 0 629 687 617 END
START 3916 3784 6304 -7992 -1031 -26981 502 0 629 685 618 END
START 96 5636 3716 -6710 -1112 -24507 505 0 630 686 617 END
START -6212 6096 12752 -6406 -3753 -25016 504 0 629 686 620 END
START -5316 2200 11208 -5888 -1175 -27264 505 0 630 685 617 END
START -1532 4840 5844 -4504 9482 -25489 504 0 630 685 618 END
START -11988 3016 12464 -4296 12557 -18781 505 0 629 686 621 END
START -26836 1004 13192 -1447 7288 -12097 506 0 628 687 618 END
START -27468 5788 14812 1047 -6802 -9488 508 0 627 686 618 END
START -10964 5264 9368 1000 -14487 -13254 507 1 628 688 620 END
START 724 10456 9536 1989 -3841 -9563 507 0 628 686 618 END
START -6436 7424 12680 1235 7015 -4308 507 0 630 685 619 END
START -9708 10592 7752 1495 10947 -2998 507 0 628 686 614 END
START -13472 10488 15120 126 5751 -2799 508 0 627 686 618 END
START -13988 8276 14068 -543 -818 -2315 520 2 628 687 619 END
START -8828 12404 13856 -362 -3822 -2066 502 0 627 685 619 END
START -4148 7620 11096 -1099 -4739 -1775 507 0 628 686 618 END
START -5408 7768 10252 -467 -1877 -1683 508 0 629 687 619 END
START -6012 9072 13224 -541 867 -378 508 0 628 685 619 END
START -10276 6828 13864 -531 450 -674 508 0 628 686 619 END
START -5816 10200 5532 332 414 -1097 508 0 628 685 618 END
START -8640 9068 14012 -154 -1175 -57 508 0 625 688 619 END
START -7608 6476 11884 -395 -1958 -693 508 0 627 685 619 END
START -5456 9544 3888 594 4 -315 508 0 633 686 618 END
START -6172 9236 12364 135 1081 476 508 0 630 686 621 END
START -5300 7132 9204 -92 1394 124 510 0 628 686 619 END
START -5716 6464 8964 154 1706 -391 509 0 627 685 618 END
START -5420 11644 10236 773 2193 682 509 0 628 686 619 END