START 6952 14972 2084 -479 4273 1947 603 597 622 692 629 END
START 7012 15168 2296 -486 3827 1705 603 597 623 692 629 END
START 7196 15168 2540 -640 2727 924 604 598 624 694 630 END
START 6676 15312 3096 -710 1705 294 603 597 625 693 630 END
START 6728 14892 3332 -718 335 -458 603 599 626 694 630 END
START 6388 14736 3304 -719 -1007 -969 603 598 625 695 631 END
START 6352 14472 3244 -734 -2105 -1596 602 599 625 693 630 END
START 6040 14744 2568 -859 -1945 -1842 602 598 626 694 631 END
START 5068 14808 2932 -896 -1433 -2072 603 598 626 695 632 END
START 4024 14592 3276 -1094 -1290 -2045 602 599 626 694 629 END
START 3856 14972 3292 -1168 -1358 -1648 603 599 627 694 632 END
START 3876 15308 2800 -1132 -2072 -1300 604 601 627 694 632 END
START 4564 15104 2744 -1140 -2745 -1262 604 599 626 694 632 END
START 4956 15056 3132 -1179 -2757 -1184 604 599 627 695 633 END
START 4884 15532 3260 -1223 -3234 -1291 605 597 627 695 632 END
START 5592 16004 3072 -1291 -3664 -1536 605 598 627 695 632 END
START 5280 15352 3236 -1451 -4016 -1883 604 598 628 694 632 END
START 5196 13660 3280 -1304 -4659 -2788 605 599 627 695 633 END
START 5412 13968 2664 -804 -5626 -3560 606 599 627 695 632 END
START 5584 17068 2884 -868 -6405 -3628 606 599 627 694 632 END
START 4860 15716 2956 -905 -6360 -4421 607 598 626 695 632 END
START 6020 13712 1456 -194 -5142 -5504 607 598 626 695 632 END
START 4908 17712 3004 -294 -3949 -4888 607 599 626 695 632 END
START 6104 14444 456 -475 -3369 -5128 608 599 625 694 630 END
START 2048 13552 2396 -139 -5946 -5423 608 597 624 694 630 END
START 4476 17692 2684 -392 -8366 -4814 608 596 623 694 628 END
START 4412 16028 2304 -1149 -9837 -4812 607 596 622 694 628 END
START 5256 13788 1176 -1009 -7804 -5485 609 596 622 694 628 END
START 8516 18188 1464 -1246 -4332 -5063 609 595 621 695 627 END
START 2768 15872 2756 -1983 -3712 -5295 609 596 620 694 627 END
START 2108 13744 2420 -1598 -5673 -6288 609 595 621 692 625 END
START 3716 17612 2896 -1390 -9228 -6334 610 595 620 693 625 END
START 4340 15800 1604 -2173 -10564 -6774 610 595 620 694 624 END
START 6100 13628 224 -2128 -6926 -7500 611 595 620 693 624 END
START 4716 16596 944 -2225 -2524 -7524 610 594 619 693 623 END
START 2164 15288 584 -3243 -535 -7908 611 594 618 693 623 END
START -224 13228 1776 -3195 -2125 -8405 611 595 617 693 622 END
START -364 15088 904 -2844 -6688 -8605 611 594 616 692 621 END
START -1172 15388 2836 -3864 -10113 -8527 611 595 611 692 621 END
START 2968 12844 748 -4023 -7246 -9079 612 594 615 692 622 END
START 2400 15424 1368 -4006 -2289 -8795 612 594 615 692 621 END
START -1124 14380 1532 -4958 -832 -8828 612 594 614 692 621 END
START -2372 12444 1580 -4745 -2665 -9335 612 593 612 692 621 END
START -1444 15980 2708 -4838 -4944 -8965 612 593 612 692 621 END
START -1124 13560 2524 -5491 -4618 -9480 613 593 612 691 621 END
START 1756 13468 -88 -4962 827 -9979 613 591 612 691 621 END
START 616 15924 2032 -5442 5662 -9676 612 593 612 691 621 END
START -5312 12860 4572 -5309 4858 -10351 613 593 611 692 621 END
START -6216 14008 2940 -4268 -699 -10452 613 594 611 691 620 END
START -6116 15520 4916 -4966 -6734 -9997 613 594 612 690 620 END
START -3292 11760 3516 -4452 -4665 -10484 614 594 613 692 621 END
START -396 16248 3084 -4339 2291 -9588 614 595 612 691 621 END
START -9340 12812 5496 -4388 4477 -9138 613 594 613 692 621 END
START -10976 12440 5316 -3400 662 -8455 614 595 614 693 621 END
START -9488 14760 5776 -3284 -4231 -6289 614 596 614 692 621 END
START -14760 11596 8896 -2473 -5502 -5284 614 596 615 693 621 END
START -13348 15512 9588 -1923 -1298 -2964 613 595 614 691 621 END
START 68 12116 -1312 -1645 4730 -2096 613 596 615 693 621 END
START -8240 15584 5420 -920 4536 -567 614 596 614 692 620 END
START -6020 13856 3688 -1188 997 10 614 596 615 692 621 END
START -10396 12860 7168 -234 -2567 123 613 596 615 691 621 END
START -3656 15888 3720 -882 -2879 1014 614 596 614 692 621 END
START -6376 13164 5860 -499 -1252 338 614 596 615 692 621 END
START 752 16424 1584 -1065 2431 1173 614 596 615 692 622 END
START -5208 12576 5324 -1099 2090 225 614 596 615 692 622 END
START -3568 16264 1940 -725 1517 729 615 596 615 692 621 END
START -3356 14508 3680 -1449 -1277 260 616 595 615 691 621 END
START -2708 13080 3056 -775 -1548 -307 614 596 615 692 623 END
START -7216 15616 7460 -1423 -1444 300 615 595 615 692 621 END
START -4644 12152 4740 -978 1633 -424 614 594 614 691 621 END