START 4776 14428 1748 -2988 2778 493 609 587 605 678 613 END
START 4748 14408 1744 -3026 2418 368 609 586 606 678 614 END
START 5184 14908 2284 -3016 1406 112 608 587 606 679 614 END
START 5908 14588 2904 -2839 829 -119 608 587 606 679 614 END
START 6256 14736 2964 -2500 416 -231 607 588 607 680 615 END
START 6324 14760 2756 -2091 235 -489 607 588 607 680 616 END
START 6576 15436 2644 -1775 737 -706 606 588 609 681 617 END
START 6168 15148 2944 -1593 1365 -895 605 588 610 681 617 END
START 4720 15372 3064 -1413 900 -800 606 588 610 682 618 END
START 5032 15832 2280 -1303 -388 -752 606 588 611 682 618 END
START 4924 15104 2336 -933 -1515 -937 605 589 612 682 619 END
START 5368 14920 2156 -904 -2009 -1031 605 589 612 683 620 END
START 5232 14892 2052 -900 -1827 -871 605 589 612 683 619 END
START 5228 15128 1592 -910 -1769 -994 606 589 612 683 620 END
START 5524 15764 1748 -936 -1554 -834 606 590 615 683 620 END
START 5368 16236 2148 -1002 -1853 -647 607 589 612 683 620 END
START 4696 16148 2484 -1191 -2461 -625 607 589 613 683 620 END
START 4420 13792 1852 -1232 -2403 -1138 606 589 613 684 620 END
START 5628 14516 1396 -1038 -2067 -1426 606 590 612 682 621 END
START 5628 16516 2772 -1471 -2437 -910 607 590 613 684 620 END
START 4980 12556 2876 -1368 -3148 -1873 607 590 612 684 620 END
START 5736 16324 2436 -1013 -4047 -2203 607 587 612 684 622 END
START 4612 13788 2360 -1355 -5530 -2755 607 589 613 683 621 END
START 6076 16300 1752 -763 -5318 -3556 607 589 613 684 622 END
START 5156 14884 2076 -1401 -5888 -3854 608 589 613 684 621 END
START 6940 15560 1236 -1094 -4817 -4297 608 589 612 684 621 END
START 6060 12332 48 -1629 -5757 -4825 608 589 612 683 621 END
START 6296 16816 -1140 -1216 -5862 -5283 609 588 612 684 621 END
START 8120 14952 -1700 -2192 -6454 -6057 609 590 613 684 620 END
START 9424 16624 -1620 -2161 -6821 -6823 609 582 612 684 620 END
START 6096 14300 860 -3301 -7721 -7164 609 588 612 684 620 END
START 984 14148 3576 -2940 -5358 -8242 610 589 612 684 620 END
START 4504 17076 1508 -3424 -2587 -8277 612 588 611 684 620 END
START -1296 13804 4220 -3010 -2762 -9191 610 587 610 684 620 END
START -1260 16796 4384 -2296 -2682 -8831 612 586 609 684 620 END
START 4036 14196 -800 -2687 -4464 -8514 612 585 609 684 619 END
START -2656 14148 3768 -1864 -5950 -8450 614 585 608 683 619 END
START -788 16632 4164 -2184 -4482 -7409 613 585 608 686 619 END
START 2688 13620 0 -1545 -1881 -7340 613 584 608 684 618 END
START -1240 15508 92 -761 -3716 -6987 613 584 607 685 619 END
START -1268 16940 2480 -1488 -5850 -6170 614 583 607 684 619 END
START -780 13528 2940 -1046 -5087 -6415 613 584 608 684 619 END
START 1376 16508 36 -652 -2766 -5766 614 584 607 685 619 END
START 680 16392 1280 -1498 -2403 -5238 614 583 607 684 618 END
START 188 14168 884 -1102 -2326 -5670 614 583 606 684 619 END
START -952 16596 -200 -734 -4351 -5340 614 584 606 685 618 END
START -1076 16484 2112 -1887 -6662 -5036 615 583 606 684 618 END
START 1832 13544 800 -1879 -5304 -5634 614 582 606 684 619 END
START 1924 16568 2036 -1912 -2970 -5750 614 583 606 683 619 END
START 424 15700 1276 -3239 -2271 -5674 615 583 606 685 618 END
START 268 13596 676 -3268 -2093 -6323 615 581 605 684 619 END
START -552 16352 928 -3257 -3337 -6119 615 581 605 683 618 END
START -660 15876 1908 -4573 -5562 -6389 614 580 605 683 618 END
START -168 12656 1348 -4378 -4001 -7332 615 577 604 684 619 END
START 1504 16520 2316 -4275 -1025 -7532 615 581 604 683 619 END
START -552 14528 1404 -5334 1454 -8014 615 579 605 682 619 END
START -3796 12892 2980 -4838 1025 -8458 615 580 605 683 618 END
START -3440 16584 3648 -4744 -3270 -7892 616 579 605 683 618 END
START -3296 13508 2904 -5152 -7546 -8106 615 580 606 683 619 END
START -2604 13876 2232 -4786 -6052 -8289 616 580 606 684 619 END
START -3632 15992 4056 -5683 -1624 -8004 616 581 605 684 619 END
START -1636 12292 1608 -5142 2911 -8622 616 580 606 683 619 END
START -5348 15140 3504 -4736 2947 -7772 616 582 606 683 619 END
START -11352 12772 7600 -5032 -1085 -7452 616 582 607 684 620 END
START -7812 12584 5192 -3586 -1630 -7150 617 583 608 683 619 END
START -4988 15504 3484 -4008 -710 -5508 617 583 608 684 620 END
START -10008 11728 6120 -2909 549 -5183 617 583 608 684 619 END
START -8932 16104 6040 -2971 1380 -3357 617 582 608 684 619 END
START -7880 11016 3688 -1545 2233 -3107 617 583 608 684 620 END
START -11016 15672 7660 -1976 474 -1326 617 583 609 685 621 END