START -2228 11468 11992 -1464 33 773 631 648 663 686 622 END
START -2152 11300 12048 -1210 -434 893 631 648 662 689 622 END
START -1560 11112 12560 -488 -1570 1031 632 648 663 690 622 END
START -980 11800 12060 238 -1489 1261 633 648 662 690 622 END
START -728 12708 11608 862 -126 1451 632 648 661 690 622 END
START -912 13468 11640 1279 964 1715 621 648 662 690 623 END
START -1540 13500 11704 1785 725 2062 632 647 663 691 622 END
START -1772 13312 12024 2475 -917 2431 633 649 662 690 623 END
START -1812 13216 11664 3218 -2570 2868 631 648 662 689 622 END
START -1044 13856 10796 4041 -2891 3147 632 648 662 690 622 END
START -452 15308 10708 4720 -1656 3465 632 647 662 690 623 END
START -2032 16128 9796 5297 -386 3566 633 649 663 691 622 END
START -3640 15776 10908 5649 -359 3733 632 648 663 689 623 END
START -1408 14796 8728 6333 -944 4022 632 647 662 690 622 END
START -1356 14904 7372 6941 -1388 4301 633 647 661 690 620 END
START -1064 15492 10172 7237 -1246 4395 632 647 663 690 623 END
START 52 14436 6300 7034 -270 4213 632 645 663 690 623 END
START 0 14248 6052 6525 1020 4096 631 646 662 690 623 END
START 1060 13556 5612 6059 1846 4015 633 646 662 690 622 END
START -824 12492 5428 5586 1617 3902 631 649 662 690 624 END
START -1396 13232 5924 5283 1477 3810 633 646 662 690 622 END
START -1540 14256 4896 5122 950 3408 632 645 664 690 622 END
START -760 14172 3604 4569 1300 2842 631 639 662 690 622 END
START -732 15156 2916 3448 1807 2359 633 646 662 690 622 END
START 1480 15104 1472 1942 2675 2030 615 645 662 690 622 END
START 1276 15468 2400 263 3307 1519 632 645 661 690 622 END
START 1948 15416 1392 -1049 4098 836 633 646 662 690 622 END
START 5004 14532 2200 -2741 4729 205 633 646 662 691 622 END
START 972 12108 4068 -4089 3627 -499 633 646 662 690 623 END
START 2592 12056 2748 -5097 2929 -1116 635 646 662 690 623 END
START 1248 11004 3652 -5866 2216 -1607 631 646 662 690 625 END
START 1876 11132 3644 -6992 1653 -2402 632 647 662 689 622 END
START 1416 11228 4816 -8439 1320 -3236 621 646 662 690 623 END
START 132 11904 6240 -9567 1383 -3931 634 647 662 690 621 END
START -852 12908 7028 -10226 2188 -4279 632 647 663 690 623 END
START -1452 11056 9624 -10704 3545 -4360 631 654 662 691 627 END
START -292 9352 7548 -11039 3225 -4387 630 647 661 691 622 END
START -2100 8080 10664 -11337 1665 -4261 630 647 662 690 622 END
START -2848 7760 12424 -11274 501 -3736 631 648 662 690 623 END
START -4344 8024 13280 -10203 406 -2988 632 649 662 691 623 END
START -3468 9104 13712 -8739 318 -2067 631 648 662 691 622 END
START -6096 8484 14876 -7824 -343 -1789 630 648 662 690 623 END
START -6312 7688 15344 -7377 254 -1646 630 647 662 690 623 END
START -4200 8372 13152 -6989 -17 -1381 630 648 662 690 624 END
START 620 9888 9252 -6516 -621 -966 634 648 663 691 622 END
START -4996 11188 14884 -6306 -1107 -556 632 648 662 691 622 END
START -3652 9264 13020 -6459 -568 -608 629 648 663 692 622 END
START 1016 6784 10876 -6365 -191 -810 630 645 662 690 623 END
START -9808 8368 18608 -6073 -1124 -649 633 649 662 690 623 END
START -5540 9436 15720 -5298 -453 -472 625 647 662 691 622 END
START 1000 9516 13600 -4442 -391 -90 631 648 662 691 622 END
START -7416 8828 17484 -3891 -1652 -166 628 650 662 690 623 END
START -6852 8088 16796 -3362 -733 -657 631 648 663 691 623 END
START -4356 9084 14536 -3000 26 -850 627 641 662 691 623 END
START -6720 10244 15936 -2764 -143 -758 630 649 662 690 622 END
START -5336 10796 15016 -2544 100 -483 630 649 662 690 623 END
START -5692 9012 15692 -2333 -496 -621 629 648 663 692 622 END
START -4316 7944 14344 -1760 -700 -665 629 648 662 691 623 END
START -1812 9136 12208 -1490 -707 -535 630 649 662 691 622 END
START 1436 10476 9792 -1342 -233 -448 630 647 657 691 623 END
START -3196 10916 13352 -1261 -58 -94 629 648 665 690 623 END
START -2636 9428 13124 -1147 -636 -111 630 648 662 691 622 END
START -6580 8948 15844 -888 -485 -181 630 649 662 695 622 END
START -6288 9448 14436 -799 -770 -216 629 648 662 691 622 END
START -2100 9728 11492 -669 -758 -100 630 649 662 691 623 END
START -2136 11152 11312 -634 -475 119 630 648 662 690 623 END
START -1676 9760 12056 -837 -247 48 629 648 662 690 623 END
START -1184 8792 11244 -1072 -380 -121 630 649 662 691 623 END
START -4472 8240 12912 -1033 -157 -323 628 647 662 691 623 END
START -4928 8940 13132 -974 -257 -249 629 648 662 690 622 END