START -76 11212 9928 -1471 -116 -220 592 624 0 691 609 END
START -48 11220 9852 -1537 185 -226 591 624 0 692 610 END
START -288 11620 9612 -1686 545 -258 591 624 0 693 611 END
START -192 11656 9400 -1887 297 -280 591 625 0 691 610 END
START 228 12556 9764 -2123 -219 -160 591 625 3 689 610 END
START 48 12340 10300 -2088 -594 42 593 625 0 693 608 END
START 160 12360 10444 -1765 -815 105 593 626 0 692 611 END
START -116 12144 10468 -1613 -1373 129 594 627 0 693 611 END
START 736 13588 10008 -1439 -1629 364 594 628 0 692 610 END
START 1396 14404 9764 -1365 -1908 66 595 629 0 693 610 END
START 1728 14476 9520 -1160 -3016 -156 598 630 0 692 611 END
START 2024 13928 8912 -1096 -4387 -275 599 633 0 692 611 END
START 1396 13760 9268 -922 -5709 11 601 634 0 693 611 END
START 352 13336 10392 -760 -7165 242 602 637 0 693 611 END
START 1928 13644 10600 -564 -8091 -150 606 638 0 693 611 END
START 1132 12556 10996 -387 -7738 -731 607 639 0 693 611 END
START 1924 12336 9968 -630 -6372 -1336 610 640 0 693 612 END
START 1680 11764 9356 -931 -5541 -1535 613 642 0 693 611 END
START 504 11896 9556 -1354 -6410 -1550 614 644 0 694 611 END
START -600 12512 9324 -1980 -8292 -1900 616 644 1 693 611 END
START -252 12384 10796 -2529 -8842 -2392 618 645 0 693 611 END
START 128 11480 10044 -3035 -7578 -2848 619 647 0 693 611 END
START -960 11560 11168 -3651 -5625 -3314 621 649 0 693 611 END
START 732 10228 9260 -3988 -3480 -3706 622 651 0 694 611 END
START -1900 10328 11472 -4158 -3217 -3663 625 651 0 694 611 END
START 964 8236 9784 -4203 -4629 -4057 628 653 0 694 610 END
START 164 8988 10592 -4509 -6336 -4259 628 654 0 695 611 END
START 3388 7920 7792 -5076 -6129 -4505 631 654 0 694 611 END
START 2216 8356 8628 -5406 -4576 -4418 632 655 0 694 611 END
START -496 8804 10968 -5865 -4122 -4768 634 656 0 693 610 END
START 3084 7284 8564 -6417 -3748 -5441 635 657 0 694 612 END
START 1056 8076 10644 -6859 -3351 -5567 636 658 0 693 611 END
START -2076 8128 13004 -7213 -2823 -5883 636 658 2 694 611 END
START 1844 6880 9628 -7453 -1150 -6457 637 659 0 694 611 END
START 2972 4996 8932 -7651 -447 -6419 638 659 0 694 610 END
START 1304 6328 10580 -7840 -1620 -5992 639 659 0 694 610 END
START -2140 7600 13108 -8086 -2561 -5978 639 660 0 694 610 END
START 1420 5792 9704 -8336 -2382 -6327 640 659 0 694 610 END
START -2120 6392 12484 -8678 -2181 -6206 639 659 0 693 610 END
START 536 5884 10444 -9108 -2337 -6637 640 660 0 693 610 END
START -2132 6716 13524 -9638 -2786 -6864 639 660 2 694 610 END
START -404 5520 11908 -9875 -1548 -6890 640 661 0 688 609 END
START -4288 5112 15236 -9860 -1536 -6933 640 662 0 693 609 END
START -1712 4992 12548 -10144 -2456 -7156 640 661 0 693 609 END
START 844 4172 11008 -10553 -1914 -6979 640 662 0 693 608 END
START 732 3072 11116 -11122 -1151 -6441 640 661 0 692 608 END
START -404 2756 12300 -11223 -1124 -6130 640 662 0 691 608 END
START -700 2308 12220 -11462 -2919 -6093 640 661 0 691 608 END
START -1520 1484 13076 -11711 -4281 -5712 641 662 2 692 608 END
START -1656 428 13856 -11934 -4306 -5686 644 662 0 691 607 END
START -1428 740 14284 -11997 -3216 -5586 641 663 0 691 607 END
START -1404 -728 14744 -11614 -2484 -5115 641 663 0 691 607 END
START -1948 -896 15632 -10959 -2698 -4971 640 663 0 692 607 END
START -2188 -1456 16540 -9635 -2752 -4818 641 664 0 692 608 END
START -1636 -768 16312 -8221 -1377 -4668 641 663 0 692 607 END
START -1068 -1144 15436 -6686 946 -4345 640 665 0 691 608 END
START -1252 -848 15464 -5262 2359 -4225 640 664 0 692 608 END
START -2924 -1232 15964 -3830 3124 -3887 641 663 0 691 606 END
START -3572 460 16164 -2741 3060 -3451 640 664 0 691 607 END
START -3568 -140 16116 -2047 2255 -2703 640 663 0 692 607 END
START -3900 1324 16132 -1575 887 -1786 641 664 0 691 608 END
START -3084 228 15472 -1395 -314 -959 640 663 0 691 608 END
START -2292 1124 14972 -1423 -1284 -429 641 664 0 691 608 END
START -2096 488 14436 -1492 -2015 -207 640 665 0 691 608 END
START -1348 1768 14700 -1520 -2272 -75 642 663 0 692 608 END
START -2468 2244 16620 -1422 -2109 -100 641 664 0 689 608 END
START -1684 2312 15660 -1310 -1474 -202 640 663 0 692 608 END
START -2664 2108 17380 -1189 -953 -144 641 664 0 691 609 END
START -1992 1420 16892 -1065 -595 37 641 664 0 691 608 END
START -340 1824 16404 -739 -115 312 641 663 0 691 608 END