START -44 15428 3996 -1217 -402 -766 588 564 612 666 621 END
START -312 15400 4144 -1146 -435 -697 589 565 612 667 622 END
START -456 15312 3616 -1051 -762 -656 589 565 613 667 622 END
START 112 15532 3364 -1023 -871 -571 589 566 614 668 624 END
START 324 15460 3096 -1071 -552 -351 591 566 615 668 624 END
START -60 15396 3248 -1116 -596 -217 590 568 615 669 624 END
START -20 15536 2904 -1146 -946 -156 591 569 610 670 625 END
START 196 15508 2960 -1286 -739 -91 592 569 615 670 626 END
START 460 15552 2888 -1496 10 -45 593 570 617 670 626 END
START 276 15424 3260 -1628 184 -103 593 571 617 670 626 END
START 124 15544 3388 -1709 -74 43 593 571 618 670 627 END
START 276 15660 3472 -1684 -611 103 594 571 619 671 627 END
START 292 15168 3508 -1625 -1169 29 594 572 619 672 627 END
START 88 14932 3476 -1659 -1020 109 594 572 619 672 628 END
START 656 15372 3312 -1656 -440 182 595 573 618 672 627 END
START 476 15872 3752 -1691 211 139 595 575 619 673 628 END
START 244 15936 3892 -1629 64 33 594 573 618 672 628 END
START 356 16152 3892 -1483 -478 106 595 573 620 673 628 END
START 4 15556 4056 -1372 -1220 105 595 574 620 672 629 END
START -116 14800 3680 -1225 -1275 54 596 573 619 672 629 END
START 268 14280 3188 -1000 -902 -111 595 574 620 673 628 END
START 1528 16820 2900 -896 19 216 595 573 620 673 629 END
START 1512 18720 3052 -897 456 836 593 574 620 673 629 END
START 724 17760 2840 -760 367 1263 596 575 620 673 629 END
START 1404 17096 1620 -289 291 1438 597 574 621 673 629 END
START 2800 21360 2180 -159 -538 2425 596 575 620 673 629 END
START 2000 18996 2348 -315 -3280 2665 595 575 619 673 630 END
START 4248 18984 232 37 -4899 2181 596 575 620 673 629 END
START 4568 21880 916 -567 -5791 2542 596 575 621 673 629 END
START 4776 17440 -792 -1091 -5723 1246 596 575 620 673 629 END
START 5284 21180 44 -2487 -5336 1338 597 576 620 673 630 END
START 4480 15796 -1004 -3413 -6131 -328 599 577 620 673 630 END
START 4488 18468 1080 -5255 -7034 -732 597 578 621 673 630 END
START 5120 16192 -524 -6003 -5732 -2277 597 579 622 673 630 END
START 3060 13324 860 -7445 -4921 -3633 596 579 620 674 629 END
START 3632 17404 1832 -8537 -2806 -4117 597 580 621 673 629 END
START 2400 12796 1032 -9146 -2487 -6085 597 580 621 673 629 END
START 576 10892 3608 -10165 -3547 -6885 598 583 622 673 630 END
START 760 14636 4424 -10550 -3162 -7123 598 583 623 673 629 END
START 1200 11260 2632 -10616 -2997 -8540 598 584 623 673 629 END
START -372 8744 3600 -11576 -3320 -9270 599 585 624 673 630 END
START -432 12672 5304 -12862 -3518 -9290 598 587 623 674 630 END
START -120 12580 5212 -13334 -2792 -9928 599 586 623 673 629 END
START 268 7768 4056 -13929 -1674 -10950 599 588 624 674 630 END
START -1848 5440 5992 -14609 -1212 -10832 599 588 625 673 630 END
START -2876 7696 7448 -15236 -1603 -10138 599 590 625 675 630 END
START -2348 11604 8836 -15720 -2297 -9920 599 591 625 674 630 END
START -1788 10768 8688 -15985 -2679 -10130 600 592 627 674 630 END
START -2100 7660 8540 -16128 -3322 -10174 601 593 626 674 630 END
START -2408 3948 8332 -15960 -3460 -9764 600 595 626 674 630 END
START -3692 4092 10280 -15983 -3133 -8918 600 596 626 674 630 END
START -4996 6916 13344 -16003 -3065 -8081 602 597 627 672 630 END
START -4988 8096 14688 -15481 -3302 -7414 601 598 627 674 630 END
START -3680 9672 14372 -14612 -3311 -6887 601 599 629 675 630 END
START -3900 8208 15032 -13229 -2599 -6461 601 600 628 673 630 END
START -4528 4012 15016 -11353 -1425 -5910 601 601 629 675 631 END
START -5568 2680 16240 -9306 -461 -4904 601 601 629 675 630 END
START -7092 2568 17856 -7396 -620 -3561 602 602 629 675 632 END
START -6880 6308 19080 -5506 -950 -1913 602 602 630 675 632 END
START -5576 9784 18424 -3707 -190 -742 603 603 630 675 630 END
START -4364 9680 16156 -2161 1239 -581 602 602 630 676 631 END
START -3924 6960 13700 -1110 2054 -679 602 603 630 677 631 END
START -4980 4588 14112 -739 1305 -252 603 603 629 677 631 END
START -5348 7616 16048 -614 137 815 602 603 630 676 631 END
START -3652 11572 15080 -148 -63 1478 602 604 630 676 632 END
START -2648 9348 13168 465 -31 1028 603 603 631 676 631 END
START -3336 4332 12428 548 -629 682 603 603 630 676 631 END
START -3632 6456 14384 357 -437 1450 602 601 629 676 631 END
START -2576 10764 14092 774 1106 1714 601 602 629 675 631 END
START -1928 7120 12204 1417 2265 1142 603 602 629 675 632 END