START -3720 13320 6276 -1091 -208 15 637 592 0 695 605 END
START -3860 13520 6208 -1043 -137 -16 635 591 0 694 606 END
START -3908 13460 6468 -1042 -54 -57 635 591 0 695 606 END
START -4064 13616 6548 -934 -490 -78 635 591 0 694 606 END
START -4104 13756 6948 -892 -1158 -162 634 590 0 694 605 END
START -4116 13424 6808 -807 -1382 -197 633 589 0 695 606 END
START -3768 13892 6272 -753 -900 -122 633 589 0 695 606 END
START -3976 14000 6224 -950 -1163 -389 632 589 1 695 605 END
START -4456 16088 7312 -985 -1613 -169 632 590 0 695 605 END
START -3372 16452 6248 -608 -1775 -591 633 591 0 695 605 END
START -2324 16016 6088 48 -2823 -896 633 594 0 695 606 END
START -1480 14724 5384 595 -4122 -1245 634 596 0 696 606 END
START -1520 14224 5032 729 -5229 -1315 635 596 0 695 606 END
START -996 13948 4116 551 -6003 -950 636 597 0 696 606 END
START -4024 13256 6072 213 -6878 -748 636 597 0 695 606 END
START -3936 12636 6104 138 -6617 -792 635 597 0 692 606 END
START -3120 13720 5336 160 -5939 -561 636 598 0 696 606 END
START -2108 15208 4504 516 -5564 -152 637 599 0 694 606 END
START -1724 16008 4844 1001 -5908 511 637 600 0 695 606 END
START -2164 15624 5200 1528 -7044 701 637 599 0 695 606 END
START -2884 15092 4332 1521 -8648 347 637 601 0 694 606 END
START -3208 15804 3660 1177 -9604 31 638 601 0 694 607 END
START -2760 16904 3860 888 -10041 -342 638 603 0 695 606 END
START -2412 16988 3664 467 -9952 -476 639 603 0 695 606 END
START -3116 15772 3860 -418 -10393 -1159 639 605 0 695 606 END
START -160 16064 1604 -1900 -10780 -1852 640 606 0 694 606 END
START 2728 15788 -424 -3551 -10802 -2737 640 610 0 695 606 END
START 296 15352 2256 -5217 -10380 -3852 641 614 1 695 606 END
START 2580 13696 1376 -6889 -9350 -4548 642 617 0 695 606 END
START -2084 13284 4824 -8713 -8230 -5460 642 620 0 695 605 END
START 520 12276 3052 -10723 -7767 -6325 644 623 0 695 605 END
START -3628 11428 6936 -12730 -7394 -7001 644 626 0 695 605 END
START -2288 10044 6388 -13975 -7029 -7979 645 628 0 695 604 END
START 1240 9396 4424 -15269 -5983 -8513 645 632 0 695 604 END
START 1616 8652 4968 -16251 -5149 -8711 646 636 0 695 605 END
START 8 7768 6784 -17140 -4524 -9025 646 639 0 694 603 END
START -2972 7284 9948 -17900 -5387 -9144 647 641 0 694 603 END
START -1228 6416 8708 -18208 -5957 -9164 646 643 0 694 603 END
START -4036 5536 10504 -18515 -7629 -9416 647 645 0 694 602 END
START -2660 5076 10580 -18766 -9139 -9504 647 647 0 694 603 END
START -1408 5496 10648 -19170 -8622 -9626 647 648 0 694 603 END
START -2052 4120 11848 -19286 -7575 -9260 647 649 0 693 602 END
START -1572 5088 10816 -19905 -6921 -9313 646 651 1 693 602 END
START -1684 5084 11460 -20676 -6785 -8952 647 652 0 693 602 END
START -2676 2588 13616 -21035 -8151 -8360 646 653 0 692 602 END
START -1980 -688 15764 -20154 -9658 -8499 647 655 0 692 602 END
START -288 -1400 15720 -18054 -8101 -8032 646 658 0 693 602 END
START 92 -2308 15620 -15620 -3806 -7027 645 658 0 692 602 END
START -1472 -3432 17356 -12522 680 -5917 648 658 0 693 603 END
START -1948 -3200 17580 -8422 4975 -4782 647 658 0 692 602 END
START -2680 -524 16900 -4979 7107 -3579 648 658 0 692 603 END
START -2408 2364 16176 -3088 6847 -1875 648 658 0 692 603 END
START -3096 3384 17180 -1925 4938 -598 648 658 0 693 603 END
START -1592 4556 15872 -1353 2522 345 648 658 0 692 603 END
START -2612 5920 15688 -1235 604 1181 649 658 0 692 604 END
START -4336 6408 16988 -1444 -1102 1499 649 658 0 693 603 END
START -1032 6020 15592 -1623 -1744 1357 649 658 0 692 605 END
START -2388 6340 16812 -1684 -1033 1350 650 659 0 693 603 END
START -196 6156 15124 -1644 -475 1201 650 658 0 694 604 END
START -2236 5784 16856 -1529 -807 768 650 658 0 692 604 END
START -3328 5176 17204 -1255 -621 370 650 658 0 692 603 END
START -2180 4452 16156 -944 -60 83 650 658 0 692 605 END
START -2164 3300 15568 -661 139 -92 650 656 0 692 604 END
START -2212 2256 14972 -414 -335 -38 650 658 0 693 605 END
START -1584 1804 14032 -139 -915 -7 650 657 0 693 605 END
START -2820 1248 14408 164 -1251 33 650 657 0 692 604 END
START -3528 -1452 14620 380 -841 229 651 656 0 693 605 END
START -3148 -940 14892 590 -254 610 650 656 0 692 605 END
START -4252 -728 17152 1075 380 1631 651 655 0 692 605 END
START -3260 -864 16688 1907 1156 2888 650 653 0 693 605 END