START -784 12032 9776 -1077 -231 -748 587 616 0 693 608 END
START -816 12040 9652 -1052 -48 -759 586 617 0 693 609 END
START -984 11904 9060 -1125 129 -693 588 616 0 694 609 END
START -1216 11912 9668 -1036 14 -552 587 617 0 693 609 END
START -992 11724 10084 -883 -376 -374 587 616 0 694 608 END
START -844 11772 10040 -929 -541 -212 587 618 0 693 609 END
START -504 11644 9796 -1000 -558 -207 587 618 0 693 609 END
START -524 12076 9276 -1373 -285 -4 587 618 0 693 609 END
START -16 11968 9124 -1432 137 -126 587 619 0 694 609 END
START -400 11216 9308 -1641 -31 -221 587 620 0 693 609 END
START -1496 11292 10552 -1882 -440 -80 587 621 0 694 609 END
START -136 12248 10820 -1765 -464 218 588 622 0 693 609 END
START 568 12608 10084 -1561 53 320 587 621 0 693 609 END
START 52 12972 9816 -1524 182 390 588 623 0 693 609 END
START 648 13840 8876 -1344 -89 194 588 623 0 693 609 END
START 84 13528 9288 -1240 -680 -7 588 624 0 693 608 END
START 1132 13100 8836 -1186 -1157 -248 588 624 0 695 609 END
START 1400 13136 8824 -907 -1658 -252 588 625 0 693 609 END
START 1412 13380 8532 -808 -2187 -346 588 625 0 693 609 END
START 808 14512 8836 -792 -2971 -414 589 626 0 693 609 END
START 516 16488 9440 -640 -4621 -676 589 627 0 693 609 END
START 4284 16952 6980 -235 -6300 -873 589 627 0 694 609 END
START 5200 16688 5996 93 -7706 -609 591 627 0 694 608 END
START 4832 16756 5816 -48 -9507 -488 592 629 0 693 609 END
START 3812 17108 6500 -644 -11320 -826 593 629 0 694 609 END
START 3176 16564 7456 -1361 -11308 -1412 593 632 0 692 609 END
START 5456 15732 6152 -2360 -9228 -1857 595 634 0 693 608 END
START 4832 14436 6364 -3360 -6922 -2140 599 636 0 693 608 END
START 2800 13860 7588 -4304 -5014 -2632 600 639 0 693 608 END
START 2364 12584 7628 -5198 -3995 -3369 602 640 0 693 608 END
START 320 11528 9012 -5996 -4006 -4077 606 642 0 693 608 END
START -216 10768 9112 -6796 -5192 -4875 609 644 0 692 607 END
START 76 9832 8580 -7652 -6076 -5766 612 645 0 693 607 END
START 1200 9104 8516 -8474 -6276 -6554 615 647 0 691 607 END
START 1912 7024 8232 -9276 -5640 -7169 617 648 0 692 607 END
START -192 7232 10080 -9904 -5660 -7277 621 650 0 692 607 END
START 1668 6512 8808 -10460 -5546 -7202 624 652 0 692 607 END
START -800 6268 10344 -10626 -5706 -7241 628 654 0 692 606 END
START -1748 5804 11744 -10687 -6958 -7080 630 657 0 691 606 END
START -1232 5336 12976 -10741 -8376 -6573 633 656 0 692 606 END
START -144 5148 12512 -10677 -8264 -6451 633 658 0 692 607 END
START -32 5584 12168 -10743 -6237 -6197 635 659 0 692 606 END
START 440 5240 11844 -10747 -2891 -5950 636 660 0 691 606 END
START -408 5024 12616 -10692 -1235 -5606 637 660 0 690 605 END
START -400 5468 12604 -10849 -1889 -5492 637 661 0 691 605 END
START 972 4892 12108 -10899 -2714 -5549 638 661 0 690 605 END
START 2304 4824 11460 -11105 -2836 -5547 638 661 0 689 605 END
START 1256 3932 12452 -11120 -1988 -5404 637 662 0 690 605 END
START 2504 4544 11648 -11290 -1349 -5388 638 663 0 690 605 END
START 2520 3524 12360 -11209 -312 -5435 639 663 0 689 605 END
START 2504 3212 12680 -11074 376 -5372 639 665 0 689 605 END
START 1712 2736 13728 -10686 525 -5182 639 665 0 691 603 END
START 380 1676 15652 -9796 -223 -4857 641 661 1 689 605 END
START 4 1096 16072 -8680 -579 -4807 639 664 0 689 605 END
START 116 372 15336 -7618 396 -4546 639 664 0 689 604 END
START -1400 -1008 15784 -6322 2133 -3849 639 664 0 689 605 END
START -1840 -628 16472 -4976 2357 -2972 640 665 0 688 605 END
START -3120 -752 17168 -3571 1847 -2308 640 665 0 689 605 END
START -2696 688 16252 -2451 1374 -1618 640 665 0 689 605 END
START -2708 0 16252 -1619 992 -817 642 665 0 689 605 END
START -1932 2384 15900 -1372 -107 136 640 665 0 689 604 END
START -2860 2916 17524 -1217 -1638 415 641 665 0 690 605 END
START -2056 2868 17192 -1226 -2278 760 640 665 0 689 605 END
START -2512 3640 17796 -1325 -2142 974 640 665 0 689 605 END
START -312 3352 16628 -1460 -1699 776 640 663 0 689 605 END
START 1652 4104 15620 -1470 -888 626 640 664 0 689 606 END
START 832 4780 16316 -1282 -703 635 640 665 0 689 605 END
START 2348 5272 15008 -1151 -354 464 641 661 2 689 606 END
START 3116 5240 14484 -982 87 360 641 664 0 689 605 END
START 152 6648 16296 -810 367 374 640 664 0 689 605 END