START 12 15104 3740 -1304 250 -746 593 570 606 670 624 END
START -56 15208 3860 -1324 282 -698 593 571 606 669 623 END
START -460 14908 3916 -1419 125 -556 593 571 606 669 624 END
START -524 14976 3684 -1564 -184 -371 593 570 607 669 623 END
START -572 14968 3616 -1664 -549 -208 595 570 606 669 623 END
START -188 15240 3564 -1837 -375 -87 592 571 606 670 624 END
START -260 15484 3900 -2034 149 140 595 571 606 670 623 END
START -252 15468 3940 -2099 81 229 588 571 606 669 623 END
START -144 15588 4444 -2146 95 491 595 571 606 669 624 END
START 236 16016 4524 -1983 16 671 595 571 606 670 624 END
START 124 15700 4640 -1721 -368 603 595 571 607 670 624 END
START -56 15224 4776 -1440 -787 608 595 571 606 670 624 END
START -84 14924 5256 -1173 -996 693 596 571 606 670 624 END
START -128 14732 5368 -956 -1163 718 596 571 607 671 625 END
START -324 14172 5284 -774 -1491 602 595 571 607 671 625 END
START 236 13824 4752 -487 -1668 402 596 572 606 671 625 END
START 680 13936 4468 -359 -1355 337 596 571 607 670 624 END
START 1124 15572 4352 -512 -1091 516 594 571 606 671 625 END
START 904 16376 4400 -843 -1388 788 597 572 607 671 625 END
START 444 14444 3920 -1076 -1625 527 597 572 607 671 626 END
START 1484 14688 2856 -1077 -1414 182 597 573 607 671 625 END
START 2016 18708 3836 -1404 -1781 795 597 573 607 671 625 END
START 1300 15640 4020 -1398 -3573 269 598 575 608 671 625 END
START 3716 17872 2668 -892 -4520 150 597 574 608 671 626 END
START 3316 18584 3192 -1101 -6227 273 597 574 607 671 625 END
START 4784 18148 1320 -763 -6584 -725 598 575 608 671 626 END
START 4560 20068 2240 -1564 -7119 -521 597 575 609 671 626 END
START 5524 18164 708 -1863 -7207 -1839 598 576 608 671 622 END
START 3828 18124 2316 -3232 -8321 -2353 597 576 608 670 624 END
START 5504 19112 956 -4010 -7515 -3352 598 577 609 670 624 END
START 3812 13852 772 -5344 -7050 -4827 598 579 608 670 625 END
START 3136 17456 2752 -6991 -5582 -4934 599 580 609 670 625 END
START 3660 14680 1688 -7666 -3589 -6472 599 581 608 670 624 END
START 884 11004 3084 -8915 -3295 -7160 598 581 610 669 621 END
START 296 15056 4868 -9751 -2899 -6974 598 582 611 669 623 END
START 792 11348 3524 -9770 -1793 -7967 599 582 611 669 623 END
START -828 9512 5008 -10544 -878 -7996 598 584 611 670 623 END
START -2088 13496 6604 -10873 -1027 -7276 598 585 612 671 623 END
START -1736 13540 6960 -10524 -2996 -7748 599 585 612 670 622 END
START -1136 9332 5768 -10357 -4401 -8357 599 586 612 670 623 END
START -2240 7464 6576 -10883 -4231 -8200 600 586 613 669 623 END
START -3160 9308 7284 -11743 -3954 -7651 601 587 613 670 623 END
START -2144 12896 8196 -12177 -3752 -7486 601 587 613 670 623 END
START -1444 12240 7952 -12241 -3377 -7927 601 588 613 670 623 END
START -1008 8368 6712 -12582 -3178 -8434 600 589 614 670 622 END
START -1768 6264 7076 -12980 -3703 -8848 601 590 615 670 623 END
START -2704 5056 8580 -13778 -3696 -8772 601 590 614 669 623 END
START -3328 7124 10532 -14347 -2967 -8391 601 591 615 670 623 END
START -3784 8284 11576 -14369 -2339 -7861 602 591 615 670 624 END
START -3260 9460 12048 -13940 -2050 -7722 601 591 616 670 624 END
START -3360 8880 12464 -13207 -1833 -7664 602 592 615 670 624 END
START -3740 5144 12404 -12250 -1221 -7635 603 592 616 671 624 END
START -4600 3692 12876 -11021 9 -7095 603 594 615 671 624 END
START -6544 1480 14148 -9905 123 -5990 603 592 616 668 624 END
START -6912 5432 16384 -8622 28 -4281 604 593 616 671 624 END
START -7184 8472 18132 -6863 101 -2586 604 594 617 671 624 END
START -6300 9996 17664 -4827 -67 -1985 603 593 617 671 625 END
START -5248 6132 15224 -3094 565 -1740 606 594 617 671 625 END
START -5980 4092 14736 -1893 620 -1410 604 596 617 673 625 END
START -6332 4936 15068 -1284 -17 -730 605 594 617 671 625 END
START -5564 10016 16228 -1069 -64 244 604 594 618 671 625 END
START -4204 12004 15372 -601 286 463 605 594 617 671 625 END
START -3052 9096 13152 -112 659 -210 605 595 616 671 625 END
START -2620 5980 11740 -93 521 -843 605 594 616 670 625 END
START -3860 5000 13160 -589 399 -202 605 595 616 670 625 END
START -4436 9264 15036 -665 607 545 604 595 615 670 625 END
START -3100 10464 13468 -110 1130 387 604 597 614 669 623 END
START -2912 5368 12348 585 1159 -4 604 599 614 668 624 END
START -4592 2228 13172 961 423 93 605 595 614 669 624 END
START -5312 5576 14856 1330 291 1109 604 602 614 668 624 END