START 1160 15276 4344 -611 -2332 275 611 626 642 685 634 END
START 1212 15300 4324 -576 -2419 228 612 626 641 687 634 END
START 1336 15580 3568 -617 -2652 0 611 627 642 685 634 END
START 1648 16300 2924 -728 -2505 -6 611 627 643 685 634 END
START 1368 17328 1748 -868 -3152 -87 611 628 642 685 635 END
START 2632 18080 932 -1604 -3836 -103 611 627 642 685 635 END
START 3076 17348 2144 -2167 -4336 1 612 630 642 686 635 END
START 2688 17060 2784 -2663 -5504 -187 613 631 642 685 635 END
START 3140 16832 2364 -3078 -5798 -138 612 633 643 685 635 END
START 3348 16928 1792 -3490 -5197 -238 613 633 643 686 635 END
START 3360 16876 1628 -4082 -4545 -770 612 634 642 686 635 END
START 2520 15436 4632 -4620 -4015 -1445 613 636 641 686 635 END
START 2620 15640 4984 -4585 -3836 -1710 612 637 643 686 636 END
START 1784 15624 5128 -4292 -3485 -1627 613 638 643 686 636 END
START 1944 15884 4520 -4003 -3849 -1832 613 640 643 687 637 END
START 1708 15084 4148 -4125 -3529 -2107 613 641 643 687 636 END
START 480 12700 5460 -4575 -3403 -2952 613 641 643 686 636 END
START 1140 13296 5196 -4628 -2811 -3665 613 643 643 686 636 END
START 2204 16156 4900 -4811 -1170 -3345 614 645 644 688 636 END
START 248 14588 5952 -5042 -390 -3457 614 644 644 686 636 END
START -560 12652 6728 -4772 -1130 -4299 614 645 643 686 636 END
START 732 16328 6328 -4673 -2261 -3865 614 646 644 685 637 END
START -288 14068 5876 -4933 -2872 -3887 614 646 645 686 636 END
START 1204 15592 4212 -5435 -2508 -4330 614 647 645 686 636 END
START 416 15536 4904 -6762 -1369 -4116 614 647 645 686 636 END
START 768 12536 4732 -7680 -244 -5208 615 648 644 686 636 END
START 1096 15192 5664 -8929 700 -4683 615 648 645 685 636 END
START 804 11192 4316 -9893 2171 -5475 615 648 644 686 635 END
START 1204 15048 6040 -11394 3561 -4888 615 649 646 685 636 END
START -1100 9724 7464 -11864 2634 -6166 615 649 645 686 638 END
START -840 10964 8924 -12443 1688 -5873 615 650 646 685 637 END
START 1164 11104 5952 -12538 3183 -6377 615 650 645 685 636 END
START -1348 8600 7800 -13196 4427 -6169 615 648 646 685 636 END
START -2972 10812 10380 -13483 3210 -6638 616 650 646 685 635 END
START -2652 5748 9360 -13059 223 -7479 616 649 645 685 635 END
START -3648 8692 11020 -12802 -1850 -6280 616 649 645 685 635 END
START -1404 10328 9044 -12629 -1861 -6108 615 650 646 684 635 END
START -2040 5876 7780 -13279 -781 -6655 615 650 645 686 637 END
START -2396 9208 8848 -14884 -336 -6439 616 650 646 684 635 END
START -1416 8004 7920 -15987 -1260 -7500 616 652 645 684 635 END
START -2240 3264 8780 -16986 -2777 -8258 616 650 646 684 635 END
START -3184 4608 12008 -17839 -2815 -7461 617 650 647 684 636 END
START -2444 5400 13068 -17389 -1710 -7089 616 649 646 684 636 END
START -4572 -600 14416 -15725 -1907 -6946 615 650 646 684 635 END
START -6328 -1440 17436 -13571 -2835 -5329 616 650 645 684 636 END
START -5952 2440 18304 -10454 -1877 -3104 617 650 645 685 636 END
START -5512 3128 16672 -7213 -504 -2246 617 650 646 685 636 END
START -6184 92 16716 -4944 -120 -1851 611 651 647 684 635 END
START -5884 5556 18204 -3634 590 -363 617 651 646 684 635 END
START -4752 6400 16196 -2277 1677 -460 617 650 646 684 636 END
START -5832 3864 16332 -1758 1448 -451 617 650 646 684 635 END
START -5160 8216 17688 -1450 686 608 617 650 645 684 636 END
START -3380 7768 15864 -604 681 236 617 650 647 684 635 END
START -4492 5008 16832 -540 364 289 617 650 646 684 636 END
START -3244 10024 16836 -173 435 991 618 650 646 683 635 END
START -3864 4428 15268 489 -60 -78 619 651 646 679 635 END
START -3740 7388 16612 315 -475 530 617 650 646 685 636 END
START -2612 7808 14408 873 568 159 617 650 646 684 635 END
START -4288 3236 14304 832 192 -346 618 651 647 685 636 END
START -3380 8668 15176 893 447 447 618 650 646 684 636 END
START -3544 3452 12884 1361 523 -335 618 650 645 684 635 END
START -4740 4064 13804 1067 -668 262 617 649 646 684 636 END
START -2600 8576 13520 1205 -572 783 617 651 646 684 636 END
START -3592 2996 11844 1317 -400 14 618 650 646 685 637 END
START -4056 5396 13608 828 -701 784 617 649 646 684 636 END
START -2380 7564 12348 1074 325 968 614 648 646 684 636 END
START -3560 2144 11872 1134 593 201 613 647 645 683 635 END
START -3780 5876 13764 876 924 1240 610 645 645 684 635 END
START -2308 6212 12256 1551 2084 1110 608 644 645 682 635 END
START -3456 1912 11948 2144 2198 639 604 637 642 682 634 END