START 2372 17284 5240 -818 -1993 497 592 606 612 673 628 END
START 2632 17636 5352 -617 -2288 509 593 606 612 673 628 END
START 3744 18256 5308 45 -2998 726 594 608 612 673 628 END
START 4744 18740 5132 889 -3652 1011 592 610 613 673 628 END
START 4828 19124 5440 1774 -4188 1089 595 611 613 674 628 END
START 4620 19092 5688 2395 -4411 1086 595 610 613 674 628 END
START 4284 18768 5224 2949 -4666 956 590 611 613 674 628 END
START 3752 18316 4648 3492 -4711 965 595 611 613 674 628 END
START 2952 17964 4016 3855 -4928 903 596 611 613 674 628 END
START 2828 17736 3152 3901 -4892 776 595 611 614 674 629 END
START 2820 17460 2260 3640 -4565 591 595 611 614 674 629 END
START 2492 16992 1200 3123 -4057 499 588 610 613 674 628 END
START 2336 16388 1132 2467 -3947 215 596 611 614 674 628 END
START 1844 15276 1188 1802 -3982 -176 597 612 614 674 628 END
START 1744 15000 1240 1058 -3562 -433 596 611 615 674 628 END
START 1452 14624 1080 310 -3207 -701 597 611 613 674 628 END
START 1404 14356 1228 -436 -3604 -1163 597 612 615 675 628 END
START 1500 13272 1000 -1248 -3748 -1807 597 611 614 674 628 END
START 1444 12400 788 -2081 -3157 -2423 597 611 613 674 628 END
START 1804 12540 408 -2912 -2547 -3139 596 609 612 672 628 END
START 2196 13936 596 -3786 -2476 -3666 597 609 612 674 629 END
START 1808 13440 1068 -4860 -2974 -4319 597 608 613 674 628 END
START 1320 10040 904 -5719 -2157 -5498 598 608 613 674 629 END
START 1904 12416 660 -6590 -86 -5858 599 608 612 673 628 END
START 828 12460 2016 -7699 256 -6048 598 609 612 674 628 END
START 76 10328 1780 -8107 -764 -6890 598 609 612 674 628 END
START 660 14268 3188 -8987 -2330 -6547 598 609 613 673 628 END
START 100 9712 1936 -9719 -3223 -7316 598 608 612 673 628 END
START 1468 13912 2600 -10521 -1718 -6842 599 609 613 673 628 END
START -212 9288 2924 -11176 -1077 -7582 598 609 612 674 628 END
START -496 12536 4936 -12105 -917 -6822 599 610 613 674 629 END
START -4 12480 4268 -12205 -1500 -7308 598 609 613 674 628 END
START -1660 10920 5980 -12768 -2766 -7232 599 610 613 673 628 END
START -112 14468 6116 -13499 -2827 -7018 599 610 614 674 628 END
START -396 10500 5232 -13482 -1698 -7728 599 611 613 674 629 END
START -1760 7688 6236 -13977 -1474 -7884 599 610 614 674 628 END
START -2196 11712 8724 -14213 -1499 -7099 600 612 614 674 628 END
START -1240 13960 8704 -14095 -2058 -7081 599 612 614 674 628 END
START -1476 11276 8156 -13863 -1909 -7510 600 611 614 674 628 END
START -2420 8132 8540 -13704 -1434 -7495 598 613 614 674 628 END
START -3436 9464 10924 -13581 -2115 -7010 601 613 614 674 628 END
START -2948 11856 11760 -13327 -3000 -6601 601 614 614 674 628 END
START -1692 13604 11652 -12874 -2913 -6412 602 614 614 674 628 END
START -2228 12400 11408 -12608 -1726 -6613 601 615 610 674 628 END
START -2576 9648 11080 -12098 -499 -6788 601 614 615 674 628 END
START -4516 6772 12172 -11649 -898 -6879 601 615 617 674 628 END
START -5076 6284 13360 -11242 -1906 -6356 601 615 615 675 628 END
START -5160 8084 15080 -10658 -1775 -5420 602 615 615 674 628 END
START -5624 8912 15604 -9686 -2041 -4549 601 614 615 673 629 END
START -4460 10540 16092 -8621 -1957 -4018 602 615 615 675 628 END
START -4028 10580 15248 -7333 -1527 -3587 601 615 615 674 628 END
START -3932 8188 14084 -6156 -1017 -3360 602 615 615 674 628 END
START -3672 7076 13712 -5157 -109 -3076 602 615 615 674 628 END
START -4616 3588 13384 -4108 21 -2720 602 615 615 674 629 END
START -6112 3680 15140 -3178 -547 -1670 602 615 615 674 629 END
START -5592 6656 16376 -2286 -1136 -664 602 610 614 674 628 END
START -4240 9732 15492 -1620 -1179 47 602 614 614 674 629 END
START -3244 10240 13744 -948 -113 256 602 614 614 673 628 END
START -3176 6384 11960 -451 41 -205 601 613 614 674 628 END
START -4596 3648 12716 -405 -799 -488 602 616 615 674 628 END
START -4540 5008 13332 -690 -1406 35 602 614 614 674 628 END
START -4048 9684 13964 -884 -918 744 603 607 614 674 628 END
START -2616 10216 12632 -691 -73 769 603 614 616 674 628 END
START -2764 8276 11448 -516 -276 223 603 614 615 672 629 END
START -3788 3880 10524 -696 -1073 -180 602 613 614 674 628 END
START -4844 3532 10864 -1185 -1668 -81 604 612 614 673 629 END
START -4832 4676 10868 -1888 -1199 364 604 610 612 673 628 END
START -5536 8644 12480 -2447 -433 924 603 609 610 672 628 END
START -4340 9800 12156 -2642 472 1472 604 608 607 672 628 END
START -4256 9192 11148 -2398 523 1645 604 609 604 671 628 END