START -440 13408 7432 -728 272 -376 634 627 0 691 613 END
START -516 13096 7452 -812 299 -369 635 627 0 692 612 END
START -344 12652 7736 -936 39 -336 634 627 0 691 612 END
START -532 12672 8208 -1030 253 -278 634 626 0 690 612 END
START -1004 12656 8696 -985 231 -167 635 628 0 691 612 END
START -968 12792 8788 -957 108 -234 635 628 0 691 613 END
START -348 12908 7940 -965 761 -244 636 627 0 691 612 END
START -620 13100 7764 -1327 1136 -319 635 628 0 691 612 END
START -8 13188 7272 -1733 1765 -505 636 628 0 691 612 END
START -784 12544 7644 -2103 1723 -807 637 628 0 691 612 END
START -744 13372 8792 -1918 2081 -479 637 629 0 691 613 END
START -1000 13332 8860 -1611 1271 -423 637 629 0 691 612 END
START -496 12720 8096 -1239 539 -589 637 630 0 690 612 END
START -424 12816 7960 -1385 3 -698 639 630 0 691 612 END
START -1168 12156 8240 -1487 -43 -1032 638 630 0 687 612 END
START -524 12300 7780 -1351 271 -1007 637 631 0 691 612 END
START -1660 12164 8244 -1168 12 -952 638 632 0 691 613 END
START -2088 10596 8832 -1108 -429 -911 638 632 0 692 613 END
START -3436 12112 9176 -1081 -997 -819 638 632 0 691 612 END
START -3020 11904 8500 -1123 -1240 -773 638 632 0 692 613 END
START -1656 11560 8184 -1203 -1336 -771 638 632 0 691 613 END
START -2516 13592 8552 -1298 -832 -738 638 633 0 691 614 END
START -2144 14164 8964 -1272 -545 -715 638 636 0 692 612 END
START -916 14272 8584 -937 -1467 -519 638 636 0 692 611 END
START 2188 14980 7072 -379 -3277 -427 638 637 0 691 612 END
START 4296 16652 5844 488 -5276 -254 639 638 0 692 612 END
START 4584 18024 5340 1211 -6639 -190 640 640 0 692 612 END
START 2692 18612 6412 1592 -7662 277 641 641 0 692 614 END
START 512 18468 7712 1392 -8871 485 642 643 0 692 612 END
START 4096 17896 6040 1014 -8319 164 641 644 1 692 614 END
START 3300 16904 6648 465 -7054 -28 642 646 0 692 612 END
START -892 17108 9676 -185 -5975 -146 641 648 0 692 612 END
START -1156 15912 9196 -964 -5221 -634 643 649 0 693 612 END
START -24 13352 7296 -1834 -4958 -1110 644 650 0 692 611 END
START -896 12808 7376 -2669 -5881 -1640 644 652 0 693 612 END
START 588 11580 6600 -3695 -7639 -2189 645 653 0 693 611 END
START 1328 11192 7296 -4481 -8325 -2885 646 655 0 693 611 END
START -144 11280 9744 -5226 -7112 -3595 646 655 0 693 611 END
START 2312 9140 7276 -6027 -5281 -4129 646 657 0 693 611 END
START 1148 10144 8108 -6953 -3964 -4384 649 658 0 693 612 END
START 2476 8724 6848 -7976 -2809 -4391 648 658 0 693 610 END
START 1380 9320 8036 -8745 -2820 -4246 649 658 0 693 610 END
START -1724 9660 11568 -9253 -3061 -3999 649 659 0 693 610 END
START 1752 7884 8880 -9793 -2614 -4322 649 660 0 693 610 END
START -1140 8648 11056 -10070 -2993 -4641 649 660 0 693 610 END
START 2436 7796 8520 -10543 -2815 -4488 649 661 0 694 611 END
START 852 6992 9016 -11171 -3455 -4040 649 661 0 693 610 END
START 2016 7216 8852 -11486 -4055 -4106 649 664 1 693 609 END
START 8 7776 11796 -11570 -3996 -4204 649 663 0 693 610 END
START -2744 8556 14448 -11509 -4239 -3697 649 663 0 693 611 END
START 224 8384 12212 -11888 -3919 -3952 650 663 0 693 610 END
START 2072 6196 10428 -11977 -3258 -4002 650 664 0 692 608 END
START 572 5248 11460 -12050 -3423 -4001 650 664 0 693 609 END
START 2132 6232 11332 -12144 -3758 -3989 652 665 0 693 609 END
START 188 5024 13324 -11980 -4094 -3859 651 666 0 693 609 END
START -3000 4668 15796 -11714 -3796 -3868 650 667 0 693 609 END
START -3864 4856 16236 -11317 -2981 -3776 650 667 0 693 608 END
START -2332 4888 14676 -10832 -1981 -3440 650 667 0 693 609 END
START -1144 3652 14044 -10021 -2192 -3420 650 669 0 693 608 END
START -656 1960 13920 -8835 -2938 -3527 650 668 0 693 609 END
START -1148 2832 14916 -7609 -2733 -3202 650 668 0 693 609 END
START -236 2444 14220 -6326 -1824 -2771 650 668 0 693 608 END
START -1772 3576 15380 -5441 -1194 -2349 651 668 0 694 609 END
START -148 2748 14388 -4447 -71 -1953 651 668 0 693 609 END
START -1808 4364 15860 -3768 371 -1228 651 667 0 693 608 END
START -1132 3544 14212 -2944 121 -691 652 670 0 693 609 END
START -3028 4588 15992 -2416 -667 -41 652 669 0 693 609 END
START -1376 4656 15696 -2157 -1179 552 651 669 2 693 609 END
START -2452 4236 16412 -1885 -1695 665 652 669 0 693 609 END
START 356 5140 15040 -1614 -1005 910 651 669 0 693 609 END