START 3000 12096 12336 -9795 5762 746 618 635 653 688 620 END
START 2468 12188 12716 -9466 5731 643 616 637 654 689 621 END
START 2776 12164 12416 -8174 5410 471 619 638 653 688 618 END
START 896 12312 14216 -6600 3892 207 614 638 654 687 622 END
START 1692 12652 14084 -5247 2921 104 616 637 654 689 622 END
START 1176 12664 13648 -4092 2608 288 616 638 653 688 623 END
START 584 12504 12812 -3152 1922 464 610 634 653 690 623 END
START 860 12288 12152 -2444 1283 694 617 637 655 689 622 END
START 1308 12396 11600 -1788 459 798 620 640 653 688 621 END
START 1020 11488 11608 -1207 -472 707 617 637 654 689 622 END
START 1268 10816 11200 -860 -794 689 616 637 653 690 622 END
START 1432 10936 10232 -709 -654 515 614 640 654 688 619 END
START 1432 11300 9836 -702 -208 337 617 637 654 689 622 END
START 1472 12360 10148 -797 -36 353 615 639 655 687 622 END
START 612 12876 10504 -1005 -330 442 617 638 655 690 623 END
START -108 9744 10628 -989 -1019 -106 615 632 654 691 623 END
START 1536 11176 9936 -661 -681 -292 617 635 653 686 619 END
START -160 12800 11620 -949 -1551 317 616 636 655 689 623 END
START 956 9396 10568 -644 -810 -644 617 635 653 689 621 END
START 1888 13332 12080 -870 -807 602 615 637 651 689 624 END
START -2548 8252 10560 -547 -1357 -586 616 636 654 689 623 END
START 76 15108 15160 -339 -1412 443 619 639 652 688 625 END
START 1016 9072 11932 -38 -1758 -484 616 636 655 689 623 END
START 1796 11848 11220 894 -1741 -797 618 636 655 689 620 END
START -228 11680 15084 1101 -3912 -357 618 638 652 689 624 END
START 5700 8944 10636 2413 -3452 -1776 617 636 654 689 623 END
START 4088 15540 14908 3003 -5169 -1261 615 635 654 690 623 END
START 192 9612 14980 3969 -7681 -3206 620 639 652 689 627 END
START 5728 13416 8492 5124 -8031 -3852 617 635 654 689 623 END
START 7312 11504 9392 5293 -11211 -4562 618 635 655 689 623 END
START -1040 10544 14880 6116 -11364 -6459 615 630 652 688 624 END
START 4444 13744 11332 6083 -11225 -6094 617 634 654 689 623 END
START 3732 8748 8888 6614 -9837 -8255 613 628 654 690 623 END
START -80 14292 11396 6513 -11013 -8021 622 630 653 690 624 END
START 3880 10804 7036 5965 -11465 -8671 616 632 653 689 623 END
START 5880 10380 3984 5893 -10870 -10052 614 629 653 689 623 END
START 6640 12472 4576 4522 -12082 -9665 614 631 653 688 621 END
START -5236 9524 11192 3912 -9823 -11259 616 633 654 687 621 END
START 5436 13876 4500 2730 -6980 -10818 616 631 653 690 623 END
START 5172 9600 1448 1898 -6744 -11985 615 629 653 689 623 END
START -5396 12948 5360 1163 -6373 -12818 619 628 651 689 624 END
START 7228 11624 -2576 -947 -5139 -13077 615 629 652 689 622 END
START 8184 10068 -3796 -2595 -3646 -15246 616 629 653 690 626 END
START -3128 12300 5920 -5552 -1423 -15686 618 632 651 688 625 END
START -5884 7504 6364 -7337 2751 -17603 615 628 649 688 623 END
START -4496 10944 8252 -8975 6683 -17613 615 628 652 689 622 END
START 6492 7204 -1200 -9302 7552 -18051 614 630 655 688 621 END
START -19040 11288 13784 -8785 4167 -16600 609 627 653 690 622 END
START -22604 8388 19964 -8368 585 -14904 614 629 653 690 622 END
START -12976 9752 13240 -6522 -173 -13148 609 629 659 691 622 END
START -17000 8844 16236 -5609 -244 -10468 610 630 654 688 622 END
START -14256 13128 14048 -3842 1644 -8229 614 626 655 690 621 END
START -9132 8840 10464 -3015 1375 -6257 613 628 653 689 623 END
START -10712 14312 13312 -2004 848 -3562 612 627 656 689 625 END
START -9568 9180 11536 -1201 -522 -2838 619 629 652 686 621 END
START -12484 13676 15148 -993 -1205 -375 613 628 653 690 623 END
START -7436 10744 10564 -339 -1413 -335 613 627 653 688 622 END
START -5744 11356 10064 -545 -2268 1091 611 626 651 688 623 END
START -3892 13140 7752 36 -1608 1203 613 628 650 690 623 END
START -3856 11332 8528 -595 -2046 1250 613 627 653 689 622 END
START -3136 11392 7808 -330 -1399 1266 611 626 651 687 623 END
START -688 10832 6184 -968 -971 1413 613 627 653 689 622 END
START -9796 9004 12760 -677 -1608 832 617 631 656 686 623 END
START -8796 12664 14116 -1096 -1342 1728 616 630 653 690 624 END
START 64 8204 5872 -848 -396 678 613 628 652 689 622 END
START -3028 11840 6632 -577 -1048 761 611 629 653 689 622 END
START 4832 10428 1536 -1289 267 790 610 625 649 688 619 END
START -9708 8328 11752 -1211 -344 -110 613 626 653 689 622 END
START 8316 13016 2072 -1393 3067 800 609 624 651 690 622 END
START -16148 9952 16812 -1811 -1461 -139 614 627 653 689 622 END