START -1092 12064 10104 -369 473 -203 640 641 0 689 609 END
START -984 12100 9936 -327 116 -216 641 641 0 690 609 END
START -592 11944 9768 -186 -736 -251 640 641 0 691 608 END
START -116 11808 10008 -106 -860 -153 642 641 1 690 608 END
START -148 11960 9884 -215 -341 -60 642 642 0 687 608 END
START -196 11884 9668 -418 99 -75 641 641 0 690 608 END
START -108 11960 9272 -737 488 -32 641 642 0 690 610 END
START -84 11460 9220 -1037 526 -95 641 641 0 690 608 END
START 112 11956 9652 -1176 668 147 640 641 0 689 608 END
START 144 11160 9644 -1265 -124 -84 642 641 0 691 608 END
START -620 11384 10836 -1369 -660 136 642 641 3 690 609 END
START 468 12584 9708 -1273 -220 189 641 641 0 690 608 END
START 500 12728 9796 -1203 242 -45 641 640 0 690 609 END
START 448 11764 8972 -1132 196 -504 642 641 0 690 608 END
START 768 12008 8752 -1300 100 -701 641 641 0 690 608 END
START 616 11756 8456 -1259 -54 -957 642 641 0 690 608 END
START -2016 11088 9904 -1208 -705 -1283 642 643 0 690 608 END
START 228 11804 8524 -1159 -579 -1244 642 642 0 690 607 END
START -940 11784 9080 -1215 -779 -1211 641 640 0 690 608 END
START -1892 11692 9164 -1332 -1000 -1225 643 641 0 688 609 END
START 1004 11876 7884 -1460 -951 -1079 641 642 0 690 609 END
START 284 11880 7740 -1672 -1103 -1123 641 642 0 690 609 END
START -216 12500 8528 -1935 -1238 -1237 642 642 0 690 608 END
START 2256 13380 7576 -1915 -1532 -1201 642 642 0 689 608 END
START 2380 13660 7816 -1719 -3171 -1336 642 642 0 690 609 END
START 4256 14856 7064 -1417 -5404 -1527 642 642 1 690 609 END
START 5544 15692 6024 -989 -7075 -1734 643 642 0 690 608 END
START 4248 16628 6912 -759 -8591 -2133 642 644 0 689 609 END
START 5680 16260 5380 -737 -10147 -2761 643 644 0 690 608 END
START 3060 16872 7588 -1072 -11569 -3072 643 646 0 690 608 END
START 4492 16632 6752 -1854 -11742 -3299 642 647 0 690 608 END
START 3448 15872 7424 -2638 -9508 -3473 643 648 0 690 608 END
START 5484 15368 6536 -3542 -6877 -4035 643 649 0 690 608 END
START 4884 14536 6724 -4442 -3483 -4289 643 650 0 690 608 END
START 2900 14304 8408 -4998 -181 -4723 643 652 0 690 607 END
START 1812 13188 9184 -5107 1246 -4949 644 654 0 689 607 END
START 1604 12296 8828 -5066 103 -5442 645 655 0 689 607 END
START 1692 11472 8912 -5057 -1693 -5879 644 656 0 689 606 END
START 20 11600 10360 -5099 -3598 -5983 645 656 0 689 606 END
START 1132 10968 9240 -5220 -4419 -6331 645 659 0 689 606 END
START 1688 10296 8992 -5501 -4561 -6781 645 659 0 689 605 END
START 1120 9804 10160 -5659 -3198 -6865 645 660 0 690 606 END
START 1316 9148 9412 -5831 -2455 -6626 646 661 0 689 605 END
START -108 9412 10628 -6094 -2528 -6456 645 662 0 689 605 END
START 960 8556 10364 -6407 -2455 -6123 646 662 0 689 604 END
START -156 7928 11400 -6487 -1638 -5949 647 663 0 690 605 END
START 896 7532 10556 -6503 -964 -5467 647 664 0 689 604 END
START -328 7336 10168 -6668 -1375 -5122 648 664 0 689 604 END
START 220 7752 10272 -6868 -3036 -5013 648 664 0 689 603 END
START -156 6368 10716 -7121 -4448 -5128 647 665 0 689 604 END
START -1312 6108 11284 -7277 -5076 -5153 648 666 0 689 604 END
START 444 6860 10540 -7660 -5112 -4847 648 666 0 690 603 END
START -388 6472 11332 -8332 -4432 -4929 649 666 0 689 604 END
START 280 5228 11192 -8651 -2885 -4783 648 666 4 689 603 END
START -936 5012 11876 -9060 -2262 -4637 648 667 0 688 603 END
START -136 5328 11304 -9286 -2277 -4277 648 667 0 688 603 END
START -1552 4776 12964 -9287 -2712 -3972 649 667 0 688 602 END
START -708 4468 12824 -9091 -3213 -3563 648 666 0 688 602 END
START -1292 4388 13608 -8871 -3308 -3246 648 667 0 688 603 END
START -720 4408 13940 -8451 -3119 -2710 648 668 0 688 602 END
START 240 4536 13700 -7892 -3043 -2547 648 667 0 687 602 END
START -652 3844 14604 -7159 -2602 -2276 648 667 0 688 603 END
START 380 4092 14368 -6314 -1809 -1972 648 667 0 688 603 END
START -728 3404 15352 -5337 -1126 -1673 648 668 0 688 603 END
START -1180 3552 15632 -4318 -754 -1420 649 668 0 688 602 END
START -792 3888 15588 -3253 -293 -1119 648 667 0 688 603 END
START -1212 4108 15920 -2443 -151 -818 648 668 0 688 603 END
START -784 4124 14968 -1704 132 -517 647 668 0 688 603 END
START -820 3888 14616 -1137 -80 -274 649 668 0 689 603 END
START -1532 4172 14612 -864 -832 -275 649 668 0 688 602 END