START 56 15864 3808 -1233 -1209 286 594 570 603 663 624 END
START 116 15688 3848 -1154 -1056 317 595 569 603 663 623 END
START 60 15776 3928 -1046 -783 293 593 570 604 664 624 END
START 28 15764 4080 -887 -843 259 595 572 603 664 624 END
START 56 15512 3736 -737 -865 268 596 573 605 665 625 END
START -136 15456 3724 -666 -641 291 596 572 604 664 624 END
START 52 15356 3488 -662 -461 242 596 572 604 665 625 END
START -424 14916 3744 -768 -728 39 596 572 604 665 625 END
START -432 14908 3524 -925 -1115 -42 596 572 604 664 625 END
START 236 15108 3272 -1013 -1134 -196 597 572 604 664 625 END
START -488 14832 3252 -1077 -861 -212 596 572 604 665 625 END
START -752 14744 3256 -1165 -570 -209 597 572 604 664 624 END
START -788 14960 3440 -1189 -667 -127 595 572 604 665 625 END
START -684 15460 3220 -1147 -1051 -1 597 572 604 665 625 END
START -316 16172 3284 -1002 -1309 154 597 572 604 665 625 END
START 168 16720 3652 -632 -1763 312 598 573 605 665 625 END
START 1252 17464 3560 -126 -2273 655 598 575 605 666 626 END
START 1760 19200 3984 255 -2938 1383 598 573 606 666 625 END
START 1244 18216 3968 599 -4114 1679 597 573 605 665 626 END
START 1340 15956 3020 864 -4932 1323 599 573 606 665 626 END
START 2776 18184 2268 739 -5025 1226 597 574 605 666 626 END
START 2372 18800 3716 86 -5539 1414 597 574 605 665 626 END
START 1448 15016 2988 -4 -6116 631 597 574 604 666 626 END
START 2268 16716 1740 21 -5881 443 597 574 605 665 625 END
START 2508 18864 2000 -553 -5935 730 597 575 608 665 626 END
START 2776 15080 328 -658 -5817 -347 597 575 606 666 626 END
START 3060 18976 1292 -1517 -6177 -40 598 575 605 667 624 END
START 2588 14236 -200 -2297 -7091 -1630 597 576 606 666 626 END
START 3580 18092 788 -3884 -6656 -1881 597 576 606 665 626 END
START 3864 14188 -1256 -4682 -5382 -3625 598 576 607 668 625 END
START 2484 14444 816 -6361 -4989 -4376 597 577 606 666 626 END
START 3604 16300 232 -7416 -4280 -5237 597 578 606 665 626 END
START 2052 11260 148 -8756 -5382 -7003 598 578 606 666 626 END
START 1816 14236 1876 -10467 -5545 -7280 598 579 605 666 626 END
START 2988 13576 256 -11588 -3852 -8919 598 579 607 666 625 END
START 1916 9096 216 -13232 -2462 -10336 598 580 607 665 625 END
START 1256 12368 2644 -14954 -653 -10285 599 580 607 666 626 END
START 560 12316 2696 -16021 -384 -11357 599 581 608 666 626 END
START -452 7976 3116 -17013 -1538 -12964 599 582 607 665 625 END
START -1276 7032 4676 -18563 -1726 -13109 599 582 607 667 625 END
START -1800 10296 7276 -19454 -361 -12351 598 582 607 666 625 END
START -3372 9972 8308 -19351 -1765 -12483 600 583 609 666 625 END
START -3424 7576 8928 -19292 -4153 -12929 601 583 608 665 625 END
START -4484 3220 9412 -19346 -4436 -12644 600 584 608 666 625 END
START -5464 3488 11824 -19673 -2264 -11509 600 584 609 666 626 END
START -5348 5876 12968 -19011 498 -9882 600 585 609 666 625 END
START -7072 7888 15672 -17109 846 -8872 601 585 609 667 625 END
START -7756 5836 16256 -14514 -1125 -8804 601 585 609 667 625 END
START -8060 2016 16796 -12388 -1646 -8084 602 586 609 667 625 END
START -9056 1980 17356 -10108 -948 -6914 602 585 609 667 625 END
START -9008 5232 18456 -8032 -106 -5310 602 585 609 667 626 END
START -8596 9140 18612 -5629 976 -3771 602 586 609 668 626 END
START -7524 8700 17444 -3266 1999 -3191 603 585 609 668 625 END
START -7308 5428 15300 -1650 2316 -2778 604 586 610 667 626 END
START -7988 3436 15204 -904 1544 -1923 602 585 610 667 627 END
START -8108 5620 15460 -626 574 -518 603 586 610 667 625 END
START -6284 10244 15144 -209 602 536 603 585 609 667 626 END
START -4732 6492 12408 428 729 313 603 585 610 667 625 END
START -6024 3280 12328 166 -358 422 603 585 610 668 626 END
START -5872 7484 13992 -200 -452 1416 604 584 609 668 625 END
START -4940 9356 13636 156 770 1486 601 584 609 667 625 END
START -3964 6604 10880 595 1327 820 598 583 608 666 625 END
START -5268 2644 11336 306 100 981 598 584 606 666 625 END
START -5960 7932 14624 233 40 2100 598 585 607 666 624 END
START -4036 8692 13132 1334 1721 2241 599 586 606 665 624 END
START -4140 5760 13028 2353 3116 2147 600 586 605 663 622 END
START -5716 2508 11924 2956 3096 2412 597 587 604 661 621 END
START -9268 3376 13920 3280 2279 3489 603 589 603 661 620 END
START -8816 7740 15408 4315 1205 4454 604 589 604 661 620 END
START -7916 9260 16228 5805 2162 5182 605 590 603 661 619 END