START 164 13448 9536 -633 -1326 108 625 633 657 684 615 END
START 216 13252 9512 -583 -1112 35 632 632 658 685 619 END
START -128 12728 9184 -471 -590 -139 625 631 657 684 616 END
START -168 12060 8884 -409 -169 -353 623 633 656 684 617 END
START -68 11640 8656 -499 -97 -546 625 632 656 684 616 END
START -696 11332 9060 -644 -644 -710 625 633 657 684 616 END
START -476 11208 8936 -901 -1204 -803 625 633 657 684 616 END
START -540 11300 8688 -1071 -1027 -896 627 633 657 684 617 END
START -828 11432 9248 -1224 -506 -908 625 632 656 683 617 END
START -1864 12328 9836 -1288 -135 -845 625 636 657 684 617 END
START -2912 13432 10348 -1089 -242 -536 626 632 657 684 617 END
START -388 14860 8500 -679 235 -189 625 633 657 684 618 END
START 180 16372 8156 -50 502 410 625 633 657 685 618 END
START -1512 17292 9792 621 907 1036 626 634 657 685 618 END
START -576 17112 8620 1235 776 1783 628 634 657 685 619 END
START -1176 16796 8440 1830 -736 1987 626 637 657 684 618 END
START -872 16768 8472 2192 -1376 2310 615 636 657 685 620 END
START -144 15812 6580 2584 102 2731 628 637 659 684 617 END
START -888 15912 6776 2665 1251 3213 629 639 658 685 619 END
START -296 15568 5884 1972 1006 3342 629 639 658 685 618 END
START -264 15028 5656 960 -992 3168 628 641 659 686 618 END
START -84 14248 5916 -9 -1829 2831 629 642 659 687 620 END
START 1220 13964 5148 -829 -769 2605 629 643 659 686 618 END
START 328 14284 5332 -1354 369 2422 629 644 661 687 618 END
START 364 14952 4872 -1786 763 2116 629 645 660 687 619 END
START 1328 15584 4420 -2630 431 1757 630 646 660 688 619 END
START 2232 15496 3288 -3708 318 1490 631 647 661 688 620 END
START 3256 13860 6724 -4665 -160 1171 630 648 660 688 619 END
START 1324 13136 8052 -5370 -1195 610 630 648 661 689 620 END
START 564 11572 8228 -5955 -1642 -155 631 649 661 690 620 END
START 84 10564 7832 -5889 -1375 -989 631 651 661 690 620 END
START 808 10204 8456 -5840 108 -1343 629 649 660 690 620 END
START -1320 10056 10400 -5818 483 -1566 632 651 661 690 620 END
START -1676 10584 10248 -5905 -326 -1979 632 651 661 690 621 END
START -476 11036 9424 -6245 -1738 -2050 630 652 661 690 620 END
START 3132 10940 8644 -6622 -2444 -2088 631 652 660 690 620 END
START 1380 8888 8960 -7317 -2252 -2267 631 653 663 690 621 END
START -592 7460 9228 -7782 -1724 -2753 631 653 661 690 621 END
START -872 7100 9848 -8091 -1593 -3086 630 652 662 690 621 END
START -912 7332 10344 -8599 -2117 -3399 629 654 661 690 621 END
START 8 8032 9528 -9262 -3604 -3637 630 653 661 691 621 END
START 2848 7928 6236 -10285 -3208 -3748 629 653 662 691 620 END
START 368 5776 10276 -11141 -1652 -3859 628 655 662 690 621 END
START -3336 4780 14480 -11754 -761 -3772 627 655 662 691 621 END
START -3604 4824 16596 -11561 -2145 -3565 629 655 662 690 621 END
START -764 6144 14780 -10639 -2651 -3131 629 656 663 691 621 END
START 468 6832 16512 -9119 -1695 -2260 629 652 663 691 622 END
START -1440 5664 17152 -7413 -1183 -1991 628 656 663 691 621 END
START 400 5696 16300 -6108 -836 -2014 629 656 662 690 622 END
START 1632 6576 14976 -5029 -1133 -1914 628 656 662 692 622 END
START 2040 8496 13540 -3519 -406 -1590 629 657 663 692 622 END
START -1460 7252 16636 -2064 265 -1110 630 657 663 691 621 END
START 3580 5636 12080 -1023 -19 -1182 629 657 663 690 622 END
START -1412 7980 15320 -517 -28 -1013 629 656 662 691 622 END
START 3584 8732 10508 -231 51 -827 628 655 662 691 622 END
START 2956 10056 10432 -122 748 -388 628 657 662 691 622 END
START -804 10788 14724 -212 552 207 629 657 662 692 622 END
START -6836 9488 16572 -479 -1292 632 629 657 663 691 622 END
START -6900 8704 17036 -630 -2056 667 626 657 662 693 622 END
START -5268 9128 15448 -746 -2658 697 630 657 662 691 623 END
START -6928 10124 16664 -664 -2407 795 628 656 664 691 622 END
START -5084 10920 15140 -676 -1488 917 631 657 663 690 623 END
START -3484 8460 14932 -812 -995 775 631 658 662 691 622 END
START 12 7128 11948 -904 -242 362 629 656 662 691 623 END
START -2208 7336 14204 -770 -905 -12 629 656 662 691 623 END
START -2460 8036 14024 -581 -662 -291 631 655 663 692 623 END
START 1248 7872 10816 -468 -83 -489 630 657 663 691 622 END
START -204 8912 11696 -408 138 -392 629 656 662 692 622 END
START -3112 9956 13596 -490 -310 -268 629 657 663 690 622 END
START -2692 7788 14312 -751 11 -262 628 659 663 691 626 END