START 980 16056 4900 -982 -1292 962 594 584 601 670 625 END
START 1072 16124 4848 -883 -1407 1000 599 584 602 671 623 END
START 840 16244 4952 -561 -2082 1073 590 585 601 670 625 END
START 1288 16116 4608 -198 -2553 1025 595 586 604 671 626 END
START 1224 16112 4812 80 -2517 1041 595 587 605 671 625 END
START 1808 16124 4808 350 -2118 1000 595 588 605 672 626 END
START 1324 16356 4612 624 -1753 1110 595 588 606 673 626 END
START 1332 16396 4528 1036 -2364 996 596 588 606 672 626 END
START 1496 16652 4224 1321 -2975 1066 596 588 607 672 626 END
START 1964 17216 4236 1566 -3485 1154 596 589 606 672 625 END
START 2648 17456 3732 1827 -3850 1067 596 589 606 673 626 END
START 3136 17860 3256 1825 -3921 945 597 589 607 673 627 END
START 3336 17764 3068 1630 -3162 807 597 589 606 672 626 END
START 3240 17704 2544 1418 -2687 667 598 589 606 673 626 END
START 2656 17400 2272 1145 -2930 454 597 588 607 672 626 END
START 1936 15820 2652 704 -4139 -1 597 590 607 673 626 END
START 1648 14428 2348 124 -5300 -645 596 590 607 674 627 END
START 2180 13192 1620 -466 -5708 -1562 598 590 608 673 627 END
START 3156 14956 1296 -1413 -4461 -1799 598 590 607 675 626 END
START 1840 13936 2036 -2574 -3165 -2389 598 590 606 672 626 END
START 2032 12776 1052 -3303 -1929 -3388 598 590 607 672 626 END
START 1764 15108 2116 -4458 -1926 -3338 600 590 607 672 626 END
START 708 11396 1248 -5043 -3366 -4565 599 590 608 673 626 END
START 2216 15556 1416 -5869 -4146 -4660 599 590 607 673 626 END
START 800 12076 1264 -6835 -5117 -5706 599 591 607 672 627 END
START 2644 16428 1208 -8079 -4524 -5700 598 592 607 673 627 END
START 980 11472 1264 -9201 -4644 -6983 600 591 607 672 621 END
START 2004 16236 2192 -10485 -5233 -6885 600 589 607 673 626 END
START 916 11812 1764 -11316 -6269 -8059 599 591 608 672 626 END
START 220 14772 3888 -12553 -8578 -8059 600 592 608 673 626 END
START 1484 16548 3884 -13329 -9920 -8516 602 592 605 673 626 END
START 20 10932 4036 -14418 -11597 -9411 601 593 608 672 626 END
START 168 14492 5564 -15829 -12334 -8796 602 593 609 673 627 END
START 1832 13700 4452 -16470 -10531 -8861 602 593 606 673 626 END
START 872 9944 4680 -17592 -8245 -9041 602 595 609 673 626 END
START -808 10548 7960 -19078 -6501 -8348 603 596 608 673 626 END
START -60 12800 8964 -19512 -3524 -8047 601 597 609 673 626 END
START -1264 8000 8860 -19460 -2570 -8481 602 598 609 673 627 END
START -3836 5476 11284 -19290 -4734 -8287 602 600 610 674 627 END
START -3508 7748 13160 -19021 -7163 -7428 602 600 610 673 626 END
START -2556 9588 12656 -18612 -8112 -6826 603 601 610 673 627 END
START -2084 6208 13084 -18124 -6397 -6490 603 601 610 673 626 END
START -2524 2416 13632 -17200 -3775 -5737 602 604 611 674 627 END
START -4252 1144 15112 -15757 -2093 -4323 603 603 611 674 627 END
START -4308 2616 17124 -14087 -1168 -2734 604 604 611 674 627 END
START -4276 6188 19436 -11664 -1208 -1493 604 606 613 675 627 END
START -2980 6216 20108 -8446 -595 -736 604 605 613 675 627 END
START -2036 3948 17604 -5198 718 -555 604 607 614 675 627 END
START -3500 1484 17408 -3144 1003 -113 605 607 613 674 628 END
START -2940 5520 18436 -1760 1805 716 604 606 614 676 628 END
START -1272 10104 17572 -484 2789 1068 605 608 615 676 628 END
START -804 7840 14980 525 2596 383 606 608 614 675 628 END
START -1492 3908 14224 596 1915 -223 607 607 613 675 628 END
START -1564 8228 15364 103 1886 351 607 607 614 675 628 END
START -32 11004 14156 116 3002 329 606 608 614 676 628 END
START -316 6016 12344 251 2662 -756 606 608 614 676 628 END
START -1912 4268 13560 -261 997 -717 606 608 614 676 629 END
START -1976 9016 15020 -674 388 -33 605 608 614 675 628 END
START -236 10176 13668 -515 1315 -47 607 608 614 675 628 END
START -484 7328 12300 -354 1765 -740 607 607 614 675 628 END
START -1380 3096 12168 -517 1500 -964 607 608 614 675 628 END
START -2868 5092 14564 -657 1369 -500 607 607 614 676 628 END
START -3116 7584 15444 -454 1342 -9 607 607 614 675 628 END
START -1944 9640 14332 291 2006 -17 607 607 614 677 628 END
START -1580 5928 12484 864 2692 -525 607 607 613 675 629 END
START -3180 2440 13700 1061 2657 -305 607 606 612 675 628 END
START -4784 2944 15144 1499 1881 368 607 606 612 675 628 END
START -6360 6532 18056 2539 749 1213 606 606 611 674 628 END
START -5124 9184 17652 4334 581 1617 605 605 611 674 628 END
START -3648 7452 15072 6367 1541 1683 600 603 610 674 628 END