START 1352 15224 4572 -1804 -1241 -468 597 574 607 676 628 END
START 1352 15332 4420 -1736 -1355 -541 596 575 607 677 630 END
START 1248 15052 4868 -1524 -1755 -673 596 575 607 677 629 END
START 1688 15296 4744 -1350 -1998 -852 597 577 608 677 630 END
START 1916 15524 4676 -1223 -1914 -968 597 578 608 678 630 END
START 2232 15884 4636 -1154 -1727 -1031 599 578 608 678 631 END
START 2300 15648 4568 -1036 -1122 -882 597 579 608 678 631 END
START 1648 15632 4632 -729 -975 -686 597 580 609 679 632 END
START 1532 15464 4508 -392 -1657 -610 598 579 610 678 633 END
START 1528 15680 4208 -191 -2410 -347 598 581 611 679 632 END
START 1972 16360 3680 -175 -3451 -322 598 581 610 679 633 END
START 2824 16736 3056 -240 -3888 -470 599 583 611 679 633 END
START 2840 16876 2652 -375 -3628 -521 599 583 610 680 633 END
START 3316 17108 2800 -555 -3487 -688 600 586 611 679 633 END
START 3260 17072 3384 -736 -3047 -765 600 584 612 681 632 END
START 2240 16020 3832 -814 -2931 -1086 599 585 611 680 633 END
START 1968 14612 3320 -695 -2625 -1641 599 586 605 679 633 END
START 3076 15740 2400 -629 -2004 -1978 599 585 611 680 628 END
START 3260 17900 2596 -1058 -1576 -1623 600 588 612 680 633 END
START 1964 14868 2960 -1408 -1924 -2375 600 587 612 680 634 END
START 3312 16176 1320 -1655 -1553 -2610 599 588 611 680 635 END
START 2176 15576 2220 -2483 -2407 -2553 601 588 612 680 632 END
START 3684 16148 844 -3012 -3005 -3397 601 591 612 680 633 END
START 2860 16888 1932 -4482 -3836 -3487 603 588 613 680 634 END
START 3832 15348 -272 -5615 -3132 -4626 602 592 613 680 635 END
START 3024 14664 612 -7375 -2992 -5038 602 593 613 680 634 END
START 4064 17172 452 -8699 -1795 -5443 603 595 614 679 634 END
START 2236 12724 876 -10093 -2419 -6562 603 598 615 679 634 END
START 2440 16624 2676 -11760 -3174 -6376 603 602 615 679 634 END
START 3072 14620 992 -12897 -3209 -7391 604 605 616 680 634 END
START 1524 10776 2016 -14281 -3567 -8271 604 609 617 680 632 END
START 1068 12944 3756 -15734 -2734 -8200 604 612 619 678 635 END
START 1796 14276 4176 -16510 -1061 -8809 605 617 619 680 634 END
START 124 9236 4608 -17167 -893 -10072 605 623 618 681 634 END
START -1060 9124 7128 -18285 -772 -10103 605 623 621 680 635 END
START -2092 11228 8708 -19214 1526 -9490 604 624 621 680 634 END
START -1868 12012 9316 -19157 3990 -9669 604 624 621 676 635 END
START -2808 7576 7944 -18867 5957 -10073 605 624 622 680 634 END
START -5308 4132 9860 -18525 5114 -9881 605 625 622 679 634 END
START -6784 4132 12408 -18093 1527 -9106 605 625 621 680 634 END
START -6544 7428 13924 -17475 -3021 -8229 604 627 622 679 634 END
START -4512 9736 12876 -16991 -5800 -7713 605 625 622 680 634 END
START -2532 9296 11808 -17152 -4568 -7194 604 626 622 679 634 END
START -4124 7684 13080 -17139 -3636 -7157 606 627 623 680 634 END
START -4008 4240 12732 -16569 -4705 -7389 605 627 623 680 634 END
START -3712 2636 13152 -15964 -6167 -7333 606 627 623 680 635 END
START -4120 -668 14752 -15522 -6425 -7337 605 628 624 680 631 END
START -4008 -1436 15052 -14519 -4746 -7006 605 628 624 680 635 END
START -4320 -2300 15028 -13024 -2626 -6524 607 626 623 680 635 END
START -5616 -2236 15924 -10935 -2282 -6157 606 625 623 680 634 END
START -5284 -360 17508 -9385 -1922 -5991 606 627 624 680 634 END
START -4820 -612 17276 -8336 -227 -5312 606 626 624 679 635 END
START -5640 1140 18000 -7006 1587 -4245 606 627 624 680 635 END
START -5860 3476 18660 -5503 2521 -3078 606 627 624 680 635 END
START -5160 5188 18404 -3936 1576 -2149 606 627 623 680 635 END
START -4696 5808 17684 -2595 431 -1322 606 627 624 680 635 END
START -4124 5212 16112 -1607 -64 -802 605 627 623 680 635 END
START -3740 1416 14336 -1173 -144 -675 606 626 624 680 636 END
START -3972 -48 14456 -969 -31 -482 608 627 624 681 636 END
START -4752 -636 15964 -847 -569 -60 606 626 624 680 635 END
START -4484 3300 17200 -598 -649 572 607 627 623 680 634 END
START -3868 4656 16808 -164 261 863 606 626 623 680 632 END
START -3216 6556 16436 384 1547 577 606 626 623 679 634 END
START -2536 4396 14560 755 2155 -77 606 626 624 679 630 END
START -2792 704 13436 971 2182 -273 608 625 623 679 634 END
START -4436 -1004 14412 1040 1630 180 606 624 622 679 633 END
START -5136 1060 15656 1345 1121 752 606 622 620 678 632 END
START -4440 4552 15940 1697 983 1409 606 621 619 677 631 END
START -3952 5320 16276 2213 2130 1824 606 620 617 676 631 END
START -3392 5592 15208 2873 3935 1996 606 617 612 675 630 END