START 1896 -1664 13864 3095 422 1185 598 558 558 638 597 END
START 4824 -2064 11860 2992 1115 1315 604 559 558 639 597 END
START 1904 -1612 13984 2513 1601 1579 605 558 559 639 597 END
START -1512 -2032 16020 2291 665 1430 604 558 559 638 597 END
START 5132 -1828 11816 2312 1458 1342 604 558 559 638 597 END
START -432 -1480 15064 2086 -101 682 604 559 559 637 597 END
START 2900 -1140 13776 1511 -660 517 604 558 559 638 597 END
START 3724 -1116 13620 1023 -520 679 603 559 559 637 597 END
START 1780 -1132 14684 1216 -931 609 603 559 559 638 596 END
START 1408 -1628 15220 1238 -1904 114 605 559 559 638 597 END
START 1400 -1836 15068 1094 -2619 149 604 558 559 638 597 END
START 1916 -1168 15536 794 -3478 -156 604 558 559 638 597 END
START 1684 -972 15640 510 -3888 -428 604 558 559 638 597 END
START 1840 -1096 16296 365 -3861 -341 605 559 559 638 597 END
START 3196 -1624 16840 225 -3111 -255 605 559 559 638 597 END
START 4296 -3044 18168 409 -1139 -412 604 559 559 638 597 END
START 4568 -3096 19924 1374 140 -1431 605 559 560 639 597 END
START -1812 -1604 24460 2172 756 -2989 606 560 562 640 597 END
START 6936 -3360 19740 4878 5559 -1878 606 560 563 641 597 END
START 2912 -6040 18244 8241 6730 -5431 607 565 567 643 597 END
START 4228 -3052 18188 11153 8179 -5586 605 567 572 645 598 END
START -744 -4828 21828 12734 6453 -5681 603 573 579 648 597 END
START 1500 -4272 20420 15729 7408 -5595 601 582 589 654 596 END
START 212 -3884 21396 17325 6889 -4249 599 589 596 659 594 END
START 1184 -3088 18656 20363 9939 -3508 599 595 603 662 597 END
START -2644 -1956 20248 21554 12106 -900 601 599 609 666 598 END
START -5040 1200 19008 24562 13496 890 603 604 615 668 598 END
START -8844 -212 19228 25758 8620 2433 603 608 618 669 599 END
START -7128 5944 17704 27547 5448 3896 606 610 621 669 600 END
START -5716 1760 14156 28901 2996 3927 604 612 623 669 601 END
START -5664 6584 12536 28162 1209 5630 603 612 624 669 603 END
START -3420 8632 8144 28241 1715 6267 603 613 626 670 603 END
START -4048 4448 6244 27216 502 6315 603 613 628 670 606 END
START -4740 10344 6352 25261 202 8171 601 613 628 670 607 END
START -3744 8656 3504 24360 -1310 8138 601 614 629 670 608 END
START -2568 6728 2204 22012 -4076 8449 603 616 630 670 609 END
START -2732 10608 3940 18827 -3960 9775 603 617 631 670 611 END
START -496 14152 1052 16286 -3819 9873 604 618 633 671 612 END
START 1392 11572 -1472 13484 -3013 9100 605 618 633 671 613 END
START 1900 8788 -2608 9985 -1676 8554 605 619 634 671 614 END
START 1504 13420 456 6299 -203 8911 605 620 635 672 615 END
START 3992 16200 492 4408 643 8305 605 621 636 673 615 END
START 4612 11340 696 2882 -473 6687 607 623 638 673 616 END
START 4064 14140 3180 932 -2286 6368 606 624 636 675 616 END
START 7180 19348 3400 68 -1829 6002 606 625 638 674 616 END
START 9704 16980 1616 -97 -240 4809 607 626 639 676 618 END
START 6268 15960 4796 -746 -1214 3844 608 628 640 676 618 END
START 7976 19516 5124 -1157 -2361 3714 609 629 640 677 619 END
START 7852 22076 6744 -1218 -3608 3311 609 629 641 677 619 END
START 9928 20336 3380 -1225 -4086 2120 609 630 641 677 619 END
START 8736 16336 2748 -1407 -4982 254 609 632 642 678 619 END
START 8344 14524 2052 -1851 -4548 -1044 609 632 641 678 620 END
START 6392 15844 3760 -2463 -2177 -1769 610 633 642 679 621 END
START 4792 18668 5208 -3121 -445 -2386 611 635 643 679 621 END
START 4620 19784 4840 -3469 -554 -3252 610 637 644 679 621 END
START 4920 15832 2672 -3692 -2398 -4554 611 638 643 679 620 END
START 4964 11668 1772 -4523 -3421 -5665 611 640 644 679 621 END
START 4012 10348 1968 -6053 -3286 -6505 612 642 644 680 621 END
START 2700 9152 2944 -7932 -3425 -7401 612 642 645 680 622 END
START 2832 12964 4496 -9943 -2615 -8022 611 644 645 680 623 END
START 2320 13384 5284 -11456 -1245 -9049 612 649 645 681 624 END
START 2072 13208 5336 -12958 -198 -10048 613 648 646 681 623 END
START 2684 12516 5380 -14364 653 -10883 613 650 645 681 623 END
START 3376 9384 6508 -15453 1827 -11761 614 652 648 682 623 END
START 12 5760 7872 -16207 558 -12900 615 655 647 681 623 END
START -388 3376 9160 -17204 -750 -13541 614 657 648 682 623 END
START -484 2664 9620 -18015 -128 -13203 613 659 644 681 624 END
START -2460 1424 14492 -18429 260 -12778 615 659 650 682 625 END
START -2652 2924 15656 -17618 -499 -12348 615 662 651 683 625 END
START -5432 4016 18584 -16136 -433 -11306 614 662 650 684 626 END