START -336 15068 5196 -357 -1075 -338 596 606 629 681 632 END
START -372 14928 4988 -327 -1187 -308 597 606 629 681 631 END
START -48 14940 4932 -372 -1435 -286 597 607 626 682 633 END
START 320 14872 4312 -709 -1176 -336 597 607 629 682 632 END
START 96 14848 4228 -1176 -1305 -466 597 607 629 682 632 END
START 516 14848 3572 -1666 -1717 -718 597 607 628 682 632 END
START 1092 15220 3592 -2133 -1549 -788 597 606 629 682 633 END
START 1180 15612 3948 -2467 -1341 -837 597 607 629 683 633 END
START 588 15796 4604 -2447 -1509 -742 598 606 629 683 633 END
START 200 16036 4716 -2236 -1956 -440 598 607 630 683 632 END
START 580 16784 4480 -2106 -2548 -138 598 607 630 682 632 END
START 608 17376 5004 -2077 -2892 227 599 608 630 682 633 END
START 488 17228 5896 -1867 -2867 563 598 608 630 682 633 END
START 552 16992 6144 -1384 -2469 1105 599 608 630 682 633 END
START -88 15604 5668 -705 -2296 1416 599 607 629 682 633 END
START 416 14916 4636 -169 -2191 1385 599 608 630 682 633 END
START 720 14964 3964 -182 -1625 1259 598 607 630 682 634 END
START 1416 16476 3520 -597 -1734 1076 599 608 630 682 633 END
START 2264 18836 2684 -1310 -1997 1262 599 608 629 682 633 END
START 1380 16288 2376 -1996 -2486 836 599 607 630 682 634 END
START 2612 16820 1440 -2415 -2702 445 599 608 629 682 634 END
START 3500 19784 2136 -3378 -3161 722 600 608 630 682 633 END
START 2744 16292 1964 -4258 -3607 -324 600 609 631 682 634 END
START 4160 18528 1180 -5209 -2697 -1034 596 609 631 682 634 END
START 2700 16856 2156 -6748 -2709 -1930 600 609 631 681 634 END
START 3532 16784 1424 -7788 -2573 -3245 600 610 630 681 634 END
START 2404 15052 3116 -9440 -3299 -3909 601 611 631 682 633 END
START 3116 14412 2384 -10415 -2456 -5023 601 613 631 683 633 END
START 1368 11132 3236 -11959 -2095 -6237 601 613 632 680 633 END
START 2472 14484 3388 -13422 -347 -7157 600 614 632 683 633 END
START 520 8532 2472 -14932 -716 -9417 601 610 632 681 633 END
START 736 11816 3500 -16783 -2614 -10383 601 616 632 680 633 END
START 1236 6648 2048 -18317 -3856 -12724 601 619 633 681 633 END
START 312 4608 3140 -20732 -2782 -13672 602 622 634 680 633 END
START 1484 6608 2852 -22778 548 -14440 602 623 634 681 633 END
START -720 -260 3700 -24692 1089 -16026 602 625 634 680 633 END
START -1704 2464 7128 -26602 383 -15920 602 627 635 681 633 END
START -1684 620 8232 -26813 662 -16285 603 629 635 681 633 END
START -4504 -4068 10916 -26976 1250 -15521 602 632 636 681 631 END
START -6916 -2152 16300 -25709 2321 -12779 603 635 638 682 633 END
START -6528 -764 17732 -22346 789 -10734 603 637 638 682 634 END
START -8032 -3196 18316 -18763 -2388 -9376 603 639 641 683 633 END
START -8792 -3280 20968 -15336 -5400 -7204 604 641 641 683 633 END
START -7220 3200 22088 -12172 -4695 -5036 604 642 642 683 633 END
START -5972 4616 20264 -9213 -2163 -4434 605 643 642 683 634 END
START -6820 468 19988 -7096 -812 -4521 605 643 643 683 634 END
START -6744 3664 21788 -5673 78 -3131 605 645 642 684 634 END
START -5440 6944 21056 -3754 1101 -2394 606 644 643 684 633 END
START -5832 2632 19492 -2245 83 -2606 608 646 643 685 634 END
START -6224 4796 20324 -1785 -1026 -1360 608 646 643 684 634 END
START -4468 7744 19172 -975 -1150 -770 608 646 643 684 634 END
START -4112 3196 16968 -340 -930 -1352 607 646 643 684 634 END
START -5216 2396 17972 -259 -1332 -890 608 647 643 684 634 END
START -4244 6648 17820 177 -1449 -39 608 646 644 684 635 END
START -3456 2340 14964 1072 -1237 -729 608 646 643 684 635 END
START -4908 96 15500 1316 -1149 -209 608 646 644 684 635 END
START -3960 5292 15204 1745 -102 955 609 646 643 684 635 END
START -4012 124 12484 2456 407 386 610 646 643 682 635 END
START -4876 1040 13856 2207 150 1450 609 645 643 683 635 END
START -3048 4376 12264 2592 947 2151 610 647 643 684 634 END
START -3812 -280 10592 2875 563 1714 609 645 643 684 635 END
START -4464 832 13160 2530 -128 2842 608 643 642 684 635 END
START -3004 4192 12284 2762 1339 3568 604 641 640 683 635 END
START -4012 -84 11912 2904 1838 3094 603 640 637 681 634 END
START -4800 652 14104 2396 3096 4244 599 638 631 678 633 END
START -2156 4636 11828 2809 6968 5025 597 637 626 672 629 END
START -2564 632 9780 3082 10099 4716 595 636 624 662 623 END
START -7500 -524 12944 2969 9967 5689 595 635 621 656 619 END
START -8908 3868 15888 4346 7768 6932 596 636 617 654 616 END
START -6456 2572 14880 6088 5448 6939 596 635 616 653 614 END