START -16328 13700 5580 1686 6722 -2106 647 568 0 615 600 END
START -10544 13276 776 1467 6495 -2000 648 568 1 617 600 END
START -6476 12748 -2632 1711 7068 -2077 648 568 0 615 599 END
START -12188 13632 1872 1380 5485 -1637 649 568 0 614 599 END
START -8376 13196 -632 1394 3811 -1028 647 568 0 612 598 END
START -11732 13288 1672 1692 2572 -634 648 569 0 612 598 END
START -9320 13696 -368 1595 1502 -114 648 568 0 608 597 END
START -8364 12932 -924 1274 13 -215 650 567 0 610 597 END
START -10312 13436 732 809 -1625 -198 648 567 0 609 596 END
START -8696 14204 144 744 -1308 -204 648 567 0 609 596 END
START -7624 13972 -1912 1323 362 -373 648 567 0 609 596 END
START -8296 13348 -2416 1302 92 -498 648 567 0 609 596 END
START -9424 13732 -1944 904 -1962 -646 647 567 0 608 596 END
START -10708 13384 -184 692 -4518 -560 647 566 0 607 595 END
START -10368 12040 -44 1529 -6740 -210 647 565 0 608 595 END
START -7640 11360 -2032 2116 -8495 189 647 564 0 604 594 END
START -10528 12888 -72 1304 -10395 777 648 562 0 604 593 END
START -7576 11380 -972 528 -11500 864 647 561 1 602 593 END
START -8128 11080 424 140 -11594 622 647 560 0 601 592 END
START -10632 11944 3168 -551 -11114 -250 647 561 0 602 592 END
START -9104 12364 3780 -507 -9157 -780 646 561 0 602 592 END
START -8304 12620 3788 51 -4708 139 646 563 0 603 593 END
START -8436 13984 3360 549 -3720 2422 646 565 1 606 592 END
START -6392 13556 2412 315 -3898 2769 646 565 0 607 594 END
START -8340 12040 2752 723 -5610 3032 646 567 0 608 595 END
START -12208 12248 376 688 -12531 1081 645 568 0 611 596 END
START -19936 20148 4228 1185 -32768 10926 645 569 0 613 598 END
START -14304 11696 1988 2215 -32768 3494 644 570 0 613 597 END
START -12984 14012 160 -31 -32768 8863 643 570 0 615 596 END
START -1452 12348 -1520 3263 -32768 1135 643 570 0 616 595 END
START -1956 15164 1976 2577 -32768 2209 642 572 0 620 595 END
START 484 14740 2632 1507 -32768 -22 641 575 0 626 595 END
START 200 15628 5096 1098 -32768 -2237 641 576 0 630 596 END
START 616 15344 5236 497 -19665 -2923 642 580 0 637 597 END
START -624 14608 5272 222 -7255 -3236 643 586 0 645 596 END
START -2368 14192 4960 -143 -1628 -2536 644 592 0 654 593 END
START -4016 14324 5264 -836 -2690 -1748 645 596 0 663 594 END
START -6892 14480 8024 -1184 -5329 -751 645 599 0 670 594 END
START -5284 15020 7276 -1232 -6383 -567 647 601 0 673 595 END
START -6656 14788 7948 -1423 -6014 -749 647 604 0 678 595 END
START -4984 15248 7112 -1484 -4028 -783 648 607 2 681 596 END
START -5364 13524 6764 -1402 -864 -666 648 610 0 684 595 END
START -6008 13528 6888 -1559 197 -544 649 612 0 685 596 END
START -5864 13668 6692 -1904 -674 -307 649 613 0 687 595 END
START -5852 13080 5860 -2247 -1894 -93 649 613 0 688 597 END
START -4996 12860 5696 -2461 -2223 -143 652 614 0 689 597 END
START -4440 12880 6120 -2485 -1736 -540 650 616 0 690 598 END
START -4832 12232 5500 -2262 -801 -862 651 618 0 690 598 END
START -5428 12320 6108 -1956 -275 -1045 649 619 0 690 598 END
START -5460 11608 5524 -1890 -364 -1290 650 619 0 691 599 END
START -5828 11752 5528 -1951 -855 -1384 651 619 0 691 600 END
START -4396 12056 4876 -1917 -873 -1285 650 619 0 691 600 END
START -4524 11764 4944 -1944 -542 -921 645 619 0 692 600 END
START -5316 11544 5680 -1966 -577 -454 650 620 0 691 600 END
START -4436 12564 5616 -1967 -816 -209 650 619 0 692 601 END
START -4216 12528 5876 -1825 -507 -194 650 619 0 693 601 END
START -4496 12244 5508 -1864 -472 -91 650 618 1 693 601 END
START -4532 12124 5128 -2082 -752 -94 649 618 0 692 601 END
START -4420 11808 5108 -2193 -943 -414 648 617 1 692 601 END
START -4592 12988 5536 -2106 -673 -595 648 618 0 692 602 END
START -4580 12844 5756 -1919 -827 -731 643 618 0 692 602 END
START -4456 12568 6104 -1681 -1092 -805 647 619 0 693 602 END
START -4336 13268 6172 -1452 -1108 -769 645 619 0 693 602 END
START -4596 13296 5820 -1376 -1143 -633 645 618 0 693 602 END
START -3140 13488 5488 -1310 -1375 -526 644 618 0 693 602 END
START -3612 13420 5872 -1124 -1126 -312 643 618 0 693 602 END
START -2708 13344 5456 -940 -1010 -281 642 619 0 693 602 END
START -2472 13296 5220 -837 -880 -477 641 619 0 693 601 END
START -2816 13016 5016 -753 -435 -415 639 619 0 694 602 END
START -3040 13188 4996 -708 -683 -395 638 619 0 693 603 END