START 480 13984 4568 -2343 6384 -1641 632 657 663 691 614 END
START 688 14056 4544 -2557 6210 -1280 633 656 663 690 614 END
START 844 13904 4160 -3319 5972 -615 633 657 663 692 614 END
START 840 13968 4756 -4389 6220 -89 633 657 664 690 615 END
START 2060 14140 5208 -5250 5470 200 632 658 664 691 614 END
START 2600 14776 5612 -5956 4121 277 632 658 664 690 615 END
START 3868 14928 5824 -6117 3602 122 633 658 663 691 615 END
START 2984 14856 7352 -5999 2779 -550 633 659 664 691 615 END
START 2536 14756 9216 -5689 1786 -1398 633 659 663 691 615 END
START 3560 14992 10680 -5011 1244 -2144 632 658 663 690 614 END
START 2832 14520 9984 -3983 1974 -2529 632 658 664 691 614 END
START 3188 14180 8800 -2845 2571 -2404 633 659 663 693 615 END
START 1456 14224 9356 -1891 1901 -1903 633 660 664 690 615 END
START -176 14264 10748 -1113 287 -1088 635 660 662 691 616 END
START -3292 14852 12716 -462 -1515 -232 633 659 663 691 618 END
START -964 15320 10552 119 -2537 584 629 659 664 691 617 END
START -376 15760 9020 511 -1803 1041 632 658 663 690 617 END
START 3696 15172 6596 594 -581 1414 632 659 664 693 616 END
START 2304 16060 9672 789 -570 1590 633 660 664 692 616 END
START 752 14864 9200 1182 -978 1793 633 660 665 685 617 END
START 1644 14944 8260 1708 -1531 2205 633 658 664 691 616 END
START 1292 14300 8216 2451 -2214 2520 620 658 665 691 618 END
START 1816 14284 7576 3126 -2066 2567 633 659 664 691 618 END
START 864 14768 7832 3621 -1620 2767 632 659 663 692 616 END
START 1780 14392 5744 3828 -1533 2698 633 659 663 691 616 END
START -556 14968 4500 3883 -2653 2147 632 659 664 692 617 END
START 2088 16336 3108 3124 -2611 2523 633 659 664 692 617 END
START 2952 17100 1468 1778 -2150 2376 632 659 664 691 616 END
START 3580 15812 5264 130 -753 2093 631 659 664 692 617 END
START 532 14684 6184 -502 -293 1887 633 660 664 691 615 END
START 1264 14216 4404 -268 -740 1722 633 659 663 691 616 END
START 2008 13640 3656 233 -477 1621 634 659 663 691 616 END
START 448 13148 6596 -87 -1209 1201 633 659 663 691 616 END
START 344 11548 8348 -675 -1320 821 634 661 664 692 617 END
START 428 11256 8340 -905 -406 539 632 660 663 690 617 END
START -540 11592 8140 -575 761 286 634 662 664 692 617 END
START 1008 12144 6524 -276 1101 -39 635 663 665 693 617 END
START -52 13156 6712 -147 223 -364 635 665 665 694 617 END
START 580 13464 8416 -737 -1390 -458 636 670 665 694 617 END
START 2624 15224 8092 -1568 -2211 -956 635 671 665 695 616 END
START 5324 15364 5324 -2059 -963 -1171 636 671 666 696 616 END
START 4596 15596 7704 -3074 941 -2062 635 672 668 698 616 END
START 3520 13604 5160 -3118 3015 -2874 636 675 668 698 616 END
START 1604 11996 7268 -3649 3766 -3560 636 677 668 699 616 END
START 2596 11696 7860 -4809 3451 -3947 635 677 667 699 615 END
START 780 10864 8160 -6556 3080 -4035 636 678 669 699 616 END
START -324 10892 6908 -7988 2267 -4073 637 680 669 699 616 END
START 544 11520 5492 -8946 1937 -4077 637 680 670 703 616 END
START 1456 11784 4188 -9864 1213 -3927 636 681 669 700 616 END
START 1292 10660 7000 -11434 41 -3446 638 682 670 700 616 END
START 712 9052 6660 -12977 -1405 -3447 634 682 670 699 616 END
START 224 6024 8420 -14655 -724 -3457 636 682 670 700 616 END
START -84 4824 10404 -15781 1515 -3623 636 688 671 700 616 END
START -316 5148 10444 -16299 2989 -3418 638 683 672 701 617 END
START -2540 6888 11976 -15536 1634 -2959 635 684 673 701 616 END
START 1240 8316 14904 -14796 -1238 -1896 634 683 671 701 617 END
START -920 5696 18048 -13863 -4122 -1527 634 684 672 700 617 END
START -1944 3688 18860 -11881 -2730 -1518 636 684 671 701 616 END
START -236 5496 16772 -9300 685 -1617 636 684 672 702 616 END
START 428 8732 14860 -6983 3099 -1217 636 682 673 700 617 END
START 1640 9900 16228 -5598 2981 -531 636 683 673 702 617 END
START 3660 6652 13048 -4519 2150 -747 636 685 672 701 618 END
START 544 6768 16192 -3512 1531 -806 635 685 672 701 619 END
START -4888 7980 18896 -2747 775 -772 635 684 674 702 619 END
START -400 10304 13008 -1686 959 -485 636 684 674 701 618 END
START -3148 11156 18552 -940 1027 0 632 685 673 701 620 END
START -4860 8880 17928 -406 128 -193 633 684 673 702 619 END
START -3636 7036 16676 210 -695 -291 627 683 673 703 620 END
START -4516 8172 16636 477 -1437 -245 626 683 674 702 619 END
START -1612 9088 13236 634 -1396 -141 627 682 674 702 620 END