START -1264 12944 8616 -438 -462 -481 597 621 0 693 607 END
START -1328 12912 8524 -422 -433 -425 597 619 0 693 607 END
START -1228 13084 8328 -420 -504 -204 597 619 0 692 607 END
START -1176 13132 8052 -468 -776 79 597 619 0 692 607 END
START -948 12972 7892 -629 -1010 184 598 619 0 692 607 END
START -720 12788 8120 -636 -914 231 597 619 0 693 607 END
START -1020 12864 8836 -556 -567 328 598 619 0 692 607 END
START -1388 12840 8600 -504 -716 296 598 619 0 693 608 END
START -744 13096 8320 -283 -426 162 597 618 0 692 607 END
START -1332 12636 8348 -365 -455 41 598 619 0 693 607 END
START -496 13636 7792 -317 37 144 597 618 0 692 607 END
START 172 13364 6988 -447 -215 -180 597 618 0 693 607 END
START 56 12620 6188 -862 -830 -547 598 619 0 693 607 END
START -816 12160 7416 -1259 -1838 -739 597 619 0 692 605 END
START -684 11828 7520 -1320 -2473 -745 597 619 0 692 607 END
START -396 11484 7512 -1288 -2542 -1133 597 620 0 694 608 END
START -492 11972 7068 -1294 -1438 -1448 598 619 0 693 608 END
START -144 11868 6268 -1392 -674 -1404 598 618 0 692 607 END
START -864 11776 6728 -1421 -794 -1160 594 619 0 692 607 END
START -804 12680 6916 -1510 -1396 -856 598 619 0 692 607 END
START -224 12808 6368 -1534 -1910 -631 599 619 0 694 607 END
START 84 13668 6188 -1690 -2317 -380 600 619 0 692 607 END
START 944 14464 6040 -2084 -3869 -389 598 618 0 692 607 END
START 1884 16376 5344 -2360 -6191 -230 599 619 0 692 607 END
START 3280 18828 4712 -2576 -8973 502 599 620 0 692 607 END
START 4916 21104 4432 -2465 -12050 1025 600 622 0 692 608 END
START 6908 21612 3364 -2519 -15500 1659 600 623 0 693 607 END
START 6628 21276 3884 -3150 -18659 1776 601 627 0 693 607 END
START 6588 20932 3516 -4236 -20070 1167 603 631 0 693 607 END
START 6376 20508 3652 -5489 -19427 179 606 635 0 692 607 END
START 6280 18516 4420 -6877 -18163 -1151 610 639 0 692 607 END
START 5848 15844 6520 -8282 -15666 -2506 611 642 0 692 607 END
START 6424 14212 6664 -9679 -12305 -3884 613 642 0 692 607 END
START 3864 12392 9408 -10994 -8329 -4640 615 645 2 692 606 END
START 1028 12004 11264 -12250 -5965 -5904 616 645 0 692 606 END
START 1112 8156 13460 -12641 -4129 -7297 619 650 0 692 605 END
START 60 7932 14828 -11650 -1885 -7902 621 651 0 692 605 END
START 1652 6904 11712 -11287 -263 -8464 624 653 0 691 605 END
START 1260 8492 11968 -11073 657 -8834 626 654 0 692 605 END
START -732 8240 14772 -11001 -707 -8585 626 654 0 692 605 END
START -252 4988 17272 -10048 -2224 -8214 626 655 0 691 604 END
START 672 5596 15784 -8701 -2408 -7896 627 656 0 691 605 END
START 792 6308 14692 -7473 -168 -7309 629 656 0 692 606 END
START -844 8148 15132 -6459 1596 -6415 629 657 0 692 606 END
START -436 9044 14208 -6097 465 -5905 629 657 0 691 605 END
START 1268 9320 12532 -6386 -1542 -5386 630 658 0 690 605 END
START 492 8856 13380 -6881 -3610 -4896 631 658 2 690 605 END
START 2164 8920 11100 -7407 -4386 -4635 632 658 0 691 604 END
START 1832 9384 11000 -8387 -4699 -4529 632 658 0 689 605 END
START 3200 9692 9716 -9880 -4769 -4710 633 658 0 689 604 END
START 2588 8164 11776 -11296 -4650 -4822 633 657 0 689 604 END
START 3000 6056 11988 -11899 -4769 -5152 634 659 0 688 604 END
START 2144 5396 12240 -12489 -5293 -5325 635 659 0 688 604 END
START 500 3216 15096 -12787 -4804 -5466 636 660 0 689 604 END
START 2272 1332 15204 -11788 -2859 -5452 636 660 0 689 604 END
START 844 1640 16460 -9941 -29 -4939 637 660 0 688 604 END
START 1960 1532 15068 -8293 2888 -4059 636 660 0 689 604 END
START 724 1600 15568 -6521 3206 -3399 637 660 0 688 604 END
START -308 1824 15944 -4636 2566 -2836 637 660 0 688 604 END
START -52 3284 15520 -2944 2617 -1817 637 660 0 688 604 END
START 236 5420 14472 -1721 3178 -466 639 661 0 688 604 END
START -412 5512 14888 -958 2392 282 639 660 0 688 604 END
START -536 5264 14220 -727 458 596 639 660 0 688 604 END
START 512 6276 13384 -816 -1090 802 640 660 0 689 605 END
START -368 5880 14120 -897 -1750 1151 640 661 0 688 604 END
START 256 5772 13412 -1027 -2209 1198 640 661 0 688 605 END
START 472 5904 12936 -1288 -2803 866 641 660 0 688 604 END
START -12 5228 13692 -1442 -2794 622 642 660 0 688 604 END
START -1052 4076 14632 -1552 -2682 345 642 661 0 688 604 END
START -536 2924 14204 -1527 -2301 14 642 660 0 689 604 END