START 132 11992 8024 -1239 -35 -112 631 643 656 681 617 END
START 64 12012 8284 -1378 -16 -199 632 642 655 680 616 END
START 8 12136 8560 -1663 -57 -298 631 642 656 680 616 END
START -8 11996 8728 -1785 -149 -369 632 643 655 680 615 END
START 140 12092 9052 -1818 71 -377 632 643 656 681 616 END
START -256 12580 9404 -1781 302 -369 632 644 656 680 617 END
START -324 13788 9496 -1545 412 -158 631 644 656 681 616 END
START -296 15220 9492 -1037 784 134 632 646 656 681 611 END
START -788 15784 9992 -305 1193 720 631 643 657 681 616 END
START 100 16580 9684 862 1251 1515 631 643 657 681 617 END
START -1496 16728 10636 2399 793 2245 632 643 656 681 615 END
START -1584 15552 11564 4283 194 2941 628 643 656 682 617 END
START -1468 15528 11076 6054 388 3489 634 642 656 681 617 END
START -3364 16008 12084 7538 1042 3910 632 642 656 680 617 END
START -4728 17216 11944 8506 2325 4377 634 643 656 682 616 END
START -1676 17388 8312 9070 3289 5080 632 644 656 682 615 END
START 1716 16816 4828 9567 3006 5732 632 644 656 680 615 END
START 76 17400 7428 9643 1798 6239 631 642 656 682 615 END
START -100 17216 6024 9540 1281 6550 631 643 656 681 615 END
START 1548 16280 2936 9080 804 6371 631 643 658 681 614 END
START 2308 16228 2400 8380 1025 6132 631 645 660 681 615 END
START 2692 15752 1224 7509 2298 5751 630 644 658 681 615 END
START 2560 14852 -664 6508 2943 5402 631 644 657 681 615 END
START 2960 13900 -848 5328 3417 4942 631 642 656 680 615 END
START 2248 14548 484 3804 2994 4352 629 643 657 681 614 END
START 1740 14484 1360 2051 1920 3422 630 643 657 680 614 END
START 3196 14656 312 -15 1889 2433 630 643 656 681 614 END
START 3388 14324 -148 -1827 2613 1587 631 644 657 681 614 END
START 2520 14576 976 -3377 3281 938 632 644 657 680 614 END
START 2804 14336 1808 -4788 3571 61 631 644 657 681 614 END
START 2476 14464 3660 -5943 2829 -785 631 643 656 681 614 END
START 4412 14704 2252 -6667 2852 -1428 631 642 658 681 615 END
START 1936 12948 6300 -7272 1581 -1689 631 644 657 681 614 END
START 1432 12140 6204 -7764 -64 -2431 631 644 656 683 615 END
START 712 10208 8344 -8292 -639 -3145 630 643 657 683 614 END
START -692 8416 10392 -8636 -494 -3673 632 642 657 682 615 END
START -904 8760 9756 -8154 -134 -3834 632 639 656 681 615 END
START -2152 10564 8248 -7364 180 -3520 631 637 654 682 616 END
START -744 13308 6864 -6677 32 -2851 632 632 655 681 617 END
START 2708 13488 7336 -6497 -247 -2685 632 633 654 682 616 END
START 452 11428 7328 -7139 -1548 -2854 631 632 655 681 616 END
START 1668 10220 5128 -8247 -1746 -3206 631 632 654 682 617 END
START 2284 8592 4376 -9466 -1436 -3867 628 631 655 683 616 END
START 1908 9088 5104 -10692 -874 -4328 630 635 657 683 616 END
START 1600 10504 5300 -11830 -120 -4427 631 634 656 683 617 END
START 1620 11704 5364 -12846 658 -4348 630 636 657 684 616 END
START -1244 8536 11360 -14256 -109 -4365 628 643 658 684 618 END
START -2364 6648 14056 -14227 -1799 -4318 628 643 659 685 618 END
START -1764 6852 15128 -13148 -3163 -3530 629 644 658 686 618 END
START -2644 8188 15700 -11522 -3856 -2344 630 646 659 679 618 END
START 300 8900 17464 -9711 -3095 -1369 630 644 659 687 619 END
START -748 5792 17008 -7591 -2408 -1282 629 646 660 688 619 END
START 1296 5652 15408 -4932 -862 -1188 629 645 660 688 619 END
START 2024 8204 13484 -2806 43 -671 630 646 660 688 619 END
START -224 11552 13356 -1422 -427 -148 630 646 661 688 619 END
START -4132 13596 18212 -772 -2 -29 631 647 661 688 620 END
START -3980 11776 15484 -516 -249 -70 631 646 661 689 620 END
START -5832 10576 15940 -394 -205 -338 630 647 661 689 614 END
START -2348 11896 12960 -414 -564 3 631 647 661 688 619 END
START -5268 13564 14284 -476 -1012 317 630 646 660 688 620 END
START -2512 13564 12564 -609 -1269 871 629 646 660 689 620 END
START -516 11944 12968 -926 -2001 864 631 646 665 688 620 END
START -1292 9792 12128 -1020 -1514 555 634 646 659 689 620 END
START -1752 10336 12760 -989 -1506 316 631 646 661 688 620 END
START -112 10132 11296 -981 -1386 163 632 646 660 688 620 END
START -572 11456 11184 -946 -1015 -67 630 646 659 688 621 END
START -336 12240 10068 -831 -256 -187 629 646 662 688 621 END
START -288 9940 11764 -868 -244 -333 630 646 661 688 620 END
START 716 9400 10768 -862 267 -408 631 647 660 688 620 END
START -1096 8796 11020 -847 35 -514 630 647 660 688 620 END