START 380 14628 4104 -1488 -255 -45 599 600 613 672 628 END
START 644 14776 3952 -1578 -159 -32 600 601 614 673 628 END
START 328 14864 3876 -1774 85 60 601 602 614 674 627 END
START 308 14840 4044 -1889 175 66 600 600 614 673 627 END
START -28 15172 4292 -1787 -8 144 601 601 615 673 628 END
START 76 15848 4172 -1645 -107 267 602 600 611 673 628 END
START 104 16252 4204 -1368 -418 399 601 601 615 673 628 END
START 376 16876 4028 -967 -651 636 602 601 615 674 628 END
START 492 16816 4404 -502 -1127 757 601 600 609 673 628 END
START 764 17076 4556 29 -1591 967 604 601 614 674 628 END
START 1616 17620 4324 513 -1963 1197 601 600 615 674 628 END
START 2100 17536 3856 859 -2533 1348 601 600 614 673 628 END
START 2284 16924 3700 871 -3180 1439 602 601 615 674 628 END
START 2576 16372 3956 687 -3835 1333 603 600 615 674 624 END
START 2524 16092 3668 571 -4162 1089 602 601 615 674 628 END
START 3380 17116 3136 565 -4460 957 602 600 615 674 628 END
START 3796 18084 2980 596 -4564 929 602 602 615 674 629 END
START 3000 17624 4180 400 -4259 841 602 600 615 674 629 END
START 1412 15572 4808 380 -3860 471 602 600 615 674 629 END
START 832 14132 4196 706 -3401 -225 603 600 616 674 627 END
START 1816 16612 3232 1079 -2382 -76 603 599 615 674 628 END
START 840 17412 3280 1047 -2162 388 603 600 616 674 628 END
START 620 13772 2124 1386 -2148 -246 603 600 615 674 628 END
START 1944 17316 1692 1253 -2217 36 603 600 615 674 629 END
START 788 15516 2144 532 -3511 -372 603 600 614 674 627 END
START 2608 14980 -276 310 -3416 -1144 603 600 615 674 628 END
START 2076 15956 840 -986 -3377 -1143 603 601 615 674 628 END
START 3400 15028 -1108 -1608 -2673 -2100 603 600 615 674 628 END
START 1884 13644 -196 -3264 -3950 -2604 604 601 615 674 629 END
START 3172 17764 -192 -4607 -4468 -2803 604 601 615 674 628 END
START 3204 12976 -1628 -6044 -5283 -4451 605 601 615 673 628 END
START 2892 14044 -180 -8238 -4563 -4766 605 603 616 675 628 END
START 3636 16092 -132 -9821 -2719 -5522 605 603 616 674 629 END
START 2828 11224 -1536 -11651 -2207 -7054 606 604 617 675 627 END
START 1468 10984 664 -14094 -1296 -7190 605 604 616 675 628 END
START 1508 14520 2424 -15802 615 -7267 606 606 616 674 628 END
START 1336 10848 1328 -16795 1568 -8326 606 606 616 675 628 END
START -772 9120 3472 -18379 -153 -8464 606 607 617 673 628 END
START -1588 12956 7756 -19494 -3141 -7763 606 608 618 674 628 END
START -1060 13376 8448 -19279 -4970 -7626 604 609 619 675 628 END
START -572 10108 7072 -18486 -5428 -7914 606 610 618 674 628 END
START -576 8284 6924 -18175 -5568 -8120 605 611 618 674 628 END
START -2296 7704 10168 -18453 -5380 -7699 605 612 619 675 628 END
START -2652 10604 12980 -18430 -4758 -7435 606 614 619 675 628 END
START -3096 10632 14828 -17324 -4999 -7244 605 614 620 674 629 END
START -2388 11412 13768 -15711 -5381 -6869 605 616 621 675 629 END
START -1928 10772 14320 -14290 -4449 -6523 606 617 622 675 629 END
START -3204 7968 15556 -13077 -3019 -6385 605 618 622 675 629 END
START -3328 3988 14068 -11299 -2413 -5682 605 618 622 675 629 END
START -4176 3308 14100 -9729 -5009 -4965 606 619 623 675 629 END
START -4468 2244 16784 -8351 -6449 -4061 606 614 624 675 629 END
START -3648 3064 15740 -6976 -5019 -2938 607 620 623 675 629 END
START -3156 5932 15976 -5806 -2866 -1876 608 620 624 675 628 END
START -2180 8984 15104 -4891 -1068 -1176 606 620 622 675 629 END
START -1176 9384 13496 -4075 -740 -1077 608 620 623 676 629 END
START -348 7192 12180 -3642 -561 -1412 607 619 623 675 629 END
START 316 4180 11284 -3399 583 -1872 607 619 622 674 629 END
START -1044 2436 12116 -3444 1249 -1829 607 619 622 674 629 END
START -1872 3116 13160 -3426 1330 -1498 607 614 622 674 629 END
START -2224 4852 14708 -3231 1559 -897 607 618 621 674 629 END
START -2100 9256 15100 -2674 1658 -329 608 618 622 674 629 END
START -1380 9100 14936 -1739 1581 -28 607 618 620 673 628 END
START -1316 7964 14396 -603 1661 -148 607 617 620 673 628 END
START -1360 4040 12796 263 2216 -353 607 616 618 672 629 END
START -3012 2412 14116 637 2670 -83 608 615 617 672 629 END
START -3744 5468 16036 878 2880 763 607 612 614 670 629 END
START -2600 8836 15808 1545 3972 1352 606 608 611 669 628 END
START -2188 9284 14724 2503 5843 1498 607 604 606 667 627 END
START -2116 8616 13836 3371 7617 1318 607 599 602 665 626 END
START -2284 5020 11900 3999 9159 1304 607 593 597 662 625 END