START 600 14904 4800 -2462 40 -233 590 590 596 652 616 END
START 568 14860 4872 -2396 7 -244 590 588 598 653 617 END
START 456 15148 4536 -2087 -325 -253 590 587 597 654 618 END
START 724 15652 4508 -1707 -265 -69 591 587 597 653 617 END
START 936 15860 4436 -1404 58 -15 592 587 597 655 618 END
START 892 15852 4000 -1173 -35 -17 591 586 598 656 619 END
START 804 15564 4092 -1055 -452 -125 591 588 599 656 619 END
START 1132 15532 3756 -944 -804 -320 592 586 599 658 620 END
START 1100 15308 3608 -1014 -612 -490 592 586 599 656 620 END
START 1200 15396 3664 -1249 -13 -481 593 586 599 658 621 END
START 1008 15372 3764 -1384 193 -581 593 586 600 659 621 END
START 600 14520 3560 -1498 4 -629 593 586 599 659 621 END
START 296 14360 3776 -1575 -5 -519 592 585 599 660 622 END
START -144 14208 4256 -1641 -253 -401 594 586 600 660 622 END
START -184 14328 4500 -1550 -815 -399 593 586 600 660 622 END
START 352 14760 3968 -1357 -904 -233 592 586 601 661 623 END
START 900 15864 3688 -1111 -619 59 593 586 601 661 623 END
START 1300 17484 3768 -931 -414 483 592 586 601 661 623 END
START 960 18052 4220 -839 -84 849 593 586 601 661 622 END
START 528 17228 4252 -617 -91 762 591 586 602 662 623 END
START 1056 15840 3532 -92 -144 568 594 586 601 662 623 END
START 2612 18016 3232 502 -258 1152 594 587 601 662 624 END
START 2964 20548 3832 795 -1532 2097 593 586 602 663 624 END
START 2824 16736 2584 1352 -3688 1733 594 586 595 662 624 END
START 5172 20764 1688 1467 -5251 1907 594 586 601 662 624 END
START 4012 18088 1708 1015 -6863 1312 594 586 601 662 625 END
START 5892 19948 1204 749 -5994 494 595 587 602 663 624 END
START 3860 18916 2916 -114 -5378 165 594 587 602 662 624 END
START 4000 17320 1504 129 -4107 -692 595 586 601 662 624 END
START 2308 17312 2640 -480 -4467 -700 594 586 602 662 624 END
START 3392 17736 952 -256 -4302 -1445 595 587 602 661 624 END
START 1292 13940 1280 -1145 -5441 -2107 596 587 602 663 625 END
START 1992 17572 1336 -2434 -5746 -2465 597 589 605 663 625 END
START 2556 12728 -1104 -3807 -6238 -4190 596 590 603 662 624 END
START 1320 11164 92 -6194 -6095 -4862 596 589 603 661 624 END
START 2768 14596 104 -8133 -3194 -5198 596 590 603 662 625 END
START 2668 10384 -904 -9808 -390 -6768 597 591 604 663 624 END
START 492 8912 1168 -11986 41 -7393 589 593 605 663 625 END
START 1372 12876 1892 -13410 443 -7599 598 593 605 663 624 END
START 1200 9608 860 -14293 14 -8684 599 596 606 663 625 END
START -144 9700 3144 -15792 -125 -8417 598 594 606 663 624 END
START 408 13836 3976 -16936 876 -8302 599 597 607 664 625 END
START 960 10220 2684 -17788 1567 -9422 599 599 607 663 625 END
START -348 7884 4548 -19159 1712 -10222 598 601 609 665 624 END
START -1784 10708 7572 -20218 1348 -10292 599 605 611 664 625 END
START -2980 11876 10612 -20504 -900 -10688 600 611 613 665 626 END
START -2832 12012 12508 -20008 -3205 -10833 599 617 616 667 626 END
START -1952 11416 12216 -19051 -4199 -10472 600 622 620 668 627 END
START -1968 10364 10784 -18253 -3409 -9799 600 625 621 669 627 END
START -4428 6780 12972 -17712 -3100 -9213 601 628 622 670 627 END
START -5352 3512 13776 -16901 -3286 -8599 602 631 624 670 628 END
START -5976 3352 14336 -15760 -3698 -7421 602 633 625 670 628 END
START -5780 4892 15852 -14772 -3769 -6293 604 636 626 671 629 END
START -7048 5184 17832 -13362 -3842 -5055 603 636 627 672 629 END
START -5752 7928 17804 -11596 -3331 -3793 604 637 627 672 629 END
START -5416 8244 18084 -9696 -3168 -2681 605 637 627 673 629 END
START -3880 7352 17016 -7793 -3701 -2454 604 638 627 672 630 END
START -2520 6716 15484 -5957 -2879 -2543 605 639 628 672 630 END
START -1968 3664 13988 -4416 -500 -2306 604 638 628 673 630 END
START -3028 1528 13516 -3338 1220 -1995 605 639 629 673 630 END
START -4100 988 14712 -2508 706 -1546 605 639 629 673 631 END
START -3952 2872 14772 -1934 81 -692 604 639 629 673 631 END
START -3444 7676 14828 -1240 25 2 605 636 629 674 631 END
START -2216 5004 12344 -448 836 -547 606 639 628 673 631 END
START -2440 2796 11984 -185 1279 -788 606 639 628 673 630 END
START -4012 2132 13588 -259 1704 -190 607 638 628 673 631 END
START -4396 3996 14680 -144 2646 912 606 638 623 673 630 END
START -3988 8408 14528 418 3153 1567 606 637 627 673 630 END
START -3656 7136 12996 1308 2653 1362 605 636 626 673 631 END
START -3264 4892 12972 2164 2094 1164 605 636 626 669 630 END