START -204 11800 9300 -1425 277 -905 584 623 0 693 612 END
START -356 11880 9568 -1331 412 -846 584 625 0 693 612 END
START -932 12176 10108 -1144 251 -851 585 624 0 693 612 END
START -932 12336 9840 -1009 -290 -927 585 625 0 694 612 END
START -812 12204 9376 -923 -627 -1010 584 625 0 694 612 END
START -844 12168 9448 -899 -793 -1014 585 624 0 693 611 END
START -496 12108 9364 -794 -636 -812 586 624 0 693 611 END
START -832 11764 9540 -885 -671 -872 585 624 0 692 613 END
START -752 12508 9488 -715 -164 -513 585 624 0 692 612 END
START -584 12236 9076 -711 -495 -599 585 625 0 693 612 END
START -1440 11732 9028 -896 -1208 -713 585 625 0 693 612 END
START -2496 11140 9536 -1097 -1653 -530 585 625 0 693 612 END
START -708 11964 9844 -1208 -1344 -361 586 625 0 694 612 END
START -340 12528 9856 -1313 -1056 -195 586 624 0 693 612 END
START -52 12956 9816 -1480 -991 -106 587 624 1 693 612 END
START 792 13932 9648 -1641 -1243 -117 586 624 0 693 612 END
START 1500 14264 8944 -1727 -1900 -32 587 624 0 693 612 END
START 2004 14396 8860 -1780 -3063 219 586 624 0 693 613 END
START 2104 13968 8380 -1769 -3986 145 587 625 0 692 612 END
START 2088 14564 8636 -1776 -4464 -108 586 624 0 694 612 END
START 4284 15176 7936 -1907 -3987 -586 587 625 2 692 612 END
START 4220 16192 7120 -2047 -3520 -277 588 625 0 693 612 END
START 2420 16660 7448 -2375 -4149 208 587 625 0 693 612 END
START 468 16932 8504 -2732 -6513 546 587 626 0 693 612 END
START 416 17040 8584 -3168 -9081 544 587 626 0 693 612 END
START 2280 17256 7684 -3445 -10198 333 588 627 0 693 611 END
START 4596 17300 6632 -3989 -10191 155 588 628 0 693 611 END
START 6308 16928 5940 -4656 -8525 -357 589 624 0 693 613 END
START 5604 15916 6676 -5202 -5933 -743 589 630 0 693 611 END
START 3804 15680 7812 -5605 -3458 -1017 581 632 0 693 612 END
START 4164 15304 7148 -6077 -2033 -1462 591 632 0 693 611 END
START 972 13808 10088 -6197 -2096 -2346 592 634 0 693 611 END
START 2824 13412 8344 -6390 -2266 -2888 595 636 0 693 611 END
START -1296 12840 11236 -6706 -3124 -3015 595 637 0 693 611 END
START -116 11920 11416 -7213 -4682 -3542 597 637 0 692 610 END
START -1372 11264 12608 -7547 -4405 -4185 597 638 0 692 610 END
START 1376 10008 10456 -7998 -2943 -4824 600 639 0 691 610 END
START 4108 8960 9460 -8142 -2002 -4900 601 642 0 692 609 END
START 2344 8548 11972 -7939 -1758 -4942 603 643 0 693 610 END
START 4064 8044 11068 -7754 -1480 -5023 607 645 0 693 610 END
START 1256 7796 12484 -7598 -321 -4471 608 647 0 692 610 END
START 2200 7652 10368 -7339 -477 -4289 610 648 0 692 610 END
START 1092 8308 11180 -7404 -1575 -4339 610 650 0 692 608 END
START 2956 8156 10912 -7563 -1546 -4529 611 650 0 691 609 END
START 552 8508 12336 -7588 -1553 -4024 610 650 0 688 609 END
START -736 8732 12912 -7697 -2353 -3866 614 651 0 692 609 END
START 56 8464 12216 -8086 -3027 -3892 616 652 0 690 608 END
START 512 8936 11804 -8557 -3033 -3952 615 652 0 692 608 END
START 2036 7688 11168 -8855 -2851 -3734 617 654 0 691 608 END
START 1252 7688 12332 -9054 -2938 -3852 618 654 0 691 608 END
START 3012 6816 11328 -9333 -2657 -3880 619 654 0 691 606 END
START 1604 7388 12180 -9658 -2342 -3899 618 654 0 690 607 END
START 2960 6332 10968 -10058 -1928 -3743 619 655 0 691 607 END
START 1588 6212 12028 -10355 -1964 -3619 619 656 0 691 607 END
START 396 5608 13604 -10469 -1867 -3564 620 657 0 689 606 END
START 2100 4684 13408 -10263 -1467 -3302 621 657 2 690 607 END
START -12 4208 15128 -9480 -1336 -2578 620 658 0 690 607 END
START 936 3772 14648 -8758 -1921 -2269 621 657 0 690 607 END
START 1056 2740 14448 -7901 -2507 -2086 622 658 0 689 607 END
START 1784 3016 15180 -6710 -1996 -1593 621 658 1 690 607 END
START 920 2168 16168 -5206 -1091 -1020 621 659 0 690 607 END
START 1088 2584 15880 -3875 -728 -485 621 658 0 690 607 END
START 728 3092 15960 -2785 -335 -47 621 657 0 689 607 END
START 788 3228 15168 -2330 -147 23 621 658 0 690 607 END
START -80 3128 15168 -2108 -593 -234 620 658 0 690 606 END
START 588 3476 14860 -1915 -1057 -384 622 658 0 690 607 END
START 240 3284 15016 -1744 -1243 -478 621 658 0 690 607 END
START -944 2856 15864 -1531 -1315 -602 621 657 0 689 607 END
START -848 2020 15860 -1440 -1069 -708 621 658 0 689 607 END
START -1060 2388 15936 -1387 -782 -790 622 658 0 689 607 END