START 560 14480 3704 622 5150 797 599 590 615 659 610 END
START 804 14860 3788 360 5125 1024 597 590 614 660 609 END
START 1084 14488 4440 -57 5140 1474 598 593 616 661 609 END
START 2040 14996 4260 -623 4758 1952 597 596 617 663 611 END
START 1252 15428 5724 -925 2873 2182 597 599 619 663 612 END
START 2464 15716 5288 -1042 680 2091 597 601 620 664 613 END
START 3332 16240 4768 -1223 -929 1941 597 602 622 666 614 END
START 3772 16444 4836 -1622 -1095 1801 598 605 624 667 614 END
START 3860 16280 5816 -1901 -331 1601 599 607 625 669 615 END
START 4848 16120 5380 -2109 521 1271 600 609 627 670 617 END
START 3540 14952 5780 -2166 330 692 601 610 628 671 617 END
START 2692 14136 6468 -2266 -414 144 601 611 629 671 617 END
START 1744 13612 7180 -2348 -761 -399 603 612 630 672 618 END
START 704 13140 7916 -2364 -907 -924 603 614 632 673 618 END
START 416 12628 7656 -2114 -481 -1285 605 615 633 674 619 END
START -444 11880 7248 -1820 167 -1421 605 618 634 675 619 END
START -328 11928 6664 -1649 637 -1341 606 618 635 675 622 END
START 76 14112 6388 -1662 901 -746 606 618 635 676 620 END
START -160 14964 6456 -1884 329 -142 608 618 636 677 621 END
START -996 13068 6712 -2045 -827 -32 607 618 636 676 621 END
START -156 12172 5856 -2004 -1211 -246 607 619 637 677 622 END
START 1696 16492 5688 -2418 -1069 567 608 619 637 677 622 END
START 892 13364 5624 -2633 -1152 122 609 619 636 678 622 END
START 2760 17444 5352 -2540 -801 239 608 619 638 679 622 END
START 2416 18584 6780 -2638 -1744 687 608 620 637 678 623 END
START 4688 19892 5204 -1576 -2642 682 608 620 638 679 623 END
START 4988 21520 5516 -979 -4688 1653 609 620 638 678 623 END
START 6416 21444 4932 57 -5924 1393 610 621 639 678 623 END
START 5948 20088 5328 -68 -7298 1427 609 620 638 678 624 END
START 6972 21612 4204 284 -7011 702 609 620 638 678 623 END
START 5584 18536 4360 -163 -6908 49 609 620 637 678 624 END
START 6444 20680 3816 -330 -5193 -239 610 620 638 678 624 END
START 4228 14404 3480 -891 -5276 -1816 609 621 638 678 624 END
START 3272 17764 5032 -2114 -5246 -2002 609 622 638 678 624 END
START 4084 16424 2588 -3011 -4402 -3236 610 623 638 678 625 END
START 2176 10912 2440 -4511 -4203 -4973 610 622 639 678 625 END
START 1596 12168 4120 -6453 -3750 -5548 611 626 638 678 625 END
START 1568 13616 4404 -8079 -3216 -6405 610 627 638 678 625 END
START 2968 11976 2192 -9414 -2657 -7961 611 623 640 679 625 END
START 1744 6816 2204 -11212 -2073 -9257 612 631 639 679 625 END
START 284 6656 4884 -13048 -927 -9665 611 633 640 679 625 END
START 1484 10964 5428 -14514 1239 -10035 611 635 641 679 625 END
START 1960 9976 5588 -15820 3741 -11101 612 636 641 679 626 END
START -112 5432 5740 -16819 4439 -12120 612 637 642 679 625 END
START -1604 3168 7796 -17726 3761 -12315 613 639 642 679 626 END
START -2192 5308 9956 -18559 3977 -11822 613 640 643 679 626 END
START -2548 7928 10804 -18886 4296 -11512 612 641 643 680 626 END
START -2076 7760 10272 -18886 2303 -11768 613 643 643 679 626 END
START -2560 4692 10428 -18846 -128 -12253 613 645 644 679 626 END
START -2508 2732 10460 -18963 -844 -12453 613 647 645 680 626 END
START -3640 104 11628 -19196 308 -12054 613 648 645 680 627 END
START -6036 -2372 14360 -18993 458 -10952 614 651 647 680 627 END
START -7700 -1484 17796 -17547 -683 -9047 614 653 647 681 628 END
START -8164 -264 19512 -14973 -2568 -6468 615 655 649 682 628 END
START -7272 3576 20472 -12095 -4431 -3786 615 655 648 682 629 END
START -6660 4712 21412 -8937 -5370 -1747 615 656 649 683 629 END
START -3920 5212 19680 -6152 -5107 -661 616 657 650 683 630 END
START -2448 3360 18112 -3936 -3679 -572 616 658 650 682 630 END
START -3320 1232 17712 -2165 -2765 -960 617 658 650 683 630 END
START -2892 1500 17808 -1210 -743 -1001 618 659 650 683 629 END
START -2856 3724 17824 -681 1566 -666 617 659 650 683 630 END
START -3248 6776 18396 -136 1990 -237 618 659 651 683 630 END
START -2020 8512 17192 520 2144 -223 618 659 650 683 631 END
START -2268 5648 15088 1129 1588 -833 618 659 651 683 631 END
START -2888 1464 14668 1232 1055 -939 619 659 651 683 631 END
START -3996 1984 15328 1058 916 -139 619 659 651 683 631 END
START -3080 6324 15984 1019 1769 920 619 659 651 683 631 END
START -2568 6872 13272 1519 2241 1113 618 653 650 683 630 END
START -2736 3796 12628 2096 1294 703 618 656 650 682 631 END
START -3640 -72 12472 2378 1079 799 617 655 649 680 630 END