START -1184 13352 7392 -353 -293 -697 631 638 658 687 619 END
START -956 13288 7284 -465 -428 -490 630 637 655 685 620 END
START -988 12992 7276 -866 -771 -49 630 639 657 686 619 END
START -1008 12764 7700 -1330 -783 272 633 637 657 691 620 END
START -748 12540 7680 -1834 -468 484 630 637 658 686 620 END
START -988 12380 8036 -2041 -229 597 630 638 657 688 620 END
START -1092 12644 8704 -2061 -246 619 629 636 656 686 619 END
START -696 12976 8912 -1874 -343 608 627 637 656 687 620 END
START -768 13136 8916 -1577 -337 510 629 636 656 686 619 END
START 456 13612 8356 -1308 -97 338 629 638 657 686 620 END
START 400 13612 8368 -1073 -212 -42 630 636 656 686 619 END
START -564 13232 8908 -942 -83 -382 630 638 657 686 620 END
START -512 13296 8860 -746 429 -440 629 638 658 686 620 END
START -2828 13816 10424 -376 882 -351 630 632 657 686 620 END
START -2564 14168 10288 -19 963 -87 630 637 657 686 620 END
START -3416 15272 10488 540 -158 256 629 637 657 687 620 END
START -904 16600 8088 1305 -972 773 630 637 657 685 620 END
START 716 17868 6428 2056 -980 1319 630 637 657 687 620 END
START -452 18916 7360 2786 -666 1937 630 636 658 686 619 END
START -1164 19412 6892 3538 244 2501 630 634 656 686 620 END
START 2392 18668 6364 3878 1575 3139 631 634 657 686 620 END
START -700 17712 6356 3826 1694 3347 629 633 656 687 620 END
START 68 16796 3728 3609 1644 3516 630 634 656 686 619 END
START 1136 16288 2948 3149 1602 3466 629 634 657 686 619 END
START 748 14960 3012 2456 928 3363 630 635 656 686 620 END
START -396 13244 5020 1780 1033 3255 631 634 657 684 619 END
START 312 13044 4056 1644 1765 3112 631 633 657 686 619 END
START -1568 14356 5672 1566 1553 2701 633 633 656 686 619 END
START -248 14948 4360 1659 1512 2227 631 634 656 686 619 END
START -960 15668 4680 1269 1762 1982 631 634 657 686 620 END
START 392 15588 3384 598 2115 1461 631 634 655 686 619 END
START -496 15328 5156 -495 1877 880 630 634 656 686 620 END
START 60 15508 4936 -1172 2228 358 630 634 656 686 619 END
START 2508 14396 4612 -1531 3199 62 621 633 656 686 620 END
START -748 13196 7632 -1716 3282 -80 631 635 656 686 620 END
START -1076 12520 5672 -2019 2088 -248 614 634 657 686 619 END
START -1700 11856 6700 -2578 889 -704 631 634 657 687 619 END
START -80 11592 5104 -3646 607 -1311 631 634 656 686 620 END
START -1048 11620 5416 -4824 1662 -1706 630 635 657 687 617 END
START -1760 12072 5460 -6100 3086 -2217 631 634 657 686 620 END
START -304 12988 4988 -7430 3853 -2570 630 634 656 686 619 END
START 476 13368 3856 -8413 4143 -2549 631 635 656 686 620 END
START -1624 11468 8096 -9494 2474 -2742 630 634 657 686 620 END
START -4 9900 6268 -10332 1505 -3004 630 635 657 687 619 END
START -1888 10080 8476 -11012 1216 -2874 630 635 657 687 619 END
START -772 9664 7916 -11671 948 -2624 630 636 656 686 619 END
START -2628 9564 9940 -11925 -180 -2669 628 635 656 686 620 END
START -1328 10700 10208 -12031 -1319 -2761 627 636 656 685 620 END
START -2096 9208 12320 -12288 -1760 -3080 627 635 656 687 619 END
START -2800 7520 13480 -12667 -1613 -3635 626 636 656 687 620 END
START -3884 7256 14340 -11868 -1555 -3410 626 635 657 687 619 END
START -736 8164 12748 -10806 -2485 -2778 626 636 657 687 619 END
START 968 8496 15076 -9670 -3124 -1958 625 636 656 686 619 END
START -600 5980 14400 -8482 -3154 -1832 626 636 657 687 619 END
START 696 4896 13648 -7072 -2497 -1620 626 635 656 687 620 END
START 1124 5740 12760 -5325 -1871 -1291 626 636 657 687 620 END
START 600 8204 11748 -3639 -1051 -944 628 636 657 687 619 END
START 3260 8520 13124 -2656 152 -690 626 637 659 687 620 END
START -6448 8348 17076 -2050 307 -1014 626 637 657 687 620 END
START -972 7608 12792 -1438 780 -1066 628 636 657 687 619 END
START 3816 8752 8428 -1020 434 -710 629 637 657 686 620 END
START -5128 11316 14568 -806 -1009 -340 627 637 658 686 620 END
START 2916 11384 11736 -792 -142 47 626 637 657 688 620 END
START -8868 10412 17172 -877 -1505 288 627 638 657 687 623 END
START -6720 9856 15936 -826 -1470 168 627 637 657 687 620 END
START -5736 9896 14564 -773 -1582 274 627 631 658 687 620 END
START -5624 10940 14428 -693 -1164 44 626 636 657 690 619 END
START -220 10896 10524 -621 -518 63 627 637 657 687 620 END
START -388 11408 9560 -529 71 173 628 636 658 687 620 END
START 856 10492 12116 -536 -196 465 627 637 656 687 620 END