START -336 11876 10076 -201 -449 -320 619 629 0 690 611 END
START -196 11884 9912 -233 -785 -286 620 631 0 691 611 END
START 148 11864 10100 -260 -1278 -209 620 630 0 692 611 END
START 100 11892 9628 -487 -730 -145 619 630 0 691 611 END
START 248 11540 9328 -792 -260 -261 619 630 0 690 611 END
START 232 11496 9920 -870 276 -263 620 631 0 691 612 END
START -240 11596 9720 -988 474 -140 619 630 0 691 611 END
START -592 11676 9804 -1184 -232 -91 619 631 2 691 612 END
START -416 11536 9672 -1240 -811 -201 620 630 0 691 611 END
START -336 11648 9924 -1345 -554 -233 620 631 0 690 611 END
START 276 12008 9528 -1247 349 -157 620 631 0 690 612 END
START 80 11112 9472 -1204 575 -434 620 631 0 690 611 END
START -816 10660 9688 -1368 110 -629 618 631 0 691 611 END
START -2060 10864 10724 -1446 -344 -270 619 630 0 690 611 END
START -936 11416 10388 -1512 -863 -175 619 631 0 691 610 END
START -1048 11004 10500 -1528 -1133 -117 619 632 0 691 611 END
START -504 10988 10592 -1476 -986 -264 619 632 0 690 611 END
START -2200 10804 11808 -1416 -1021 -292 619 632 0 691 610 END
START -2100 11140 11672 -1424 -1285 -413 620 632 1 690 611 END
START -1296 11784 10756 -1406 -1924 -609 619 633 0 691 611 END
START 756 11676 9768 -1101 -2735 -789 620 635 0 691 612 END
START 1908 13520 9924 -629 -4182 -822 620 634 0 691 611 END
START 2696 14972 9828 -28 -5586 -786 620 636 0 691 611 END
START 1992 15660 10036 585 -7004 -774 620 636 0 691 611 END
START 1052 16340 9400 876 -8557 -948 620 637 0 691 612 END
START 4528 16464 6764 803 -9962 -1071 620 639 0 691 611 END
START 4964 15976 6212 277 -11611 -1770 622 640 0 691 611 END
START 3512 15168 7184 -576 -11930 -2305 622 642 0 691 611 END
START 3812 14628 7172 -1788 -11061 -2618 623 645 0 691 611 END
START 1484 13600 8408 -3067 -9352 -3248 623 647 0 691 610 END
START 780 12924 9368 -4129 -6721 -3860 625 649 0 692 610 END
START 2028 10260 8064 -5028 -4134 -4165 625 651 0 691 610 END
START 136 10324 8804 -5624 -2433 -4503 626 653 0 692 610 END
START -1944 10660 10872 -6163 -2939 -4798 627 654 0 691 609 END
START 888 8764 9268 -6455 -4025 -5601 628 656 0 691 609 END
START -1676 8836 11560 -6664 -5594 -5847 629 657 0 691 609 END
START 1584 6872 8752 -6959 -6153 -6244 630 660 0 693 609 END
START 928 6724 8656 -7486 -5438 -6216 631 661 0 691 609 END
START -2820 9152 12728 -8231 -4978 -6234 633 662 0 692 609 END
START -192 7076 11340 -8466 -4430 -6372 634 663 0 692 609 END
START 2100 5900 9808 -8715 -4187 -6303 634 664 0 691 608 END
START -272 6796 11352 -9014 -3790 -5961 636 666 0 692 608 END
START 1052 6016 9880 -9518 -4050 -5756 637 665 0 691 608 END
START -760 6288 12324 -9872 -3974 -5746 638 666 0 692 608 END
START -2936 5644 15628 -9801 -3216 -5461 640 667 0 692 608 END
START -2016 5612 14328 -9698 -2840 -5088 641 667 0 692 608 END
START -1200 5108 12064 -9729 -3094 -4992 641 668 0 692 608 END
START 16 4548 11080 -9975 -3635 -5110 642 668 0 692 608 END
START -1444 5032 12276 -10374 -4090 -4953 644 669 0 692 608 END
START -220 4580 12764 -10504 -4745 -4970 643 670 0 692 603 END
START -2632 3904 15304 -10567 -5117 -5045 645 670 0 692 608 END
START -412 3196 12840 -10546 -4375 -5149 645 670 0 692 608 END
START 916 2272 11728 -10436 -3297 -4942 647 670 0 692 608 END
START 224 1436 12844 -10287 -3018 -4645 647 670 0 692 608 END
START -268 1508 13516 -9847 -3384 -4345 647 671 0 692 608 END
START 0 928 13732 -9192 -3860 -3939 647 671 0 692 608 END
START -2348 1848 17232 -8623 -3916 -3117 647 672 0 692 608 END
START -2064 2440 17376 -7954 -3318 -2658 647 673 0 692 608 END
START -1904 1676 17008 -7001 -2483 -2297 647 672 0 692 608 END
START -776 1712 16196 -5888 -1771 -2089 646 672 0 692 608 END
START -2008 2216 17880 -4856 -497 -1596 648 672 0 691 608 END
START -1980 2468 17028 -3966 -138 -1242 648 672 0 693 608 END
START -2812 2912 18356 -3223 -259 -1116 648 672 0 692 608 END
START -2576 3068 17748 -2728 -270 -845 649 671 0 692 608 END
START -1788 3332 17516 -2252 250 -497 649 672 0 692 608 END
START 704 4164 15336 -2003 914 130 650 672 0 692 608 END
START -352 5476 16560 -1471 481 559 649 672 0 692 608 END
START 580 5436 15944 -1300 73 658 649 672 0 692 608 END
START 1020 7156 14916 -1126 -578 713 649 671 0 692 609 END
START 2544 6584 14068 -791 49 614 649 672 0 692 608 END