START 156 15600 3816 -1650 -2913 -1040 593 597 634 680 631 END
START 128 15624 3752 -1721 -2894 -1030 594 598 634 680 631 END
START 0 15768 4160 -1880 -3069 -942 594 598 634 681 631 END
START 152 15704 4360 -1878 -3084 -806 593 599 635 681 632 END
START 96 15596 5060 -1755 -3075 -530 595 599 635 683 633 END
START -52 15276 5200 -1525 -3096 -329 595 600 636 682 632 END
START -12 15188 4988 -1160 -3167 -214 595 600 635 682 632 END
START 140 15172 5080 -859 -2467 61 596 600 635 683 633 END
START 124 15188 4908 -642 -1767 287 597 601 636 682 632 END
START -492 14888 5248 -451 -1575 501 596 600 635 682 632 END
START 168 15256 4936 -272 -1489 753 597 601 636 682 633 END
START 472 14964 4368 -89 -1645 849 596 600 637 683 632 END
START -88 14604 4068 -160 -1840 990 597 600 636 683 633 END
START 228 14680 3816 -283 -1831 1064 597 601 636 683 633 END
START 360 15116 3608 -439 -1934 1032 596 601 636 682 632 END
START 620 15032 3284 -485 -2014 864 597 601 636 682 633 END
START 500 14936 3072 -589 -2097 672 597 602 637 682 633 END
START 1072 15132 2364 -623 -2642 401 598 602 637 683 633 END
START 2088 16484 2236 -758 -2911 474 597 603 636 683 634 END
START 2576 18684 2348 -1002 -3062 890 598 601 636 682 634 END
START 2012 18272 2764 -1181 -3659 1180 598 602 637 683 634 END
START 2176 16532 1856 -1025 -3941 861 598 603 637 683 634 END
START 3604 19876 1724 -1213 -4017 1474 598 603 638 683 634 END
START 2304 18132 2644 -1698 -4932 1692 598 603 637 684 634 END
START 3120 17632 1688 -1629 -5348 1124 599 604 637 683 633 END
START 3060 19712 2356 -2282 -5729 1571 599 604 637 683 634 END
START 3216 16152 672 -2472 -5361 625 599 605 638 683 633 END
START 3732 20036 1292 -3520 -5086 1109 599 608 638 683 634 END
START 2968 15012 492 -4211 -5127 -166 599 608 638 682 633 END
START 2788 17312 1896 -5856 -6118 -188 600 609 638 682 633 END
START 4604 15732 -320 -6937 -5792 -1781 599 611 638 683 633 END
START 3604 12264 672 -8971 -5412 -2661 601 613 639 684 633 END
START 4304 15084 1800 -10418 -2862 -3387 602 616 639 682 634 END
START 3048 10932 2068 -11460 -1952 -5433 601 619 639 682 634 END
START 1780 10692 4020 -12843 -1547 -5938 602 624 640 683 634 END
START 2692 14572 4516 -13623 -688 -6202 602 625 641 682 633 END
START 1168 9512 5204 -14084 -1221 -7537 603 627 641 682 634 END
START -668 7132 7128 -14529 -3008 -8039 603 630 641 681 634 END
START 272 10784 7684 -14959 -1985 -7281 604 632 642 682 634 END
START 1352 12548 6772 -14927 -208 -7703 604 634 642 683 633 END
START -212 7748 6584 -15392 -468 -8586 604 636 643 682 634 END
START -1292 8184 9688 -16226 -1870 -8512 606 639 644 683 634 END
START -564 10472 10336 -16647 -2046 -8062 599 641 644 682 634 END
START 424 9984 9336 -16293 -990 -8021 604 642 645 683 634 END
START -660 5820 8888 -16125 -661 -8773 605 642 644 683 635 END
START -2116 5100 10916 -16655 -1209 -8471 605 645 645 682 634 END
START -2684 8084 12996 -16801 -1977 -8056 605 644 645 683 634 END
START -1852 9020 13364 -16646 -2199 -7677 605 645 646 683 634 END
START -1072 7656 12252 -16219 -2361 -7768 606 645 645 683 634 END
START -2024 4824 11932 -15938 -2432 -7651 605 646 646 683 635 END
START -3848 816 14128 -15562 -3989 -7153 604 645 646 683 635 END
START -4256 8 16064 -14473 -5667 -5844 606 646 646 683 635 END
START -4124 2720 17788 -12722 -5695 -3721 605 646 646 683 634 END
START -3952 5348 18132 -10328 -4794 -2105 606 647 646 684 635 END
START -3144 5788 18544 -7556 -3439 -1205 606 646 646 683 635 END
START -2584 4044 17372 -4890 -1554 -638 607 647 646 684 636 END
START -3848 1724 16856 -2933 -856 -526 607 647 647 684 636 END
START -4120 2744 17400 -1812 -959 -63 606 647 646 684 635 END
START -3052 8784 18460 -1047 -83 947 607 647 646 684 635 END
START -1652 10756 16912 -145 1126 944 607 647 646 684 635 END
START -1444 6060 14904 504 916 202 608 647 647 684 635 END
START -2236 4396 16104 546 17 302 607 647 647 684 636 END
START -1140 11232 16376 687 149 1186 607 648 646 684 635 END
START -40 9940 15180 1204 709 578 607 647 646 684 635 END
START -1476 3752 14388 1304 39 -67 607 647 647 684 635 END
START -1384 7432 15696 1163 -123 785 607 646 647 684 636 END
START -116 9748 14624 1672 908 648 608 647 646 684 635 END
START -488 4892 12448 2196 1332 -491 608 646 645 683 635 END
START -1788 3152 13464 2051 1164 -465 608 645 646 683 635 END
START -2196 5460 14636 1936 1504 357 608 646 640 683 634 END