START 1784 18956 6772 323 -2339 -64 652 643 0 687 610 END
START 2232 19320 6660 500 -2434 -5 653 644 0 691 610 END
START 2476 18952 6284 1151 -2450 111 653 646 0 691 610 END
START 1660 18772 5864 1648 -3467 411 653 649 0 692 610 END
START 580 19152 5032 1338 -5646 648 653 651 3 691 611 END
START 664 18292 4160 250 -8149 154 655 653 0 692 611 END
START 2008 17084 4084 -634 -7807 -264 655 655 0 691 611 END
START 1168 15252 5480 -1481 -6079 -549 654 657 0 692 611 END
START 472 15788 6528 -2420 -3736 -490 654 655 0 692 612 END
START 164 15224 6384 -2910 -1370 -1343 655 660 0 692 611 END
START -896 13248 6236 -3288 -443 -2037 656 662 0 693 611 END
START -872 11964 6184 -3783 -1005 -2526 655 662 0 692 612 END
START -1212 11316 6172 -4185 -2082 -2832 655 663 0 693 611 END
START -2296 10576 6968 -4353 -3668 -3167 656 664 0 694 611 END
START -532 10668 6256 -4771 -4581 -3645 656 664 0 691 611 END
START -292 10264 7032 -5192 -3830 -3819 655 665 0 692 611 END
START 1360 9708 5680 -5618 -2463 -4172 656 665 0 692 611 END
START 1152 9248 5780 -6039 -1315 -4154 655 665 0 692 611 END
START -924 9492 7420 -6316 -1717 -4198 656 665 0 692 611 END
START 1216 9320 6256 -6632 -2551 -4299 656 666 0 693 612 END
START 1880 9008 6160 -6922 -2409 -4250 656 666 0 693 611 END
START -560 9228 7712 -7368 -2142 -4066 656 666 0 692 610 END
START 1604 8952 6540 -7573 -1968 -4334 656 665 1 692 608 END
START 1344 8640 6896 -7585 -1608 -4271 656 666 0 692 610 END
START -1500 8628 8464 -7758 -1474 -4236 656 666 0 692 611 END
START 1760 8776 6784 -7928 -1532 -4205 656 666 1 692 610 END
START -280 8644 7852 -8137 -2524 -4192 656 666 0 692 610 END
START -3928 8632 10132 -8503 -3402 -4337 656 666 0 692 610 END
START 928 8016 7636 -8679 -2777 -4517 656 667 0 692 609 END
START -2220 7804 10148 -8832 -2260 -4565 656 666 0 692 610 END
START 1172 7572 8300 -8960 -2340 -4556 658 666 0 692 609 END
START -2240 7760 9688 -9420 -3758 -4508 656 666 0 692 609 END
START 1460 7412 7544 -9904 -4268 -4860 657 667 0 692 610 END
START -428 6760 8976 -10243 -3217 -4884 657 667 0 692 609 END
START -3932 6208 11656 -10472 -2915 -4860 656 667 0 692 609 END
START -824 6676 10772 -10603 -4029 -4874 656 668 0 692 609 END
START 640 6628 9628 -10709 -4787 -4683 656 667 0 692 608 END
START -272 6604 11308 -10808 -4322 -4800 656 667 0 692 608 END
START 800 5476 11060 -10659 -3189 -4675 656 667 0 692 608 END
START -1524 5468 12880 -10507 -3019 -4545 656 668 0 692 608 END
START -2920 5140 14520 -10114 -3453 -4355 656 668 0 692 608 END
START -2080 5448 14680 -9459 -3566 -4071 655 668 0 692 608 END
START -188 5508 13436 -8807 -2941 -3826 656 668 0 691 608 END
START -1252 4796 15128 -8021 -2107 -3769 655 668 0 691 608 END
START -1260 4020 15628 -6871 -996 -3399 655 669 0 692 608 END
START -1452 4460 15812 -5531 -288 -3299 655 668 0 692 608 END
START -1988 4520 15032 -4503 1010 -2645 656 669 0 691 608 END
START -1180 5088 14724 -3429 1592 -2008 654 669 0 692 608 END
START -2736 5068 15612 -2478 1213 -1202 655 670 0 692 608 END
START -2440 5820 14984 -1917 195 -839 655 669 0 692 608 END
START -2180 5684 15168 -1504 90 -565 655 669 0 690 608 END
START -1524 4932 14064 -1202 473 -269 656 669 0 691 608 END
START -2100 5008 13572 -1013 281 -94 656 670 0 692 608 END
START -2952 4796 14028 -904 -776 -115 656 669 2 692 608 END
START -3476 4048 14800 -831 -1635 -72 655 669 1 691 609 END
START -3012 2748 14468 -803 -1893 -175 656 670 0 691 608 END
START -1732 3172 13360 -879 -1524 -339 657 671 0 692 608 END
START -1976 2656 13372 -983 -715 -404 656 668 0 693 608 END
START -1440 3452 13368 -1053 -111 -314 656 669 0 691 608 END
START -2016 4496 13888 -1124 -149 -436 655 669 0 693 608 END
START -3584 4564 15696 -1133 -327 -502 656 669 0 690 608 END
START -3808 4016 16028 -1187 -404 -546 657 670 0 692 608 END
START -4068 4108 15832 -1135 -126 -387 656 669 0 691 608 END
START -3956 3552 15828 -1101 -145 -214 656 670 0 692 608 END
START -1996 3832 14932 -964 -578 -90 658 669 0 692 609 END
START -864 4752 14816 -710 -414 263 656 669 0 692 608 END
START -1604 5924 15752 -462 -138 554 656 669 0 692 608 END
START -508 6016 14384 -319 413 677 656 669 0 693 608 END
START -1404 7060 14048 -264 408 771 657 669 0 691 608 END
START -1384 7940 13912 -193 234 810 657 669 0 692 608 END