START -152 11392 6736 1264 -1970 187 622 653 666 695 619 END
START -72 11444 6460 1036 -1985 259 621 653 665 693 622 END
START -76 11260 6236 150 -1503 275 623 652 665 692 621 END
START 168 11432 6092 -935 -251 158 623 654 665 693 621 END
START 60 11552 6320 -1927 874 2 622 652 665 693 621 END
START -184 11756 6988 -2616 1081 -17 622 652 666 689 621 END
START 0 12028 7560 -2894 687 -5 623 655 665 693 620 END
START -288 13012 8088 -2681 519 240 623 654 666 695 620 END
START 876 15204 8868 -2128 1230 569 622 653 664 693 621 END
START 492 15916 8952 -1332 1523 840 624 655 666 693 620 END
START 1532 16232 8612 -353 1310 1166 623 655 665 693 620 END
START 2012 16208 8624 865 756 1575 622 656 665 694 621 END
START -504 16288 10020 2102 311 1907 621 656 665 694 622 END
START -152 16356 8908 3300 465 2077 623 653 664 695 621 END
START 2688 16480 6172 4101 1427 2178 623 656 666 686 622 END
START 2868 16240 5200 4573 1927 2411 623 656 666 694 622 END
START 1884 16392 5580 4626 1069 2459 625 657 666 694 622 END
START 2088 15764 4552 4459 -39 2479 625 656 666 694 622 END
START 1936 15676 4320 4152 -259 2267 624 657 666 694 622 END
START 1588 15992 5404 3364 272 2131 625 658 666 694 622 END
START 1024 16252 6068 2618 1329 1975 624 658 666 693 622 END
START 1804 16136 4760 2087 2423 1878 624 659 665 694 621 END
START 896 16556 5480 1851 1867 2055 625 659 666 694 622 END
START 3592 16248 2988 1509 1043 1985 625 658 666 694 621 END
START 3316 16288 7748 1002 -2 1609 623 660 667 694 622 END
START 508 14460 7668 526 -239 928 624 658 662 695 622 END
START 488 13256 8112 382 888 246 625 659 666 695 621 END
START -320 12984 8188 609 1881 127 625 660 666 694 622 END
START 456 12932 7616 953 2035 19 629 660 666 694 621 END
START 412 12876 7536 1122 1099 141 625 660 666 695 622 END
START 292 11720 6408 1012 -124 -75 624 660 666 694 622 END
START -300 11496 6800 445 -280 -350 625 661 666 694 622 END
START 1044 11776 5452 -499 1091 -513 623 661 666 695 622 END
START -952 12260 6468 -1677 1670 -775 624 660 665 695 622 END
START -200 12720 5196 -2616 2072 -1040 625 661 665 695 622 END
START -428 13260 5380 -3331 1563 -1305 624 662 667 695 622 END
START -584 13636 5708 -4056 580 -1452 624 663 667 695 622 END
START 3448 13108 6196 -5140 822 -1690 624 662 666 698 622 END
START 668 11460 5848 -6540 342 -2093 625 663 667 695 622 END
START 1584 10772 5232 -7615 1302 -2423 624 664 667 696 623 END
START -684 9404 6284 -8534 1685 -2920 626 665 667 696 622 END
START -800 9256 6412 -9171 1004 -3326 624 665 667 696 623 END
START -16 9628 6172 -10037 -73 -3468 627 664 667 695 621 END
START -1304 10864 7316 -11312 -678 -3304 625 665 668 695 623 END
START -724 11076 8092 -12716 -872 -2898 625 668 667 695 622 END
START 1736 10220 10216 -13239 -298 -2658 625 667 667 695 624 END
START 376 8248 9776 -13415 -829 -2723 626 667 667 696 623 END
START -460 6776 11428 -12681 -2173 -2518 626 668 660 696 623 END
START -1716 7336 13824 -11861 -2826 -2149 627 667 668 696 623 END
START 52 8360 13648 -10648 -2758 -1682 626 668 669 696 622 END
START -236 9048 13484 -9508 -1639 -1124 626 668 668 696 623 END
START -1968 7344 16148 -8265 -1098 -920 626 668 667 695 622 END
START -2728 6712 16444 -6686 -966 -950 627 670 668 696 623 END
START -2548 7472 16380 -5287 -1417 -580 626 668 668 697 623 END
START -2548 9480 15676 -4012 -1104 -454 625 668 668 699 624 END
START -1372 11028 15612 -3379 25 -123 627 669 668 695 623 END
START -2944 9832 16180 -3041 637 -214 626 668 668 697 623 END
START -2320 9016 14772 -2415 274 -316 626 668 666 697 628 END
START -2684 10116 14780 -1870 -134 -102 627 668 669 698 623 END
START -2816 11660 14216 -1499 -97 127 628 670 668 697 624 END
START -476 12020 12124 -1348 1 421 625 669 668 698 623 END
START 3352 11936 12480 -1425 64 507 626 668 667 696 623 END
START 92 10072 12472 -1448 -295 494 626 668 667 696 622 END
START 176 8716 11904 -1315 -198 307 628 669 667 697 623 END
START 124 8916 11912 -1259 -333 188 627 669 669 697 624 END
START -1272 9692 12432 -1243 -839 113 627 668 669 697 623 END
START -1172 10164 12564 -1132 -812 30 627 669 669 697 624 END
START 604 10728 10864 -1010 -242 120 627 669 669 697 624 END
START 2436 11248 11836 -1032 258 264 629 667 668 697 623 END
START -232 9584 11096 -1110 -45 88 627 669 668 697 624 END