START -4492 13880 7660 -93 -75 1623 607 0 593 648 605 END
START 3288 12588 3576 1670 2462 1639 605 0 595 647 611 END
START -8156 13700 14264 3996 4647 940 606 0 593 647 604 END
START 13620 12908 -3960 1604 11884 2184 604 4 592 648 604 END
START 3464 14824 3108 -1633 14325 1259 601 0 591 648 608 END
START -6780 14936 14008 -2853 11461 2410 599 0 592 649 603 END
START -3804 14948 12968 -2655 11199 3379 599 0 593 648 602 END
START -6968 16732 14508 -7360 828 3939 600 0 593 647 605 END
START -8068 5380 7044 -4286 -17224 -3842 599 0 599 649 605 END
START -452 15696 6660 -267 -23639 -6748 601 0 598 652 613 END
START 6500 14968 8668 1383 -19468 -2830 602 0 605 654 606 END
START 13968 13116 8408 3328 -7543 2506 602 0 605 655 604 END
START 8772 16808 12492 3226 1540 3481 600 0 607 656 607 END
START 3428 15708 11764 2352 5767 3875 601 0 610 657 607 END
START -1408 13344 9556 1606 4487 2073 601 0 612 658 607 END
START -2752 11668 6920 572 -395 309 601 0 614 661 606 END
START 500 11904 5196 947 -2359 886 602 0 613 663 611 END
START 720 15084 8244 689 -3427 2199 602 0 618 665 607 END
START -1836 13572 9984 -161 -3550 2581 605 0 620 666 604 END
START -992 11156 8244 -483 -1535 1933 605 0 620 665 608 END
START 1308 15052 -1840 -608 1805 2323 604 0 621 668 608 END
START -5804 13248 7492 -2391 1442 2337 605 0 622 660 606 END
START 2640 10688 484 -3159 1666 2038 605 0 623 669 608 END
START -2344 10148 6012 -3244 -484 1909 605 0 625 670 609 END
START 2116 14448 -688 -2829 -321 2279 607 0 625 671 609 END
START 1064 14396 7624 -3561 403 1818 605 0 627 671 609 END
START 776 12872 5484 -3814 1167 973 605 0 635 672 609 END
START 1800 11172 5496 -3822 2480 789 607 0 627 673 609 END
START 4148 12444 3892 -3286 2835 1115 606 5 629 674 609 END
START 812 18056 5192 -2492 1200 2505 606 0 629 674 610 END
START 5948 18500 10808 -2391 -2011 3488 601 0 630 675 609 END
START 8292 15996 11160 -1370 -6679 3035 607 0 628 675 608 END
START 7336 14396 15364 1008 -10393 2267 606 0 633 676 610 END
START 10340 16696 10424 4145 -9733 1544 606 1 635 677 609 END
START 10048 16596 14872 5857 -9870 -24 605 0 636 679 612 END
START 8244 13128 14552 7603 -11604 -2912 606 0 639 679 610 END
START 6940 11492 12732 9459 -14498 -5710 601 0 640 678 609 END
START 8864 13776 7496 10770 -14266 -7253 606 0 641 681 610 END
START 6008 12556 8516 10011 -14027 -8371 607 0 641 681 611 END
START 4272 10468 6060 9237 -13776 -9752 608 0 642 689 612 END
START 4592 11712 4416 8444 -14489 -11284 608 0 643 684 610 END
START 5136 13868 6992 6541 -11155 -11639 608 0 643 683 611 END
START 2464 11512 7012 4506 -9283 -12236 609 0 644 679 611 END
START 2148 10040 5420 3041 -7870 -13685 608 0 643 681 611 END
START 1872 13080 1300 2082 -4987 -13906 609 0 644 684 612 END
START 548 12128 3556 -62 -5234 -12349 608 0 643 684 615 END
START -3064 10084 4184 -1236 -10409 -12363 608 1 644 684 612 END
START -1332 9696 3876 -1996 -14056 -13884 607 0 645 683 612 END
START 212 13612 -1516 -3385 -11622 -13452 595 0 644 683 611 END
START -2752 11712 5120 -4048 -9798 -12573 609 0 642 684 612 END
START -3232 8184 4108 -4307 -8207 -13827 610 0 645 684 612 END
START -1088 9116 2336 -3991 -4954 -15140 608 0 644 684 615 END
START 1492 11472 1036 -4557 699 -15657 616 0 645 684 613 END
START -8136 9324 5236 -5613 2133 -17560 610 2 640 682 612 END
START -6552 6236 3368 -6668 4564 -19360 620 0 646 684 611 END
START -2608 8260 -1480 -6146 7901 -18956 609 0 645 684 612 END
START -7200 12020 2968 -6351 9981 -17446 610 0 645 685 609 END
START -12188 11256 6120 -7043 5919 -16418 602 0 645 684 612 END
START -15644 10000 7608 -6600 823 -14729 609 0 646 685 613 END
START -14752 15468 1588 -5028 -2583 -12057 609 0 646 685 612 END
START -14036 14432 6848 -5137 -4348 -8305 610 0 648 685 611 END
START -14044 12660 7536 -4136 -4371 -7216 605 0 646 685 611 END
START -11628 17868 4312 -2719 -1118 -4368 608 1 647 685 613 END
START -11744 16560 9740 -2960 -720 -2509 609 0 647 686 613 END
START -10152 14276 8288 -1544 -623 -2028 608 0 647 686 613 END
START -7808 19164 7512 -328 130 134 609 0 646 684 613 END
START -8568 15500 6944 -318 -1888 830 609 0 646 685 613 END
START -8208 12672 8656 347 -3592 632 609 0 647 685 613 END
START -7356 13776 7500 1291 -3944 631 605 1 650 685 613 END
START -6784 17004 9212 1114 -2109 2143 608 0 646 685 614 END