START 104 14884 3308 -2157 602 -749 584 578 611 676 633 END
START -92 15000 3552 -2130 440 -745 585 579 611 676 632 END
START 152 15176 3480 -2116 184 -597 584 579 611 676 633 END
START 340 15216 3132 -2073 30 -291 584 579 612 676 632 END
START 164 15368 3608 -2019 -438 -54 584 579 613 676 633 END
START 212 15372 3792 -1876 -807 138 584 579 612 676 634 END
START 752 15716 3292 -1708 -897 307 584 580 612 676 633 END
START 664 15660 3516 -1650 -808 438 586 580 615 677 626 END
START 1180 16076 3180 -1530 -819 506 585 580 613 677 633 END
START 1456 15804 2988 -1373 -792 403 585 580 613 677 633 END
START 1304 15428 3136 -1276 -893 396 582 581 612 677 634 END
START 1180 15500 3192 -1231 -1345 312 586 581 614 677 633 END
START 1792 15200 3216 -1366 -1677 198 586 583 614 676 633 END
START 1440 15272 3156 -1528 -1864 79 587 583 614 676 634 END
START 1324 14452 3188 -1718 -2246 -287 587 584 614 678 634 END
START 1528 14064 3196 -1909 -1892 -728 588 584 616 678 635 END
START 1768 14264 3176 -2015 -1121 -743 588 584 615 678 635 END
START 1808 16272 3352 -2040 -827 -440 588 584 615 678 635 END
START 864 15836 4312 -2096 -854 -336 588 585 616 679 635 END
START 320 13896 4260 -1941 -797 -760 589 585 615 678 635 END
START 968 14540 3372 -1652 -652 -910 589 585 616 679 635 END
START 1508 17580 3516 -1741 -992 -376 589 585 615 678 635 END
START 548 14700 3488 -1706 -1943 -727 589 585 616 679 636 END
START 1864 15904 2368 -1351 -2013 -925 590 585 616 679 635 END
START 1936 18696 2888 -1510 -2745 -371 590 586 616 679 636 END
START 2408 16408 1188 -1081 -3451 -1072 590 587 617 679 636 END
START 3208 20388 1088 -1623 -4190 -268 591 588 616 679 636 END
START 3640 16900 -908 -2224 -5089 -1179 592 589 616 679 635 END
START 4168 20108 624 -3745 -5970 -616 591 590 617 679 636 END
START 3920 15848 -404 -4574 -6490 -1730 593 591 618 679 636 END
START 4284 19924 1112 -5828 -6610 -1222 592 593 619 679 636 END
START 5016 18652 288 -6284 -5541 -1967 593 593 619 680 636 END
START 2856 17736 2232 -7230 -5858 -1694 594 594 620 680 637 END
START 3176 18376 2876 -7434 -5694 -2181 593 596 620 681 637 END
START 2076 14068 3204 -7577 -5673 -3081 594 599 622 680 636 END
START 1932 18316 4688 -7875 -4559 -2625 595 600 622 681 637 END
START 2888 16852 3200 -7620 -3102 -3717 594 600 623 681 637 END
START 648 13048 3792 -8364 -3003 -4137 596 603 624 681 637 END
START 1832 17396 4300 -9044 -3125 -4405 596 605 624 681 637 END
START 1712 11420 2824 -9666 -3515 -5805 596 608 625 681 637 END
START 468 12328 4816 -10903 -3946 -5656 597 609 626 681 637 END
START 1768 13672 4664 -11554 -2836 -6208 597 612 627 683 637 END
START 1072 9752 3692 -12275 -1445 -7527 598 615 628 682 636 END
START -716 9112 6400 -13389 -598 -7517 599 618 630 683 637 END
START -88 12160 7180 -13587 49 -7668 599 621 631 683 638 END
START -844 5996 6888 -13610 -1007 -8725 598 625 631 683 637 END
START -1356 8504 8904 -14020 -1863 -8077 600 627 633 683 637 END
START -1048 10576 9048 -13887 -607 -7848 600 628 632 683 637 END
START -1088 7720 7920 -13798 589 -8493 601 629 633 684 638 END
START -2864 6128 9656 -14266 531 -7936 602 630 634 685 638 END
START -1544 10272 10108 -14263 68 -7048 602 632 634 684 637 END
START -2416 6628 10324 -13666 -1291 -7519 601 635 635 683 637 END
START -3088 4216 10596 -13562 -1950 -7293 602 636 635 684 638 END
START -3776 6124 12380 -13793 -1312 -6292 603 637 636 683 637 END
START -3148 8672 13816 -13611 -743 -5358 604 638 637 684 638 END
START -2844 8016 13400 -12470 -370 -5089 603 639 637 684 637 END
START -3320 5184 13148 -11620 -794 -5056 604 641 638 685 638 END
START -4764 3716 14996 -11282 -1728 -4189 604 641 637 685 638 END
START -4208 7760 17184 -10196 -3115 -2881 605 641 638 685 638 END
START -2800 8896 16776 -8387 -2984 -1968 605 642 637 685 638 END
START -2700 5444 15824 -6525 -2130 -2085 605 642 639 685 638 END
START -3016 2728 15844 -4984 -526 -2146 605 642 638 685 638 END
START -3808 3924 16820 -3914 1325 -1366 605 643 638 685 639 END
START -3504 9120 16804 -2620 3039 -762 606 643 638 686 638 END
START -3256 6868 14940 -1242 3157 -1363 607 644 638 685 639 END
START -3604 4740 14316 -478 2185 -1524 606 642 638 685 639 END
START -4428 6012 15184 -322 1183 -524 606 642 638 685 640 END
START -3240 10172 15008 -42 1756 561 606 642 636 685 639 END
START -2588 6940 12948 489 2801 303 606 641 639 685 638 END
START -3672 3956 13728 366 2423 533 606 640 639 684 638 END