START -1432 13632 7184 -1335 312 271 647 633 0 694 612 END
START -1480 13488 7224 -1429 208 366 647 633 0 694 612 END
START -972 13068 7504 -1564 23 507 647 633 0 693 612 END
START -1164 13236 7744 -1556 331 524 648 634 0 693 612 END
START -1636 13080 8552 -1366 223 527 647 635 0 693 612 END
START -1560 13000 8484 -1094 20 229 648 635 0 693 612 END
START -1424 13028 8200 -851 36 6 648 634 0 693 611 END
START -1500 13192 7772 -842 260 -72 648 634 0 693 612 END
START -1752 12880 7536 -1059 -167 -171 648 635 0 693 612 END
START -1244 13424 7344 -1221 137 -97 648 635 0 693 612 END
START -1372 12540 7928 -1177 40 -317 647 635 0 693 612 END
START -2512 12372 8584 -1189 -245 -354 649 635 0 693 612 END
START -2064 13296 9236 -1042 -44 22 648 635 0 693 612 END
START -1888 14116 8216 -890 374 332 648 636 0 693 612 END
START -1312 14928 7428 -1003 607 445 648 636 0 694 612 END
START -872 14600 6816 -1149 645 366 648 636 0 694 613 END
START -320 14028 6300 -1232 705 397 648 635 0 693 612 END
START -124 14616 6280 -1365 547 336 648 636 0 693 612 END
START -2312 15212 7328 -1560 77 70 648 636 0 693 612 END
START 500 14492 5592 -1491 56 -246 649 636 0 694 612 END
START -3520 14368 7728 -1352 -746 -334 650 637 0 693 612 END
START -364 15660 6252 -1033 -1075 -100 651 638 1 691 613 END
START -1140 16884 6916 -638 -2224 71 650 638 0 694 613 END
START -896 17940 7156 -17 -4274 208 650 639 0 693 613 END
START 4656 16616 4488 626 -5473 456 650 639 0 693 613 END
START 5340 16220 3216 888 -7135 924 650 640 0 693 613 END
START -504 18096 7012 438 -9466 857 651 641 0 694 613 END
START -56 17944 7232 -234 -10189 516 651 641 0 694 613 END
START 3700 16924 5736 -947 -9855 -102 651 642 0 693 613 END
START 1884 16312 6508 -1997 -8662 -908 651 643 0 693 613 END
START 2264 14356 5492 -3256 -6087 -1852 652 646 0 693 613 END
START 2508 13048 5212 -4310 -3410 -2480 651 647 0 693 611 END
START -1856 13220 7944 -5402 -2491 -2931 652 648 0 693 612 END
START -1164 11804 7840 -6178 -3387 -3262 651 649 0 695 611 END
START -7124 11404 11560 -6786 -5866 -3924 651 650 0 693 611 END
START -6736 10464 10540 -7496 -7197 -4850 651 652 0 695 612 END
START 292 8460 6132 -8281 -5383 -5497 653 654 0 691 610 END
START -4232 9208 10604 -8926 -3527 -5247 651 655 0 693 610 END
START 884 6452 6744 -9141 -1512 -5508 651 656 0 695 610 END
START -5296 7732 10576 -9543 -3212 -5516 651 657 0 694 609 END
START -28 5984 6848 -9948 -5371 -5801 652 658 0 694 609 END
START -3344 7560 10004 -10586 -6541 -5783 652 658 0 693 608 END
START 2532 4848 6640 -10664 -3190 -5840 652 660 0 693 608 END
START -2536 5896 10232 -10691 -1997 -5321 652 661 0 694 608 END
START 1112 4320 7708 -10630 -3370 -5286 652 661 0 692 607 END
START -928 4128 9648 -10434 -4067 -4849 652 662 0 693 607 END
START 1184 3984 8692 -10192 -3706 -4341 653 663 0 693 607 END
START -1152 3716 9948 -10002 -3209 -4224 652 664 1 694 603 END
START -5980 5768 13776 -9992 -4072 -4106 653 663 0 692 606 END
START -1804 4072 10756 -9936 -4541 -3934 653 662 0 692 607 END
START -5508 5380 13844 -9677 -4579 -3734 653 665 0 693 606 END
START -5768 5608 14356 -9461 -4297 -3425 653 665 0 693 606 END
START -1940 5652 11292 -9374 -4601 -3475 654 665 0 693 606 END
START 1672 6248 9808 -9478 -5106 -3540 654 665 3 693 605 END
START -420 5296 12020 -9282 -4642 -3594 653 664 0 691 605 END
START -3456 5040 13888 -9139 -3227 -3461 652 665 0 692 605 END
START -824 5224 11672 -9058 -3095 -3497 654 666 0 691 605 END
START 1384 4956 11168 -9222 -3939 -3752 653 665 0 691 605 END
START -184 3820 12476 -8827 -3033 -3787 653 665 0 691 605 END
START 1620 4312 12260 -8259 -1722 -3423 653 666 0 691 605 END
START -760 3928 13432 -7717 -1552 -3342 654 667 0 691 604 END
START 404 4116 13412 -7047 -2079 -3085 653 667 0 691 605 END
START -1260 3212 14100 -6382 -2239 -2918 654 667 0 691 605 END
START 164 2812 13600 -5439 -866 -2392 653 667 0 691 605 END
START -1704 2664 14356 -4496 -252 -1976 654 667 0 691 606 END
START -3612 2696 15764 -3796 -649 -1728 653 667 0 691 605 END
START -2480 2796 14976 -3055 -1236 -1476 654 667 0 692 605 END
START -1708 3504 14432 -2367 -1301 -976 654 668 0 691 605 END
START -2668 3140 14936 -1884 -1181 -674 653 668 1 691 605 END
START -1848 3796 14328 -1468 -785 -352 654 668 0 691 605 END