START 92 15056 5020 -1503 314 58 596 584 613 676 629 END
START 56 14948 5228 -1508 81 95 596 584 613 676 629 END
START 348 14884 4900 -1438 -669 145 597 585 613 676 629 END
START 576 15072 4804 -1316 -1355 190 597 585 613 677 629 END
START 1204 15100 4452 -1266 -1283 65 596 585 613 676 629 END
START 1188 15148 4304 -1258 -667 -69 595 583 613 672 629 END
START 1308 15132 4652 -1269 71 -215 597 584 612 675 630 END
START 688 14996 5044 -1221 -43 -310 596 584 613 677 629 END
START 400 14832 5448 -1122 -1118 -439 597 585 613 677 629 END
START 664 14820 5196 -949 -1955 -456 596 584 613 677 629 END
START 436 14548 5012 -860 -2424 -684 595 584 613 677 630 END
START 620 14760 4776 -910 -2156 -708 597 585 613 678 630 END
START 744 15368 5024 -971 -1548 -641 597 585 614 678 630 END
START 1168 15976 5076 -887 -1047 -767 596 586 614 678 630 END
START 756 16244 4584 -799 -998 -690 597 586 614 678 631 END
START 1048 16896 4208 -719 -1037 -439 598 586 614 677 630 END
START 1384 17496 4040 -711 -882 123 598 586 614 679 630 END
START 980 17932 4008 -824 -863 712 599 586 615 679 630 END
START 76 17088 4468 -1014 -1756 991 600 586 616 679 630 END
START 204 15512 3812 -1214 -3043 913 600 587 615 679 630 END
START 1252 15228 3252 -1454 -3829 633 601 587 616 679 631 END
START 3028 17756 3012 -1938 -4117 843 601 589 616 679 631 END
START 2356 16452 4324 -2551 -4662 595 602 591 617 679 631 END
START 3108 15224 3104 -2629 -4837 -303 603 591 617 680 632 END
START 4472 19372 3160 -2882 -5012 -92 603 592 618 679 630 END
START 3296 15524 3400 -2953 -5786 -927 603 593 617 681 632 END
START 4676 18892 3744 -3185 -6373 -1519 604 593 618 680 632 END
START 3832 14908 4004 -3671 -6762 -2491 604 595 618 680 632 END
START 5056 18964 3532 -4209 -5149 -2884 604 596 618 680 631 END
START 3368 13836 3160 -4803 -4624 -4231 604 597 619 681 631 END
START 3404 17888 4608 -5513 -3802 -4146 605 599 618 680 631 END
START 2248 13564 4016 -5534 -4761 -5533 605 600 619 679 631 END
START 1460 14164 5848 -6267 -6276 -5442 606 602 620 679 632 END
START 2560 16428 4608 -6661 -5745 -5739 606 603 619 679 631 END
START 1316 10832 4436 -7291 -4699 -6891 606 603 620 681 632 END
START 620 13812 5880 -8329 -3147 -6713 607 603 620 681 632 END
START 1248 14360 5136 -8641 -2059 -7333 607 605 621 681 632 END
START 100 9872 4392 -9457 -3161 -8198 607 606 620 680 631 END
START -640 11552 6936 -10900 -3165 -7532 607 606 621 681 631 END
START -476 13016 7380 -11468 -1861 -7651 608 607 621 679 632 END
START -784 8492 5676 -11654 -1974 -8395 609 608 621 681 631 END
START -1344 7084 6832 -12442 -2544 -8089 608 608 621 680 632 END
START -2356 8920 9188 -13338 -2569 -7283 608 608 621 681 632 END
START -1268 11364 9448 -13553 -1974 -7245 608 611 622 680 632 END
START -1712 7532 8596 -13521 -2143 -7943 609 611 622 680 632 END
START -1356 5048 7388 -13449 -2796 -8370 608 612 623 680 632 END
START -2808 4116 8852 -13825 -3122 -7999 610 615 624 680 632 END
START -2412 7824 10384 -14348 -2883 -7312 610 617 624 680 632 END
START -2252 8724 10988 -14774 -2000 -6962 610 620 625 680 632 END
START -2596 8648 11280 -14863 -898 -6934 609 622 625 680 632 END
START -2596 7004 10548 -14623 -887 -7312 602 624 626 680 632 END
START -3452 3356 11116 -14375 -1223 -7348 610 627 626 680 632 END
START -4024 2408 12844 -14026 -1743 -6888 609 626 627 680 632 END
START -5140 2644 15640 -13280 -1232 -5797 611 627 627 680 632 END
START -5884 3220 17908 -11827 -230 -4422 609 627 627 680 631 END
START -6272 6708 19380 -9557 171 -3203 609 627 628 680 633 END
START -5448 8328 18852 -6812 878 -2230 610 626 628 681 632 END
START -4804 6552 17676 -4196 968 -1877 610 626 627 680 632 END
START -5084 4016 16676 -2179 485 -1408 610 624 627 680 632 END
START -6036 4072 18032 -900 -74 -507 609 623 627 680 632 END
START -5212 7456 18000 -68 701 599 610 622 627 680 632 END
START -3076 10008 15472 909 2209 585 610 623 627 681 632 END
START -3064 6956 13564 1515 2227 -115 610 623 628 680 632 END
START -4084 3812 14120 1481 1312 -19 608 622 627 680 633 END
START -4060 7672 15340 1265 779 760 610 622 627 680 632 END
START -1916 10752 13764 1473 1222 1064 609 621 628 679 633 END
START -1520 9016 12668 1582 2059 634 608 620 627 680 632 END
START -2268 3844 11916 1544 2599 152 609 619 626 679 631 END
START -3680 2976 13032 1271 2216 594 606 618 625 678 631 END
START -4268 6428 15140 1453 2360 1520 605 617 624 677 631 END