START -2168 13708 11984 -1895 1168 14 622 626 644 685 618 END
START -2208 13848 12336 -1621 1006 208 622 625 645 687 618 END
START -2396 14100 12168 -743 398 845 624 626 644 684 618 END
START -2536 14036 12460 229 -89 1577 624 626 646 685 618 END
START -2684 13620 12436 1427 -97 2198 624 625 645 685 618 END
START -2848 14360 12640 2735 -42 2682 624 626 644 684 618 END
START -2624 15400 11992 4088 253 3204 625 626 644 685 618 END
START -2960 15812 11660 5421 511 3895 625 626 644 684 617 END
START -3032 15476 11340 6762 425 4611 623 626 644 685 618 END
START -2740 15012 10112 7920 456 5308 622 630 645 685 618 END
START -2208 15764 8284 8795 623 5849 625 627 644 684 618 END
START -2492 15644 7820 9007 1135 6066 622 625 644 684 618 END
START -2440 15824 6700 9035 1887 6298 625 625 644 685 618 END
START -1836 15764 5392 9037 2171 6607 623 625 644 685 618 END
START -668 15132 4184 9108 1665 6950 615 625 645 685 618 END
START -1960 15764 5272 8931 612 7198 626 627 646 686 617 END
START -1248 16416 4460 8659 839 7350 625 626 645 684 619 END
START 1332 17364 704 8164 2913 7040 627 625 645 685 618 END
START 2388 17092 3372 7206 3564 6597 625 625 645 685 618 END
START -352 14984 4188 5895 3096 6135 626 625 645 685 618 END
START 1784 13608 992 4462 3083 5491 626 625 645 686 621 END
START -708 13644 2936 3250 2643 4795 626 625 644 685 618 END
START 1268 13704 2072 2167 3047 3992 625 625 645 684 617 END
START -368 14496 3516 893 2934 3195 625 625 644 685 617 END
START -276 14432 3916 -461 3394 2255 626 625 645 685 618 END
START -1240 14516 4736 -1546 3982 1548 627 625 645 685 618 END
START 1276 14380 3024 -2389 4743 1136 627 625 645 685 619 END
START 2324 14840 1812 -3108 3927 825 627 625 645 685 618 END
START 676 13676 6492 -4082 1538 277 626 627 646 685 618 END
START -1044 11644 5752 -5362 -185 -477 627 625 644 685 618 END
START -1268 10336 6520 -6228 453 -1285 627 625 646 687 618 END
START -1812 11148 5992 -6646 1925 -1962 628 625 645 684 619 END
START -1256 11812 6172 -7245 2479 -2533 626 624 645 685 618 END
START -92 12292 5960 -8043 1915 -3013 626 623 645 685 618 END
START 948 11320 4768 -8916 740 -3175 625 624 645 685 619 END
START -2616 8624 9380 -9724 -125 -3375 626 623 644 680 618 END
START 380 7580 6736 -10286 709 -3526 627 624 645 685 619 END
START -32 7656 7016 -10196 1188 -3562 627 622 644 685 618 END
START -3464 8700 9796 -10183 712 -3209 626 622 645 685 619 END
START -3156 9752 9740 -10342 -425 -2932 626 623 647 685 618 END
START -1488 10008 8556 -10895 -1061 -2506 627 623 645 685 618 END
START 2384 7388 7948 -11494 -1356 -2461 627 622 645 685 618 END
START 1448 6628 8388 -11026 -975 -2439 626 624 646 687 618 END
START -4260 8068 13860 -10622 -1146 -2198 627 624 645 685 619 END
START 1528 8840 11236 -9996 -884 -1736 627 622 644 685 619 END
START 2040 7924 12908 -9333 -806 -1102 627 624 646 685 618 END
START 552 5512 12544 -7801 -920 -841 627 623 645 684 618 END
START 1256 6572 13204 -6022 -1539 -633 627 623 646 686 619 END
START 3532 8272 11336 -4609 -738 -367 626 625 645 685 619 END
START -1216 10748 14068 -3574 -124 -15 626 624 646 685 618 END
START 5296 9708 10456 -2875 360 147 627 624 646 686 618 END
START -2440 9892 14320 -2341 -412 -251 627 624 646 685 619 END
START 3888 9916 9464 -1707 510 -591 627 624 645 685 619 END
START -4272 11928 14704 -1501 -65 -404 626 624 646 686 619 END
START -8284 13088 17152 -1227 -310 27 626 624 646 686 619 END
START -3348 12940 15996 -1040 -1128 667 625 627 646 685 618 END
START 160 10536 11552 -885 -711 397 627 625 646 685 619 END
START -8832 10912 17768 -638 -1889 338 626 625 646 686 615 END
START -5860 11400 15136 -536 -1782 359 626 624 645 686 618 END
START -176 11708 10840 -399 -1718 321 626 625 646 685 618 END
START -6648 12556 14064 -403 -1301 529 628 620 646 686 618 END
START -6784 10272 14404 -569 -1229 450 627 624 646 686 618 END
START -5052 9396 13676 -534 -793 257 627 624 646 686 618 END
START -5968 10132 13400 -653 -872 33 627 629 646 687 618 END
START 1916 9656 7712 -640 -486 -126 626 624 646 686 618 END
START -388 10728 9384 -682 -284 -73 628 625 646 681 618 END
START -4212 11980 11508 -791 -448 -66 627 625 646 686 619 END
START -3612 9968 11888 -1128 163 -250 627 624 646 685 619 END
START 1456 8820 7868 -1289 787 -382 631 625 646 685 618 END
START -3096 8864 11308 -1269 207 -338 627 625 647 686 618 END