START 892 15812 4584 -2059 -607 114 595 564 589 658 613 END
START 912 15856 4316 -1930 -784 81 594 565 589 658 613 END
START 868 15708 4140 -1664 -1335 -95 594 565 591 660 614 END
START 1248 15532 3944 -1466 -1748 -228 594 565 593 662 615 END
START 1432 15440 3828 -1349 -1041 -248 594 567 595 664 616 END
START 736 15372 4168 -1187 -691 -369 594 568 595 666 616 END
START 712 15500 3980 -1078 -570 -496 594 567 596 667 617 END
START 312 15184 3828 -1014 -699 -550 594 569 596 668 618 END
START 316 15668 3676 -881 -1273 -499 594 568 597 669 619 END
START 504 15812 3580 -746 -1981 -300 594 569 597 670 621 END
START 648 16448 3160 -781 -2271 337 594 570 599 671 620 END
START 1216 17652 3052 -776 -2538 936 594 569 599 671 622 END
START 1940 18652 3028 -523 -3444 1224 593 570 599 672 622 END
START 2456 19172 3212 -141 -5526 1544 594 571 600 673 623 END
START 3696 19180 3364 52 -7380 1757 595 571 600 673 623 END
START 3840 19088 3236 8 -8683 1938 595 572 602 674 624 END
START 3616 18944 3896 -180 -10085 1866 595 571 602 675 624 END
START 3180 17216 3732 -116 -9997 1524 595 573 603 675 625 END
START 2400 14896 3680 36 -8740 899 595 574 604 677 626 END
START 2504 15368 3060 234 -7174 508 595 575 605 676 626 END
START 2632 17528 2784 187 -5910 544 596 575 605 676 627 END
START 1856 16132 2488 20 -5641 281 596 577 607 677 627 END
START 1576 13968 864 -6 -5795 -514 596 576 606 677 627 END
START 3112 17324 28 -557 -6056 -697 596 578 605 673 627 END
START 2312 15684 220 -1790 -6992 -1341 598 579 607 677 627 END
START 3260 14076 -1896 -2731 -6706 -2731 598 579 605 677 627 END
START 2980 15164 -1032 -4623 -6457 -3221 597 580 600 677 628 END
START 4252 16240 -2412 -6144 -4912 -4366 599 584 608 677 627 END
START 2724 13320 -1244 -8115 -4616 -5418 599 584 609 677 627 END
START 2984 15884 372 -9720 -3971 -6093 600 588 610 677 629 END
START 2944 11904 -980 -10865 -3612 -7878 600 592 612 677 629 END
START 1724 12704 1312 -12722 -2670 -7817 601 595 612 677 628 END
START 2420 15304 1704 -13699 -949 -8129 601 600 615 677 629 END
START 444 9876 1668 -14689 -1287 -9382 601 603 616 678 628 END
START -700 11672 4652 -15820 -1947 -9157 601 607 618 677 629 END
START 256 12712 5080 -16190 -1059 -9249 601 612 619 677 629 END
START -992 8060 4120 -16321 -813 -9904 602 615 621 677 628 END
START -2268 9900 5876 -17060 -1294 -9122 602 619 622 677 629 END
START -1800 13504 7276 -17638 -1663 -8551 601 624 624 677 629 END
START -1636 11264 8356 -17839 -1931 -8788 602 630 626 677 629 END
START -1948 8404 7768 -17879 -2402 -8835 602 626 628 678 630 END
START -3596 6248 9236 -18209 -3030 -8105 602 638 629 678 630 END
START -3936 10144 11560 -18557 -3730 -7064 602 639 630 678 629 END
START -3732 10880 13040 -17959 -4732 -6670 602 643 632 678 631 END
START -1724 11548 12340 -17460 -4671 -6648 603 646 633 679 631 END
START -2412 8880 13656 -16915 -3620 -6894 603 649 633 679 631 END
START -2348 5168 12276 -15994 -2827 -7305 604 650 635 679 631 END
START -3044 3808 12776 -15301 -1446 -7325 603 650 635 679 631 END
START -3948 4872 14304 -15258 -715 -6991 603 652 635 679 632 END
START -4008 5680 14780 -15240 -746 -6401 604 652 635 680 631 END
START -3792 8204 16108 -15142 -1267 -5774 604 652 636 680 632 END
START -3776 7680 16772 -14517 -1860 -5237 604 652 636 679 632 END
START -2860 6512 15460 -13288 -2611 -4666 604 653 637 680 632 END
START -2860 4636 15872 -11979 -2924 -4015 604 652 636 680 632 END
START -3768 812 17044 -10155 -3813 -3672 605 654 636 680 632 END
START -3580 -44 17100 -7851 -4500 -3125 605 653 637 680 631 END
START -4460 -560 17920 -6036 -4675 -2247 605 653 637 679 633 END
START -4420 1376 18948 -4455 -4438 -1462 604 652 637 680 632 END
START -3244 3656 18996 -2952 -2908 -629 605 652 636 680 633 END
START -2808 4992 17732 -1271 -876 65 606 656 638 680 633 END
START -1804 5300 15608 14 1661 204 605 653 637 681 632 END
START -3672 -84 14204 482 2197 -170 605 653 636 679 632 END
START -3888 3156 15260 86 478 586 606 654 637 680 633 END
START -2080 7556 15540 57 -309 1386 606 653 636 680 633 END
START -1044 5616 13592 114 -449 942 605 653 637 680 632 END
START -1244 484 12556 -9 -525 433 606 652 637 679 632 END
START -1940 4112 14484 -471 -270 1112 606 653 637 680 633 END
START -1592 6040 14992 -365 416 1433 606 652 637 680 633 END
START -380 5812 14192 277 1034 1149 606 651 637 679 632 END
START -1020 1320 13324 1178 1186 538 605 650 636 679 632 END