START 1700 16068 4024 -2082 -1616 278 588 572 601 665 614 END
START 1916 16092 3984 -2004 -1553 396 588 574 601 665 618 END
START 2192 16408 3828 -1680 -964 507 587 574 601 665 618 END
START 1860 16536 4368 -1254 -440 714 588 574 601 666 618 END
START 1428 16516 4832 -656 -933 619 590 574 601 666 618 END
START 1400 16160 5044 -101 -1935 415 589 575 601 666 618 END
START 1696 16056 4340 432 -2797 359 583 575 602 667 618 END
START 1776 15688 4476 626 -2859 324 589 574 602 667 619 END
START 1816 15376 4080 683 -2121 482 589 575 602 666 619 END
START 1992 15660 3820 728 -1491 623 588 575 602 666 620 END
START 1884 15708 3640 780 -1466 561 589 576 602 666 618 END
START 1860 15572 3460 791 -1330 599 589 575 602 666 619 END
START 1544 15220 3576 763 -1271 608 588 575 603 667 619 END
START 1112 15140 3832 713 -2142 507 589 576 602 666 619 END
START 1652 15220 3456 771 -2996 524 590 576 602 666 619 END
START 2568 15708 2516 821 -2913 700 590 576 602 667 619 END
START 2852 17056 2396 758 -2579 903 590 576 602 666 619 END
START 2864 17376 2672 482 -1970 869 590 576 602 666 620 END
START 1816 15208 2992 331 -1665 390 591 577 602 667 619 END
START 1464 13468 2680 434 -2168 -510 590 577 602 666 619 END
START 2644 16368 2376 365 -2679 -641 591 577 602 667 619 END
START 1896 15696 2884 -116 -2933 -661 590 578 595 667 619 END
START 2452 14180 1040 -75 -2256 -1457 592 579 603 667 620 END
START 2876 17448 2232 -604 -2009 -961 591 580 603 667 619 END
START 1664 13564 1288 -782 -2813 -2040 591 582 604 668 619 END
START 2664 17948 2116 -1452 -3684 -1664 591 582 604 667 620 END
START 3664 15560 -424 -1617 -4547 -2510 591 583 604 666 619 END
START 2824 17816 948 -2486 -5985 -1893 590 585 605 667 620 END
START 4212 17992 -388 -2862 -6902 -2663 591 586 605 667 620 END
START 3220 16084 172 -4340 -8802 -3471 591 586 605 666 620 END
START 5108 19992 -524 -5882 -8447 -3612 592 587 605 667 620 END
START 5136 15104 -2596 -7383 -6857 -5285 592 588 606 666 620 END
START 3816 12948 -1104 -9675 -4899 -6153 592 589 607 666 619 END
START 3920 16532 1168 -11610 -1979 -6652 592 590 607 667 619 END
START 3896 14472 -88 -12954 190 -8135 592 591 607 667 620 END
START 2072 10616 808 -14565 242 -9107 592 592 607 667 620 END
START 1112 14624 3960 -16028 333 -8783 593 593 608 668 620 END
START 196 13404 4648 -16536 -485 -9607 593 594 608 668 619 END
START -2680 7588 6152 -16562 -3795 -10315 594 594 609 667 620 END
START -2444 9084 6472 -16551 -6580 -9690 593 597 610 667 620 END
START -1336 11648 7408 -16702 -6237 -8072 595 599 610 667 620 END
START -3188 13148 9852 -16815 -5936 -7456 594 601 611 668 619 END
START -1976 12868 9536 -16774 -5976 -7704 594 601 611 668 620 END
START -2696 8084 9216 -16108 -5020 -7680 594 601 612 669 621 END
START -2448 6868 10312 -15646 -4062 -7161 594 605 614 669 620 END
START -3876 6032 12896 -14438 -2526 -6334 594 604 616 670 621 END
START -3916 7208 13536 -13522 -2221 -5683 596 609 616 670 621 END
START -3700 9136 13024 -12910 -2599 -5193 588 609 616 670 621 END
START -3200 11552 12848 -13020 -2718 -5004 597 610 617 670 621 END
START -1904 11808 12760 -13602 -1527 -4922 597 611 617 671 622 END
START -2740 9964 13848 -13291 257 -4512 597 610 618 671 622 END
START -2768 8632 13724 -12359 14 -4234 596 612 617 671 622 END
START -3372 4644 13784 -10772 -1562 -4180 597 611 617 671 622 END
START -2816 1484 12964 -9139 -2738 -3612 597 610 617 671 622 END
START -2152 1588 12808 -7798 -2486 -2968 598 613 619 671 622 END
START -3268 524 13988 -6625 -1440 -2611 598 612 617 671 622 END
START -3156 2216 14524 -5772 111 -1992 598 612 618 672 622 END
START -3596 4864 14832 -5023 963 -1259 598 612 617 671 623 END
START -2428 8400 15312 -4213 1765 -645 598 612 618 671 622 END
START -2672 8048 15720 -2676 2053 -86 598 611 617 671 622 END
START -3020 7608 15052 -1016 1701 172 598 612 617 671 622 END
START -2764 3804 13588 190 1273 482 599 611 617 671 623 END
START -3992 3236 14124 425 732 1126 599 611 617 670 622 END
START -4692 6968 16024 529 -157 2048 599 611 617 671 623 END
START -3720 8884 16140 804 -388 2460 599 612 617 671 622 END
START -1932 11768 14796 1279 275 2297 599 610 617 671 623 END
START -996 9372 13116 1672 1153 1790 599 609 617 672 622 END
START -1064 7800 12516 1972 1754 1091 600 610 617 671 623 END
START -2164 4120 12856 2127 1858 1004 599 610 616 672 623 END
START -2916 3796 13716 2403 1520 1351 599 610 618 672 623 END