START -896 9956 10944 -647 -1996 -702 607 0 648 693 619 END
START -364 9864 10844 -682 -1906 -753 607 0 648 687 618 END
START -88 9968 10068 -802 -1149 -358 607 0 650 690 619 END
START -688 9820 10200 -902 -636 -361 605 2 648 686 618 END
START -900 10128 10912 -1109 -161 -138 605 1 648 687 618 END
START -1164 9880 11872 -1225 -85 -247 603 0 649 687 618 END
START -864 10132 11876 -1231 109 -332 604 0 650 688 618 END
START -1252 9448 11572 -1279 -429 -340 604 0 651 691 619 END
START -788 10644 11280 -1153 -742 3 604 0 650 688 619 END
START -828 10204 10728 -939 -1095 -506 604 9 651 687 619 END
START -532 9068 10704 -1119 -877 -836 604 0 650 688 619 END
START -448 8620 10760 -1269 158 -775 604 0 651 688 619 END
START -568 8356 10564 -1444 947 -877 604 0 650 686 619 END
START -1076 8096 11252 -1383 1017 -816 605 0 651 687 617 END
START -1668 9088 11316 -1119 -119 -798 605 0 657 688 619 END
START 1216 11668 11616 -1048 257 -194 606 0 651 689 619 END
START -1812 11892 13928 -1656 -993 9 606 1 651 689 620 END
START 456 9512 11020 -1630 -444 -288 605 0 655 689 620 END
START -3208 7928 14036 -1170 -241 -738 606 0 653 688 620 END
START 1344 10332 8960 -356 841 -570 605 3 651 686 619 END
START -4016 12076 17696 -522 -762 304 606 0 651 688 620 END
START 1764 8688 14036 0 -1788 40 606 0 652 689 621 END
START 2416 7708 16200 1383 -3270 -255 606 0 652 688 620 END
START -772 10184 16672 3622 -4338 -328 606 0 652 688 620 END
START -184 10712 18204 4382 -6300 -9 608 0 653 682 619 END
START 1916 9000 17652 5943 -6975 -1253 608 0 653 689 621 END
START 2084 11892 10452 7960 -7148 -2390 608 0 652 689 620 END
START 2920 11072 15292 7838 -8190 -2585 608 0 656 689 621 END
START 5000 6996 12676 8424 -8822 -4841 609 0 653 690 621 END
START 3272 11060 8292 9488 -7602 -6055 605 0 654 689 622 END
START 5196 10504 11288 8660 -6738 -7136 608 0 655 690 622 END
START 1904 6956 11120 8473 -8236 -9260 609 0 655 691 622 END
START -988 8768 9672 8517 -9943 -10374 610 0 655 691 623 END
START 4848 11296 7612 7196 -10208 -10715 609 0 656 691 622 END
START 3624 8068 6160 5946 -10754 -12337 607 0 656 691 622 END
START 1484 8140 6452 4872 -9972 -13654 612 0 657 691 622 END
START 684 12180 9540 3760 -8373 -13744 609 0 657 692 623 END
START 2484 9084 6088 2313 -9754 -14639 611 0 662 692 622 END
START -176 6948 6636 1696 -11764 -15948 610 0 658 692 622 END
START -372 9292 5224 1365 -11616 -16474 608 0 658 692 623 END
START 1004 11336 5140 -279 -10889 -16137 607 0 658 692 621 END
START 1548 7588 2736 -1854 -9688 -17552 607 0 658 692 622 END
START -836 8656 5176 -3351 -5921 -18950 606 1 663 693 621 END
START -1152 12280 6940 -4732 585 -18211 607 0 659 695 621 END
START -2120 9756 5876 -6231 189 -17911 607 0 659 692 620 END
START -8924 7740 10152 -6112 -2298 -17861 607 0 660 692 619 END
START -10444 9764 10088 -5465 -1684 -16902 608 3 659 692 621 END
START -14284 11184 14748 -5888 625 -14138 609 0 658 693 621 END
START -13116 7844 11992 -5563 2542 -12533 609 0 659 693 622 END
START -14220 10296 11484 -4897 3630 -10034 605 0 659 692 621 END
START -13404 10892 12968 -4713 1818 -6630 609 0 660 693 621 END
START -11328 7744 9880 -3061 -347 -5691 608 0 659 694 621 END
START -9328 13248 7648 -1694 -579 -3079 609 1 660 695 622 END
START -9632 10820 13024 -1813 -3157 -1549 609 0 659 693 622 END
START -8436 9248 11324 -652 -2455 -1925 609 0 662 693 618 END
START -3844 13808 7516 -54 339 -407 608 0 658 693 623 END
START -6568 11228 11516 -479 -509 110 609 0 659 693 622 END
START -6768 9056 11092 -32 310 -572 609 0 660 693 621 END
START -6276 9936 10380 277 317 -476 610 0 660 693 622 END
START -5156 14316 12412 192 673 829 612 0 657 693 623 END
START -5132 10984 10804 -353 -1132 870 610 0 659 693 622 END
START -6352 8628 10672 -226 -2101 325 610 0 659 693 622 END
START -5508 11268 8572 31 -1358 276 610 0 660 693 623 END
START -5880 13004 12536 -466 98 1549 610 0 659 694 623 END
START -5032 8984 9716 -953 -304 1195 610 0 662 693 622 END
START -7440 6816 10408 -996 259 457 611 0 659 693 622 END
START -6084 8504 9712 -842 508 276 612 0 659 690 622 END
START -3120 11876 7600 -944 1080 1648 610 0 659 694 622 END
START -6080 9544 11808 -1497 -1877 1368 611 2 660 688 622 END
START -5472 6644 9872 -1030 -2028 633 610 0 659 693 622 END