START -1220 15644 8652 473 -2044 -195 629 618 645 683 618 END
START -1392 15172 8504 590 -2151 36 629 619 645 684 618 END
START -1568 14524 8240 787 -1939 569 628 619 644 683 617 END
START -1572 13924 7876 815 -1027 939 629 619 644 684 618 END
START -1728 13604 7408 672 -544 1251 629 620 644 684 618 END
START -1676 13204 6948 350 -589 1461 629 619 644 685 618 END
START -1620 12596 7020 -27 -708 1610 630 611 645 684 618 END
START -1680 12740 7024 -281 -367 1713 629 619 645 684 619 END
START -1384 13392 7404 -493 343 1606 629 620 646 685 618 END
START -1572 13276 8084 -689 375 1459 629 620 645 684 618 END
START -1448 13024 8700 -454 -204 1604 628 620 644 684 619 END
START -1572 13896 8996 245 -582 1884 629 620 645 683 618 END
START -1484 15616 8872 947 72 2150 630 620 644 684 618 END
START -1680 16776 9092 1536 984 2439 628 619 645 683 617 END
START -1652 16832 9484 2394 1273 2936 629 619 645 683 618 END
START -504 16416 8372 3813 1059 3653 630 619 645 684 618 END
START -2036 16924 8720 5203 -104 4353 629 619 645 684 618 END
START -672 17964 7076 6244 -495 5016 631 619 645 684 618 END
START -732 19080 6384 6708 -650 5567 630 619 644 684 617 END
START 2432 18328 2440 6654 617 5839 630 619 645 684 619 END
START 2592 17636 6224 6087 1226 5835 629 619 644 684 619 END
START -252 15696 5064 5482 791 5774 629 618 645 684 617 END
START 1524 15668 2852 5129 394 5830 629 622 645 685 618 END
START 1512 14596 1888 4703 78 5603 631 619 644 684 617 END
START 1004 14192 3896 3759 -5 4841 629 619 645 684 618 END
START 1964 13764 2892 2883 1169 4051 630 619 646 684 617 END
START -344 13888 4080 2131 1538 3432 630 619 645 683 617 END
START 1520 13944 2528 1521 2047 3008 630 618 644 684 619 END
START -376 15240 3456 825 1711 2537 630 620 645 684 618 END
START 2380 15620 2340 -204 1656 2000 631 620 645 684 618 END
START 2504 15428 2428 -1232 1598 1444 630 620 646 684 618 END
START 3400 14696 6680 -2049 2244 730 630 619 646 683 618 END
START -564 12756 6156 -2226 2520 283 630 619 645 684 618 END
START -496 11524 5256 -2237 2996 -149 631 619 644 685 620 END
START 560 11336 4912 -2326 1966 -627 630 620 644 684 618 END
START -964 12408 5812 -2860 34 -933 629 620 644 685 616 END
START 512 12800 3940 -3761 -439 -1395 629 619 644 684 617 END
START 988 13648 3864 -4953 587 -1798 630 619 645 684 618 END
START 1880 13644 3460 -5983 2524 -2034 632 621 646 684 618 END
START 4444 13028 4672 -6772 3897 -2577 630 619 645 684 617 END
START 1548 11100 4156 -7650 2165 -3255 632 620 643 680 618 END
START -252 10088 5388 -8523 620 -3517 629 621 645 684 618 END
START 292 10616 4608 -9510 140 -3784 629 620 645 684 618 END
START 424 10636 4916 -10257 999 -3978 629 619 644 684 617 END
START -596 11116 5724 -10848 982 -4122 629 618 645 684 619 END
START -1052 12020 6364 -11523 -386 -4083 627 619 644 684 618 END
START -2152 9988 9752 -12367 -1517 -4409 627 618 644 686 618 END
START -1948 8816 9384 -12669 -824 -4685 628 619 644 684 617 END
START -2496 8704 9364 -12099 -31 -4992 627 619 645 684 619 END
START -3224 9392 10916 -11870 173 -4861 627 619 644 684 618 END
START -3132 11208 11516 -11533 -98 -4510 626 619 644 683 618 END
START -2084 8604 12236 -11208 -105 -4267 626 618 645 684 618 END
START -3292 7428 13460 -10223 -356 -4077 625 619 644 684 618 END
START -3468 9048 14444 -9102 -377 -3606 625 618 643 684 617 END
START -2924 10696 14188 -8061 7 -3054 626 619 644 684 618 END
START 500 11460 15232 -7473 62 -2583 626 618 644 682 618 END
START -4320 9492 16752 -7146 -416 -2425 626 618 643 684 618 END
START -5656 7160 16820 -6188 -268 -2450 626 618 644 684 618 END
START -3484 8608 14668 -5377 -553 -1902 625 618 644 684 618 END
START 352 10592 11012 -4763 -871 -1129 628 607 643 683 618 END
START 3852 9192 9048 -4866 -1775 -389 626 617 645 684 619 END
START 1200 8000 9552 -5207 -2421 66 627 618 644 684 618 END
START 3328 7772 7536 -5694 -3654 352 627 615 643 683 617 END
START -2972 8816 11604 -6273 -4276 717 627 616 644 684 618 END
START 2296 10260 7368 -6210 -3334 1296 628 617 644 684 616 END
START -3872 11732 15536 -6333 -3019 1627 628 617 644 683 617 END
START 3628 7516 7588 -6532 -2766 1129 628 616 644 683 617 END
START 2212 7452 10332 -6641 -2500 953 628 617 644 684 617 END
START 3496 7688 9372 -7051 -2210 834 627 616 644 684 617 END
START -2036 9184 13996 -7460 -1578 790 628 617 644 684 617 END