START -2132 12312 10032 -721 -638 157 630 638 657 686 620 END
START -2116 12172 9912 -748 -622 255 629 641 657 686 620 END
START -1900 11756 9488 -825 -834 402 631 638 658 686 619 END
START -1748 11332 9060 -884 -1041 509 630 638 657 687 620 END
START -1552 11192 9348 -968 -838 460 629 637 658 687 620 END
START -1608 11188 9532 -1179 -638 274 629 639 657 686 620 END
START -1416 11404 9452 -1426 -149 64 633 638 656 687 622 END
START -1544 11580 9324 -1673 175 -185 630 638 658 685 620 END
START -1124 11036 9284 -1759 131 -332 630 638 657 687 620 END
START -1628 11020 10068 -1693 -7 -302 628 643 657 686 621 END
START 304 11220 9432 -1453 -238 -132 630 639 653 689 619 END
START 144 12568 9504 -1187 -226 63 629 638 657 687 620 END
START -2772 14300 12144 -951 8 261 629 636 656 688 620 END
START -2020 14884 11812 -679 732 427 629 638 657 687 621 END
START -684 14304 9704 -124 903 939 630 638 656 687 620 END
START -1476 13872 9536 960 340 1697 628 638 657 687 620 END
START -2800 14572 11068 2048 -545 2669 630 638 656 687 620 END
START -3056 14352 11536 3109 -912 3285 630 639 657 687 621 END
START -2228 14660 9888 3887 -637 3732 630 640 657 687 621 END
START -3656 15892 10608 4398 -9 4197 629 638 658 687 620 END
START -1780 15956 8364 4890 862 4641 629 640 657 686 621 END
START -2264 16112 7712 5427 194 5193 630 640 658 686 621 END
START -108 16140 5976 5750 -499 5525 631 627 657 687 621 END
START -940 16292 6888 5650 -1402 5667 630 640 657 688 621 END
START 3192 15856 4660 5082 -456 5676 630 640 657 687 621 END
START 1464 15192 6860 4208 -23 5480 629 640 659 686 619 END
START 348 13948 5828 3317 -578 4885 631 640 657 687 621 END
START 1140 13968 5340 2538 -825 4398 632 640 658 688 620 END
START 1720 12904 4252 1945 -725 3868 632 640 658 689 621 END
START -52 12820 5484 1200 -1338 3305 632 642 658 688 621 END
START 600 12820 5004 366 -1734 2504 630 640 658 689 610 END
START -140 13380 5652 -619 -1941 1643 631 639 658 688 621 END
START 824 13220 5180 -1315 -1470 511 631 640 657 686 621 END
START 1756 13112 5240 -1946 -18 -471 633 640 658 688 620 END
START -76 13684 6732 -2619 1224 -1414 631 640 658 687 621 END
START 508 13520 7084 -3111 1912 -1887 631 640 647 687 621 END
START -416 14440 6996 -3118 487 -1853 631 640 658 687 621 END
START 1780 13804 5132 -3188 -1522 -1909 631 640 659 688 620 END
START 348 12420 8352 -3789 -3015 -2543 631 641 658 688 621 END
START 1936 11348 6368 -4694 -1426 -3310 632 640 658 688 621 END
START -64 10072 7040 -5665 936 -3944 632 640 658 688 621 END
START -84 9984 7648 -6894 1338 -4310 630 641 658 688 621 END
START -724 9132 8472 -7749 229 -4234 632 641 658 690 620 END
START -1384 8344 9160 -7881 -1147 -4062 632 626 659 688 621 END
START -416 8828 9556 -8033 -1553 -3899 632 641 658 688 621 END
START -88 8912 8732 -8459 -1002 -3434 632 643 658 688 621 END
START 40 8180 13036 -9153 -986 -3002 631 641 657 688 621 END
START -992 5192 11632 -9336 -1164 -2673 635 640 658 687 620 END
START -2172 3428 12392 -8536 -1041 -2476 633 640 658 688 621 END
START -3128 4936 13352 -7356 -1407 -2243 629 639 659 689 622 END
START -3284 7072 13768 -6432 -1888 -1848 633 640 658 688 621 END
START 312 8664 13988 -6037 -1432 -1184 631 640 658 688 621 END
START -1572 7964 12800 -5910 -1492 -888 630 639 658 688 621 END
START -2032 7176 12276 -5628 -1409 -970 633 640 658 689 621 END
START -2076 8220 12880 -5132 -1107 -755 631 641 658 688 620 END
START -2804 10608 13436 -4640 -1119 -856 632 640 658 688 621 END
START -1008 11672 11940 -4088 -218 -656 631 641 658 688 621 END
START -1936 10784 13440 -3617 -120 -504 631 639 658 688 621 END
START -3120 9836 14552 -3117 -85 -687 631 640 658 689 621 END
START -168 9608 12404 -2524 -164 -524 634 641 658 687 621 END
START -392 10888 11752 -2054 -429 -291 632 642 658 688 621 END
START 124 12104 11260 -1665 -905 -61 632 640 658 689 621 END
START -776 12692 10792 -1459 -990 108 632 640 658 689 621 END
START -1812 10616 12820 -1459 -993 21 633 640 659 689 622 END
START 608 9732 11168 -1415 120 -164 631 641 659 688 621 END
START -2220 9304 12968 -1190 25 -290 632 642 659 688 621 END
START -1256 9288 11572 -898 -331 -213 631 640 657 689 621 END
START -844 9820 11044 -712 -504 0 629 640 658 689 621 END
START -2564 10180 11852 -716 -1102 7 632 640 658 688 621 END
START -1264 11200 11172 -771 -493 81 631 641 658 688 621 END