START 1788 15320 6916 -8366 2654 -2892 631 603 639 679 616 END
START 1836 15160 7092 -8132 2529 -2814 630 603 637 679 618 END
START 1188 15324 8328 -7404 1560 -2485 630 605 638 679 617 END
START 612 15348 10000 -6591 772 -2137 630 606 638 679 616 END
START 216 15228 10860 -5580 527 -1804 629 607 639 679 617 END
START 40 15188 10872 -4300 322 -1589 632 606 639 679 617 END
START -204 15132 10136 -3369 522 -1252 631 605 639 679 618 END
START -452 15120 9540 -2305 157 -909 630 607 638 680 617 END
START -148 14652 8460 -1550 -318 -635 629 606 639 679 617 END
START -868 14188 8996 -1163 -953 -291 629 609 638 679 617 END
START -2216 14164 9760 -1019 -1654 0 628 608 640 679 617 END
START -1212 13552 8612 -997 -1845 231 628 606 640 683 617 END
START -1376 12908 8372 -746 -1465 429 630 610 640 681 617 END
START -3080 13376 9556 -422 -901 497 629 609 640 680 617 END
START -980 14572 7792 -186 -183 533 628 609 640 681 617 END
START -1092 15560 7500 107 936 758 629 610 640 680 617 END
START 200 15932 5420 436 1107 1180 628 608 639 680 618 END
START -612 16784 5028 696 -445 1534 628 610 639 680 617 END
START -1292 17864 5328 422 -2408 1883 630 609 640 680 617 END
START 1364 18288 4036 161 -2423 2109 630 611 639 680 618 END
START 244 18928 5532 118 -1342 2255 629 611 641 680 618 END
START 2912 19140 3036 120 1003 2143 629 610 640 680 617 END
START 2960 17968 7932 54 2098 2163 630 610 640 675 617 END
START -1428 16020 8880 307 1528 2460 630 611 641 680 617 END
START -1124 15456 8952 555 212 2797 635 613 641 679 617 END
START -956 14560 8684 1137 60 2977 630 612 641 681 618 END
START -2684 14588 9456 1915 -403 2883 631 612 637 680 618 END
START -300 14308 8348 2525 81 2631 630 612 640 681 618 END
START -1660 13956 10036 2761 712 2384 629 613 642 680 617 END
START -2480 13828 10772 3128 1337 2012 631 613 642 681 617 END
START -3432 14188 10952 3877 1125 1884 630 614 643 682 618 END
START -2476 14932 9548 4511 568 2167 632 615 643 682 617 END
START 556 14832 5972 4743 904 2269 630 616 642 682 617 END
START 608 14724 8368 4602 1519 2098 632 616 643 683 618 END
START -1596 12800 6820 3800 1932 1608 630 618 644 682 617 END
START 1336 11676 4472 2656 2332 1136 631 620 644 683 618 END
START 408 9820 4612 1418 1552 539 631 621 645 683 619 END
START 1480 9804 4192 219 1454 48 630 620 644 684 614 END
START 1584 9688 3384 -1158 1906 -482 635 622 644 683 618 END
START 844 10368 4252 -2549 2784 -1011 630 622 646 683 617 END
START -932 10624 5644 -3783 3246 -1422 630 624 645 684 618 END
START 276 11584 5408 -5053 2961 -1554 631 628 646 684 618 END
START 676 12188 4668 -6170 2073 -1553 630 629 647 685 618 END
START -612 9556 7232 -7166 934 -1764 630 630 646 684 619 END
START 480 9340 6108 -8004 493 -1952 630 631 646 686 619 END
START -224 8372 6756 -8550 295 -1939 630 631 647 684 615 END
START 144 8740 7200 -9115 -134 -2096 629 630 647 685 618 END
START -1412 9388 8964 -9727 -1001 -2244 630 632 647 684 618 END
START -1528 9744 10284 -10020 -1386 -2365 629 631 646 684 619 END
START -1060 10764 11032 -10121 -1075 -2256 627 630 646 685 618 END
START -432 8884 11120 -9914 -676 -2291 625 624 647 684 618 END
START -2000 8048 12680 -9144 -257 -2499 625 627 647 685 618 END
START -2532 8508 13308 -8375 -551 -2462 624 627 646 684 618 END
START -2084 9512 13540 -7514 -815 -2260 624 628 646 685 619 END
START -1888 10972 13500 -6533 -803 -1772 623 627 646 684 618 END
START -236 10244 13900 -5712 -895 -1494 625 627 647 685 614 END
START 536 8672 11468 -4882 -657 -1341 625 627 646 684 619 END
START 188 9708 11452 -4090 -371 -1220 626 627 646 685 618 END
START -88 10568 11940 -3531 -173 -1024 626 627 647 685 618 END
START 548 12252 10924 -3039 -325 -745 626 627 646 685 619 END
START 3028 12536 10560 -2717 -322 -306 629 627 646 684 619 END
START 148 11180 11220 -2517 -484 -355 627 628 647 686 619 END
START -3516 10320 14092 -2205 -64 -448 626 627 646 685 619 END
START -4336 11248 14044 -1929 -774 -270 626 628 646 685 619 END
START -3908 12160 13292 -1530 -1474 -102 626 628 646 685 618 END
START -2724 13168 12228 -1271 -1155 249 627 627 645 685 619 END
START -2500 10828 12820 -1275 -960 4 628 628 646 685 619 END
START -2004 9192 11140 -1110 22 -178 629 628 646 685 619 END
START 888 9488 9352 -943 -96 -235 628 628 646 685 618 END
START -848 9876 10364 -914 -659 -212 627 628 646 685 619 END