START 3348 15236 2132 -5358 -607 -3272 581 573 581 661 623 END
START 3344 15296 2360 -5484 -591 -3309 582 573 581 662 623 END
START 3224 15564 3216 -5743 -334 -3287 583 573 581 662 623 END
START 3248 15972 3708 -5865 215 -3181 585 573 582 662 623 END
START 2784 16108 4544 -5566 221 -3152 584 573 581 662 623 END
START 2132 16264 4604 -4977 -377 -3213 584 573 581 661 623 END
START 2100 16368 4272 -4263 -966 -3265 585 572 580 663 624 END
START 1296 15896 4388 -3602 -1589 -3304 585 572 581 661 623 END
START 1032 15496 4444 -2979 -2370 -3169 585 572 581 662 623 END
START 964 14948 4268 -2421 -2983 -3076 585 573 581 662 623 END
START 128 14148 4340 -1957 -3256 -2945 585 573 581 661 623 END
START -656 14008 3860 -1589 -3052 -2646 586 573 581 662 623 END
START -876 13956 4096 -1401 -2940 -2368 586 573 582 662 624 END
START -1096 14540 3568 -1040 -2688 -1998 586 573 581 662 623 END
START -1256 14912 2968 -498 -2239 -1429 586 573 581 662 623 END
START -960 16416 2000 161 -1523 -596 586 573 581 662 616 END
START -284 18972 1804 716 -683 513 586 573 581 662 623 END
START 140 20512 1500 1226 -1012 1525 586 573 581 661 623 END
START -4 18848 1880 1827 -2167 2265 587 573 583 661 622 END
START 808 16792 1276 2475 -3840 2274 587 574 583 661 622 END
START 2496 19344 -52 2848 -4554 2822 588 574 582 662 623 END
START 2752 20288 -60 2519 -5302 3372 586 575 583 662 623 END
START 2924 17052 -1988 2258 -4389 2676 586 577 583 662 623 END
START 3832 20924 -2304 1069 -3676 2792 586 578 584 662 623 END
START 3032 16004 -3604 -469 -4222 1292 586 580 586 663 624 END
START 3956 19504 -2540 -2438 -4313 986 588 583 589 664 623 END
START 3512 14208 -3108 -4275 -3800 -510 587 587 593 665 624 END
START 3048 16788 -1248 -6585 -3118 -689 589 590 594 666 624 END
START 4044 16788 -2068 -8033 -1860 -2071 590 593 596 666 624 END
START 2852 13048 -836 -9860 -1542 -3004 592 596 599 667 625 END
START 2348 16724 2476 -11431 -1127 -3137 591 599 601 667 625 END
START 2604 15172 1760 -12011 -1786 -4281 592 601 602 668 624 END
START 2428 11852 1408 -12656 -3424 -4969 594 604 604 669 626 END
START 1200 13508 3856 -13836 -4701 -4483 593 605 605 669 625 END
START 2200 16496 4448 -14674 -4391 -4670 594 609 606 669 626 END
START 2788 14924 3288 -15593 -3632 -6001 595 609 606 669 626 END
START 1932 9828 2548 -16963 -3554 -7349 595 609 607 668 626 END
START 1124 8832 4512 -18688 -4456 -7880 595 612 608 670 627 END
START 2020 11664 5632 -20259 -4547 -7924 596 614 608 670 627 END
START 2604 11276 5256 -21478 -4739 -8713 597 617 610 669 627 END
START 2764 8920 4712 -22647 -4384 -9766 597 619 610 671 627 END
START 1080 4124 4728 -24080 -4353 -10840 597 619 611 671 627 END
START 136 1228 6624 -25579 -5065 -11553 597 621 612 671 627 END
START -244 1780 8784 -26982 -6173 -11646 598 624 612 671 627 END
START -1216 2804 12256 -27551 -6170 -11244 599 627 615 672 627 END
START -1920 2440 14424 -26753 -5888 -10451 600 630 616 672 627 END
START -2900 1564 17480 -24971 -6072 -9219 601 632 617 673 627 END
START -2732 868 19992 -21856 -5491 -7758 602 634 618 673 629 END
START -2560 672 19240 -17620 -3448 -6406 602 636 620 674 628 END
START -3152 -1584 18320 -13490 -1248 -5475 603 637 620 675 628 END
START -3520 -64 18204 -9771 889 -4748 604 637 620 675 629 END
START -3720 -1028 17900 -7027 2677 -4542 605 638 621 674 629 END
START -4968 -892 17392 -4987 4466 -3938 607 638 621 675 628 END
START -5148 328 17580 -3596 5565 -3038 607 637 620 675 629 END
START -5048 2800 18176 -2609 5586 -1935 607 639 621 676 629 END
START -4916 5400 18188 -1777 4594 -1024 608 638 620 675 628 END
START -3796 7536 17696 -1211 3760 -265 608 637 619 674 629 END
START -2892 8828 16928 -792 3547 89 608 637 619 674 629 END
START -2092 6936 15236 -380 3704 -363 608 637 617 674 628 END
START -2688 2484 14388 -378 3421 -509 609 636 616 674 629 END
START -3484 1016 15124 -370 2547 -304 609 634 614 673 629 END
START -3920 2156 16188 -241 1511 88 610 634 613 673 629 END
START -3512 6188 16776 -79 1587 919 611 635 613 674 630 END
START -2524 7792 16580 510 2477 1259 606 633 612 673 629 END
START -2368 5304 15476 1290 2767 821 611 632 612 674 629 END
START -2468 3844 14608 1933 2669 515 612 632 611 673 629 END
START -3356 1248 14020 2178 2589 696 612 630 610 673 629 END
START -4864 1956 15784 2100 2414 1346 614 629 611 672 629 END
START -5412 2880 16908 2254 1980 1983 613 629 609 673 629 END
START -5552 6920 18412 2695 874 2464 613 630 609 673 629 END