START 8 14256 7120 -1169 2546 -1979 635 658 669 693 617 END
START 76 14240 6588 -1315 2102 -1765 635 658 669 694 617 END
START 452 14108 6144 -2114 1012 -1176 635 659 669 694 617 END
START 1176 14084 5916 -3427 792 -896 634 660 669 694 617 END
START 1488 13756 6128 -4584 812 -750 636 654 669 694 618 END
START 1112 13780 6600 -5428 896 -831 633 661 665 696 618 END
START 1100 13312 7580 -5947 994 -904 635 660 671 694 617 END
START 272 13584 8660 -6102 1060 -1016 635 661 670 694 617 END
START 300 13672 9288 -6086 861 -1036 635 662 669 694 619 END
START -724 13636 10836 -5779 146 -866 635 661 669 694 619 END
START 220 14000 10696 -5013 -845 -591 636 661 670 694 618 END
START 136 13756 10460 -3859 -1830 -477 637 661 669 694 619 END
START -1220 13140 11832 -2547 -3112 -379 635 661 671 694 618 END
START 172 15264 11608 -1327 -3202 -217 635 661 669 695 612 END
START 392 17568 11920 -254 -2189 -171 635 661 668 694 618 END
START 3060 17804 11660 1047 -1396 490 635 661 669 695 618 END
START -100 18088 14400 3102 -1825 1453 636 661 669 695 618 END
START 96 16848 14328 5667 -3530 2392 637 662 670 695 619 END
START 1284 15652 11552 8003 -3972 3006 634 662 669 696 618 END
START -1632 14816 11796 9820 -3666 3382 636 662 669 695 618 END
START -300 14404 9788 10503 -2003 3602 636 663 670 695 618 END
START -428 14016 8012 10534 -1358 3840 635 662 669 695 618 END
START -1616 14568 6128 10348 -1944 4119 637 662 669 695 618 END
START -776 16128 3932 10104 -2713 4733 635 664 669 695 617 END
START 2496 16384 3392 9435 -2736 4849 636 663 670 695 619 END
START 1592 15764 2708 7797 -2806 4388 635 664 662 695 618 END
START 1884 15400 1240 5390 -1932 3472 635 662 669 696 619 END
START 1872 13380 1176 2787 -979 2493 636 664 669 695 618 END
START 1672 12260 2328 639 169 1758 634 664 668 695 619 END
START 2256 11736 2296 -834 1043 1072 637 664 668 693 617 END
START 200 11256 4064 -1715 947 233 639 664 669 695 611 END
START -976 11316 6980 -2395 1115 -207 636 665 669 696 618 END
START -920 10412 7672 -2798 1227 -572 638 665 669 695 617 END
START -1468 10496 7556 -2844 1141 -684 637 665 668 694 617 END
START -1412 12400 6680 -3002 69 -727 637 665 668 695 618 END
START -300 12936 5876 -3638 -804 -962 637 666 668 695 618 END
START 2588 13272 7840 -5353 -701 -1370 637 666 668 694 618 END
START 2116 10644 5972 -7096 575 -2029 636 667 668 696 619 END
START 1632 9408 5352 -8445 2258 -2862 637 667 668 694 618 END
START 1552 8176 5832 -9560 3509 -3451 638 666 667 695 618 END
START 924 8496 7072 -10660 3195 -3407 635 668 667 694 618 END
START 1436 8892 7124 -11685 2275 -3253 635 667 667 694 618 END
START 1364 10100 7600 -12848 246 -3168 635 666 668 696 618 END
START 808 10100 8804 -13622 -1051 -2932 635 666 668 696 619 END
START 3976 10244 9948 -14243 -750 -2880 636 666 667 695 618 END
START 1104 8172 11292 -14150 599 -3277 635 666 666 694 621 END
START -1224 6764 13748 -13377 470 -3720 635 667 667 694 617 END
START -1924 6260 15224 -12337 -570 -3602 633 666 667 695 619 END
START -3360 8412 16732 -10625 -1671 -2694 632 665 666 698 618 END
START -2428 9380 18228 -9106 -2846 -1346 632 665 668 695 618 END
START -1136 6068 15580 -7352 -3205 -930 632 664 667 695 618 END
START -572 6012 15460 -5627 -2684 -725 632 664 669 695 618 END
START 932 7064 13868 -4273 -1857 -679 631 666 668 695 619 END
START 2756 9976 11232 -3323 -740 -427 631 663 667 696 618 END
START 3200 10060 13952 -2894 -71 -219 630 664 669 695 618 END
START 4708 6888 9756 -2434 449 -592 631 664 670 695 619 END
START -392 7536 13456 -1795 75 -469 632 664 668 696 618 END
START -5332 9112 16628 -1342 -498 -282 632 665 667 695 619 END
START -3224 10996 14396 -1127 -615 -261 631 664 668 696 619 END
START 2396 11564 13112 -1177 -700 45 631 665 669 696 619 END
START -2236 10380 13956 -1306 -716 122 632 664 666 695 619 END
START -3080 8716 14020 -1493 -278 -199 632 664 668 696 619 END
START -2120 8948 13584 -1548 -684 -231 632 665 667 696 619 END
START -1576 9628 13248 -1456 -1248 -213 631 666 668 695 619 END
START -556 11620 12272 -1234 -1348 72 631 665 668 696 618 END
START 1792 11468 13344 -1269 -1294 375 632 665 667 695 619 END
START 988 8928 11164 -1255 -676 73 632 665 667 695 619 END
START -1012 8436 13116 -1157 -482 -197 633 665 667 696 619 END
START -1036 8304 12928 -936 -398 -329 630 665 668 695 618 END
START -1120 9516 12484 -621 -645 -332 632 666 668 695 619 END