START -384 19024 6396 2130 1114 2435 628 621 644 684 618 END
START -436 19144 6372 2349 1795 2689 629 620 644 683 617 END
START -644 18644 6092 3038 2639 3362 628 621 644 683 618 END
START -460 17564 5560 3666 1808 4037 628 621 644 684 618 END
START -56 16816 5616 4116 576 4608 629 621 644 683 618 END
START 384 16420 5876 4312 99 4847 629 621 644 683 617 END
START 588 16288 5804 4280 598 4856 629 620 645 684 618 END
START 628 16016 5840 4100 1925 4812 630 620 644 683 617 END
START 212 15800 6060 3932 2186 4534 629 620 644 684 617 END
START -296 15276 5992 3778 1336 4165 628 621 645 684 618 END
START 96 15116 5220 3820 964 3871 630 620 644 684 618 END
START 1012 14516 5040 3474 1280 3517 628 621 644 683 617 END
START -268 13984 5832 3118 1675 2918 629 620 645 684 617 END
START -244 13552 6196 2926 1809 2528 630 619 645 683 617 END
START -920 13652 6624 2796 1286 1988 629 621 646 684 618 END
START -728 14496 6024 2687 1447 1784 629 622 644 685 617 END
START -280 14448 4868 2284 2220 1243 628 621 645 684 618 END
START -720 13880 5392 1711 2687 826 628 621 645 684 618 END
START -1560 13420 5444 1207 2310 566 629 621 644 684 617 END
START 400 13388 3636 869 2324 381 629 620 644 683 618 END
START -1196 13960 4884 394 2194 252 629 621 644 684 618 END
START -516 14724 3768 -324 1726 36 628 621 645 684 618 END
START 228 14072 3628 -1211 1206 -196 628 621 645 684 617 END
START 296 14488 3572 -2164 -26 -231 629 621 645 684 617 END
START 3804 13644 4044 -3157 497 -350 628 621 646 684 619 END
START -460 11728 4892 -4069 1062 -709 628 621 646 684 618 END
START 1440 11772 3284 -4858 2090 -1118 629 621 646 685 618 END
START -880 10360 5448 -5768 2218 -1605 629 621 645 684 618 END
START -2748 11172 6972 -6664 1125 -1911 628 621 645 684 618 END
START -2628 11800 7240 -7019 460 -1604 629 622 646 683 618 END
START -1812 13220 6812 -7247 -432 -1155 627 621 645 684 618 END
START 2232 13068 7024 -7500 -463 -805 628 622 647 684 617 END
START -852 11204 6020 -8023 -1000 -741 628 622 646 684 618 END
START -2252 10368 8104 -8818 -1234 -878 630 621 646 684 618 END
START -2320 10748 8320 -9586 -2118 -1033 628 620 646 684 617 END
START -1212 11532 7292 -10093 -1988 -895 630 622 646 684 618 END
START -396 12956 6308 -10189 -1294 -674 629 625 645 684 617 END
START -964 10608 8576 -10855 -1324 -871 627 623 646 685 618 END
START -52 9800 7036 -11580 -1329 -1216 629 622 646 685 618 END
START 456 9012 8056 -12246 -1056 -1860 628 624 648 684 617 END
START 248 8872 8956 -12553 -151 -2256 628 624 646 685 618 END
START -372 9944 9368 -12083 658 -2447 628 626 647 685 618 END
START 476 10764 8796 -11703 476 -2412 628 626 647 685 618 END
START -352 9432 12880 -11657 -415 -2439 629 623 647 685 618 END
START -836 7468 12092 -11285 -990 -2596 610 626 646 683 618 END
START -1252 7748 13764 -10493 -1166 -2710 627 626 647 685 619 END
START -2364 9232 14524 -9111 -933 -2415 628 626 647 685 618 END
START -284 10108 14016 -7800 -302 -2053 628 625 647 685 618 END
START -1560 8720 16060 -6788 -518 -1800 629 626 647 686 618 END
START -2584 8072 16544 -5579 -517 -1882 628 626 647 685 618 END
START -1384 9248 15188 -4269 -382 -1617 626 627 647 685 617 END
START 1284 11036 12964 -3012 92 -1287 629 626 647 686 618 END
START 4324 10684 12336 -2299 412 -827 628 624 648 686 619 END
START -668 10292 13980 -1872 317 -936 629 626 648 685 619 END
START 3212 9084 10636 -1407 347 -1010 628 626 648 686 619 END
START -5516 10968 16592 -1096 -243 -827 628 627 648 686 620 END
START -740 11472 12320 -647 188 -594 628 626 648 686 618 END
START -6212 12496 15188 -473 -556 -72 626 627 648 686 619 END
START -5948 10380 15568 -514 -1062 9 630 626 647 685 618 END
START -4860 8916 14428 -430 -974 -43 629 628 649 686 618 END
START 3916 8480 8216 -323 -241 151 629 627 648 685 619 END
START -732 9792 10996 -334 -383 210 627 627 646 686 618 END
START -6100 10832 14428 -289 -1502 389 628 626 647 685 619 END
START -3864 12028 12256 -280 -1043 497 629 627 648 685 617 END
START -2980 9596 12800 -433 -795 316 628 626 647 685 619 END
START 368 8408 9876 -521 270 52 628 626 647 686 618 END
START -3380 8500 12980 -625 -405 -4 628 626 647 686 619 END
START 1016 8136 9860 -629 -277 -229 627 627 647 685 619 END
START -1844 9252 11312 -631 -775 -256 628 626 647 686 618 END
START -1068 10536 10664 -553 -839 -391 628 627 648 685 619 END