START -2696 12956 8628 -589 -239 121 632 627 0 691 606 END
START -2868 12928 8636 -484 -201 129 630 627 0 691 606 END
START -2784 13148 8320 -280 -28 2 631 626 0 692 607 END
START -2652 13076 7696 -371 153 -185 631 627 0 692 607 END
START -2356 13200 7240 -537 708 -243 632 628 0 688 606 END
START -2792 12956 7840 -572 913 -205 630 627 0 692 606 END
START -3004 13120 7844 -493 400 -117 631 628 0 692 607 END
START -3208 13196 7532 -509 -125 152 631 627 0 692 606 END
START -2592 13320 7432 -405 -236 265 631 627 0 692 606 END
START -3320 13116 7288 -461 -172 387 631 628 0 693 606 END
START -2276 14056 6868 -418 515 628 631 626 0 691 607 END
START -1812 13864 6376 -615 273 476 632 626 0 692 607 END
START -2672 13160 6936 -920 -346 398 632 624 0 691 606 END
START -3228 12316 6912 -1178 -984 68 633 624 0 691 606 END
START -4372 11872 7380 -1412 -1196 34 631 625 0 692 606 END
START -4576 11668 8240 -1602 -866 -18 631 624 0 691 606 END
START -3740 12048 7460 -1867 -671 -177 632 624 0 692 606 END
START -3056 13056 6928 -2144 -940 -313 632 624 0 691 606 END
START -2464 14516 7248 -2336 -1596 -458 632 624 0 692 606 END
START -2404 14968 7856 -1905 -3333 -560 632 624 0 691 606 END
START -352 16808 7136 -729 -5289 -95 632 625 0 692 606 END
START 936 18644 6428 670 -7488 917 632 625 0 691 606 END
START 1664 19932 5836 1319 -10355 2190 632 625 0 692 606 END
START 3000 19268 4596 1645 -14317 2737 633 626 0 692 606 END
START 3136 18364 3436 1091 -18005 2620 633 627 0 692 604 END
START 2972 17264 3464 79 -19937 1643 633 628 0 688 606 END
START 2656 16264 3196 -1405 -19975 490 634 630 0 692 607 END
START 2828 14908 3232 -3138 -17769 -712 633 630 0 692 606 END
START 1004 14372 3596 -5179 -14385 -1836 634 631 0 693 606 END
START -4 12824 4720 -7200 -11208 -3057 635 633 0 693 606 END
START 656 12016 4928 -8993 -9746 -4227 635 635 0 693 606 END
START -1644 10440 6832 -10562 -8932 -5634 636 637 0 692 607 END
START 1296 9372 4792 -11830 -7654 -6455 638 639 0 693 606 END
START -2028 8672 6912 -12662 -7864 -7513 638 640 0 693 606 END
START 2012 7160 5660 -14016 -7153 -8685 638 642 0 693 606 END
START -792 5988 8620 -14858 -5028 -9363 639 644 0 694 606 END
START 1416 4296 7916 -15009 -1415 -9439 640 646 0 692 606 END
START -2344 4168 10688 -14848 5 -9590 640 648 0 693 606 END
START -5748 3468 12940 -14510 -1312 -9552 643 649 0 693 606 END
START -3752 3556 11120 -14186 -3541 -9774 641 651 0 692 605 END
START -1656 4360 9244 -14153 -5430 -10104 642 652 0 692 605 END
START -1960 3944 10540 -14263 -5888 -9590 642 652 0 692 606 END
START -2356 3308 11732 -14688 -5793 -9275 642 654 0 695 605 END
START -1380 3672 10160 -15330 -4270 -9375 642 654 0 692 605 END
START -340 4148 8892 -16379 -1501 -9359 642 654 0 691 605 END
START -1344 3320 9056 -17808 -184 -9380 642 655 0 690 604 END
START -964 2916 8688 -19500 -1720 -9872 642 655 0 689 603 END
START -1632 1856 9184 -21243 -4622 -10085 641 656 1 688 603 END
START -2464 -620 11700 -22719 -6675 -9790 641 658 0 687 603 END
START -1620 -1576 14372 -22656 -5889 -8680 641 659 0 687 602 END
START 300 -1588 15112 -21192 -3595 -7181 641 660 0 686 602 END
START -1220 -1340 16364 -19268 -2516 -6179 641 661 0 686 602 END
START -2752 -2176 19256 -16138 -2046 -5117 641 661 0 686 603 END
START -2092 -1332 19544 -12576 -991 -4012 640 661 0 685 603 END
START -1492 -124 19788 -9074 1070 -2766 641 661 0 686 603 END
START -2184 964 20108 -6498 1597 -2060 639 662 0 687 603 END
START -2464 1700 19888 -4708 786 -1585 642 662 0 686 603 END
START -1408 1700 18688 -3443 317 -974 641 661 0 687 603 END
START -1228 1548 18112 -2539 -214 -607 641 662 0 686 603 END
START -2340 1756 18276 -1884 -760 -410 641 661 0 686 603 END
START -1476 2352 17672 -1609 -1169 -337 641 661 0 686 603 END
START -2204 2024 18004 -1346 -950 -347 641 660 0 686 603 END
START -1636 1700 16596 -1104 -1028 -241 642 661 0 686 604 END
START -1972 1588 16432 -1018 -1425 -281 641 661 0 686 604 END
START -636 976 15060 -736 -842 -275 642 661 0 686 603 END
START -932 740 14612 -443 -289 -385 641 661 0 686 604 END
START -3268 -1316 15804 -333 -999 -543 641 661 0 686 603 END
START -3124 -556 15572 -298 -1141 -413 642 662 0 686 603 END
START -2300 -2020 14668 -313 -1092 -280 642 661 0 686 604 END
START -1656 -2132 14120 -237 -1126 -171 643 661 0 687 604 END