START 4184 15516 3520 -2252 407 3659 495 421 393 436 619 END
START 3872 15540 3780 -2109 175 3493 496 421 393 438 618 END
START 4300 15548 4160 -1711 -280 2843 495 422 390 437 619 END
START 4228 15780 4052 -1422 -29 2371 498 421 391 437 619 END
START 4052 15640 4044 -1086 -337 1758 498 422 392 437 620 END
START 4048 15672 4072 -873 -701 1340 498 423 393 437 621 END
START 3900 15340 4108 -514 -318 759 499 423 394 438 620 END
START 3668 15960 4280 -302 548 474 496 423 394 438 621 END
START 2920 15596 3260 90 982 -217 498 422 394 429 621 END
START 1956 13892 3552 75 757 -427 498 423 394 438 620 END
START 1064 15128 4512 7 565 198 500 424 395 429 621 END
START 2312 16824 3748 486 270 340 499 423 395 438 622 END
START 3104 16584 2444 985 -235 207 499 423 395 438 621 END
START 2620 15184 1392 961 -40 -100 498 422 395 438 621 END
START 316 13352 1540 492 160 -83 499 424 396 438 621 END
START -1080 13448 4100 -245 96 410 500 422 394 441 622 END
START 1104 15036 4292 -368 56 860 499 423 393 437 621 END
START 3828 16344 3428 -105 222 1034 500 422 395 437 622 END
START 5536 16976 1660 173 97 767 500 421 395 436 623 END
START 3828 15712 2324 178 -671 65 499 424 394 436 622 END
START 1988 13960 2280 75 -1287 -12 500 424 394 438 623 END
START 1188 14120 5224 -236 -2061 287 499 424 394 437 623 END
START 1456 15492 7392 94 -2669 345 499 423 394 430 623 END
START 3396 17472 7716 705 -2817 310 500 423 395 442 624 END
START 5428 19244 5504 1644 -2848 22 499 423 395 439 623 END
START 6364 19320 3604 2244 -2646 -226 501 423 394 438 623 END
START 7100 18728 2484 2532 -2209 -438 502 426 395 438 624 END
START 5896 17816 1340 2535 -2328 -508 501 423 394 438 623 END
START 6200 17040 1276 2058 -3182 -467 502 423 395 439 624 END
START 5384 16996 3760 1230 -4516 -171 502 423 395 439 624 END
START 4172 17572 5072 437 -6029 305 502 424 395 438 624 END
START 4884 19220 4008 345 -6015 -264 501 424 395 438 623 END
START 7500 19640 2004 500 -4239 -1440 504 424 395 438 624 END
START 7592 19152 904 576 -743 -2848 504 422 395 438 625 END
START 5216 15360 584 306 1418 -4324 502 424 395 438 624 END
START 2608 13012 80 -330 525 -4650 503 424 396 439 624 END
START -536 12756 3188 -799 -3099 -4980 503 423 394 439 623 END
START 472 13156 3000 -1039 -5959 -5799 504 422 396 439 624 END
START -408 13096 4208 -1194 -5453 -6568 504 425 393 442 624 END
START 4992 14244 1844 -1062 -1684 -8741 505 425 394 440 623 END
START 4216 13976 2112 -1291 4363 -9913 504 424 395 439 623 END
START 3512 14280 1728 -793 8172 -10943 505 421 395 439 621 END
START 1380 13316 892 54 7710 -12086 503 425 396 439 624 END
START -116 12184 764 176 4347 -12387 504 423 384 438 623 END
START -1780 11172 236 493 1051 -13160 504 425 396 441 624 END
START -2304 10224 436 114 231 -13729 503 424 397 439 623 END
START -3204 11440 2540 -518 899 -13763 503 423 395 439 622 END
START -3440 11160 3040 -896 3059 -13848 503 423 395 439 623 END
START -4200 12100 4044 -862 3684 -14905 504 424 395 438 623 END
START -2308 13740 2860 -1282 5367 -14732 503 423 396 438 623 END
START -5804 12992 4288 -937 5190 -14873 505 423 394 439 623 END
START -2596 13140 1384 -415 4643 -15352 504 424 396 439 623 END
START -5308 13704 1704 -423 2986 -14834 503 423 396 439 623 END
START -4088 12796 -532 -412 2464 -14934 503 421 395 445 623 END
START -4956 11872 -1680 -357 2737 -15195 504 422 398 439 623 END
START -8200 11344 -528 -374 1417 -15015 498 423 396 440 622 END
START -5468 11552 -2128 -1418 1756 -13658 503 421 394 438 622 END
START -10084 7992 -1220 -832 1520 -14102 503 424 382 440 622 END
START -9512 9336 748 -1260 660 -14149 504 423 397 440 622 END
START -12800 9656 2472 -1701 -53 -13380 504 423 396 439 622 END
START -11024 11920 1696 -1741 -153 -12891 504 422 396 438 621 END
START -11092 11688 2576 -2856 978 -11283 503 423 394 439 623 END
START -14464 12216 4536 -2461 554 -11486 503 423 397 439 622 END
START -13544 11676 3772 -2258 951 -10214 501 423 395 438 622 END
START -13432 12072 4600 -1820 950 -9812 501 423 396 439 622 END
START -12868 12756 3644 -1461 2908 -9197 504 422 395 439 623 END
START -12768 13108 2924 -894 4731 -7962 504 423 397 438 622 END
START -13360 12652 1240 20 4358 -6719 504 422 395 438 621 END
START -13448 12348 -296 687 3370 -5624 504 422 397 439 622 END
START -14720 11864 164 833 2211 -4253 504 422 397 438 622 END