START 1424 13740 3868 -170 -2183 11668 495 423 415 442 599 END
START 1984 13944 3840 -245 -1732 11454 495 423 415 442 601 END
START 2332 14448 4204 -711 -231 10877 494 423 415 443 602 END
START 1876 13940 4472 -700 46 10063 494 423 414 441 602 END
START 856 15176 4876 -456 -1450 8044 493 423 415 442 603 END
START 3656 13692 3892 -677 -1564 7742 493 424 415 442 603 END
START 3696 14636 4184 -892 -930 7054 494 424 414 442 605 END
START 3300 13928 4872 -964 -503 6038 482 423 414 443 606 END
START 3084 13232 4588 -270 -266 4622 494 423 414 441 607 END
START 3140 14724 4344 -836 -1539 3653 493 423 414 441 605 END
START 2160 13884 5820 -1266 -1631 3365 493 423 415 443 606 END
START 2960 14996 6360 -1135 -1955 2768 493 423 414 441 607 END
START 4468 15712 6708 -685 -1516 2172 493 424 413 441 608 END
START 5256 16712 4656 -128 -1534 1517 492 423 397 435 608 END
START 5000 16468 3380 107 -2110 1159 492 423 413 442 609 END
START 4836 15952 2664 392 -2415 527 493 422 412 441 609 END
START 2028 14816 3064 498 -3712 271 493 423 413 442 610 END
START -120 13852 4264 585 -5768 74 492 421 411 442 611 END
START -352 14064 6620 232 -6870 79 492 422 413 442 611 END
START 636 14232 7088 774 -6065 -81 492 423 411 441 611 END
START 5564 16468 4536 1020 -3779 334 492 421 412 440 611 END
START 4564 16712 3592 1334 -1282 -13 493 423 412 440 613 END
START 4516 16728 2400 1256 -595 -399 494 423 412 440 614 END
START 3012 15472 2036 1023 -988 -573 494 421 413 441 613 END
START 1492 14568 2396 781 -2339 -579 493 422 411 440 614 END
START 900 14268 3652 568 -4805 -192 494 423 411 441 614 END
START 1676 15228 6612 400 -7014 96 494 423 412 442 615 END
START 4896 17520 7240 770 -7162 191 495 423 412 441 615 END
START 7776 19144 5028 1529 -6233 430 494 421 413 441 615 END
START 7324 19964 4716 2191 -5316 303 495 423 413 441 614 END
START 7468 18680 2188 2586 -4825 -191 494 423 412 444 615 END
START 6364 17000 1572 2819 -3591 -924 496 423 413 442 616 END
START 4500 16076 1704 2951 -2779 -1510 497 424 413 442 615 END
START 2880 15208 2348 2592 -3019 -1964 497 424 413 442 616 END
START 2380 15468 4936 1974 -3888 -2440 496 424 414 442 615 END
START 3052 15680 4924 1542 -3946 -3078 497 424 414 443 616 END
START 4672 14748 4040 1161 -2872 -3473 497 425 414 442 615 END
START 3732 15552 4204 1341 -1525 -4828 498 424 414 442 616 END
START 6636 14920 1104 1289 541 -5839 498 425 414 443 616 END
START 7140 15572 -1396 887 2138 -6555 498 425 414 442 616 END
START 4748 13940 -1872 544 3104 -7774 498 425 415 443 614 END
START 1676 12640 -736 319 2948 -8978 498 426 414 442 616 END
START -520 11520 392 -46 2179 -9955 501 426 415 443 616 END
START -916 11360 3272 -451 1756 -11013 499 427 416 443 615 END
START -1280 11460 4368 -902 2292 -11621 500 427 415 444 616 END
START -1316 12496 5224 -963 2445 -12416 500 426 415 444 615 END
START -1032 12164 4236 -1114 3360 -12373 500 426 415 444 616 END
START -1616 13048 4388 -869 2586 -13162 501 425 416 444 615 END
START 516 13072 2148 -828 3440 -13130 501 427 416 445 615 END
START -1084 14116 1400 -270 4809 -13987 501 427 416 446 615 END
START -592 14404 -328 -560 5449 -13914 501 427 415 444 615 END
START -3260 13952 284 -490 6112 -13587 501 426 415 445 615 END
START -4628 12524 -1064 -60 4308 -14014 501 427 417 445 615 END
START -6832 11996 372 -371 2252 -14785 501 425 418 444 616 END
START -8004 10784 2080 -883 1612 -14785 503 435 416 444 615 END
START -6512 11364 1944 -605 1033 -13558 502 427 416 445 615 END
START -8648 10040 3260 -769 145 -13165 501 427 416 445 615 END
START -7424 11248 3020 -570 -459 -13733 502 427 417 446 615 END
START -8692 11036 4568 -679 864 -14319 502 427 416 445 615 END
START -5604 11596 2464 -891 4158 -15231 502 428 416 445 615 END
START -5460 12768 2096 -1923 8467 -14566 502 428 417 444 615 END
START -10644 11164 2576 -906 10952 -14877 502 428 416 443 615 END
START -10724 10820 1776 -941 10089 -13182 502 427 417 444 615 END
START -16700 11364 3200 -562 6800 -10353 502 426 415 444 615 END
START -16744 11704 932 10 2991 -7413 502 429 417 442 615 END
START -17160 11696 -896 393 -1219 -4989 501 427 416 444 615 END
START -15276 11904 -2764 527 -4227 -3246 503 428 417 444 615 END
START -13120 11300 -3948 259 -2631 -2008 502 428 418 443 614 END
START -12224 12468 -3320 -470 -1534 -1130 502 427 418 445 615 END
START -10256 11376 -3248 -1141 -141 -770 503 430 417 445 616 END