START -388 17108 6512 -1156 1339 181 453 396 386 466 594 END
START -412 17080 6572 -999 1264 196 453 395 391 464 599 END
START 76 16768 6132 -807 1215 82 477 395 387 466 598 END
START -452 16200 5840 -642 1286 230 456 387 391 464 598 END
START -1520 15660 5700 -534 506 118 454 391 390 465 598 END
START -2188 15472 5268 -507 -150 119 454 395 391 465 593 END
START -2480 14920 4732 -443 -800 199 465 396 389 451 569 END
START -2468 14960 3872 -304 -882 -9 430 392 391 465 607 END
START -2484 14536 3656 -368 -985 -34 455 395 391 465 599 END
START -1984 15600 3752 -201 97 -140 455 400 391 467 599 END
START -1640 14300 2668 137 595 -456 454 395 390 466 599 END
START -1896 13356 2248 25 -111 -385 453 393 388 466 601 END
START -3036 13236 2584 -140 -910 -159 456 397 393 464 601 END
START -2396 13508 1864 -333 -1067 -641 455 396 392 465 598 END
START -1936 13708 1936 -338 17 -803 455 396 393 465 600 END
START -1664 14080 1512 -443 742 -860 456 394 391 465 599 END
START -2424 16192 2992 -573 1189 -254 456 351 370 490 611 END
START -3020 16904 5796 -909 299 29 416 395 392 473 601 END
START -3060 15520 7016 -1074 -492 -319 454 395 396 461 599 END
START -1796 14652 2684 -619 461 -1376 455 394 390 500 600 END
START -1868 17836 3900 -345 2288 -1496 455 397 396 465 599 END
START -2288 15504 7304 -745 1134 -1977 458 395 391 465 599 END
START -452 16224 3228 694 2637 -2460 434 396 394 465 599 END
START -2992 18188 8404 658 2053 -1446 455 396 383 467 599 END
START -3128 13956 4960 1586 -562 -2095 445 398 392 466 600 END
START -2824 19412 5756 1316 -303 -1233 460 394 395 466 599 END
START -664 15760 1228 1475 413 -2797 455 397 392 466 599 END
START -1224 20100 5628 889 2784 -2626 457 391 393 465 577 END
START 1908 14360 1376 1226 2196 -3894 458 369 410 464 600 END
START 300 16364 6004 607 970 -4639 456 396 392 466 600 END
START -388 14164 792 1392 2894 -4260 457 398 391 466 601 END
START -3396 16884 5304 24 1736 -3324 455 396 392 466 600 END
START -2660 15344 -880 906 2136 -4173 467 395 392 464 600 END
START -3524 15560 4428 -67 2357 -5423 456 397 394 466 601 END
START -3364 11628 4696 395 -267 -8181 455 396 392 466 600 END
START 9296 16348 -3640 1447 6622 -8114 461 394 383 449 600 END
START -7432 13612 7020 834 7442 -6006 456 394 396 464 600 END
START -2780 10520 2956 1577 7959 -4403 454 397 392 467 601 END
START -4932 13916 -4380 2859 4743 -5154 411 399 391 466 602 END
START -5980 13888 3108 2188 -1835 -8427 409 400 394 472 599 END
START -3124 11576 920 2153 -1095 -10158 453 394 392 465 599 END
START -8176 10744 3760 2597 2678 -8896 454 392 420 465 601 END
START -5652 13540 524 3343 4443 -5606 458 396 394 466 603 END
START -11216 12704 5300 2933 1732 -6825 453 397 394 467 601 END
START -7416 10872 1248 3159 602 -10409 457 397 391 467 600 END
START -3136 12712 -3220 3285 281 -11395 454 397 394 466 601 END
START -6176 13180 1444 2645 1372 -9558 453 397 392 467 599 END
START -5628 10728 -256 2368 -713 -9112 451 392 375 471 601 END
START -11700 11184 3208 2279 -2839 -10121 456 404 391 466 602 END
START -8284 13368 2032 1261 -3405 -9690 452 398 385 466 599 END
START -10720 9356 2284 1111 -5133 -10832 453 397 394 466 600 END
START -3396 12452 -6028 1978 -1852 -12522 452 409 396 467 617 END
START -5352 10180 -264 802 -508 -12926 453 407 393 467 601 END
START -5944 8832 -2152 1360 1956 -9517 454 397 394 469 602 END
START -18600 11456 6300 2058 -1457 -7028 449 400 394 464 605 END
START -17636 7648 5180 1772 -1462 -11507 458 398 397 466 600 END
START -3336 12116 -7108 2839 3756 -13461 454 390 394 467 601 END
START -13172 9716 4528 1706 3057 -12202 465 404 390 466 600 END
START -12212 7452 1544 2061 845 -11894 463 402 393 467 600 END
START -3248 9344 -4236 2142 3257 -9552 453 399 394 466 601 END
START -16060 5616 3880 2482 1984 -11256 415 404 387 485 600 END
START -12360 9688 1296 3623 8469 -12691 461 400 394 467 601 END
START -3480 5892 -7572 2668 8865 -11560 446 399 394 466 600 END
START -9836 6904 -5412 4749 -427 -9727 454 404 396 467 600 END
START -23112 5360 7028 2088 -9202 -12822 425 398 378 467 600 END
START -17180 5688 280 2127 -7098 -14747 467 397 395 479 602 END
START -4900 5444 -5764 767 -254 -14029 453 398 394 467 600 END
START -4700 4960 -10372 865 6342 -12706 452 402 391 471 575 END
START -23608 5372 4712 159 3034 -11840 457 402 396 468 602 END
START -22800 5648 -1400 238 4456 -10618 454 399 393 466 600 END