START -248 14264 2844 -3709 3219 4035 519 402 405 423 574 END
START 208 13736 3280 -3623 3087 3910 515 404 406 423 574 END
START 1668 15108 4164 -3360 3778 3250 497 400 400 409 568 END
START 1012 13684 5056 -3380 5652 2968 480 396 394 405 564 END
START 16 14480 4408 -3883 7280 2642 467 395 390 397 561 END
START 120 14628 3436 -3870 7102 1957 459 396 392 401 562 END
START 1008 15428 4056 -3782 7041 1774 455 398 386 402 565 END
START -732 14948 4832 -3836 6883 1533 450 393 384 401 570 END
START 1184 14476 4840 -3560 4647 1222 448 389 372 404 575 END
START 468 14680 4132 -3665 3809 1855 450 392 372 406 581 END
START 2960 16376 3700 -3500 2896 1597 447 392 379 407 585 END
START 1764 16544 4764 -3483 3302 1242 448 391 377 408 590 END
START 2320 15992 5364 -3325 3022 402 447 395 386 408 593 END
START 2436 14296 5356 -3062 3398 -713 448 392 382 411 597 END
START 3384 14776 3856 -2700 4643 -1202 447 388 382 415 602 END
START 812 16648 5984 -2617 3802 -384 445 398 382 412 601 END
START -740 12212 4872 -2011 2051 -1036 449 393 384 415 603 END
START 2224 17864 6672 -1842 2183 -688 454 397 383 414 603 END
START 916 13044 6388 -2005 1450 -1272 450 392 386 417 606 END
START 900 17820 2064 -1439 3876 -1181 454 399 381 420 606 END
START 3788 13448 2916 -1783 3540 -1673 453 393 387 418 604 END
START -2072 16200 4076 -1448 3563 -1716 451 394 388 419 607 END
START -4 15236 6536 -2005 866 -1196 445 395 391 419 607 END
START 404 13752 4896 -1790 1133 -1497 451 397 391 425 610 END
START 3152 19296 6048 -1929 880 79 453 395 390 421 608 END
START 1064 15276 7116 -1108 546 -673 451 394 388 424 608 END
START -660 16432 7728 34 1498 -859 453 395 390 423 608 END
START 4752 19504 6636 114 -147 843 459 398 388 423 612 END
START -3136 15116 10480 1129 -6223 951 454 393 398 425 614 END
START 4608 16440 5388 2615 -6932 -279 454 396 392 423 611 END
START -932 18552 11276 1870 -8546 -525 452 392 390 424 611 END
START 8400 12212 1932 2948 -3596 -2815 458 403 393 420 610 END
START 7244 19012 4236 2653 -3851 -2757 455 396 393 424 612 END
START 2512 14952 4768 2408 -6864 -3292 455 397 393 421 611 END
START 5672 14524 592 3678 -3641 -4184 452 389 389 425 614 END
START -5900 17088 12244 2829 -4312 -3244 455 396 394 426 612 END
START -1588 11716 4604 4224 -195 -4072 456 398 394 418 611 END
START 3172 17696 3032 4351 1781 -2982 458 399 397 432 613 END
START -5164 12432 6036 4522 -1307 -3028 456 397 396 426 612 END
START -2972 17040 4552 5334 -1018 -2992 459 399 394 426 611 END
START 1564 12972 756 3799 -5011 -2645 456 395 391 425 613 END
START -2804 12104 2644 4061 -5067 -4584 456 397 397 427 613 END
START -956 14996 4236 2222 -3110 -4300 457 396 395 426 613 END
START 1764 10156 -1512 2296 -828 -7070 461 401 397 425 614 END
START 2696 15936 1904 854 150 -6875 456 397 397 428 613 END
START -1692 10708 2168 -256 -3692 -8641 455 396 399 429 614 END
START 2292 12600 -4852 -115 -3633 -10382 452 391 395 431 614 END
START 680 12076 1868 -2390 -5135 -10918 457 397 398 430 614 END
START -4060 9260 1628 -2293 -3108 -13110 458 397 395 430 615 END
START -3224 11804 3828 -4539 -4282 -13127 460 394 398 431 611 END
START -5348 8856 2468 -4949 -4907 -14995 456 397 400 432 615 END
START -4240 12916 4604 -7382 -6085 -15122 457 396 400 433 615 END
START -2284 8164 -940 -7363 -1536 -16530 457 391 402 436 615 END
START -5476 10588 4784 -7926 2375 -13958 454 400 402 437 619 END
START -13676 9984 7284 -6354 2396 -14891 458 396 402 437 618 END
START -13704 13904 11632 -6769 -22 -12072 459 398 408 437 617 END
START -16232 14216 5472 -3856 -336 -10152 460 399 407 441 617 END
START -15184 12360 7884 -3406 -2902 -7740 458 397 403 435 621 END
START -13416 17240 8968 -1189 350 -4254 459 397 403 438 620 END
START -9740 12516 4956 -279 -771 -4015 458 397 404 438 620 END
START -9380 18180 7844 -482 57 -1690 457 403 405 443 619 END
START -10620 13372 4456 690 10 -1829 459 397 402 438 620 END
START -6416 12760 4876 -359 -83 -340 461 403 404 437 617 END
START -9532 17936 6500 130 1426 946 459 397 405 438 620 END
START -7268 11368 2320 232 -679 386 460 396 405 443 624 END
START -4280 12528 3564 -1125 -1577 1510 464 400 404 434 618 END
START -6652 16920 6600 -1335 -70 2147 459 397 405 439 621 END
START -9884 12168 5472 -1134 -2075 354 456 399 406 438 620 END
START -7880 10544 7220 -2046 -493 1014 462 393 405 440 619 END
START -4780 14632 -1832 -936 1248 1208 458 397 405 439 620 END