START 3748 15236 5236 659 -1150 1408 486 408 398 432 627 END
START 3948 15432 5048 711 -1285 1380 485 407 394 432 626 END
START 3672 15292 4608 522 -1611 1473 488 408 396 432 627 END
START 3780 14912 4268 522 -2280 1578 486 407 395 433 626 END
START 3820 15108 4368 630 -2385 1618 487 409 396 432 627 END
START 4316 15368 4100 734 -1854 1533 487 408 396 432 626 END
START 4132 15504 4364 733 -2122 1757 489 409 396 431 627 END
START 4292 15576 3896 699 -3648 1792 487 407 396 433 626 END
START 4952 14808 3252 361 -4764 1661 485 409 398 432 626 END
START 6740 16204 3480 -24 -4127 1663 487 409 396 432 626 END
START 7160 17496 2760 -184 -3009 1177 490 408 396 432 626 END
START 7884 16892 2852 -79 -2582 173 488 408 397 433 626 END
START 6784 15496 2216 -20 -1604 -778 490 409 397 432 626 END
START 5464 14812 2156 70 -1565 -1340 489 409 396 433 625 END
START 1940 13508 5016 -132 -3504 -898 488 409 395 431 625 END
START 1076 14540 6676 73 -5928 -303 489 409 400 432 625 END
START 2440 15804 6232 383 -6588 449 488 409 397 432 623 END
START 5168 17792 4368 1080 -5584 663 489 410 396 432 624 END
START 8072 18064 1424 1859 -3253 236 489 409 397 432 623 END
START 8688 17828 1068 2604 -8 -1118 492 410 396 433 623 END
START 7196 15476 756 2856 2195 -2146 491 410 399 433 623 END
START 4380 13488 1756 2713 391 -2164 491 411 397 432 617 END
START 3500 14288 3572 2247 -2607 -1990 491 410 397 433 622 END
START 2348 15024 5140 1939 -3700 -2334 491 410 398 433 622 END
START 6400 15400 2052 1491 -2700 -2944 492 409 396 433 622 END
START 7388 16632 1576 1478 962 -4691 491 409 398 432 619 END
START 7848 16496 484 1409 5574 -6035 492 410 397 431 619 END
START 5852 15588 384 1517 7028 -7553 491 410 401 432 618 END
START 2912 13632 1348 1599 5621 -8519 491 410 398 431 619 END
START 2376 13628 232 590 3446 -8306 491 408 398 433 618 END
START 384 11844 1488 -51 1488 -8987 491 410 398 432 619 END
START 1948 13048 2236 -733 391 -9667 491 410 396 432 618 END
START 3736 13784 1356 -910 1614 -10326 492 409 397 432 618 END
START 2280 14472 2696 -860 3069 -11641 491 410 398 431 617 END
START 3576 14628 1528 -984 4831 -12305 492 411 398 432 618 END
START 2940 14644 468 -780 4958 -13405 489 409 399 433 618 END
START 1520 12504 -1272 -594 4176 -13937 490 410 398 432 617 END
START -1008 12408 592 -338 2997 -14544 489 410 398 432 617 END
START -632 11368 -1108 -467 2217 -15069 493 410 398 432 617 END
START -4360 11056 1540 -825 1851 -14962 491 410 398 433 617 END
START -3424 9632 516 -1207 2451 -15118 489 410 399 434 618 END
START -5660 11256 3080 -1180 2178 -15296 490 409 398 432 617 END
START -5512 11520 3060 -1254 2970 -14766 490 410 398 433 617 END
START -7396 12372 4800 -1535 2605 -14592 490 410 398 432 617 END
START -3428 14260 2752 -2236 2946 -13455 490 409 399 432 616 END
START -8108 12668 5044 -1310 2216 -14080 491 411 399 433 617 END
START -4132 13272 2672 -1061 1891 -13771 490 409 399 432 618 END
START -4356 14300 2328 -1029 1971 -13721 490 410 399 432 618 END
START -5028 14260 1500 -1570 3048 -12909 490 411 398 432 617 END
START -6180 14128 808 -419 2671 -13973 489 410 400 432 611 END
START -5788 11844 -696 -311 2983 -13933 491 410 399 433 617 END
START -9332 10968 88 -232 2329 -14269 489 412 399 433 616 END
START -7076 11520 -1236 -1137 2033 -13729 491 410 399 432 616 END
START -12732 7716 452 -1021 2138 -13587 490 410 399 433 615 END
START -11016 9428 1240 -1130 472 -13307 489 410 401 432 616 END
START -14556 9456 3220 -1450 -261 -13154 489 410 400 432 616 END
START -12708 10208 2508 -2072 1156 -12830 490 409 400 432 616 END
START -15388 8164 3644 -2452 3003 -11829 490 410 396 433 615 END
START -16464 10536 3384 -2384 2238 -10748 491 409 398 432 616 END
START -20460 8776 5836 -1751 1758 -7284 490 409 400 433 616 END
START -19652 10420 5248 -1324 1033 -5188 490 409 400 433 617 END
START -17992 11376 4816 -729 -671 -2816 490 411 400 434 617 END
START -15872 12708 3124 -288 -2049 -1129 491 410 399 434 618 END
START -11732 12712 1732 -38 -1415 141 489 411 400 433 617 END
START -10268 12632 -1360 80 303 530 489 411 400 435 616 END
START -10476 11672 -2268 72 889 412 490 412 400 433 618 END
START -11228 10244 -1408 -349 267 331 491 411 402 434 618 END
START -12776 9732 388 -866 -681 285 489 410 400 432 618 END
START -13320 9220 2576 -1326 -1448 411 492 412 401 434 618 END
START -13168 9596 3288 -1435 -1534 594 490 412 401 435 618 END