START 1304 13088 3524 681 -3201 13231 500 414 409 433 602 END
START 1560 13356 3112 684 -2543 12951 501 414 406 431 603 END
START 808 13656 2908 137 -1160 12740 500 412 405 431 604 END
START -476 11924 3088 399 -1150 11596 500 414 405 431 608 END
START 1588 14172 3236 -40 -1506 11004 499 412 405 429 610 END
START 2824 13888 2840 -414 438 10868 499 411 403 428 612 END
START 1380 14180 3644 -842 1336 10249 499 410 403 428 615 END
START 2124 13264 3360 -614 1063 8782 499 410 402 427 615 END
START 2548 13116 3976 -1196 257 8580 500 410 403 429 617 END
START 4472 15776 4292 -1377 138 8032 500 413 403 428 618 END
START 5136 15780 3844 -1123 1123 6638 501 411 403 428 619 END
START 6272 15360 2732 -928 883 5261 501 411 405 428 619 END
START 5344 13132 2852 -339 -31 3572 505 410 402 431 619 END
START 4952 13496 2548 -802 -1094 2999 501 410 404 428 620 END
START 2492 13356 5692 -938 -1494 1966 502 411 405 428 621 END
START 4084 13656 5728 -1232 -1022 1178 502 411 404 428 622 END
START 3672 14684 6196 -1097 -303 435 503 411 406 429 622 END
START 4284 16240 5612 -814 147 -104 504 411 399 428 621 END
START 5260 17108 4412 -270 157 -702 503 412 407 429 622 END
START 4504 16516 3248 -49 -372 -1348 504 413 406 429 624 END
START 2832 14988 2668 -60 -826 -1711 505 412 406 428 622 END
START 1004 13688 2576 -118 -1523 -1679 504 413 406 428 622 END
START 1040 13184 3260 -219 -1953 -1338 505 413 406 429 623 END
START 268 13996 5756 -199 -2481 -954 504 414 396 429 623 END
START 860 15696 7168 -58 -1968 -701 505 412 408 430 623 END
START 3304 17972 7584 628 -1300 -709 499 414 408 431 622 END
START 6996 18812 5336 1484 -1347 -970 506 413 407 431 623 END
START 8600 19008 3192 2251 -1442 -1650 507 414 407 431 624 END
START 8568 18172 2552 2632 -1194 -2568 506 414 409 429 623 END
START 6348 17100 2900 2709 -1430 -3283 505 414 408 430 623 END
START 4132 15656 2016 2605 -1310 -3860 507 414 408 431 622 END
START 3316 14340 2812 2069 -1515 -3900 506 414 409 438 623 END
START 652 14916 5328 1690 -2768 -3829 506 415 409 431 622 END
START 408 16136 6692 1616 -3660 -3794 506 415 410 431 622 END
START 2412 16552 5188 1750 -3707 -3760 506 415 409 431 622 END
START 1820 17220 5396 2012 -3093 -4034 507 415 409 432 623 END
START 4924 16764 2632 2089 -846 -4220 506 417 410 432 622 END
START 4988 15940 -1196 2315 1242 -5009 507 416 410 432 622 END
START 3644 15404 -936 1749 2437 -5202 507 416 410 432 621 END
START 532 14000 -704 1408 2355 -5961 506 416 408 431 621 END
START 196 13096 -924 742 949 -6143 507 416 412 432 621 END
START -2408 14456 3708 -264 -911 -6374 506 416 409 432 622 END
START -140 13124 2716 -720 -997 -6878 507 417 410 432 620 END
START -1852 14132 4480 -761 -1110 -7585 507 416 409 432 621 END
START 952 14012 3388 -1144 -320 -7495 508 417 410 434 620 END
START 2632 15600 1732 -1487 377 -7873 507 417 410 431 619 END
START 1628 14548 696 -1385 1417 -8493 507 416 410 432 619 END
START 748 14248 -304 -1396 1976 -9845 507 415 411 430 621 END
START 428 13264 -720 -1730 1403 -10395 508 417 411 432 620 END
START -1780 12800 172 -2306 839 -10262 508 417 410 433 620 END
START -4464 10856 2000 -2694 -197 -10124 507 417 411 433 618 END
START -3840 11044 1708 -2439 -182 -11470 508 417 411 433 618 END
START -3620 10996 3196 -2804 915 -11795 507 417 411 433 618 END
START -4876 12172 4144 -3385 1611 -11786 508 417 412 434 618 END
START -5340 11504 5064 -3410 1595 -11654 512 420 412 433 620 END
START -6668 12364 5500 -3075 106 -12865 509 417 411 434 618 END
START -2816 12348 3404 -2950 1361 -13138 508 417 412 433 618 END
START -5048 13076 4828 -2926 2440 -13890 504 417 410 436 619 END
START -1184 13960 2252 -3277 4635 -14067 508 418 412 434 617 END
START -3760 12172 1364 -2661 5581 -15079 509 418 412 434 617 END
START -5032 13404 2736 -2544 4873 -15817 508 417 410 435 617 END
START -3792 12740 208 -2148 5328 -16577 509 418 412 434 616 END
START -4628 11872 -292 -2541 6011 -16936 509 421 413 435 616 END
START -7472 8912 36 -2612 8984 -17294 509 420 413 435 616 END
START -11216 9564 548 -2083 8498 -18339 508 417 411 435 615 END
START -14240 9272 2612 -2232 7288 -17078 509 419 414 435 615 END
START -15688 9792 3036 -2947 5393 -14387 509 417 413 435 617 END
START -21064 7528 3760 -1752 3181 -13592 510 419 412 434 615 END
START -21920 6864 5064 -1849 1303 -10841 511 419 413 436 615 END
START -23260 7104 4652 -1629 307 -6594 510 420 414 437 616 END