START -3492 13384 4108 458 -4894 7488 561 451 434 488 599 END
START -2624 13584 4032 715 -4330 6983 565 451 432 482 599 END
START -1932 14148 4004 370 -2365 7264 566 450 430 477 598 END
START -3700 14336 3784 176 -2014 7003 569 448 416 466 589 END
START -3836 14188 3552 -179 -4071 6558 567 444 416 467 578 END
START -1816 14540 2948 -234 -4543 6607 566 443 415 454 569 END
START -1360 13992 3616 541 -4319 6307 561 441 408 442 562 END
START -1892 13344 5284 567 -3864 5584 548 437 400 432 556 END
START 532 14448 3900 151 -2535 5083 533 430 398 426 559 END
START 104 15760 3672 -557 290 5777 516 427 397 424 557 END
START -1628 16832 3284 -1039 1693 4529 498 424 395 420 555 END
START -2264 15560 4360 -1080 2389 4151 483 425 398 419 552 END
START -2848 12244 3988 -1218 918 3485 468 415 389 409 552 END
START 972 13368 3228 -898 265 2270 461 413 387 407 554 END
START -336 17096 4684 -1750 3564 3722 454 411 386 405 558 END
START -1052 13076 3496 -2460 2389 2683 448 405 381 405 568 END
START -2020 14132 1552 -2335 4187 2900 447 409 384 402 572 END
START -624 14872 3940 -2885 647 3001 441 409 385 403 583 END
START -2000 12080 3864 -2457 151 2325 444 414 386 404 588 END
START 128 16680 5200 -3489 278 3140 442 409 384 407 601 END
START -1424 12080 4436 -3330 824 2096 439 407 383 414 607 END
START -396 17300 2240 -2986 3964 1948 441 408 385 411 615 END
START 1036 14476 3900 -3358 2713 1795 442 412 389 416 619 END
START -5712 13824 8792 -2627 2791 779 442 412 390 416 621 END
START 2656 19380 6040 -3055 2939 2017 445 411 389 414 625 END
START -7896 13100 8404 -2730 -1804 1593 444 409 390 413 626 END
START 1460 15616 1720 -1746 281 283 438 408 394 418 628 END
START -6044 16872 12148 -2504 -489 1319 446 411 392 417 628 END
START 1276 12716 4452 -1466 2612 -54 446 410 390 418 628 END
START -4068 18356 9576 -1362 1986 688 447 409 391 418 626 END
START 92 14636 4852 -1432 -1320 865 447 411 393 420 629 END
START -4740 13164 8072 -548 -2019 216 447 414 396 418 628 END
START 2620 18836 5264 -719 -41 1214 447 409 395 419 630 END
START 4420 14248 3376 -383 -884 -130 446 410 394 421 630 END
START 2572 14876 4832 -78 2819 -1213 453 413 393 420 626 END
START 2520 17396 5076 -754 2865 -190 446 409 395 423 631 END
START -5816 13692 9320 -187 -2348 -743 442 406 398 424 632 END
START 2960 16880 124 705 -1718 -748 447 410 396 424 631 END
START -3936 18352 11464 -195 -4131 -351 449 407 392 423 632 END
START 3672 13336 3544 1140 -776 -1790 452 415 395 424 630 END
START 4252 19404 5284 1023 51 -990 448 410 397 425 633 END
START 1816 15240 5140 1113 -3578 -1010 449 410 397 425 632 END
START -5532 14388 9016 2390 -6333 -2153 447 406 400 428 632 END
START 312 18048 7140 1680 -7918 -1270 447 411 398 426 633 END
START 6992 12364 -540 2701 -4335 -2621 446 412 399 426 633 END
START -728 19148 8508 2819 -2423 -3078 450 414 404 427 632 END
START -4900 14088 8120 2447 -2924 -3197 448 411 399 427 633 END
START 2868 14828 -1344 3794 -2459 -4395 448 412 399 428 633 END
START -3096 15544 6616 2368 -5031 -3258 449 416 405 428 631 END
START -5268 11844 4844 3407 -3831 -4616 448 412 399 429 633 END
START 2072 16220 2220 2702 -1508 -4412 449 409 400 432 636 END
START 3908 11328 -1136 2360 -295 -6316 445 413 400 427 634 END
START -752 16572 3780 2057 1957 -7474 448 412 400 430 633 END
START 5580 13952 -1452 -14 2080 -8403 446 411 401 430 633 END
START -1920 11256 188 61 1462 -10715 451 417 402 436 632 END
START 2844 14392 -1220 -668 3114 -10989 449 413 400 431 633 END
START 364 9716 268 -1398 1300 -13168 449 414 401 432 633 END
START 2808 13096 -5296 -1797 3286 -14370 447 405 398 435 632 END
START 1712 10152 -140 -3497 5580 -15144 448 414 400 432 632 END
START -564 11032 -3532 -2715 9685 -17030 446 411 400 433 632 END
START -7288 12564 4776 -3615 12125 -16834 444 413 404 436 635 END
START -11680 10256 2732 -2901 11038 -17171 448 413 401 434 631 END
START -13456 11064 6060 -4073 1650 -14546 448 412 401 434 631 END
START -14856 9636 2556 -2798 -3173 -12922 449 415 399 434 631 END
START -15980 10264 7384 -3583 -4758 -11455 447 411 400 428 630 END
START -17228 13628 4244 -2335 -293 -10178 448 413 402 435 631 END
START -14792 9612 6772 -3132 1605 -8948 448 413 402 435 630 END
START -13960 12904 1152 -2186 6214 -7584 446 415 404 440 631 END
START -12852 8612 2644 -2629 5151 -5984 443 416 401 432 626 END
START -19724 13888 7284 -1171 4403 -3092 448 413 402 436 630 END