START 1588 14912 2588 -1014 -831 1201 489 407 396 425 622 END
START 1548 14932 2548 -1086 -838 1227 490 408 394 424 622 END
START 1704 14932 2732 -1216 -581 1115 491 407 394 425 622 END
START 1688 15016 2752 -1157 -107 1124 491 407 394 426 622 END
START 1532 15524 3208 -1033 60 952 492 407 395 427 622 END
START 1316 15692 3476 -817 -463 973 492 410 395 427 623 END
START 912 15744 3880 -675 -1224 1249 492 409 394 429 623 END
START 1748 16368 3400 -162 -1417 1290 492 408 395 427 623 END
START 1732 15332 3368 151 -1384 1066 493 408 397 427 623 END
START 788 14788 4420 8 -1812 1273 494 408 396 427 623 END
START 3712 16236 4124 -77 -1542 1718 493 408 397 427 623 END
START 4724 17504 2892 179 -1491 1650 493 410 397 426 622 END
START 4432 18112 3612 555 -2610 1198 494 408 396 427 623 END
START 5092 16860 2792 906 -3606 633 498 409 397 427 623 END
START 4952 15272 1572 967 -3896 223 494 409 396 428 624 END
START 4344 14236 2000 896 -4336 280 494 408 397 428 622 END
START 4792 15100 3768 710 -4294 594 493 400 396 428 623 END
START 4820 16704 4468 732 -4130 992 495 410 396 427 623 END
START 6404 19028 4196 1047 -3901 1214 495 410 386 428 622 END
START 7264 20456 2072 1408 -3812 1383 496 410 397 427 622 END
START 6508 21004 2424 1568 -3906 1266 497 410 397 428 622 END
START 6248 18968 1340 1676 -3039 601 497 413 397 428 621 END
START 5916 17240 16 1672 -2327 77 497 410 397 428 621 END
START 1864 17048 2636 1221 -3839 -85 494 411 398 428 621 END
START 1800 15548 4680 385 -3224 114 496 410 398 428 612 END
START 3888 17868 3708 65 -2408 -929 496 410 399 427 621 END
START 6180 18856 1172 266 325 -2346 497 410 398 428 619 END
START 6124 16932 148 498 3823 -4012 497 411 397 428 620 END
START 4964 13732 -724 368 6210 -5384 497 411 396 428 619 END
START 2324 12872 -324 277 4493 -6437 499 409 398 428 619 END
START 360 11480 1464 -49 431 -6741 497 411 396 428 619 END
START 620 11952 2464 -351 -2361 -7194 497 413 398 428 619 END
START 2340 13792 2548 -488 -1555 -8262 497 411 398 428 619 END
START 2176 14224 2544 -780 1952 -9981 497 411 397 427 620 END
START 3488 14260 -44 -563 5940 -10980 497 410 398 428 618 END
START 1984 13212 -320 -6 6490 -11467 497 410 398 428 618 END
START 220 12600 -524 312 3715 -12236 497 410 398 428 621 END
START -1508 11632 -212 322 1229 -12419 497 413 399 427 618 END
START -3464 12256 1476 -711 85 -11558 497 411 397 428 618 END
START -2428 11028 -116 -1086 148 -12129 497 409 396 428 619 END
START -4840 11956 2452 -1122 902 -11950 497 411 399 429 619 END
START -4736 12852 3408 -1013 1392 -12201 497 411 398 429 618 END
START -6444 12996 4508 -1062 1824 -11935 498 413 399 428 618 END
START -3652 13612 3252 -1067 2410 -12714 496 411 399 428 618 END
START -4692 13924 2900 -1040 2704 -13106 498 412 399 428 618 END
START -1588 12696 668 -1407 4221 -11955 497 410 398 428 618 END
START -4888 15172 2152 -885 3149 -12433 498 411 398 429 616 END
START -2372 13748 -1496 -728 2826 -12419 499 412 398 429 618 END
START -4976 14012 508 -626 1500 -12878 498 411 399 429 618 END
START -4520 12152 -1152 -514 191 -12911 496 411 399 423 606 END
START -5844 11304 -888 -972 -1031 -12307 499 411 397 420 618 END
START -6928 8972 -1164 -585 -1661 -13255 498 412 398 429 618 END
START -6620 10008 440 -1123 -1785 -13410 498 412 403 429 617 END
START -6984 9220 944 -1317 -1135 -13329 499 412 398 429 617 END
START -10028 9612 3636 -1526 -778 -13966 498 412 400 429 617 END
START -9996 9200 3384 -1776 58 -14260 498 411 400 430 618 END
START -11236 9956 4508 -1826 -251 -14559 499 412 399 428 618 END
START -8896 10484 2972 -1982 -203 -15027 499 412 400 429 619 END
START -8344 10736 2652 -3052 2237 -14294 498 411 400 429 619 END
START -11248 11636 3480 -2146 3232 -15937 499 411 399 430 618 END
START -14260 10276 4404 -2234 5383 -14109 499 411 399 429 618 END
START -17988 9580 4704 -1609 5001 -12328 498 411 400 429 620 END
START -19316 9956 2728 -902 4085 -8792 497 410 400 430 618 END
START -20316 9756 1516 -122 2239 -5007 497 411 399 429 609 END
START -20384 10704 1196 539 -403 -1754 498 411 400 429 620 END
START -17820 11232 -400 860 -1885 421 498 410 399 430 620 END
START -15552 10976 -1432 488 -1318 1966 497 411 399 429 619 END
START -15288 9956 -592 578 51 1905 498 410 399 429 620 END
START -13840 10352 1364 -298 7 2463 498 411 402 430 619 END
START -13808 10952 2924 -913 97 2575 499 410 400 432 619 END