START 4712 14052 6836 -1259 -2690 6592 493 415 394 439 616 END
START 5108 15352 3476 -905 -2549 6566 492 413 392 438 616 END
START 4876 15268 4504 -471 -3329 4699 493 414 389 435 617 END
START 7644 15556 4028 -842 -3030 4483 494 414 393 439 617 END
START 5904 15132 4696 -719 -2442 3250 493 414 393 439 618 END
START 6304 15184 4388 -613 -2441 2078 492 415 393 438 619 END
START 5792 14984 4452 -649 -2397 1300 494 416 393 439 619 END
START 5672 15660 3708 -529 -1571 256 493 415 393 438 620 END
START 4824 15332 3636 -309 -588 -785 495 415 379 438 620 END
START 2928 13480 4120 -337 -493 -1282 494 415 394 439 621 END
START 2108 13852 4900 -498 -424 -1222 494 416 394 440 622 END
START 1292 14864 5668 -514 117 -923 499 416 396 439 621 END
START 2556 16740 5044 -137 391 -606 498 416 395 439 621 END
START 3072 17196 3388 456 538 -510 495 416 394 440 621 END
START 3112 16304 2368 850 474 -810 495 415 395 440 622 END
START 1688 13612 828 824 278 -697 496 416 395 439 621 END
START 808 12512 2276 288 -222 -146 495 416 393 440 621 END
START 896 13252 4332 -314 34 409 495 416 394 439 623 END
START 1068 16088 5928 -435 715 555 496 416 395 440 622 END
START 4100 17260 4376 41 633 133 497 418 396 440 622 END
START 6304 16884 2228 410 -301 -895 496 416 396 440 623 END
START 6360 16772 2008 510 -1177 -1145 497 417 395 440 621 END
START 5632 16592 2448 472 -2254 -959 497 418 394 440 622 END
START 4696 17180 6004 266 -3248 -782 497 418 397 441 621 END
START 5984 18124 8428 399 -3161 -1281 498 417 395 440 621 END
START 7328 19592 8580 635 -2131 -2376 497 417 396 440 622 END
START 10212 19840 5240 1109 -652 -3527 498 417 396 440 623 END
START 9036 20868 4764 980 522 -4034 498 418 398 441 622 END
START 7184 18344 2664 1438 74 -5576 499 417 395 441 622 END
START 5092 15632 1420 1094 -1049 -6571 498 417 395 441 621 END
START 2576 15104 1048 499 -1987 -6996 497 418 395 441 621 END
START 2368 13252 1780 -274 -1515 -7093 498 417 396 441 621 END
START -864 13676 4300 -585 -103 -7825 498 418 396 441 621 END
START -1724 14428 5484 -713 1287 -8175 499 418 397 440 620 END
START -1640 14496 4856 -435 1596 -8892 498 420 396 441 621 END
START -800 16176 5492 -400 1862 -8408 500 418 399 440 621 END
START -1268 14868 3256 423 2926 -9059 500 415 396 440 620 END
START 1264 13684 -428 901 2819 -9895 499 418 396 440 620 END
START -56 12484 -944 1059 2962 -10320 499 418 395 440 620 END
START -2480 11636 268 708 2628 -10390 499 418 397 440 621 END
START -5208 10912 1560 510 1085 -10617 499 418 396 442 619 END
START -4124 10784 2464 68 -435 -10615 501 419 398 430 620 END
START -2988 12752 3544 -1039 -434 -9507 499 419 397 440 620 END
START -6104 11912 5108 -409 -89 -10461 489 418 397 440 619 END
START -3084 12836 4360 -284 1181 -11104 499 418 397 441 618 END
START -4424 13372 4916 -413 2501 -11220 499 419 397 441 619 END
START -1180 13520 2304 -301 3598 -11250 495 419 397 441 619 END
START -3408 14100 1980 -528 4126 -10673 498 418 396 441 618 END
START -2920 13004 -724 354 3537 -11901 499 418 394 441 617 END
START -4396 12892 112 309 2259 -11668 499 418 395 441 618 END
START -5056 12004 -444 99 1262 -11852 500 416 396 442 618 END
START -5964 10384 -632 -239 333 -11912 498 418 397 441 618 END
START -7772 9732 1320 -631 -290 -12021 499 417 396 441 618 END
START -7596 9940 1840 -1378 -205 -11760 499 419 396 440 617 END
START -8260 11784 3344 -2327 476 -10940 499 418 396 441 618 END
START -10900 8964 4108 -1714 856 -11544 499 418 397 441 617 END
START -8152 11100 3968 -1766 1312 -12034 499 417 396 443 618 END
START -9208 11500 3988 -1662 2417 -11698 500 420 403 441 617 END
START -8460 12564 4248 -1243 2548 -12018 499 418 397 441 617 END
START -7720 12476 2776 -1013 3657 -12085 499 418 397 441 617 END
START -8876 13468 2444 -793 4194 -12372 497 417 396 442 617 END
START -6896 14048 -864 -1383 5256 -11590 499 417 397 441 618 END
START -12464 9992 -772 -860 6104 -12300 500 416 396 440 617 END
START -11972 10780 -1816 -515 5770 -12014 500 418 394 443 623 END
START -13840 10376 -1900 -802 7845 -9949 500 417 396 441 617 END
START -18012 9752 -212 -621 6212 -8019 502 417 396 441 617 END
START -19096 9376 168 -221 2462 -6268 502 417 397 442 616 END
START -17064 10808 -408 -945 -317 -3910 501 416 395 440 617 END
START -20540 6892 2048 -449 -822 -1642 501 418 396 442 617 END
START -19084 9648 3068 -906 -1971 -132 502 418 397 444 617 END