START 4476 15400 4064 -554 731 882 486 410 402 422 615 END
START 4612 15308 3860 -421 602 782 487 410 397 422 615 END
START 4828 15332 4296 -140 310 422 488 410 399 428 616 END
START 4544 15808 4728 47 -14 125 488 410 399 422 617 END
START 4476 15524 4460 159 -836 -106 491 410 397 422 617 END
START 4668 15452 4320 412 -1137 -227 489 409 398 423 618 END
START 4268 15468 4168 527 -1309 -323 491 410 398 422 619 END
START 4604 15532 3660 704 -1298 -790 491 411 399 423 618 END
START 4100 14800 3656 597 -1026 -879 490 411 398 424 619 END
START 4740 15992 3356 518 -679 -774 490 410 399 425 606 END
START 4584 16708 3140 728 -635 -1149 491 411 399 424 619 END
START 3348 15432 3188 872 -1797 -1282 492 411 399 423 619 END
START 2160 13352 2292 1029 -3229 -1073 490 411 400 428 620 END
START 1440 12892 3116 870 -3681 -641 492 411 400 424 620 END
START 2028 13772 3848 493 -2978 -406 482 411 400 424 620 END
START 1172 14548 5316 383 -1847 -150 492 410 400 425 620 END
START 2228 16512 5356 447 -836 156 493 411 400 425 620 END
START 3848 18076 4084 848 -361 4 494 412 401 424 621 END
START 6684 17648 1796 1074 -1052 -636 494 413 400 424 621 END
START 6864 16468 852 1186 -1678 -748 495 413 399 424 621 END
START 5468 16208 1684 1287 -2398 -955 496 412 401 424 620 END
START 6192 15252 4212 1050 -2872 -1503 495 412 396 425 621 END
START 6676 16516 4728 789 -2308 -2160 493 412 400 425 619 END
START 6708 18568 5140 542 -1957 -2749 495 412 400 424 620 END
START 7964 19020 3392 631 -1206 -3379 495 413 401 425 620 END
START 8500 20320 2012 876 -1111 -4259 496 413 401 425 620 END
START 7896 19248 1520 843 565 -5397 495 413 403 425 619 END
START 6536 16604 76 722 2291 -7276 495 413 401 425 619 END
START 5616 14496 -1268 -5 3822 -8005 497 413 397 425 620 END
START 2460 13920 1308 -819 4274 -8774 496 413 401 426 618 END
START 804 13560 3676 -921 4259 -9182 496 412 402 426 619 END
START -996 13924 4704 -653 3046 -10212 498 413 402 426 619 END
START -464 14528 4324 -711 1554 -10276 501 413 401 426 618 END
START 1468 14320 1280 -372 274 -10943 498 413 402 426 617 END
START 1856 13744 -52 -338 616 -11174 496 414 402 425 617 END
START 672 12364 -1144 -81 696 -12142 488 414 401 426 617 END
START -656 11420 -976 -488 1462 -12694 497 414 402 427 619 END
START -2124 9236 -1028 -1147 3092 -12570 497 413 402 426 618 END
START -3888 8964 512 -929 2711 -13442 497 412 402 426 616 END
START -4524 10244 2368 -1240 2430 -13790 498 414 401 426 617 END
START -5376 10604 3436 -1465 1699 -13213 497 414 403 425 617 END
START -8008 9932 4648 -1392 949 -13166 497 414 402 425 617 END
START -3608 10940 3040 -1113 666 -13727 496 415 402 426 617 END
START -4940 12092 3868 -1237 2669 -13992 498 414 402 426 617 END
START -5220 12608 4156 -1548 4210 -14108 497 415 402 427 616 END
START -4228 11740 1756 -1111 4816 -14179 497 414 404 426 616 END
START -5652 13636 2456 -1084 2772 -14288 498 414 402 425 616 END
START -5900 13616 952 -1031 1642 -14257 498 414 402 426 616 END
START -4272 12336 -1084 -995 345 -14764 497 414 401 426 616 END
START -5140 11576 -1372 -1297 1581 -15419 498 414 402 414 614 END
START -7884 11992 -640 -1278 2575 -15436 497 414 403 427 615 END
START -8972 11900 -28 -2187 2527 -14487 497 414 402 425 614 END
START -12964 8648 2332 -2490 922 -14340 498 415 403 424 613 END
START -11440 10540 1660 -2679 -9 -14838 498 415 402 426 614 END
START -13232 9324 2136 -2936 2833 -14196 499 414 402 426 614 END
START -14324 10252 3888 -3381 5336 -12195 498 414 403 426 614 END
START -19324 7960 5428 -2735 5166 -11020 498 414 390 426 615 END
START -18932 9708 4364 -1893 4342 -9284 497 415 404 426 614 END
START -19244 9232 4644 -1478 7260 -6763 498 415 404 427 615 END
START -19372 10552 4456 -947 7406 -3377 499 416 402 427 615 END
START -20452 10948 5180 33 3647 -52 499 416 395 429 616 END
START -16772 12676 2280 688 293 1988 500 416 405 429 616 END
START -13432 12452 -1192 1027 -1331 2880 498 418 406 430 616 END
START -13096 12396 -1212 748 -1473 3510 498 418 408 432 615 END
START -10608 11380 -2072 427 -1563 3443 498 419 408 435 615 END
START -11236 11468 -720 4 -2185 3217 498 420 407 435 613 END
START -10356 10384 332 -718 -3085 2453 494 421 409 435 612 END
START -10416 9852 2220 -1159 -3208 1482 493 402 413 438 609 END
START -8688 9396 2808 -1560 -2761 519 496 425 412 440 607 END
START -8436 10044 4924 -1863 -885 -402 496 426 416 444 604 END