START 5824 15484 2996 -478 -263 1853 482 405 393 424 622 END
START 5568 15360 3140 -574 -191 1552 483 408 392 424 621 END
START 5136 15152 3012 -737 -292 943 482 406 393 424 621 END
START 4068 14988 3252 -909 -871 461 483 406 394 423 622 END
START 3508 14968 3372 -1058 -1407 166 483 407 396 424 621 END
START 3144 15012 3304 -1242 -1747 -69 484 406 394 425 622 END
START 2888 14812 2952 -1091 -1715 -114 484 408 394 424 622 END
START 1980 14584 3036 -1088 -1547 -61 485 407 394 425 619 END
START 2540 15444 2968 -988 -1123 57 485 408 394 425 622 END
START 2660 15184 2584 -697 -939 -160 485 408 395 425 622 END
START 1828 13724 3004 -752 -813 -392 485 408 395 425 622 END
START 896 13648 4216 -1066 -978 -165 484 409 395 425 621 END
START 1832 15504 5124 -1172 -1176 214 489 408 396 425 620 END
START 4112 16472 4288 -954 -1226 174 487 408 399 424 621 END
START 5664 17496 3140 -223 -1363 -197 487 408 395 425 622 END
START 6400 17836 3308 405 -1428 -737 487 409 396 425 621 END
START 5468 16260 2692 717 -1639 -1503 488 409 396 426 621 END
START 4160 15020 1644 885 -1821 -1935 487 407 393 425 622 END
START 3592 14004 1600 680 -3368 -1731 489 410 397 425 620 END
START 1244 14584 4532 335 -5856 -1048 488 409 394 424 619 END
START 2112 15540 5584 313 -6781 -792 488 410 396 425 618 END
START 4168 17900 5028 735 -5748 -574 488 409 395 425 618 END
START 7248 19880 3116 1339 -4345 -394 492 408 396 426 619 END
START 9100 19612 1036 1906 -3448 -700 489 410 395 425 618 END
START 8168 18976 1164 2262 -2990 -1413 489 409 396 425 617 END
START 8272 17220 348 2357 -1401 -2373 490 409 396 425 615 END
START 7284 15896 -512 1949 537 -3147 490 409 396 425 616 END
START 4184 15632 2076 1030 -833 -3691 490 409 397 426 616 END
START 3900 15192 3000 233 -3334 -3610 491 408 401 425 616 END
START 3368 16328 4160 79 -5387 -4480 490 409 396 426 615 END
START 5708 16716 2168 343 -3097 -5762 491 408 399 426 615 END
START 7132 18164 984 85 2430 -6632 490 409 398 426 615 END
START 4992 16892 380 408 7695 -7882 490 409 397 425 615 END
START 1600 14900 224 337 8935 -8152 492 410 398 426 615 END
START -2832 13600 1232 286 4737 -7529 491 409 396 426 614 END
START -3012 13480 2988 136 -363 -6994 490 409 401 426 615 END
START -4104 13732 4380 268 -2643 -7159 491 409 398 427 615 END
START -608 14872 3996 -471 -937 -6550 492 410 398 426 615 END
START -496 15820 3404 -280 1924 -7683 492 410 400 426 614 END
START 2388 15736 1712 -234 4509 -8216 491 410 397 426 615 END
START 1328 15372 568 144 4305 -8730 491 410 398 426 615 END
START 632 12960 -904 374 1910 -9185 490 413 399 425 614 END
START -648 11960 -684 419 -675 -10003 492 410 398 426 614 END
START -1056 10924 -980 34 -1455 -10354 492 411 396 426 614 END
START -1240 10568 692 -848 -593 -10975 492 410 399 426 614 END
START -2144 10576 1844 -1439 1099 -11915 492 411 399 427 614 END
START -3408 11360 3284 -1585 1736 -13109 493 411 399 427 615 END
START -4460 11160 4016 -1562 1834 -13042 492 410 399 427 614 END
START -2800 11392 2664 -1692 2220 -13432 492 412 399 427 615 END
START -4928 12732 4536 -1527 1438 -13834 492 411 399 427 614 END
START -2920 13168 2676 -1786 1516 -13966 493 411 395 428 614 END
START -2916 12340 300 -1653 2069 -14616 492 411 399 427 615 END
START -1248 12812 -1360 -1576 2870 -15268 492 410 398 429 614 END
START -2368 12604 -1508 -1677 3596 -15496 493 413 399 426 614 END
START -4984 13160 -180 -1984 1991 -15482 492 411 399 427 613 END
START -8152 10464 -1344 -1614 1922 -16282 492 409 398 426 614 END
START -7696 12144 -1236 -2274 1903 -16158 492 413 392 426 613 END
START -9936 11428 -1312 -2624 2541 -15491 492 409 397 427 614 END
START -12060 9916 -1348 -2462 3357 -15015 493 409 397 427 614 END
START -14948 10228 672 -2476 3003 -13267 493 410 399 426 612 END
START -18988 8164 2604 -2822 1695 -10819 493 410 398 426 613 END
START -20248 9076 2488 -1668 1044 -7409 493 411 399 427 613 END
START -20340 9824 3072 -1140 -9 -4471 493 409 397 426 614 END
START -20192 11080 4472 -867 -1625 -1890 493 410 399 426 613 END
START -17180 12304 3404 -649 -2138 -135 493 413 400 426 614 END
START -12996 13324 2532 -642 -833 690 494 412 398 426 613 END
START -12936 14072 4020 -797 773 1213 494 415 399 427 613 END
START -9564 14988 3120 -721 1949 1412 493 413 403 427 612 END
START -8276 14812 1144 -432 2205 1299 494 413 400 428 612 END
START -8640 13372 -244 -263 1032 1076 493 413 401 427 613 END