START 3676 14320 4004 -1381 3643 -478 501 422 402 448 629 END
START 3200 14340 4092 -1292 4219 -742 500 420 401 448 628 END
START 3016 14824 4616 -1266 5023 -1030 501 421 403 448 628 END
START 2012 15204 5652 -996 4723 -1311 502 421 403 449 628 END
START 2008 15516 5240 -811 3727 -1221 503 421 403 449 629 END
START 2236 15848 5676 -522 2792 -1122 503 422 403 450 630 END
START 2680 16388 5876 -359 2561 -873 504 421 403 449 630 END
START 2956 16540 6224 -270 2258 -423 503 421 402 450 630 END
START 3080 16680 5872 -133 1661 -178 505 422 404 450 632 END
START 1976 15812 5796 -232 704 125 504 422 402 451 631 END
START 2408 16872 6592 -214 -65 605 505 420 403 450 632 END
START 2772 17876 5904 136 -388 665 506 422 403 450 631 END
START 3432 17132 5336 457 -726 492 506 422 405 451 631 END
START 1664 15564 4760 705 -1146 515 506 423 403 450 631 END
START 1032 13940 5324 468 -1665 764 506 424 404 450 631 END
START 1348 13716 5388 245 -1355 1140 493 423 404 450 631 END
START 1536 14632 5016 294 -1080 1377 506 422 406 450 631 END
START 3660 16108 4568 535 -1117 1406 505 423 405 450 631 END
START 4768 16868 2568 853 -1483 1193 507 422 403 450 631 END
START 2936 17420 4412 1050 -1994 714 506 422 403 450 632 END
START 2248 15900 3644 1082 -2428 187 506 424 404 450 631 END
START 960 13944 2992 1183 -3244 44 506 422 404 450 631 END
START 1452 13808 5320 1048 -3630 300 505 423 404 451 631 END
START 1924 15860 7092 1217 -3494 574 505 422 404 451 632 END
START 4208 18632 7156 1505 -3159 682 505 423 404 451 631 END
START 6648 20272 4892 2017 -2565 853 505 421 404 451 631 END
START 6832 21560 4372 2529 -2910 769 506 421 404 450 631 END
START 5376 20000 4504 2578 -3659 472 507 422 404 449 631 END
START 4428 17160 2296 2613 -4133 20 502 422 405 450 633 END
START 3436 14868 3044 1989 -3854 -152 507 424 404 450 631 END
START 3876 14832 3168 1450 -2151 -467 506 423 405 450 630 END
START 3000 16484 4336 929 -807 -780 507 422 403 451 631 END
START 1896 17084 4480 1292 -27 -1578 507 421 405 450 631 END
START 3432 17748 2904 1359 536 -1313 506 422 405 451 631 END
START 2148 16540 1432 1644 1765 -1858 507 422 405 451 631 END
START 2136 13976 728 1836 3062 -2761 507 422 406 451 629 END
START 2832 12828 -740 1556 3973 -3370 509 423 405 450 630 END
START 1036 11756 1048 1054 2607 -3451 507 422 406 450 630 END
START -1596 12856 4132 252 858 -3559 509 423 404 452 630 END
START -1720 12924 4784 65 351 -4104 508 424 406 450 629 END
START 560 14012 3944 323 349 -4705 509 430 406 450 630 END
START 2504 13968 1504 913 1121 -5778 509 423 405 450 630 END
START 2916 13764 484 704 1989 -6321 509 423 405 450 630 END
START 720 11456 -92 733 2594 -7685 508 421 405 451 630 END
START -12 10664 180 40 2431 -8247 510 424 406 450 629 END
START -1576 10796 3160 -622 2596 -9189 509 423 405 449 629 END
START -952 11260 3080 -929 2869 -9758 509 423 406 454 629 END
START -1088 12188 3596 -624 1937 -10557 509 424 406 450 629 END
START -500 12328 3156 -560 1584 -10688 509 424 407 452 630 END
START 1440 13160 1432 -127 1665 -11835 510 424 406 450 629 END
START 2428 13524 -208 -156 1400 -12877 509 423 406 451 629 END
START 748 14308 664 -720 742 -13658 509 424 407 452 629 END
START -920 11204 -36 -1033 934 -14388 509 423 406 450 628 END
START -2952 10520 60 -1239 219 -15800 509 424 408 450 628 END
START -1348 10324 840 -1975 1069 -16406 510 429 407 450 627 END
START -4648 11332 4312 -2590 939 -17326 509 424 407 451 628 END
START -2584 12344 3008 -3189 1342 -17934 507 422 407 456 627 END
START -3148 12668 3340 -3872 1722 -18063 508 423 405 450 626 END
START -4060 12980 3824 -3079 1304 -19611 507 424 406 449 628 END
START -5944 13116 6192 -2906 1550 -20214 508 423 406 449 626 END
START -3536 14204 2884 -2981 2989 -20873 508 422 405 449 627 END
START -8360 12500 2896 -2764 3916 -20716 506 421 406 448 626 END
START -9300 12136 940 -2274 5695 -20794 503 422 405 448 627 END
START -16836 8524 1944 -1774 8494 -17089 506 423 406 447 627 END
START -27480 6468 4156 -675 7215 -11818 506 420 406 449 627 END
START -29332 6028 3124 455 1278 -6211 507 422 405 448 627 END
START -25368 7784 868 1175 -5436 -1854 508 423 406 449 628 END
START -18092 10700 -1064 616 -8495 882 506 422 407 449 628 END
START -10392 9056 -2200 -798 -4585 966 507 424 407 448 628 END
START -8908 11324 992 -1928 -1483 -631 508 424 406 449 629 END