START -6504 10472 1376 895 -7545 19407 500 412 401 435 576 END
START -6588 10600 1724 1086 -7322 19845 496 410 400 435 576 END
START -6328 10792 2672 1209 -7423 19137 491 409 399 433 578 END
START -4496 11568 2512 1247 -8711 18263 487 409 398 432 579 END
START -2676 11952 1600 1205 -7858 17765 486 409 398 431 586 END
START -3852 11544 1628 204 -7526 17736 481 407 397 429 585 END
START -5148 11648 2088 358 -10134 17809 479 405 394 427 587 END
START -3744 12840 3020 816 -12072 17750 479 403 396 427 591 END
START 200 12940 1024 1320 -11314 16436 479 405 395 429 595 END
START 948 12396 -104 1 -9778 15485 476 404 395 429 599 END
START 756 14316 1320 -965 -8079 16059 478 403 395 429 602 END
START 1808 13952 1996 -852 -7853 14532 479 403 395 428 605 END
START 6644 16412 932 -990 -6983 13269 479 402 392 429 608 END
START 7704 16916 1496 -1124 -3815 11586 480 402 393 428 611 END
START 9592 16952 -724 -1611 -311 9508 481 402 393 429 612 END
START 9536 16524 -168 -2099 1340 7895 481 401 392 429 613 END
START 6876 16296 348 -1646 927 4971 482 402 393 429 613 END
START 7600 14984 276 -2162 840 4780 482 403 392 427 615 END
START 3840 15120 3776 -2379 -23 3423 484 402 393 427 615 END
START 4484 15480 5612 -2378 -293 2637 477 403 394 430 616 END
START 4664 15580 5796 -1965 -404 2089 483 403 395 430 616 END
START 5732 16808 4968 -1339 3 1469 483 404 395 430 617 END
START 6336 17584 3176 -584 832 787 483 404 396 432 617 END
START 5040 16908 2676 -138 562 323 484 401 393 429 617 END
START 4044 15284 988 -34 44 -116 486 406 394 431 618 END
START 2288 13804 2052 -193 -323 -242 486 403 395 431 618 END
START 2076 14484 4612 -204 408 -140 485 403 395 431 618 END
START 2204 16036 5924 176 1426 3 486 404 396 414 618 END
START 5932 17904 3684 910 2477 65 486 404 395 432 618 END
START 7204 18156 632 1355 2300 -119 485 405 397 431 618 END
START 6468 17340 76 1321 1184 -660 486 405 395 432 618 END
START 4532 15652 308 1140 22 -1219 488 401 395 432 618 END
START 4224 14928 2700 502 -559 -1917 489 408 395 433 619 END
START 5584 16048 4144 -118 128 -2924 487 405 395 432 619 END
START 7600 16416 4296 -511 1817 -3610 487 406 395 431 618 END
START 7844 17768 3436 -380 2943 -4706 488 406 396 432 619 END
START 6100 16284 3012 -315 2793 -5844 488 405 397 432 618 END
START 6276 16012 896 -165 949 -7311 487 406 398 431 619 END
START 5156 15176 548 -663 -568 -7941 489 407 396 432 618 END
START 3184 13896 512 -954 -994 -8442 490 408 398 433 617 END
START 1856 12804 1984 -1798 163 -8199 489 407 397 433 619 END
START -688 13432 5216 -1915 1806 -9327 492 407 397 432 618 END
START -452 14044 6048 -1851 3513 -10114 489 407 398 432 617 END
START -1784 14204 7036 -1893 4365 -9771 490 411 397 433 617 END
START -848 14532 6048 -1206 3844 -9944 490 408 399 432 617 END
START -1092 15476 5840 -220 3340 -10388 489 408 400 432 617 END
START 1104 15644 3180 -158 2809 -9629 492 407 397 432 617 END
START 72 15080 976 242 2332 -10222 490 407 397 433 617 END
START -784 13912 -44 0 1133 -10457 490 407 397 433 606 END
START -2880 12716 332 -360 129 -10535 490 408 398 433 616 END
START -4424 11732 3068 -435 -1588 -10805 491 409 398 433 616 END
START -6204 11892 5300 -762 -2558 -10913 490 407 399 433 616 END
START -5492 11800 4688 -1054 -1303 -11357 490 407 398 434 616 END
START -2852 12288 3872 -1906 1461 -10874 490 408 398 434 616 END
START -7800 11232 6084 -1705 1962 -12352 492 409 400 435 615 END
START -4920 12848 5012 -1264 2077 -11896 491 409 398 433 615 END
START -5712 11932 5020 -1277 1797 -11875 492 409 401 433 615 END
START -5896 12804 5028 -1308 1817 -12148 492 408 398 435 616 END
START -2828 11128 1716 -1307 4536 -11999 493 408 398 435 616 END
START -5152 12596 1808 -863 4535 -12949 492 400 399 434 616 END
START -3800 11564 -688 -602 4972 -12802 492 408 399 434 615 END
START -6972 12136 896 -501 4308 -13147 490 407 400 435 616 END
START -5916 10544 -1456 -695 3748 -13158 492 408 399 434 615 END
START -9468 8672 -968 -537 3149 -13901 492 407 398 434 615 END
START -8180 8720 -784 -967 2924 -14080 493 407 398 433 614 END
START -11420 8952 1600 -1340 2646 -13831 493 407 398 434 614 END
START -11084 8456 1624 -1660 1319 -13766 493 407 397 434 614 END
START -13948 9244 3548 -2009 -264 -13712 485 408 398 433 614 END
START -13508 8860 3140 -2132 669 -13012 493 407 398 434 614 END
START -12772 11380 2652 -3428 2855 -11517 493 408 398 434 613 END