START -148 16656 5768 -3420 1300 2388 449 393 389 463 596 END
START -36 16596 5816 -3406 1440 2473 448 392 390 462 595 END
START -216 16120 6080 -3199 1693 2453 450 393 389 463 595 END
START -548 15656 6216 -2843 1676 2116 445 378 392 471 591 END
START -692 15336 6164 -2460 1161 1529 431 396 392 466 597 END
START -1116 14596 5932 -2117 64 1044 452 393 389 464 597 END
START -612 14708 4864 -1735 -338 511 452 392 401 464 597 END
START -2164 13760 4856 -1436 -595 471 452 393 395 464 595 END
START -2384 14904 4868 -1141 -615 206 500 395 378 465 599 END
START -1804 15176 4632 -587 287 -372 450 391 393 464 598 END
START -1368 14552 3424 -314 957 -771 453 392 390 464 598 END
START -1616 14316 2612 -172 1127 -801 448 384 402 457 599 END
START -2072 14844 3248 -82 1222 -663 452 396 392 466 597 END
START -1988 15412 3464 -165 1064 -722 452 394 391 465 598 END
START -2252 16092 4584 -462 1133 -516 452 396 394 465 597 END
START -3348 15404 6864 -912 304 -507 452 399 392 464 598 END
START -3224 13536 5588 -1078 -419 -914 453 450 397 509 590 END
START -1480 14452 1852 -702 698 -1078 456 392 393 466 598 END
START -2392 17124 4784 -1117 1492 -23 452 390 392 464 597 END
START -3988 13500 6736 -1274 -503 -233 448 394 388 464 598 END
START -2380 15972 2484 -641 517 -232 450 393 392 467 598 END
START -3588 16328 7268 -1324 -737 156 451 394 392 465 598 END
START -764 14928 2328 -294 -432 -1166 452 400 394 437 591 END
START -2192 18684 7464 -367 1140 -1148 454 393 394 465 600 END
START 300 14504 2804 939 1491 -3025 452 394 396 465 598 END
START -2000 17996 8788 1145 2484 -2326 453 393 390 467 601 END
START -1196 15944 3796 2431 1443 -3029 454 394 393 464 598 END
START -4648 17696 9408 1955 -1049 -2577 453 395 391 466 597 END
START -1264 17864 3672 3140 97 -3588 451 394 392 466 598 END
START 1468 13040 3732 2123 -932 -4519 452 394 390 466 598 END
START 5148 19608 3880 2941 2348 -5010 454 406 375 464 599 END
START 2304 11844 4068 2966 2973 -7492 456 392 391 466 598 END
START 1980 18248 3192 4442 6054 -5875 454 395 393 465 595 END
START -9556 13644 9228 3283 137 -4814 462 397 398 465 568 END
START 732 11752 -1460 2940 -1926 -7284 455 397 391 467 599 END
START -6968 15572 4780 2343 -3899 -8293 453 395 395 466 599 END
START -4088 13440 4424 1241 -2524 -9845 445 406 381 458 600 END
START 1716 11240 -1460 1945 4398 -10694 454 390 394 466 599 END
START -2344 15628 316 2900 8008 -7646 453 396 393 466 599 END
START -10332 13736 4800 2245 3983 -7527 451 411 397 465 600 END
START -10040 12116 4688 1901 949 -10052 456 394 397 463 599 END
START -6336 11836 2592 2062 1141 -12044 454 395 393 466 599 END
START -4092 14496 916 2394 4440 -11470 455 402 397 471 598 END
START -9788 12272 4220 2125 2736 -9211 456 408 393 466 599 END
START -6796 10168 452 2556 2057 -9344 454 396 392 466 599 END
START -8068 12248 128 2927 3842 -11445 436 393 391 467 600 END
START -10396 14380 3920 2580 5332 -11346 448 397 392 469 599 END
START -8072 10040 768 2299 1770 -10881 453 395 393 466 598 END
START -9576 9384 192 2860 -1181 -11017 452 406 386 471 597 END
START -8196 12320 1296 3225 1530 -10012 466 398 393 434 599 END
START -10560 10364 2088 2757 6458 -11491 453 395 393 462 600 END
START -11120 11360 -1152 2885 7037 -10174 453 397 394 466 598 END
START -17752 10144 5900 2495 -720 -8059 449 395 402 465 602 END
START -7988 7464 -2528 2732 -4917 -12290 453 396 398 467 598 END
START -11580 11756 2320 3040 -2289 -13856 453 397 394 467 599 END
START -13976 7976 4116 1749 5362 -11237 457 402 399 464 600 END
START -3856 11236 -10240 2374 6395 -7935 454 397 394 468 599 END
START -19232 8416 5260 1582 3886 -8634 452 397 395 467 598 END
START -15696 5856 -68 2222 5701 -12979 459 398 394 466 599 END
START -10068 9784 -2336 2462 7349 -12240 451 398 394 467 599 END
START -10976 4856 -2820 2021 1490 -10437 453 398 394 466 599 END
START -16540 8656 636 2325 -1339 -8794 451 397 395 468 599 END
START -16140 4372 276 2330 -152 -9814 451 414 395 466 599 END
START -7868 9784 -6800 1997 7897 -10084 452 393 395 467 613 END
START -20448 5400 456 1337 5241 -8668 451 397 394 468 600 END
START -19584 9676 1204 1414 2242 -7133 454 399 395 470 598 END
START -12680 7064 -7940 986 2804 -7257 450 399 392 467 600 END
START -16468 8240 -1052 -57 417 -3985 451 398 394 467 599 END
START -14732 8096 -5344 150 -1116 -3697 451 399 394 468 598 END
START -15576 7556 -2940 -617 -2622 -3634 450 398 394 468 601 END