START 6172 14908 5584 -2711 446 5588 491 410 399 430 616 END
START 6552 15004 5420 -2547 200 5312 491 409 399 432 615 END
START 6116 15340 6032 -2150 -540 4455 491 410 399 432 611 END
START 6656 15740 5964 -1772 -466 3546 493 409 399 434 618 END
START 6904 15616 5820 -1274 -20 2424 492 410 399 434 618 END
START 6604 15572 5276 -971 425 1609 496 412 398 434 617 END
START 5784 15412 5576 -415 536 807 494 410 399 434 617 END
START 4728 15432 5796 -83 403 182 495 410 399 434 608 END
START 4748 15700 5020 242 27 -246 493 410 400 436 619 END
START 3172 14648 4808 404 -554 -575 494 411 400 436 619 END
START 2680 14256 4812 265 -956 -255 494 410 401 435 620 END
START 2996 16264 5372 387 -947 88 495 411 400 435 619 END
START 4316 16480 2912 713 -893 -75 495 412 401 435 619 END
START 3952 15320 2636 759 -1424 -430 495 412 401 435 619 END
START 2160 13788 2076 495 -1412 -459 494 412 400 434 618 END
START 1712 12668 2228 126 -1730 -257 496 415 401 437 620 END
START 584 12708 4472 -350 -1365 113 496 412 401 436 619 END
START 1144 14084 5440 -614 -28 287 495 412 401 435 619 END
START 2664 15664 5092 -561 1287 199 496 412 402 438 619 END
START 3624 16784 4280 -303 1046 -135 496 413 400 437 621 END
START 4264 16184 3504 -264 -319 -508 497 413 402 436 620 END
START 3572 14484 3208 -268 -1397 -885 496 412 402 436 619 END
START 3712 13616 2492 -314 -2083 -1054 494 411 402 438 620 END
START 2800 12920 3936 -499 -2810 -1147 497 413 403 437 620 END
START 3452 13888 6080 -290 -2985 -1302 496 412 402 435 619 END
START 3080 15552 7704 -53 -2799 -1427 498 412 402 436 619 END
START 5100 17908 7972 298 -2222 -1977 497 413 402 437 619 END
START 7976 18820 6232 829 -1345 -2359 497 414 402 436 618 END
START 8476 19528 4152 1326 -994 -2493 497 415 395 437 619 END
START 6672 18980 4364 1644 -1545 -2533 497 414 402 437 618 END
START 6656 17904 2856 1738 -1433 -2386 497 413 402 437 619 END
START 5188 15940 1920 1453 -972 -2036 495 414 402 435 617 END
START 2752 15360 2252 843 -2301 -2031 496 413 401 436 617 END
START 2056 15920 5256 25 -4142 -2055 497 411 400 435 618 END
START 2624 15884 4764 -356 -4685 -2428 497 415 402 436 617 END
START 2716 16024 5636 -303 -3579 -2788 498 413 402 436 618 END
START 3864 16856 4272 -407 -1777 -3079 496 414 402 437 619 END
START 5332 16832 2620 -7 232 -4107 496 414 401 435 618 END
START 5804 16216 428 56 1438 -4714 497 414 403 436 617 END
START 3756 14596 172 -39 796 -5711 496 414 401 436 615 END
START 964 12640 880 -385 -679 -6170 498 417 402 437 617 END
START -196 12344 3612 -786 -2664 -6909 497 413 402 436 617 END
START 880 12620 3740 -746 -3759 -8044 499 414 402 436 618 END
START 180 14448 5940 -1416 -3526 -8493 497 414 404 437 617 END
START 1180 14128 4980 -1106 -2733 -9851 499 418 403 437 616 END
START 4860 13472 596 -998 -828 -10611 498 414 402 437 616 END
START 2272 13356 1584 -420 1198 -11468 498 415 401 436 616 END
START 3052 13660 -104 -422 2208 -12238 499 413 402 420 616 END
START 1368 13236 -216 -466 1945 -13131 499 414 402 438 616 END
START -144 12872 364 -1255 1682 -13002 501 415 402 435 616 END
START -2836 10596 -168 -1061 2038 -13408 500 415 401 436 618 END
START -4140 10300 1484 -791 1332 -14113 500 414 402 436 615 END
START -3740 10192 2516 -1097 1698 -14056 497 414 402 427 616 END
START -6136 10440 4212 -1483 1103 -14092 503 414 402 436 615 END
START -5200 10788 3952 -1897 703 -14137 499 414 403 436 615 END
START -6312 10684 5020 -2359 354 -13793 499 415 403 436 615 END
START -5564 11372 4024 -2033 449 -14684 498 415 404 436 615 END
START -6236 12268 5556 -2475 941 -14413 498 414 403 436 614 END
START -2904 12540 2696 -2762 2289 -14702 498 414 403 437 614 END
START -5264 13464 3276 -3091 2070 -14659 498 422 404 436 614 END
START -4912 13308 2112 -3501 2275 -15045 497 414 404 435 613 END
START -5312 12592 1036 -3560 2399 -16246 498 414 403 436 614 END
START -5380 11140 -412 -3792 3675 -16210 499 414 403 436 613 END
START -7508 11088 64 -3852 5285 -16286 499 415 403 433 613 END
START -11812 8664 1572 -3389 5812 -16105 500 414 403 435 613 END
START -14052 9608 2108 -3307 4581 -15278 500 413 402 435 613 END
START -18052 8860 3648 -2808 3463 -13351 499 412 401 434 613 END
START -19540 8368 4332 -2611 2520 -9017 500 417 383 435 612 END
START -23040 5964 6644 -1427 -465 -5443 501 414 403 436 613 END
START -23504 9308 7132 -1121 -5272 -2221 500 418 402 436 613 END