START -2696 13820 4624 -2098 4716 2348 463 399 398 470 597 END
START -2644 14024 4992 -2043 4667 2271 463 395 396 469 598 END
START -2652 14612 6052 -1953 3337 2048 463 397 396 470 602 END
START -2184 15200 6528 -1825 1587 1658 471 355 378 467 594 END
START -1744 15276 6668 -1654 138 1454 471 399 382 470 598 END
START -1364 15236 7236 -1234 -413 1365 464 401 397 471 597 END
START -892 15352 6884 -703 273 1159 465 390 393 471 600 END
START -1416 14824 7288 -335 785 977 463 397 398 467 599 END
START -1812 15196 6760 -46 876 551 463 397 393 469 597 END
START -2584 13576 6192 71 -399 262 464 398 397 470 599 END
START -3132 14740 6492 -10 -1280 511 464 398 398 470 597 END
START -2836 15088 5980 325 -968 114 464 397 397 467 600 END
START -2408 14824 4792 459 -47 -361 463 398 397 467 598 END
START -1996 14796 3924 472 906 -811 470 398 398 471 596 END
START -2564 15088 4840 362 1407 -842 464 384 398 489 597 END
START -3360 15196 5916 137 968 -892 464 398 397 475 597 END
START -3920 14492 6964 -214 -182 -1256 463 398 398 469 602 END
START -3452 12500 4572 -282 -1160 -1845 463 397 398 470 597 END
START -2480 15608 2964 58 325 -1966 463 397 397 470 597 END
START -3420 17324 7288 -156 1072 -2017 464 394 398 469 598 END
START -3768 14096 7148 -8 934 -2845 463 398 400 471 598 END
START -1536 15232 3672 1176 3710 -3544 464 354 396 471 597 END
START -3084 16488 8848 733 4207 -3330 465 399 398 468 598 END
START -1488 15428 4348 1967 6071 -4886 464 392 399 470 597 END
START -1768 18292 8684 1428 5621 -4602 464 410 395 471 596 END
START -136 15528 3352 2617 6500 -6355 465 400 416 471 597 END
START -2480 14888 8876 2089 6526 -6570 464 398 396 470 597 END
START -2228 18316 6432 3754 10167 -6676 462 398 399 472 592 END
START -4064 12180 4664 3962 7833 -6458 463 398 394 468 597 END
START -7008 16336 7912 3680 5049 -5338 462 400 397 472 597 END
START -4056 14996 372 4642 4339 -6639 446 398 389 465 598 END
START -2956 10416 1844 3616 3222 -8039 463 406 398 472 599 END
START -5504 17380 4108 4620 7409 -7525 462 404 397 470 597 END
START -2676 9164 -844 4572 7145 -7070 462 401 397 469 595 END
START 1228 14324 -4568 6162 9848 -6311 461 401 400 469 600 END
START -5872 10840 372 5420 6240 -8967 460 400 397 470 599 END
START 2468 10144 -7884 4836 9597 -9977 460 400 397 470 597 END
START -11012 13136 1504 5508 6385 -5278 460 399 398 469 597 END
START -17056 10880 5528 4908 -2071 -3871 461 398 397 465 598 END
START -7820 8888 -3596 5331 -5015 -7352 460 400 398 469 594 END
START -2916 12400 -4840 5807 -2150 -9384 463 397 398 473 598 END
START -2076 10568 -4332 3974 2154 -9712 458 401 398 470 598 END
START -14220 12004 964 3953 1750 -7392 468 435 404 469 596 END
START -900 11128 -6364 4218 2376 -5112 459 399 398 471 611 END
START -23228 9068 9240 4121 -4391 -8122 461 400 398 471 597 END
START -10396 11160 -1916 4470 -1748 -10350 464 400 405 471 603 END
START -12136 10396 2872 3357 -1619 -9922 460 402 397 470 597 END
START -5992 8576 -4956 4226 -45 -9785 459 401 398 470 598 END
START -9180 12128 -208 3652 754 -8344 467 402 397 475 598 END
START -14328 8192 788 3507 950 -9029 461 400 398 471 603 END
START -9048 11188 -1660 4345 2117 -8584 460 400 399 471 598 END
START -4436 7124 -6888 3655 1626 -10277 459 408 393 520 594 END
START -3132 11236 -7040 4320 4919 -8531 460 396 400 470 597 END
START -6740 7308 -4420 3571 4363 -8478 462 392 398 470 598 END
START -8276 11860 -4292 3596 5468 -6268 464 404 402 458 598 END
START -11404 6332 -2784 2754 -307 -6187 460 402 398 470 598 END
START -16832 9872 152 3609 -438 -7675 460 400 398 470 597 END
START -6992 7192 -5096 2897 2177 -9525 466 403 382 471 597 END
START -19900 12176 -2152 3044 1946 -9133 463 400 398 471 596 END
START -26616 7196 7352 2339 -2981 -6960 461 403 396 470 598 END
START -7516 7468 -9608 2689 -1752 -6983 460 400 398 473 597 END
START -5328 7968 -7764 1850 884 -7902 462 404 398 470 598 END
START -18868 7364 -2432 2337 1455 -7884 452 400 400 465 598 END
START -22400 7836 3460 933 455 -5613 456 400 398 471 598 END
START -14256 7024 -7476 1587 854 -5723 461 401 399 469 598 END
START -21844 8012 1044 104 -1422 -4512 459 399 399 470 598 END
START -16348 11544 -7068 462 1025 -3644 463 400 398 470 597 END
START -12600 6880 -6264 -913 -636 -2856 460 401 398 469 601 END
START -14748 11176 -3652 -215 -493 -786 459 400 399 470 596 END
START -15836 6388 -2700 -888 -2158 -1681 459 400 398 472 598 END