START -2632 15376 3080 -206 172 1858 453 394 388 463 593 END
START -2704 15452 2888 -108 921 1802 457 392 393 471 592 END
START -3568 15376 2608 -83 1708 1511 456 391 388 464 595 END
START -3080 15600 2080 -217 1022 1091 454 387 384 473 595 END
START -2580 15728 1748 -541 452 1216 452 395 388 462 595 END
START -3188 15220 2372 -473 688 1440 455 393 390 464 596 END
START -3220 15356 2848 -118 484 1330 456 400 384 466 598 END
START -3912 15716 3216 58 366 1564 480 391 385 433 598 END
START -3536 16740 2920 512 531 1281 459 393 389 465 599 END
START -3040 15648 2508 527 -144 973 452 396 392 466 601 END
START -2468 16288 2828 227 -326 1219 455 398 388 466 601 END
START -1488 16660 3340 244 -74 1135 457 391 384 465 606 END
START -2424 17312 4244 384 636 1556 457 394 388 465 601 END
START -3544 17920 4744 445 326 1434 468 389 392 467 602 END
START -4532 17824 5168 442 -842 1325 455 393 389 466 601 END
START -4852 16876 5048 265 -2724 1593 456 390 389 466 601 END
START -2004 14796 2100 382 -4195 1345 457 397 388 465 602 END
START -612 15488 288 1012 -1984 692 452 398 390 429 603 END
START -2060 17500 3256 1089 -775 956 456 369 391 466 603 END
START -4780 14200 5032 912 -2544 468 453 396 391 471 602 END
START -4068 14628 68 1999 -2579 225 456 394 390 466 603 END
START -5072 17824 2796 1144 -2650 1491 410 431 394 468 604 END
START -1716 12740 -428 692 -3558 102 461 394 397 480 603 END
START -896 17004 2932 1099 -1071 -484 456 393 392 467 604 END
START 484 12096 1208 1252 -122 -1839 455 394 390 466 604 END
START -48 16792 3612 1569 1199 -2738 455 395 391 466 604 END
START -240 13576 -1484 1352 1389 -3841 464 402 396 471 606 END
START -3680 14448 4940 165 -1670 -3219 457 394 393 466 603 END
START -1564 17284 112 716 -2252 -4120 457 394 392 466 603 END
START -852 12956 -708 -152 -3466 -5818 451 394 388 477 605 END
START -2156 15316 4232 -1227 -1366 -5894 456 397 408 466 603 END
START 1524 16604 -5128 210 1236 -6847 456 394 392 466 604 END
START -2012 11140 1228 -937 -371 -6452 446 386 393 484 601 END
START -7096 15264 -3104 649 682 -6633 453 394 392 466 605 END
START -3744 14892 2540 -586 698 -6483 456 395 393 467 604 END
START -12272 12312 7128 -449 -99 -8182 457 384 397 472 604 END
START -1608 16884 296 205 2459 -8463 453 392 396 465 602 END
START -6660 14836 3336 -641 805 -8355 456 391 394 473 603 END
START -9856 11168 4656 -216 -549 -8209 437 396 394 472 604 END
START -1044 14320 -6460 795 1698 -9604 457 395 394 467 582 END
START -3764 14468 116 133 3996 -9801 456 393 392 468 603 END
START -5228 12660 1680 -172 3580 -10388 455 394 393 466 603 END
START -4644 10456 -344 -42 1315 -12094 455 397 392 472 603 END
START -3844 13112 -3600 987 2828 -11988 455 399 393 471 603 END
START -6772 12516 588 516 5341 -10736 455 394 393 468 604 END
START -6108 11372 760 615 6217 -9391 455 396 394 465 603 END
START -7808 9660 -104 1178 5832 -10839 455 394 393 468 600 END
START -7264 12240 -2148 1712 5425 -12010 454 396 396 462 603 END
START -7308 11112 1204 1018 1916 -13478 455 394 393 467 602 END
START -3412 8448 -4004 1406 3655 -15437 454 396 393 466 603 END
START -9288 12524 1852 1449 9512 -12596 455 394 393 467 599 END
START -15724 7536 3872 1267 9684 -9153 446 397 394 467 605 END
START -9588 10552 -4388 2877 7846 -10843 455 395 393 466 604 END
START -6968 7324 -5768 1664 3775 -13666 453 376 397 467 603 END
START -10964 11684 -460 2802 5706 -12755 456 393 392 467 606 END
START -4000 6392 -6112 2474 1214 -11090 454 394 393 466 602 END
START 1628 11056 -13984 2529 -1995 -8923 432 398 375 465 603 END
START 6948 6672 -14872 1033 -4439 -11108 456 394 394 470 603 END
START -18816 8920 3264 1392 -1165 -12301 455 395 393 467 603 END
START -20432 9708 6352 746 3548 -11309 453 397 392 468 603 END
START -7436 6636 -8820 1590 3948 -10832 453 400 393 473 603 END
START -14160 7584 -1460 904 -2486 -9463 455 399 394 468 604 END
START -18356 7236 -1636 1681 -4113 -9961 448 397 395 466 604 END
START -16820 7524 2156 908 -2609 -10178 458 394 396 467 603 END
START -16496 11136 -5064 1855 2857 -9830 457 396 394 466 604 END
START -13704 4544 -2352 1106 2937 -8955 457 397 393 465 606 END
START -13564 7992 -4600 1753 1831 -7887 460 395 394 465 610 END
START -21280 4860 1572 1137 -1593 -7603 458 399 393 466 604 END
START -16836 9052 -656 1547 1696 -7492 456 397 394 467 603 END
START -12532 4144 -6172 797 4037 -7877 457 409 395 466 604 END