START 1196 15852 7420 1706 5187 3303 502 427 412 463 607 END
START 1152 15860 7240 1848 4881 3449 502 427 413 457 608 END
START 968 15404 7396 2203 3484 3591 504 426 410 455 610 END
START 2672 15484 6572 2595 2788 3444 503 427 410 450 612 END
START 1984 15464 5488 2348 3098 3413 503 425 410 456 614 END
START 2696 14668 4900 2584 2728 2918 502 425 409 456 615 END
START 1932 15256 4880 2425 3025 2734 502 424 410 456 617 END
START 1932 14700 5124 2214 2139 2075 503 425 411 456 618 END
START 1316 15036 5264 1465 1698 1798 502 424 410 456 618 END
START 1252 15756 4544 1117 299 1429 503 424 410 456 619 END
START 1464 13988 2908 895 -1023 1068 504 424 407 456 621 END
START 1160 12772 2648 273 -1618 472 502 423 409 455 622 END
START 64 13084 4516 -388 -1339 524 503 424 411 456 623 END
START -720 14008 6048 -784 -463 456 501 425 411 455 623 END
START 416 15200 6240 -792 749 399 502 424 410 455 623 END
START 788 16608 5304 -263 1115 507 502 424 410 456 617 END
START 596 16052 4256 -2 84 538 502 424 409 455 624 END
START 460 13992 2448 94 -1148 592 503 424 409 455 623 END
START -1636 13112 5232 -107 -2006 1052 503 425 409 457 625 END
START -1068 13840 6100 -114 -1514 1487 505 424 410 454 625 END
START -1292 14680 7880 193 -1919 1741 504 426 409 453 626 END
START 1072 16644 7724 634 -1764 2146 503 424 409 453 626 END
START 4344 18148 6248 1427 -1794 2425 506 424 410 453 626 END
START 5980 19548 4548 2257 -1893 2630 504 424 408 453 626 END
START 4224 20156 6240 2790 -2913 2583 504 423 408 452 626 END
START 3616 18184 5148 3118 -4354 2846 504 423 408 451 626 END
START 3328 16696 3620 3421 -5313 3053 504 423 406 452 626 END
START 1980 15156 5148 3180 -5681 3384 505 424 408 452 626 END
START 2012 15368 5108 2865 -5514 3788 506 424 408 452 626 END
START 1928 16400 5660 2711 -5052 4068 505 423 407 452 627 END
START 1772 17808 5884 2797 -4227 4286 505 422 409 453 626 END
START 3336 18292 4216 3266 -3653 4360 497 422 408 453 626 END
START 5840 17680 1440 3657 -4089 4154 505 421 407 453 627 END
START 5900 16708 624 3849 -4638 3761 505 421 407 454 621 END
START 4964 15460 -536 3071 -4491 3805 504 421 406 453 625 END
START 3328 14100 -244 2948 -4681 2269 506 420 404 453 627 END
START 4040 13380 1156 2010 -5081 1955 502 421 407 452 625 END
START 4824 14844 2040 1413 -4237 538 504 420 406 453 626 END
START 6904 16184 1508 836 -109 -936 502 420 406 452 625 END
START 8024 16960 1168 822 3706 -2356 503 421 408 453 626 END
START 5664 16296 1108 1170 3978 -3314 503 421 409 445 626 END
START 4128 14552 104 1314 470 -4188 503 420 406 453 625 END
START 4052 13580 -1128 917 -1805 -4936 504 420 406 453 625 END
START 2380 12160 -768 376 -931 -6071 504 420 406 454 625 END
START 2868 11976 1220 -582 1522 -7550 505 421 406 453 625 END
START 4880 11768 488 -1258 5528 -8913 505 421 407 453 625 END
START 3036 12896 2596 -1207 8100 -9614 506 421 407 453 625 END
START -452 13368 4412 -889 5841 -10414 504 421 408 453 624 END
START 3812 13164 1964 -812 4126 -10938 507 421 407 453 625 END
START 3784 12860 -1460 -369 5201 -12493 505 426 407 454 626 END
START 4252 13192 -2168 -487 8393 -13790 505 423 408 454 623 END
START 2736 12336 -2084 -701 12476 -14487 505 422 408 453 625 END
START -3720 11376 620 -720 10948 -13932 506 422 407 453 626 END
START -5792 10044 556 -40 3471 -13428 505 422 407 452 627 END
START -4840 9872 1448 -244 -1507 -13722 505 422 407 453 625 END
START -4260 10144 2072 -671 1113 -14599 505 422 408 453 628 END
START -3792 12072 2516 -1743 5855 -14441 504 420 408 451 625 END
START -5488 11024 2736 -1840 9731 -14276 504 422 407 451 624 END
START -9864 12708 5796 -1146 5479 -13542 503 421 408 451 625 END
START -8080 13176 4812 -945 -172 -12551 504 422 407 451 624 END
START -8200 13744 5464 -828 -2787 -12440 503 422 407 450 624 END
START -3032 14168 960 -923 -1632 -12620 503 421 406 452 625 END
START -5004 14740 1320 -1025 428 -12867 503 423 408 451 624 END
START -3404 14936 -692 -1337 1802 -12851 503 424 407 452 624 END
START -6408 12844 1164 -1480 1778 -12879 503 421 407 452 624 END
START -6004 13776 -928 -980 -728 -13976 502 420 407 452 624 END
START -9304 12036 1328 -1155 -1395 -13146 503 421 408 452 623 END
START -7864 11068 -612 -1348 -1299 -13871 503 422 407 451 623 END
START -9584 10936 248 -1453 -207 -13547 503 421 408 450 624 END
START -13132 9900 2580 -1707 159 -12608 506 422 406 450 622 END