START -10396 4432 12636 599 2704 1027 526 471 510 539 540 END
START -10308 4460 12572 883 2974 1250 524 469 509 539 546 END
START -9584 4524 12156 1632 3868 2125 524 469 507 537 543 END
START -9292 4536 11888 2456 5658 2986 515 473 504 540 545 END
START -9272 4768 12192 3074 8330 3458 524 472 508 539 545 END
START -9584 5060 11916 3421 11228 4141 521 472 509 540 546 END
START -9956 5556 11764 3340 14473 4908 523 472 511 535 544 END
START -9972 5608 10356 3025 18174 5705 518 469 505 532 544 END
START -10768 6004 8600 2368 21492 7219 515 468 502 526 543 END
START -11968 6460 6832 2693 24520 8728 513 464 495 525 535 END
START -12412 6660 5564 3463 25877 9266 513 465 500 521 541 END
START -11728 7292 4016 3912 27539 10410 516 468 503 517 539 END
START -12900 8656 3436 3370 29326 11255 516 468 514 513 538 END
START -13044 9428 2896 2381 30192 11065 514 467 502 514 536 END
START -12872 10516 2356 1486 31050 12023 513 465 498 515 528 END
START -13120 9104 1152 -18 30349 11837 516 466 503 514 528 END
START -9364 7672 -2196 522 31145 10364 512 470 502 519 536 END
START -8452 10840 -696 926 32325 9979 510 475 503 516 537 END
START -8424 8864 -1388 272 32767 9242 514 476 508 514 533 END
START -6760 8324 -4748 1402 32767 7317 514 482 509 522 531 END
START -9596 10908 -2376 1414 32767 7278 505 487 515 525 531 END
START -10244 7676 -6552 2337 32767 6173 516 490 521 528 534 END
START -14136 9760 -3524 2356 32767 6094 518 493 522 533 534 END
START -14160 8876 -7532 3918 29713 5310 525 499 528 536 539 END
START -15396 6508 -7452 4081 24218 5063 519 506 527 544 541 END
START -13488 11156 -6116 5042 19967 4798 520 511 533 552 546 END
START -10560 10816 -8956 5552 17403 3417 520 520 539 558 550 END
START -10152 6672 -10232 5145 14998 2846 529 521 544 565 552 END
START -11712 8264 -6512 4565 12871 2713 523 530 547 575 557 END
START -11244 11468 -7036 4904 12104 2798 524 531 552 579 559 END
START -10084 11512 -9244 5376 11172 1935 519 536 552 586 563 END
START -8772 8404 -13140 6252 9871 798 526 542 560 594 574 END
START -8628 4856 -12076 5851 6997 -90 527 544 560 600 568 END
START -8108 6460 -9576 5557 6148 144 528 545 565 604 570 END
START -8076 11544 -8380 5847 7860 363 533 549 570 606 570 END
START -7404 11992 -10440 6379 10243 -273 536 553 573 616 574 END
START -8500 10916 -11360 6720 11407 -486 547 558 577 622 575 END
START -7196 8724 -13408 7183 10841 -857 542 555 582 626 576 END
START -6296 6872 -14676 7624 9795 -1104 542 567 588 630 579 END
START -4984 5888 -14720 8040 9968 -1464 547 572 592 632 580 END
START -4956 4552 -14268 8232 10930 -1428 545 572 585 635 580 END
START -5608 5372 -15360 8535 10883 -1258 552 577 600 638 580 END
START -5944 4160 -15288 8892 10076 -1102 558 582 605 640 581 END
START -5996 3424 -15200 9449 9517 -975 555 589 609 646 583 END
START -5448 3124 -16104 9723 8680 -1125 558 588 609 643 587 END
START -4840 3056 -17152 9654 8528 -1322 556 591 613 647 583 END
START -5488 2540 -15580 9675 7828 -1252 558 594 617 650 584 END
START -4968 1420 -15212 10089 6432 -1049 561 598 617 652 587 END
START -4684 704 -15556 10555 5267 -1508 561 602 622 654 587 END
START -5628 1304 -17868 10316 3752 -1897 562 607 624 654 589 END
START -4492 3688 -20416 9814 3104 -2042 563 609 625 659 591 END
START -3280 3624 -21576 8990 3411 -2060 565 615 627 659 592 END
START -3848 3944 -20368 8187 3555 -1984 564 620 628 659 596 END
START -5080 4336 -19496 7545 2059 -1777 560 624 629 662 596 END
START -4208 4624 -20104 6759 1240 -1673 563 630 632 661 597 END
START -4068 4156 -19336 5991 902 -1717 562 632 634 661 598 END
START -4664 1636 -21040 5064 335 -1848 566 639 636 666 603 END
START -5340 1724 -21800 4164 -153 -1873 570 638 636 665 603 END
START -5432 1968 -21844 3231 -610 -1510 569 640 639 665 606 END
START -4588 1840 -20852 2528 -430 -1215 570 641 638 665 605 END
START -4992 1716 -19804 2098 -148 -1075 570 637 639 668 604 END
START -5312 2268 -19592 1705 -241 -992 572 643 640 668 607 END
START -5656 2464 -19936 1387 -511 -1046 574 643 640 670 608 END
START -5064 1932 -19908 1057 -253 -959 581 643 640 667 608 END
START -4960 1772 -19808 718 449 -967 574 643 641 668 608 END
START -5984 -224 -18564 343 208 -1109 575 642 640 668 611 END
START -6336 -424 -19272 -122 -931 -893 573 646 639 672 610 END
START -6468 -184 -17836 -404 -1836 -708 573 641 640 668 610 END
START -6640 -388 -17684 -666 -2147 -648 572 642 637 669 609 END
START -6288 -416 -17772 -923 -2017 -623 575 644 642 667 610 END