START -10756 9308 3268 10618 24434 13039 527 519 539 582 586 END
START -11424 9644 3428 10390 24528 12981 530 524 537 582 587 END
START -10904 9796 2372 9383 23919 11466 534 527 541 583 590 END
START -9940 8832 332 8512 23886 11130 532 532 543 584 589 END
START -8952 8552 -800 8882 24783 9904 540 536 547 586 589 END
START -7840 10120 -836 8160 26055 9385 539 547 550 592 590 END
START -7268 11468 -1252 6704 28103 8378 543 543 553 600 589 END
START -5892 11440 -2892 5776 31185 6624 541 547 554 604 591 END
START -6620 10428 -3424 5026 32767 5316 547 549 559 608 589 END
START -9688 10976 -2336 4658 32767 5027 546 552 564 613 592 END
START -12208 11112 -2240 5002 28757 4794 550 555 567 620 594 END
START -12040 10576 -2260 5586 22038 3803 559 559 575 624 587 END
START -9540 11008 -2828 6114 17011 3115 559 566 576 629 593 END
START -8784 10352 -2060 6892 13655 1641 563 563 585 633 594 END
START -7320 9228 -3704 7076 13103 310 557 567 592 635 594 END
START -6700 8804 -5816 7454 14155 -878 566 569 592 638 595 END
START -6904 11256 -6632 7458 14198 -1955 568 573 595 640 597 END
START -8144 8776 -5888 7421 13598 -3035 570 572 600 641 597 END
START -8392 9404 -7388 8178 14449 -3503 571 580 605 642 600 END
START -9284 8992 -5836 8300 13336 -3708 574 582 606 642 597 END
START -7348 8856 -9524 9381 14678 -4826 570 585 606 645 598 END
START -10084 7924 -7012 9115 14083 -4637 575 587 608 653 596 END
START -10212 9844 -8676 10124 13248 -4353 576 584 610 645 597 END
START -8312 6444 -10436 10923 11787 -5197 576 586 613 645 597 END
START -10420 6592 -9340 10932 10840 -4792 581 587 613 647 599 END
START -10388 9420 -9184 11126 10677 -4138 576 587 613 643 599 END
START -9128 10032 -12592 11058 10108 -3593 577 586 614 647 598 END
START -8168 5572 -14052 12095 8439 -4484 576 589 613 648 600 END
START -8548 3512 -13032 12199 8018 -4368 577 588 616 648 595 END
START -8116 5508 -10644 11911 7627 -3950 578 586 616 646 599 END
START -9660 7312 -10788 12368 7093 -3476 580 588 616 649 598 END
START -9552 7300 -13944 12697 5877 -3214 581 588 615 650 597 END
START -7184 7772 -16668 12401 6969 -3145 581 587 616 650 599 END
START -5576 5968 -17096 12246 9364 -3455 584 586 609 649 599 END
START -6644 2808 -15912 12300 10654 -3288 581 585 617 648 599 END
START -5604 2968 -17400 12679 9524 -3519 583 587 622 648 600 END
START -6252 1164 -19532 12128 8542 -3519 584 589 617 647 594 END
START -8568 -284 -19244 11344 6448 -3170 584 587 615 649 600 END
START -6760 -472 -19936 10794 4970 -2968 581 590 617 649 602 END
START -5516 -1964 -18744 9965 7127 -2847 585 600 615 653 601 END
START -6400 -1628 -16960 9383 7947 -2857 584 587 617 646 601 END
START -6996 -1780 -20184 8849 5331 -2686 585 589 618 651 600 END
START -7196 -1920 -21852 7404 3316 -2368 588 583 616 650 601 END
START -7280 -2388 -21992 6192 1930 -2022 596 588 619 650 600 END
START -5920 -2364 -21868 4737 1828 -1746 586 588 619 649 600 END
START -4992 -1712 -21944 3563 2555 -1598 587 588 618 649 601 END
START -5540 -1692 -20800 3036 2504 -1653 599 587 617 649 601 END
START -6512 -1760 -19820 2418 1849 -1423 590 591 620 650 607 END
START -6164 -20 -20964 1773 305 -1161 592 587 617 650 601 END
START -5700 -2220 -20848 1076 -351 -1045 579 587 617 650 602 END
START -5208 -1864 -21116 523 113 -755 587 582 616 649 600 END
START -5204 -1960 -20008 -35 788 -589 588 587 618 649 601 END
START -7124 -2032 -18004 -208 495 -341 594 588 617 647 602 END
START -6500 -2260 -18404 -270 -305 -208 588 590 618 653 603 END
START -5212 -2456 -18836 -268 -480 -216 589 588 616 650 601 END
START -5732 -2592 -19132 -313 -369 -140 590 584 618 649 602 END
START -5412 -2624 -19448 -390 -230 -46 586 583 617 649 606 END
START -5016 -2728 -19316 -497 231 -77 589 583 615 649 601 END
START -5884 -2320 -19076 -604 -147 -86 589 587 615 648 601 END
START -5896 -3372 -19004 -721 -1737 98 589 581 615 645 601 END
START -7132 -3148 -20076 -1275 -4128 386 587 582 615 647 601 END
START -7016 -2692 -20548 -2229 -6070 904 587 578 610 647 601 END
START -6696 44 -21356 -3546 -8585 1432 591 579 609 645 599 END
START -8204 -2040 -21744 -5048 -13374 1936 587 574 601 641 595 END
START -9632 1068 -22720 -6999 -20698 3306 580 573 592 634 591 END
START -15040 3784 -20244 -8891 -31198 5230 582 559 582 627 583 END
START -18176 3516 -18560 -10564 -32768 7598 580 571 574 618 578 END
START -19608 444 -17944 -11797 -32768 9358 580 563 567 605 572 END
START -18112 -288 -17968 -12290 -32768 10277 580 558 560 597 567 END
START -13964 2152 -20532 -11709 -32768 11253 574 553 558 591 565 END