START -6796 9212 -7880 8704 6513 5552 600 575 597 631 584 END
START -7380 9456 -8432 8694 6724 5231 603 577 598 629 585 END
START -7892 9524 -9792 8664 6455 4609 600 578 597 631 586 END
START -8100 9624 -9984 8749 6025 4261 600 579 598 633 587 END
START -7732 9604 -9284 8913 5594 4148 613 578 600 633 585 END
START -7344 9368 -9784 9214 5557 3840 600 580 599 634 585 END
START -7068 9692 -10564 9311 5153 3608 597 582 593 635 586 END
START -6912 9244 -10348 9489 4424 3299 597 583 602 635 584 END
START -7628 9712 -10300 9555 2691 3225 597 582 601 635 585 END
START -6796 9720 -11308 9733 515 3007 600 584 599 636 588 END
START -5940 9268 -12492 9774 -594 2387 592 584 599 633 583 END
START -5376 8656 -12460 9786 -472 1718 595 585 600 636 587 END
START -4900 8268 -12772 9647 790 1159 591 588 599 634 588 END
START -5460 8124 -12908 9765 2207 707 594 588 602 635 588 END
START -5448 8912 -13572 9587 3355 296 596 588 603 637 588 END
START -6492 8708 -12232 9359 3463 -86 595 604 602 637 588 END
START -7116 6184 -12904 9262 2536 -873 596 591 607 637 587 END
START -5896 6136 -14552 9707 2001 -1371 595 596 608 637 591 END
START -6704 7812 -13564 9249 1697 -1154 598 600 611 638 589 END
START -6568 4468 -14912 9216 1634 -2067 593 598 607 638 584 END
START -6144 7964 -13808 8935 1738 -1874 597 600 610 639 590 END
START -7132 3868 -15376 8839 1470 -2705 598 599 613 643 589 END
START -6444 7012 -15424 8315 2609 -2167 598 604 613 640 594 END
START -6220 4188 -18120 8163 3336 -2702 597 606 615 641 590 END
START -8024 4432 -15372 7156 2188 -2364 589 608 616 640 592 END
START -6404 7176 -16100 6998 2168 -2085 600 608 621 640 590 END
START -6172 3052 -18012 6906 1608 -2666 596 612 618 641 592 END
START -8544 3064 -15836 5989 1068 -2224 598 613 619 642 591 END
START -7168 6700 -16092 5623 1729 -1461 597 605 621 639 591 END
START -5844 5656 -18168 5478 2042 -1510 599 614 620 643 594 END
START -6764 2312 -19184 4801 866 -1911 599 616 623 644 594 END
START -7512 2128 -17428 3753 183 -1746 598 615 623 643 593 END
START -6948 6144 -16184 2938 729 -1252 599 618 622 644 593 END
START -5580 5680 -18236 2604 1968 -1063 600 616 622 643 593 END
START -5652 3560 -19316 2224 2613 -1278 602 616 624 643 594 END
START -5920 1524 -19604 1628 2566 -1504 599 617 630 643 594 END
START -7468 688 -18372 917 1456 -1589 597 617 624 644 595 END
START -8168 1496 -17240 89 -119 -1047 599 626 625 645 593 END
START -7836 4772 -15508 -425 -990 -321 599 620 625 645 596 END
START -6468 6056 -15536 -643 -697 142 599 617 623 644 595 END
START -5404 5476 -17504 -741 -122 215 596 621 624 644 594 END
START -4888 4424 -18140 -781 -170 -90 598 619 625 644 595 END
START -6120 1368 -18456 -904 -629 -503 601 618 626 645 594 END
START -6496 704 -18036 -1049 -845 -730 598 620 625 638 595 END
START -6212 360 -18076 -1280 -730 -866 598 618 628 645 595 END
START -6308 400 -17120 -1330 -480 -879 599 617 622 647 594 END
START -7348 2400 -14556 -1371 -77 -749 598 617 622 645 597 END
START -7104 3004 -14728 -1494 117 -660 596 618 626 645 596 END
START -7080 3532 -14204 -1554 101 -563 599 619 626 645 595 END
START -6836 4072 -14240 -1552 97 -420 594 619 625 643 597 END
START -6376 5816 -14396 -1344 -10 -50 596 616 625 645 595 END
START -6544 5876 -14072 -1099 -175 261 596 619 624 645 595 END
START -5016 5724 -16124 -893 134 522 596 617 625 645 594 END
START -4372 5836 -16628 -645 494 602 595 618 625 645 595 END
START -4772 4076 -18100 -541 -33 410 605 618 627 646 597 END
START -6288 1616 -18824 -600 -316 86 595 619 624 645 597 END
START -5840 452 -17900 -774 -421 -105 597 617 626 645 599 END
START -6040 408 -17868 -866 -642 -158 595 615 625 640 594 END
START -7436 1052 -15492 -1069 -931 -201 595 617 625 644 596 END
START -7512 828 -15572 -1117 -1028 -303 596 616 623 645 596 END
START -7704 740 -15604 -1167 -1369 -466 598 613 625 645 599 END
START -6316 -140 -17548 -1192 -1723 -564 596 614 623 645 596 END
START -6700 -92 -17472 -1185 -1711 -620 594 615 623 646 596 END
START -6552 -76 -17492 -1105 -1378 -581 593 610 624 643 596 END
START -6288 228 -17820 -940 -886 -534 596 612 624 646 597 END
START -7192 456 -16220 -974 -818 -489 593 614 623 645 596 END
START -7000 564 -16116 -1002 -965 -440 596 614 625 645 597 END
START -7136 700 -16504 -938 -1514 -378 596 609 622 645 602 END
START -7796 1376 -15180 -928 -1813 -419 593 608 624 644 596 END
START -7644 1108 -16076 -963 -1509 -449 596 610 622 642 595 END