START -13476 8472 -5120 7573 23477 9447 625 593 566 607 589 END
START -13364 8268 -5440 7465 23522 9449 621 592 567 608 588 END
START -12868 7564 -6040 7193 22497 9253 623 594 570 611 589 END
START -12564 8044 -6096 7245 20934 9497 618 595 570 612 588 END
START -11920 7472 -5932 7549 17729 9507 624 598 572 614 587 END
START -10556 7596 -6748 8161 14950 9254 624 600 576 614 588 END
START -10356 7396 -6596 8629 13191 8934 621 602 576 615 585 END
START -9596 7680 -7496 9307 11624 8549 622 608 580 618 581 END
START -8428 7064 -8324 10061 10551 7558 622 609 584 618 589 END
START -7576 7244 -9620 9867 11153 7129 622 611 587 615 586 END
START -8240 6556 -10048 10118 11689 6502 621 614 589 621 587 END
START -7652 6208 -10280 10546 11047 5802 620 618 591 624 587 END
START -8124 5588 -10964 10810 10077 5459 618 619 593 624 586 END
START -7604 6468 -12156 11107 8258 4928 618 622 596 622 588 END
START -6520 7792 -12824 10845 6830 4741 618 626 599 634 589 END
START -6652 7828 -12992 10439 5499 4420 617 632 603 638 588 END
START -6728 4980 -12464 10805 4963 3250 614 637 608 641 594 END
START -6112 7080 -13512 10902 4393 3167 616 637 610 644 592 END
START -7548 6468 -12840 10735 2322 2677 612 640 612 645 595 END
START -5620 5012 -15768 11012 1742 1916 612 643 616 648 595 END
START -6356 6884 -15580 10179 1843 2090 612 644 617 649 597 END
START -5476 4816 -16768 9914 3836 1295 613 645 620 652 597 END
START -7324 5588 -16060 8780 3966 1126 612 649 612 653 599 END
START -5536 6596 -18268 7941 4215 776 614 649 624 654 599 END
START -7504 4000 -17800 6705 2728 236 609 652 626 653 598 END
START -6196 7708 -18172 5342 2197 514 611 651 626 656 598 END
START -6908 3332 -18944 4474 1412 -631 610 652 627 656 600 END
START -7472 6304 -17828 2787 683 -651 609 653 629 656 603 END
START -5196 7828 -17944 2090 1007 -827 610 652 628 657 603 END
START -6216 3408 -18764 1523 610 -1725 611 652 629 658 601 END
START -7624 4724 -16228 453 385 -1646 610 654 629 659 602 END
START -6644 7788 -15512 13 1108 -1241 609 658 630 661 603 END
START -6092 5044 -17680 -12 1026 -1524 610 653 629 658 603 END
START -7184 2684 -17668 -304 258 -1550 613 656 631 657 599 END
START -8136 3988 -15856 -847 -194 -766 609 654 631 652 604 END
START -6632 7852 -14728 -1035 -2 -18 610 654 630 660 595 END
START -5528 6972 -16228 -849 627 -18 610 654 631 659 604 END
START -6476 2756 -17308 -823 306 -464 608 655 632 658 603 END
START -7776 3652 -15192 -1171 -115 -290 610 655 631 658 604 END
START -7560 5980 -14356 -1394 153 175 607 656 631 658 605 END
START -6780 7484 -14356 -1381 510 456 608 655 629 658 604 END
START -5624 5688 -16292 -1137 700 217 615 658 630 659 604 END
START -5560 3568 -17404 -1013 147 -308 609 654 638 657 603 END
START -6428 1912 -17504 -1152 -949 -535 610 656 631 658 603 END
START -7604 1600 -16072 -1298 -1538 -466 612 654 632 660 602 END
START -7512 2340 -15576 -1354 -1344 -393 611 656 632 659 605 END
START -7032 3792 -14636 -1318 -662 -169 613 656 632 658 608 END
START -7904 5308 -13120 -1251 -669 106 610 657 632 657 605 END
START -6896 6672 -13600 -1144 -721 374 610 660 631 658 603 END
START -5724 7380 -14384 -905 -596 473 609 655 631 658 606 END
START -5168 6288 -15880 -587 -378 290 608 655 631 658 604 END
START -4260 5248 -17388 -363 371 -106 608 655 634 657 608 END
START -6404 2400 -16848 -273 219 -416 608 661 631 659 602 END
START -6368 1848 -16928 -374 20 -533 606 654 631 658 604 END
START -7820 2940 -14732 -559 -388 -258 607 655 631 664 604 END
START -7832 3776 -14336 -637 -611 -6 606 655 631 657 605 END
START -6640 6700 -14056 -637 -239 259 605 652 630 658 604 END
START -5540 7652 -14852 -550 359 281 607 653 632 658 599 END
START -5248 7468 -15436 -300 1232 16 606 654 629 657 604 END
START -4648 4872 -17480 -109 1174 -512 611 652 629 658 604 END
START -4864 4228 -17616 -33 921 -884 607 651 631 658 605 END
START -5796 1912 -17664 -218 537 -1122 607 652 630 658 604 END
START -6056 1596 -17200 -314 400 -1069 605 651 633 658 605 END
START -7656 2368 -15096 -347 160 -932 611 652 628 658 604 END
START -8092 2892 -14556 -510 -249 -636 606 650 628 656 603 END
START -7968 3356 -14212 -549 -361 -395 606 651 627 657 604 END
START -6224 6148 -14384 -596 -277 -159 604 650 632 655 603 END
START -6256 6676 -14636 -620 -21 44 605 650 625 654 601 END
START -6444 7448 -15180 -425 -58 135 604 648 627 658 604 END
START -4304 5504 -18024 -182 -62 -100 603 647 626 655 603 END