START -10656 8724 7388 5320 21499 8581 519 459 477 475 543 END
START -10336 8692 6604 5389 22722 8880 511 460 471 472 541 END
START -9660 9112 4172 5280 26784 9812 508 462 473 471 545 END
START -9716 9196 2080 5381 31440 10618 510 461 470 475 543 END
START -11576 9912 1000 5288 32767 12066 507 464 471 480 542 END
START -12592 10060 420 4939 32767 11674 510 464 472 478 541 END
START -12512 10608 -252 3902 32767 11696 512 459 472 477 543 END
START -13156 10236 -1804 1990 32767 10741 513 462 472 478 540 END
START -13396 9128 -2256 823 32767 10529 513 457 473 483 542 END
START -13600 8848 -2016 1088 30109 10021 516 461 474 484 544 END
START -12584 9112 -2636 2429 26472 9192 517 465 475 488 541 END
START -10720 10004 -3376 3434 24449 8434 519 465 487 493 543 END
START -10188 10664 -3476 3703 23700 7588 520 464 481 495 545 END
START -10824 10280 -3732 3244 22712 6711 519 469 483 503 547 END
START -10436 8800 -6300 3955 21591 5510 521 473 489 507 548 END
START -9720 11096 -6688 5296 19986 5262 523 475 494 515 558 END
START -11176 10580 -5244 5380 16319 5500 523 477 496 525 547 END
START -9336 9636 -8336 6110 14090 4409 526 484 502 533 554 END
START -9136 13404 -5600 6171 12298 4762 526 492 504 544 563 END
START -7936 9328 -8664 5984 10060 3446 533 497 515 556 556 END
START -8684 14040 -6872 6329 8788 4110 533 506 522 564 559 END
START -7916 9028 -8532 6420 6306 2858 539 511 527 575 559 END
START -8660 13624 -6448 6188 4524 3632 534 519 535 580 563 END
START -6076 10140 -11168 6484 3910 2238 547 530 543 587 563 END
START -7284 10384 -8448 5691 2527 2083 549 538 550 592 567 END
START -6444 13948 -9036 5928 3342 2068 555 543 549 598 567 END
START -5020 10544 -12180 6412 4235 1062 555 549 555 602 568 END
START -7380 7936 -10468 5898 3249 1388 561 555 562 609 566 END
START -9092 11108 -8340 5437 2232 2071 564 561 565 613 569 END
START -6712 13148 -12320 5542 2182 1914 564 567 567 615 572 END
START -5196 11988 -14272 5697 1654 1088 565 568 571 617 570 END
START -5008 8628 -14668 5447 1478 806 564 577 574 617 572 END
START -6000 8208 -10520 5109 2230 1171 568 579 575 618 571 END
START -7868 10292 -6740 5564 3392 2090 571 584 578 619 572 END
START -10124 11680 -8140 6186 1778 2638 574 586 581 621 572 END
START -8576 12084 -11124 6814 -1776 2504 568 589 584 619 573 END
START -6512 11836 -13120 7245 -3592 2215 568 591 588 620 573 END
START -4640 10508 -13348 7578 -3046 1852 572 591 587 620 574 END
START -3344 8872 -14024 7961 -360 1421 566 593 586 622 575 END
START -4296 7468 -14340 8518 1023 947 569 592 587 622 574 END
START -5020 5888 -12988 9098 1124 581 566 596 591 623 579 END
START -7056 4388 -10700 9676 -379 479 563 596 590 623 575 END
START -6768 4060 -10224 10316 -2152 597 565 598 591 626 575 END
START -7508 4064 -10828 10896 -4209 373 563 604 593 633 576 END
START -6000 3644 -12180 11389 -4734 105 564 605 598 626 576 END
START -5284 3744 -12928 11739 -3297 -537 563 610 601 626 579 END
START -5736 3460 -13432 12140 -641 -1169 565 614 602 628 578 END
START -5904 2784 -14504 12267 2128 -1853 564 619 607 629 580 END
START -5772 2504 -16780 12144 2952 -2343 562 625 609 631 581 END
START -5836 1956 -17248 11817 3152 -2725 563 629 615 632 583 END
START -5792 1516 -18376 11566 3450 -3247 563 634 617 632 582 END
START -5568 1704 -19956 10866 4210 -3420 564 637 620 635 583 END
START -5044 4064 -19748 9976 4504 -3122 568 641 621 639 585 END
START -5876 4412 -19692 8941 3259 -3465 565 645 624 640 587 END
START -5484 4240 -20252 8007 2131 -3398 568 645 625 639 589 END
START -5836 4052 -20304 6952 1157 -3314 567 645 627 640 588 END
START -5892 4108 -19976 5824 450 -3163 567 645 629 641 589 END
START -6980 1656 -21960 4851 -189 -3066 568 649 624 641 586 END
START -6700 1732 -21628 3753 -118 -2714 571 649 631 643 592 END
START -6208 4580 -19764 2811 488 -2336 571 651 632 644 593 END
START -7136 2188 -21436 1933 678 -2137 571 647 632 642 594 END
START -7516 2136 -20720 1081 293 -1906 571 650 632 645 594 END
START -7712 2144 -19844 372 -318 -1743 575 648 638 644 594 END
START -7440 2300 -20232 -237 -1368 -1513 572 647 631 643 594 END
START -7704 2016 -19544 -733 -1683 -1006 571 649 632 644 595 END
START -7348 1888 -18732 -922 -1842 -715 573 649 634 643 594 END
START -7136 1752 -19148 -1020 -1022 -368 572 647 627 645 593 END
START -7320 1480 -18472 -1109 -587 -159 573 650 632 645 601 END
START -6816 1312 -18456 -1190 -442 -35 571 649 632 645 595 END
START -6640 1236 -18432 -1258 -650 183 573 647 633 644 596 END