START -8876 6416 9080 -12721 -1770 2181 533 511 540 590 578 END
START -8284 6776 8732 -12349 -1803 1837 534 512 539 590 579 END
START -9432 5852 9768 -11907 -2504 1397 535 511 539 590 578 END
START -10656 6120 11560 -10499 -3880 742 534 512 540 592 578 END
START -9584 5392 9740 -8555 -5953 736 535 514 539 592 579 END
START -9752 7276 11936 -8209 -7937 220 534 510 541 592 571 END
START -7804 6372 11164 -8188 -8517 -309 532 510 543 592 582 END
START -7288 6112 12056 -7343 -8384 -762 532 506 542 593 578 END
START -6084 5320 11824 -6295 -7902 -1419 533 511 546 591 575 END
START -6172 4608 12540 -5201 -7188 -1623 530 512 541 590 579 END
START -5160 7524 14316 -5134 -5938 -2625 529 501 539 583 580 END
START -3888 3764 12760 -5301 -2758 -4181 532 499 537 587 577 END
START -5848 3912 10940 -4906 763 -2507 530 492 539 586 579 END
START -6700 4464 12364 -3593 1622 -3283 531 495 538 592 579 END
START -8372 4952 14504 -3095 2319 -2182 530 488 543 593 579 END
START -8756 2644 13016 -1814 1921 -1894 528 493 533 593 572 END
START -8040 4316 13116 264 3474 244 529 496 541 595 581 END
START -11248 6184 16264 580 3412 1143 534 499 543 602 580 END
START -9472 3088 12864 2172 3970 780 536 500 547 598 584 END
START -9156 7008 16028 3387 4679 1549 532 503 546 600 581 END
START -7856 3368 13700 3889 6013 2138 537 504 537 603 581 END
START -6468 7076 15328 5688 9313 2644 536 505 549 602 581 END
START -5924 2844 12532 6256 12518 3187 535 505 544 605 582 END
START -7112 7552 15024 7580 16222 4086 534 507 548 602 582 END
START -6444 4116 9508 9383 20149 4227 534 512 545 604 583 END
START -9280 4328 11056 9244 21701 5560 535 513 547 605 581 END
START -8708 7956 9728 11511 24200 6100 532 517 546 607 581 END
START -7860 4556 3940 12655 26736 6645 533 517 549 603 580 END
START -9996 4424 4304 12485 28057 7692 535 527 554 602 582 END
START -11572 8476 5196 13886 30149 8563 535 522 553 605 581 END
START -11848 9948 2080 15528 32418 8864 539 539 562 605 588 END
START -11140 8748 -2276 15317 32220 8851 538 551 565 607 582 END
START -11052 7668 -3744 13780 31830 8989 541 566 567 613 584 END
START -11668 8192 -2296 11473 31270 7761 542 558 570 616 582 END
START -10452 7744 -3248 9926 31946 6702 545 565 569 619 585 END
START -10928 9348 -2756 9165 32767 6738 547 570 569 622 585 END
START -13756 12268 -2548 8655 32704 6968 551 572 575 625 588 END
START -12300 14212 -4224 8107 30752 5994 553 574 574 629 587 END
START -9100 14384 -7676 7541 29893 5782 554 575 575 631 588 END
START -9600 13500 -8960 7217 29961 5336 553 577 577 632 588 END
START -10760 12528 -9880 7272 28039 4727 560 580 578 634 588 END
START -11188 13684 -8404 7173 23771 3783 563 583 586 636 590 END
START -8892 13132 -9928 7073 21462 4163 568 584 590 639 589 END
START -8388 12168 -9748 7007 20048 4041 570 584 594 636 589 END
START -8704 12040 -9340 7237 17877 4200 574 587 598 644 590 END
START -8516 10800 -9464 7741 14837 4103 575 589 604 647 591 END
START -7960 10688 -9900 8272 10937 3798 574 593 608 648 590 END
START -7072 11052 -10644 9089 7513 3688 577 592 609 650 591 END
START -5676 10656 -11976 9490 6990 3374 583 598 609 650 592 END
START -4920 10732 -12960 9782 8500 3027 574 594 614 651 591 END
START -5100 11212 -12612 10010 10528 2816 581 598 614 652 592 END
START -8024 12036 -9856 10216 10216 3406 575 595 614 651 592 END
START -8820 11308 -9756 10559 8608 3674 572 599 608 651 592 END
START -9364 10504 -9984 10840 6234 3942 574 610 618 652 592 END
START -7468 9560 -11096 11033 4062 3961 575 604 617 652 595 END
START -6436 8536 -11624 11019 4362 3510 574 606 615 653 589 END
START -6196 7656 -11888 11025 4638 3143 575 605 617 653 592 END
START -5876 6208 -11208 11145 5713 2413 574 606 620 652 594 END
START -6664 4468 -12252 11551 5282 1814 573 609 621 653 593 END
START -6676 2876 -12756 11687 4458 1054 577 611 621 652 593 END
START -5036 1748 -12808 12135 3483 259 574 614 623 653 593 END
START -3920 960 -14664 12639 1980 -193 575 613 626 653 594 END
START -3180 1644 -18868 12774 617 -804 576 618 626 653 594 END
START -2528 364 -19944 11914 2270 -1403 576 619 627 656 595 END
START -3212 876 -20772 10982 3144 -1708 574 622 629 654 596 END
START -3428 1908 -20364 10396 3075 -1646 575 624 620 656 597 END
START -2824 5312 -19336 9828 3065 -1379 576 626 629 657 597 END
START -2456 5476 -20296 8779 3232 -1423 576 626 632 657 598 END
START -3744 5164 -21472 7424 2509 -1214 578 625 633 659 596 END
START -3656 4912 -22508 5880 1993 -801 582 628 639 657 602 END