START -13936 7832 -4904 -218 17872 16164 552 526 543 565 567 END
START -13176 7924 -5128 -147 17240 15893 553 528 543 565 570 END
START -11152 7276 -5816 -19 15328 15069 553 533 549 568 571 END
START -8888 7780 -6144 383 14784 14074 556 536 551 572 572 END
START -7712 7524 -6140 781 15801 13124 556 540 552 578 573 END
START -7624 8012 -6064 1231 16928 11821 559 536 555 584 573 END
START -7708 8944 -6300 1698 17195 10487 555 541 557 589 574 END
START -7920 7620 -6840 2208 16615 9546 559 548 558 592 574 END
START -7780 7432 -7424 2593 15731 8540 561 553 559 596 576 END
START -7940 8484 -7248 3239 14502 7917 571 557 565 599 575 END
START -7336 8632 -7712 4001 12744 6679 565 561 569 604 576 END
START -8024 9468 -7144 4538 10681 6257 567 566 574 606 579 END
START -7736 9144 -5852 5202 8947 5460 570 568 578 612 579 END
START -7736 8176 -5972 6052 7224 4731 574 569 581 616 578 END
START -7436 7112 -7812 6802 5332 3351 572 573 584 618 579 END
START -4876 8000 -9840 7935 4776 2069 574 578 585 621 578 END
START -4476 11112 -8248 8528 5571 1619 573 580 590 622 580 END
START -6012 9068 -6776 9250 5345 1148 578 578 593 623 578 END
START -5324 7696 -9972 10672 4862 -295 567 586 595 624 582 END
START -6320 9760 -10124 10666 4793 -342 576 593 598 625 582 END
START -4896 6964 -13320 11264 5699 -2015 577 592 600 628 582 END
START -6428 9288 -10616 10955 6101 -1539 578 594 604 628 583 END
START -4864 7836 -12512 11948 6615 -2302 577 598 604 630 584 END
START -6412 5076 -11276 12319 4862 -2659 582 599 605 632 585 END
START -7056 9376 -12388 12345 4443 -2410 577 601 603 634 584 END
START -5128 7020 -15696 12900 3318 -3497 579 604 609 635 587 END
START -6364 3892 -14276 12694 1808 -3710 581 603 612 636 587 END
START -7032 5588 -12348 12707 1590 -2870 581 601 611 637 587 END
START -5568 8188 -13300 13062 3308 -2881 578 609 607 637 587 END
START -4356 5636 -14916 13810 3480 -3834 580 609 613 639 588 END
START -6844 2068 -14848 14268 571 -4418 579 610 611 638 588 END
START -7064 2292 -16728 13728 -1690 -4139 584 610 616 638 590 END
START -6224 2008 -16484 12972 102 -3713 582 611 615 639 586 END
START -6512 4752 -15168 12365 2506 -3269 585 609 615 640 591 END
START -6648 5216 -15760 12420 2239 -3169 584 610 616 641 589 END
START -6220 4964 -17268 12073 1498 -3324 584 615 617 643 590 END
START -5260 3280 -20548 11301 1160 -3487 585 611 616 642 591 END
START -5740 800 -22868 10171 1320 -3679 585 613 615 641 593 END
START -5764 -824 -23576 8729 1665 -3633 585 610 616 642 594 END
START -7216 -2420 -21268 7303 1646 -3456 585 612 618 646 591 END
START -8508 -2236 -20092 6067 225 -3199 587 612 619 644 591 END
START -7884 -1672 -20716 4703 -788 -2912 589 611 618 646 592 END
START -7140 -2356 -21992 3298 -685 -2561 593 610 621 645 590 END
START -7816 -1588 -20404 1953 -692 -2124 588 610 619 645 591 END
START -9392 -672 -18276 872 -1674 -1624 586 611 620 644 594 END
START -8940 72 -17360 -14 -2495 -1186 587 608 618 643 595 END
START -7944 764 -16764 -735 -2356 -677 586 610 620 644 593 END
START -7840 1340 -16024 -1181 -1682 -192 587 612 619 647 593 END
START -7900 1836 -16052 -1615 -898 63 586 610 620 647 595 END
START -7496 4116 -15536 -1845 -572 603 586 610 620 645 593 END
START -7556 4032 -14516 -1860 -1180 954 589 609 621 646 593 END
START -6716 4056 -14604 -1892 -1400 1155 582 610 623 643 593 END
START -6420 3824 -14564 -1942 -1180 1162 587 609 619 645 594 END
START -6608 2284 -14584 -2020 -844 1061 588 610 623 646 594 END
START -7044 1660 -14412 -2081 -690 1108 586 619 622 648 595 END
START -7040 1332 -14036 -2033 -1429 1062 589 610 620 647 593 END
START -6624 976 -13972 -1827 -2125 955 591 609 621 645 594 END
START -6284 940 -13844 -1641 -1757 972 586 613 620 644 594 END
START -5784 2640 -14188 -1467 -687 911 596 611 622 645 593 END
START -6196 2424 -13800 -1260 12 803 589 610 620 647 592 END
START -6180 3204 -14620 -1062 247 822 593 612 613 647 593 END
START -6292 3360 -14724 -844 -28 764 589 613 620 647 593 END
START -4300 2944 -17104 -648 214 604 591 613 618 647 594 END
START -4068 1572 -18384 -564 544 292 588 614 618 647 593 END
START -4060 1916 -18600 -504 912 -44 588 612 620 645 594 END
START -4908 -320 -19188 -400 697 -392 592 613 621 645 598 END
START -5732 -1960 -18520 -335 322 -531 589 612 621 646 593 END
START -5668 -1748 -19056 -301 174 -551 588 610 620 644 594 END
START -5420 -1340 -19376 -242 -84 -556 590 608 619 644 593 END
START -5144 -992 -19596 -232 -39 -587 590 610 623 646 599 END