START -17644 6680 1992 -1035 -3543 6027 555 505 526 570 588 END
START -17544 6732 2008 -773 -3688 6332 556 507 530 569 587 END
START -16096 6948 1544 -116 -3417 7441 558 509 532 571 585 END
START -15464 5904 1268 1005 -2792 8694 557 513 532 571 587 END
START -14744 5844 1556 2852 -2280 9572 560 519 536 573 587 END
START -13860 5956 1924 4765 -1408 10176 563 522 536 575 587 END
START -12732 6420 2164 6045 -294 10195 567 531 541 581 587 END
START -12288 6148 1876 7183 1697 9930 574 530 543 581 590 END
START -12116 7724 1864 7730 3097 10009 576 539 545 584 588 END
START -11092 8008 1176 8563 5179 8846 577 548 547 588 588 END
START -10384 7872 420 8992 7221 8170 586 555 547 589 589 END
START -10532 7624 -244 9243 8367 7538 587 558 551 591 590 END
START -9700 7420 -1668 9660 9499 6814 589 568 553 597 590 END
START -8500 8240 -2816 10094 11182 5785 593 570 556 599 590 END
START -7624 9540 -3404 10388 13226 5038 596 574 560 606 590 END
START -8228 10176 -3044 9989 15484 4560 592 579 555 609 590 END
START -9164 8120 -4028 9861 17506 3609 597 585 565 609 591 END
START -9624 8820 -5576 10189 19256 3132 599 586 569 614 589 END
START -12140 10632 -4528 10163 18705 3972 599 589 573 618 593 END
START -11548 6788 -6504 10760 16988 3111 596 592 576 616 589 END
START -10836 11012 -6460 10501 16660 3845 597 593 578 621 589 END
START -10024 6812 -8216 10878 16591 3114 595 595 582 621 589 END
START -10864 10840 -6096 10758 16476 4328 592 597 578 623 591 END
START -9792 8856 -8364 11718 15595 3726 594 599 585 624 588 END
START -11304 6728 -7352 11394 12984 3754 592 602 587 624 589 END
START -9448 11208 -9512 11392 11534 4090 599 608 591 626 590 END
START -8084 8472 -12220 11369 10310 3181 595 606 592 625 589 END
START -8972 6164 -10744 10898 8518 3054 592 613 594 627 589 END
START -8696 9720 -9844 10727 8287 3600 593 617 595 627 587 END
START -7196 9380 -12340 11055 7889 2610 594 621 601 626 593 END
START -7280 5840 -12880 10877 5381 1584 592 634 598 628 590 END
START -8744 5928 -11372 10201 2824 1358 591 628 602 629 590 END
START -7328 9292 -12352 9917 1964 1428 597 631 603 631 591 END
START -5304 8892 -15324 9809 3327 676 594 635 606 631 591 END
START -5760 5332 -15580 9716 4064 -644 594 635 607 631 592 END
START -6852 4112 -13944 9126 4587 -1266 593 647 609 632 592 END
START -7656 5196 -12932 8905 4697 -1412 593 641 611 633 591 END
START -7584 7784 -13704 8575 4171 -1343 593 642 614 633 592 END
START -7492 8756 -15040 8250 4146 -1344 593 642 614 631 591 END
START -5708 8008 -16288 8044 4539 -1729 593 646 618 635 592 END
START -6096 6396 -16928 7733 4544 -2176 590 648 617 636 591 END
START -5792 4516 -18532 7221 4206 -2498 592 655 619 636 594 END
START -6724 2976 -19348 6293 3536 -2685 592 655 620 639 593 END
START -8016 2352 -18824 5111 2519 -2543 591 650 622 638 595 END
START -8560 2016 -17812 4096 1338 -2192 593 647 622 640 594 END
START -8420 2760 -17596 3070 1012 -1713 592 648 623 640 596 END
START -9192 3864 -16632 2100 818 -1343 592 650 623 641 595 END
START -9636 4968 -15540 1283 912 -887 590 650 623 641 598 END
START -7560 7504 -15896 703 1071 -369 591 651 624 641 597 END
START -7248 7956 -15600 334 879 -176 589 651 625 641 597 END
START -6404 7236 -16912 139 597 -303 592 651 627 642 600 END
START -6236 4352 -18092 -24 184 -590 589 652 625 642 598 END
START -7696 2076 -17796 -243 -426 -763 590 647 623 642 596 END
START -7816 1636 -17492 -508 -400 -646 590 651 625 644 597 END
START -7876 1436 -16808 -724 -382 -598 591 650 625 642 596 END
START -8048 1404 -17012 -977 -573 -431 591 652 624 643 599 END
START -8768 2320 -15048 -1199 -1207 -285 586 652 628 645 598 END
START -7916 1020 -16268 -1218 -1599 -261 590 651 626 643 599 END
START -8004 948 -16060 -1193 -2066 -317 591 653 625 642 597 END
START -8128 1140 -15596 -1203 -2323 -230 589 652 634 642 599 END
START -8040 1104 -15696 -1101 -2128 -182 590 646 625 642 600 END
START -7800 1132 -15948 -949 -1495 -186 591 651 625 643 598 END
START -8116 1380 -15280 -864 -784 -232 592 651 627 643 594 END
START -8756 1656 -14768 -865 -572 -243 591 654 627 644 597 END
START -8616 1732 -14536 -865 -922 -156 591 652 626 643 596 END
START -8560 2160 -14300 -875 -1376 -34 591 651 625 647 599 END
START -7860 4592 -13416 -896 -1445 58 592 654 624 641 598 END
START -7264 4868 -13656 -870 -861 237 591 652 626 642 598 END
START -6984 6792 -13556 -792 -247 435 592 652 625 642 599 END
START -6900 7012 -13768 -714 -84 491 591 658 625 642 598 END