START -8288 3932 -14928 1599 7072 -161 486 386 380 405 393 END
START -8392 3956 -15192 1699 6670 -161 487 387 381 408 393 END
START -8028 4928 -15064 1806 6905 -37 487 386 381 407 395 END
START -7992 5396 -14540 1665 6610 348 488 387 382 408 395 END
START -7032 6124 -13724 1512 6631 702 488 387 383 408 397 END
START -6300 6516 -13652 1393 7120 913 492 387 384 410 397 END
START -6324 6340 -13968 1517 8245 979 494 387 385 412 400 END
START -6700 4980 -14044 2097 9136 539 496 388 388 414 401 END
START -7164 5348 -13628 2535 8380 907 502 392 392 418 405 END
START -4272 6188 -14792 3315 7253 1452 506 398 400 426 413 END
START -3400 6784 -16128 3826 6181 2226 517 412 416 440 429 END
START -3048 8420 -14444 3909 6998 2063 526 438 445 468 452 END
START -4324 8024 -13844 3537 9500 1333 534 472 483 512 480 END
START -3636 8272 -19904 3316 12976 415 542 501 519 559 512 END
START -4624 6340 -22224 2367 13603 351 552 532 552 605 536 END
START -5252 7484 -25448 2476 9661 1233 566 570 586 643 560 END
START -5816 7100 -17492 2716 3676 2807 576 598 612 665 580 END
START -4656 7076 -14804 2336 630 3149 581 615 628 676 590 END
START -6184 6300 -15984 1203 417 2167 583 624 638 684 595 END
START -3076 6776 -19760 90 2348 1388 586 632 644 687 601 END
START -5800 7568 -17148 -1541 1096 1538 587 636 648 688 605 END
START -536 7132 -19784 -1771 230 1720 587 641 651 690 606 END
START -756 6472 -18924 -1974 -1872 1841 589 646 654 692 608 END
START -5768 6556 -14232 -2150 -2510 1556 590 649 656 692 609 END
START -4064 7792 -13356 -2214 -1038 1042 592 652 658 693 611 END
START 344 6216 -17988 -2473 610 457 593 653 658 693 610 END
START -2496 5012 -19076 -2448 20 951 595 653 659 694 611 END
START -3252 5472 -17004 -2275 -1682 1040 595 653 659 693 613 END
START -1828 4932 -17744 -1947 -1487 1319 594 654 660 695 612 END
START -1268 4844 -16108 -1908 -1512 1182 595 655 659 694 612 END
START -3948 4364 -14216 -1717 -831 868 596 655 659 694 612 END
START -1328 3716 -16512 -1494 2 675 595 655 653 694 613 END
START -4044 4612 -15628 -1445 86 563 596 655 660 694 613 END
START -4500 4436 -15328 -1185 -580 732 598 655 662 694 614 END
START -3504 4908 -15196 -882 -919 672 596 657 659 694 614 END
START -4028 4628 -14800 -541 -1001 641 598 655 661 695 614 END
START -2848 5044 -15464 -370 -597 393 597 656 659 698 615 END
START -1876 4908 -16788 -131 18 170 597 656 657 695 614 END
START -3220 5052 -16200 -139 217 65 598 655 660 696 615 END
START -3424 4848 -16456 -21 -322 116 598 655 660 695 615 END
START -5440 5284 -15624 -7 -707 55 598 655 659 695 614 END
START -5988 4716 -16052 -97 -1209 74 598 654 663 694 613 END
START -4140 5324 -17576 -111 -385 -131 598 654 659 695 614 END
START -6724 4832 -15656 -409 -464 -365 600 654 659 695 614 END
START -5512 5372 -16948 -637 -602 -727 601 655 661 695 614 END
START -8016 4780 -14636 -845 -1296 -699 600 653 659 695 615 END
START -5972 5052 -15624 -1050 -1455 -908 599 653 662 695 612 END
START -3640 4744 -16324 -1065 -1763 -799 600 653 660 695 616 END
START -6548 4732 -14000 -1078 -2167 -713 600 653 660 695 613 END
START -6008 4380 -14140 -1046 -1523 -554 601 652 659 695 613 END
START -2400 4168 -16776 -1057 -1160 -561 599 653 659 696 614 END
START -6016 4556 -14680 -1032 -1843 -331 602 653 660 695 613 END
START -6120 4908 -14112 -988 -2263 -211 603 651 658 696 613 END
START -3196 4956 -16612 -781 -1575 -119 602 652 658 696 614 END
START -1396 4940 -17892 -752 -1434 -23 601 651 658 695 614 END
START -3276 5312 -17004 -746 -1451 -31 600 651 658 695 614 END
START -5716 5536 -15436 -782 -2031 65 601 651 658 694 613 END
START -4860 4784 -16432 -821 -2899 271 601 651 657 695 614 END
START -7380 4704 -15648 -889 -4742 372 591 649 657 694 613 END
START -5480 5416 -19408 -691 -7568 779 587 646 656 692 611 END
START -4264 5780 -20816 -957 -10546 1117 578 646 652 690 607 END
START -6924 5444 -17536 -1679 -13985 1716 570 637 648 683 603 END
START -8496 3580 -16452 -1969 -18220 2031 564 628 642 674 600 END
START -12760 3356 -13712 -2255 -24914 2725 556 614 635 664 596 END
START -8548 1888 -17388 -2183 -32392 3686 553 597 621 657 593 END
START -10648 1084 -16404 -1958 -32768 4075 546 580 605 647 583 END
START -16380 200 -13016 -1744 -32768 4262 542 562 584 638 584 END
START -12460 836 -15264 -2047 -32768 4781 537 547 563 627 581 END
START -11876 28 -16260 -1982 -32768 5248 535 531 547 615 576 END
START -19508 1628 -11336 -812 -32768 4997 532 515 533 602 569 END