START -14092 8308 -2892 -221 4057 7005 555 513 523 553 553 END
START -13184 8220 -3076 -318 5388 7651 556 515 525 549 554 END
START -12792 8256 -4412 -808 10153 8977 552 514 527 556 554 END
START -14576 8212 -4672 -901 13491 9766 552 516 524 556 554 END
START -15448 8128 -4800 -1276 14234 10572 547 520 525 561 555 END
START -14928 8220 -5736 -821 13489 11696 552 520 522 562 557 END
START -13616 8028 -5576 -78 12517 12272 556 517 524 566 553 END
START -11016 8776 -5684 791 13512 12095 555 513 525 567 557 END
START -11116 7944 -5820 505 14245 11750 556 519 525 569 559 END
START -11452 7840 -6052 894 14175 11174 564 520 526 569 559 END
START -12180 8116 -5684 1092 12727 11064 561 522 527 569 562 END
START -12776 8060 -5096 1319 8935 10565 563 524 527 575 561 END
START -11156 7748 -5916 1720 6672 9597 566 524 532 571 563 END
START -8412 7940 -7076 2440 6114 8241 569 524 534 575 557 END
START -6876 9436 -7344 2922 7231 7255 570 518 533 577 566 END
START -7248 10896 -5176 3334 8193 6886 569 529 536 578 566 END
START -8492 8656 -5680 3268 8139 5979 569 531 542 581 574 END
START -8232 8344 -8604 3987 8885 4687 570 531 539 584 569 END
START -9336 11160 -6896 3984 8243 4692 574 535 539 587 569 END
START -8984 7424 -8416 4380 7296 3449 570 537 542 589 575 END
START -9088 12028 -8440 4620 7137 4051 570 536 546 590 573 END
START -9368 7580 -9544 4570 5454 3034 569 537 549 591 572 END
START -8072 12368 -9716 4294 5433 3366 570 537 548 596 574 END
START -6848 8500 -11892 4622 5249 1917 569 540 549 596 576 END
START -8312 10608 -8964 4079 4852 2293 570 542 551 595 575 END
START -6024 11516 -12096 4454 6505 1578 582 544 552 600 576 END
START -6080 7060 -12296 4433 6981 217 571 544 554 602 579 END
START -7860 8472 -10316 3776 6989 413 571 545 557 604 576 END
START -7504 12464 -11468 3922 7351 429 575 546 558 610 578 END
START -5680 8604 -13784 4271 6052 -701 573 548 560 612 581 END
START -6040 6160 -12304 4158 4579 -1242 573 552 563 614 582 END
START -6636 7872 -11144 4025 4927 -1191 574 557 566 618 581 END
START -6424 11164 -10612 4086 6479 -1237 573 554 570 622 582 END
START -6496 11824 -11628 4467 7277 -1316 573 555 573 628 583 END
START -6128 10208 -13464 4842 6437 -1811 575 555 573 629 580 END
START -5472 10068 -15288 5112 5156 -2286 576 562 579 629 584 END
START -4348 7696 -16396 5214 4872 -2834 578 566 583 634 584 END
START -3924 5796 -14436 5432 5936 -3274 579 566 587 634 584 END
START -5256 4556 -11708 5854 6632 -3149 577 568 591 636 585 END
START -7260 3952 -9032 6961 5723 -2959 579 569 589 639 584 END
START -8156 4320 -10292 7972 3135 -2580 572 572 591 639 586 END
START -7268 5268 -11748 8326 2027 -2746 581 571 591 638 584 END
START -6732 6260 -12424 8356 2884 -2508 581 574 592 640 590 END
START -7660 6424 -12276 8522 3295 -2458 583 575 593 641 589 END
START -7140 6884 -10708 9154 3173 -2479 591 576 595 641 588 END
START -8080 6736 -9988 9873 2840 -2202 579 575 597 640 589 END
START -8100 6532 -11580 10475 1121 -2250 578 578 598 644 592 END
START -7532 6264 -13688 10404 66 -2288 579 580 594 642 585 END
START -6644 6240 -16212 10022 782 -2148 580 584 602 641 590 END
START -6228 5596 -15808 9390 2242 -1929 586 584 604 644 590 END
START -6348 5196 -14228 9364 3826 -1938 580 588 607 647 592 END
START -8256 4428 -12892 9269 2984 -2001 579 591 608 647 592 END
START -8016 4120 -15212 9051 607 -2102 581 595 612 649 592 END
START -6468 5332 -17748 8233 144 -1679 584 595 614 653 593 END
START -7832 4448 -16544 7323 767 -1494 585 601 616 652 599 END
START -7368 4140 -15264 6513 2473 -1386 583 604 617 651 594 END
START -6888 3952 -16140 5986 2109 -1496 585 607 620 653 594 END
START -7424 3860 -16892 5180 611 -1471 582 608 623 653 595 END
START -7908 3820 -17252 4158 -99 -1145 583 610 620 654 597 END
START -6668 3992 -17700 3281 125 -887 583 611 618 655 596 END
START -7116 5048 -17868 2511 72 -680 578 612 615 655 598 END
START -4784 3944 -19956 1909 483 -625 583 613 622 656 599 END
START -4924 3744 -19448 1399 315 -633 581 616 624 657 599 END
START -5436 1496 -20776 983 200 -720 584 613 624 656 597 END
START -6516 1144 -21092 441 -809 -714 583 612 625 655 598 END
START -6332 -1088 -20508 -122 -1742 -477 590 612 622 655 597 END
START -6232 -948 -19284 -389 -1838 -160 583 614 623 655 598 END
START -6176 -1116 -18788 -573 -1738 -49 584 613 624 656 597 END
START -6240 -1420 -18380 -771 -1636 -58 584 617 623 656 599 END
START -6396 -1476 -18256 -892 -1527 -150 583 614 623 656 599 END