START -15832 8152 2960 -1117 -760 1823 546 475 508 534 561 END
START -15736 8192 3320 -1080 -748 2333 549 477 506 537 564 END
START -15612 8376 2576 -932 79 3839 549 482 509 536 566 END
START -14288 9260 1524 -187 1951 4359 550 480 513 541 565 END
START -12968 7912 300 188 5283 5314 551 488 515 543 565 END
START -12300 7412 40 1528 8443 6529 549 489 517 544 566 END
START -11300 7148 -760 3417 12777 7312 556 493 529 546 566 END
START -12768 6952 -276 4854 16776 7640 557 500 524 548 566 END
START -13480 8832 324 5014 19134 7590 559 509 527 556 567 END
START -13356 9532 -844 5198 20283 7434 559 512 532 559 568 END
START -13020 8936 -1960 5214 20989 6714 564 519 534 568 568 END
START -12696 8808 -2796 5067 20846 6224 566 527 537 574 572 END
START -12344 9004 -3624 4903 20225 5793 568 534 537 581 562 END
START -11808 9184 -3764 4756 19719 5435 572 542 544 585 571 END
START -11936 8396 -3372 4635 19128 5112 576 551 549 593 569 END
START -11412 5828 -5056 4531 18640 3793 577 554 554 598 568 END
START -10536 7480 -7212 5226 19602 3256 578 562 558 603 573 END
START -11684 8520 -6908 4573 19528 3356 578 565 565 610 573 END
START -10920 5296 -8740 5016 19636 2008 578 570 580 617 574 END
START -11512 9060 -7008 4650 19621 2528 575 571 575 622 572 END
START -10904 5080 -8656 4928 19202 1584 570 574 576 623 574 END
START -13352 7776 -6428 5153 17932 2249 571 574 580 627 572 END
START -10736 6768 -9596 6265 15967 1010 568 575 582 628 573 END
START -11648 5192 -7244 6501 13115 1381 569 580 583 628 574 END
START -10972 9408 -8460 7315 11888 1496 569 579 588 629 574 END
START -8800 5684 -11936 8057 10699 415 570 591 589 631 574 END
START -10124 5632 -10040 7743 10551 581 570 586 591 631 575 END
START -8824 9464 -11240 7742 11767 848 567 589 593 633 575 END
START -8316 7660 -13500 8209 11648 284 560 593 595 633 576 END
START -9220 3708 -13200 8285 9368 -120 572 594 598 634 575 END
START -10212 4036 -10564 8138 6343 191 566 599 594 633 576 END
START -9556 8576 -11764 8144 4562 685 570 602 596 634 570 END
START -7068 8928 -15336 8193 4145 377 576 606 602 634 577 END
START -5864 4656 -17040 8142 4472 -462 578 611 611 637 577 END
START -7048 2868 -15336 7722 4522 -691 575 614 606 637 577 END
START -9180 2896 -13216 7554 3208 -599 577 617 609 637 579 END
START -9092 4300 -13308 7292 2041 -265 577 623 608 639 579 END
START -8096 8032 -13760 7092 1757 -56 576 623 612 638 581 END
START -6660 8184 -14936 7173 2547 -185 575 627 616 638 579 END
START -6060 7824 -16172 7055 2780 -553 577 629 617 640 586 END
START -5824 4508 -17908 6862 2698 -972 578 632 615 640 576 END
START -5412 3036 -19068 6517 2509 -1413 580 636 617 641 583 END
START -7232 2108 -18712 5678 2175 -1559 574 634 616 640 583 END
START -7076 1308 -18904 4931 1972 -1693 587 635 619 642 582 END
START -7324 760 -19480 3879 1886 -1664 578 637 619 640 584 END
START -8188 616 -19164 2800 877 -1660 578 638 619 642 585 END
START -9480 1552 -17316 1765 -475 -1527 580 638 622 642 588 END
START -9580 1752 -16316 1049 -1613 -1280 576 639 622 642 586 END
START -8372 1148 -17404 426 -1956 -1208 578 642 619 645 585 END
START -8372 1328 -17344 -146 -2050 -1094 578 634 621 643 583 END
START -8676 1540 -16836 -681 -1696 -1075 577 638 622 642 585 END
START -9624 1676 -15644 -1015 -1159 -978 578 637 618 643 587 END
START -8168 1144 -17244 -1235 -950 -794 584 640 622 643 585 END
START -8480 980 -16364 -1302 -1379 -513 578 639 621 642 586 END
START -8200 908 -16076 -1249 -1975 -393 579 643 622 642 586 END
START -8376 768 -15972 -1220 -2149 -238 576 639 620 643 589 END
START -8044 592 -16148 -1222 -1423 -131 579 640 617 643 587 END
START -8244 528 -16552 -1187 -554 -167 579 638 622 643 585 END
START -9360 1460 -14496 -1186 -709 -114 579 639 622 642 586 END
START -8984 1176 -14292 -1145 -1148 -98 581 639 626 642 592 END
START -8964 1128 -14332 -1042 -1480 -100 580 642 621 644 586 END
START -7472 4 -17032 -948 -1155 -225 576 644 621 645 586 END
START -8656 560 -15036 -1088 -716 -17 578 639 622 643 590 END
START -9052 2144 -14084 -1275 -528 169 581 639 622 642 587 END
START -9072 2096 -13912 -1422 -659 228 581 639 621 643 586 END
START -9152 1748 -14068 -1474 -1368 278 582 639 629 643 587 END
START -8760 1380 -14072 -1378 -1726 185 580 639 622 643 587 END
START -8616 1164 -14356 -1344 -1524 119 581 642 619 647 587 END
START -9196 1196 -14364 -1332 -1165 55 576 639 621 643 587 END
START -9380 1180 -14200 -1272 -1059 136 581 638 621 644 587 END