START -9988 5364 -14180 330 387 -2109 556 490 522 558 530 END
START -10348 5428 -13628 473 -692 -2063 556 493 525 562 533 END
START -8344 5860 -13880 680 -2630 -1979 563 503 534 574 542 END
START -7076 5620 -13716 628 -1849 -2285 568 513 545 586 551 END
START -7088 5648 -13152 653 686 -2787 573 523 555 596 560 END
START -7112 5484 -12616 528 3543 -3322 576 530 563 607 565 END
START -7328 5080 -13216 140 6542 -3516 583 537 571 616 569 END
START -8620 4340 -13596 458 7737 -3895 582 545 579 624 573 END
START -10068 4080 -12948 616 7914 -3551 588 551 588 632 575 END
START -11244 4404 -12452 792 7268 -2766 594 558 595 637 578 END
START -9276 4716 -12580 1043 7200 -2407 595 565 600 642 580 END
START -6248 4968 -13960 857 8433 -2370 599 570 606 648 584 END
START -6440 4068 -14864 267 11243 -2253 604 576 612 652 590 END
START -5592 4072 -15976 454 12293 -2020 607 585 617 655 591 END
START -6496 3640 -17340 501 10349 -639 611 597 622 662 596 END
START -12084 3104 -14876 605 7537 484 621 615 626 668 602 END
START -7884 2140 -17796 1200 6519 387 628 632 632 675 607 END
START -8400 2276 -16068 1120 7673 362 632 643 639 676 611 END
START -8388 3184 -15884 1183 7165 381 635 650 644 680 614 END
START -7152 2332 -16324 1168 5765 607 638 656 648 682 614 END
START -6724 1332 -16016 1351 3254 568 639 663 652 684 616 END
START -7336 2044 -15284 1719 624 523 640 665 656 686 617 END
START -4852 1612 -16940 1892 -591 216 640 669 657 689 617 END
START -6644 2004 -15288 1770 -488 -184 642 670 659 690 617 END
START -7132 1536 -15828 1676 -872 -410 645 672 661 691 619 END
START -6560 1488 -15444 1763 -1102 -599 643 674 663 693 619 END
START -4420 1528 -16116 1797 -1374 -562 645 677 663 692 619 END
START -5832 1900 -15796 1690 -1213 -466 645 676 665 693 620 END
START -6440 2384 -14980 1573 -380 -631 646 676 665 694 620 END
START -5880 2708 -16616 1317 621 -509 646 678 666 693 621 END
START -3996 2900 -18612 1208 613 -398 647 678 667 694 621 END
START -4404 2940 -17812 1167 -78 -292 647 679 667 695 621 END
START -4596 3284 -16960 1277 -267 -278 648 679 668 695 621 END
START -6628 3608 -15672 1120 -148 -266 648 679 668 696 619 END
START -6212 3396 -16576 941 113 -321 647 678 668 697 619 END
START -6844 3292 -17116 703 -64 -306 648 680 667 696 618 END
START -7628 3284 -16464 673 -495 -309 648 680 670 695 617 END
START -5412 3104 -17496 586 -683 -344 648 679 668 696 616 END
START -6736 3460 -16084 639 -420 -303 647 681 668 696 614 END
START -4668 3368 -17444 541 -252 -444 649 680 669 697 616 END
START -5400 4136 -17692 571 361 -575 649 680 669 696 614 END
START -6580 3180 -16392 417 332 -417 647 681 669 695 614 END
START -4144 4064 -20512 307 780 -309 648 681 669 696 614 END
START -5704 3288 -17468 232 -98 -211 648 681 669 696 615 END
START -7000 3820 -16496 309 -56 -209 648 681 668 695 615 END
START -4244 3704 -18144 184 -399 -56 648 680 669 696 616 END
START -5104 4076 -19524 93 297 -37 648 681 668 694 615 END
START -6280 3152 -17472 -83 -28 86 648 681 669 694 615 END
START -6720 2540 -17084 -240 -225 149 648 681 670 696 616 END
START -7256 2656 -17100 -326 -456 298 648 681 669 697 616 END
START -8200 2908 -16160 -403 -613 403 649 685 670 695 617 END
START -6524 2684 -16560 -536 -578 361 648 682 669 697 617 END
START -7824 2900 -15456 -579 70 502 649 681 670 698 618 END
START -7228 2720 -15680 -742 -227 348 648 681 668 696 618 END
START -6668 3768 -17660 -769 451 571 649 682 670 697 618 END
START -6856 2832 -16556 -825 -261 616 650 680 670 697 618 END
START -3996 3860 -20172 -698 -116 665 648 681 670 697 618 END
START -5352 3048 -17108 -787 21 861 648 681 670 696 617 END
START -6156 3632 -17128 -790 257 635 649 680 670 696 617 END
START -4040 3632 -18476 -848 56 759 649 681 670 695 618 END
START -4464 3792 -19624 -817 429 712 648 679 669 696 618 END
START -5556 3000 -17040 -927 -75 635 650 681 670 696 617 END
START -6960 3220 -15896 -846 176 806 651 679 669 697 617 END
START -6912 2760 -15888 -1023 -282 789 648 678 671 696 618 END
START -4804 3984 -18312 -981 744 938 649 678 670 696 618 END
START -3464 3964 -19140 -1073 624 998 650 677 670 697 618 END
START -3060 3852 -21336 -1172 1553 921 649 676 669 697 616 END
START -3936 4140 -20204 -1202 1035 1045 650 675 669 695 617 END
START -6368 4388 -13036 -1745 450 972 648 674 669 695 617 END
START -3268 3068 -15800 -1795 518 930 650 674 668 695 617 END