START -7020 5892 -10232 8023 8079 6 592 593 590 626 581 END
START -6552 6224 -10192 7930 8765 -211 592 592 590 626 580 END
START -8024 6040 -10400 8681 9693 -966 592 595 591 626 582 END
START -7844 6132 -12048 9195 9569 -1239 590 597 591 625 584 END
START -7164 6380 -12380 9246 9461 -1365 590 600 591 627 583 END
START -8372 5720 -13128 9689 9398 -1694 591 602 596 627 583 END
START -8280 5680 -12960 9685 8883 -1651 590 603 599 627 584 END
START -8376 5216 -12892 9905 6576 -1791 590 606 599 629 586 END
START -8636 5820 -13576 10005 3526 -1864 591 610 598 629 582 END
START -7792 6112 -15568 9584 2310 -1984 595 611 603 629 584 END
START -6972 6264 -16204 9046 3087 -2214 589 614 600 630 581 END
START -6888 6184 -16260 8512 4275 -2359 590 614 603 632 581 END
START -7244 6460 -16152 7968 4920 -2483 592 619 605 631 586 END
START -7424 5856 -15604 7635 4652 -2554 586 620 608 632 587 END
START -8052 4608 -16000 7269 3876 -2730 591 627 609 631 586 END
START -8192 3284 -17276 6775 2547 -2776 592 624 608 633 586 END
START -7712 5532 -18164 5778 1470 -2214 593 624 610 631 584 END
START -8844 4416 -17572 4636 80 -1923 592 628 609 632 585 END
START -7708 2960 -18668 4129 -156 -1872 593 629 610 633 587 END
START -7636 6156 -17572 2900 314 -865 591 629 611 634 586 END
START -7900 2548 -18316 2458 116 -1303 594 629 611 637 585 END
START -8096 6128 -16884 1624 346 -416 592 632 613 635 589 END
START -7864 2380 -18184 1395 -295 -734 591 628 614 635 589 END
START -8108 5816 -16168 439 -668 270 589 630 613 634 587 END
START -6948 3260 -17968 490 -345 -11 592 629 614 636 587 END
START -8944 4312 -15540 -307 -1079 254 592 629 614 636 590 END
START -6876 6104 -16612 -517 -519 731 592 629 614 639 589 END
START -6760 2500 -17884 -634 -851 240 591 631 615 635 589 END
START -8504 3252 -15244 -1216 -1331 564 591 626 614 635 588 END
START -6996 6012 -15092 -1352 -750 1091 593 630 621 635 590 END
START -5964 4692 -16756 -1129 -290 865 594 629 615 635 589 END
START -6836 1708 -17376 -1122 -978 327 596 632 613 636 590 END
START -8204 1056 -15820 -1329 -1865 443 600 629 618 636 589 END
START -7872 3072 -14228 -1470 -1415 809 593 629 614 637 589 END
START -7128 5220 -13660 -1333 -305 1014 590 631 616 634 590 END
START -6128 5772 -15092 -1111 429 855 589 628 613 634 588 END
START -5964 3052 -17360 -807 325 251 593 629 614 636 589 END
START -7560 548 -16252 -823 -640 -245 592 628 614 636 589 END
START -7988 1012 -14740 -943 -1252 -191 591 629 616 636 592 END
START -7936 2136 -14336 -940 -1188 18 594 629 613 636 589 END
START -7572 5436 -13328 -874 -623 384 594 627 613 637 588 END
START -6384 6040 -14492 -708 448 560 590 629 613 636 589 END
START -6168 5480 -16080 -406 984 340 591 629 613 636 590 END
START -5928 2784 -18196 -247 852 -82 596 628 611 636 590 END
START -7704 788 -16952 -261 -335 -415 593 628 614 639 590 END
START -7536 600 -16796 -341 -967 -510 592 627 614 634 589 END
START -8396 1576 -14900 -558 -1110 -367 593 627 613 634 588 END
START -7620 764 -16228 -709 -564 -397 592 628 613 635 591 END
START -8836 2476 -14652 -960 -487 -145 592 634 612 634 590 END
START -8912 2788 -14276 -1077 -634 49 595 627 621 635 589 END
START -7868 5160 -13512 -1160 -765 324 593 627 613 635 589 END
START -7760 5076 -14012 -1285 -570 457 590 626 613 634 592 END
START -7236 5352 -14384 -1354 -444 650 595 625 613 635 589 END
START -7652 5624 -14100 -1377 -577 818 591 627 613 635 589 END
START -7688 6588 -14016 -1355 -562 992 592 627 616 635 589 END
START -7232 6652 -14152 -1253 -503 1030 593 616 613 635 588 END
START -7420 6724 -14176 -1316 -444 1071 591 625 614 634 590 END
START -7396 6740 -14284 -1354 -349 1097 597 625 612 633 589 END
START -6996 6604 -14568 -1408 -292 1180 592 626 612 634 588 END
START -7080 6540 -14944 -1377 -311 1155 592 624 611 634 589 END
START -7204 6752 -15008 -1412 -829 1218 593 623 611 634 592 END
START -6604 6640 -14800 -1378 -1137 1263 593 616 610 635 591 END
START -6900 6672 -14696 -1398 -1164 1316 591 623 611 636 589 END
START -7636 5740 -13828 -1483 -1091 1305 590 621 611 634 590 END
START -7836 5680 -13856 -1747 -1140 1249 592 620 611 633 588 END
START -8412 5464 -13880 -2079 -1775 1238 582 622 608 633 589 END
START -9724 3240 -13604 -2425 -3204 1310 591 619 610 634 588 END
START -11100 3080 -12864 -3097 -5853 1536 593 617 606 632 590 END
START -11808 1880 -12740 -3792 -10037 1606 590 617 605 631 587 END
START -11840 -452 -15192 -4535 -13953 1688 589 609 598 629 589 END