START -5884 3196 -20320 6673 3188 -593 635 667 669 698 622 END
START -6116 2712 -20452 6522 2359 -343 634 667 668 698 622 END
START -5192 2744 -20948 5742 673 92 635 668 669 699 624 END
START -4896 3004 -20668 4644 579 281 635 670 670 700 626 END
START -4420 3132 -21436 3165 1046 364 635 674 670 702 626 END
START -5000 3400 -21944 1598 1601 539 636 674 672 701 628 END
START -5964 3860 -21916 318 681 866 637 673 672 700 628 END
START -4732 4596 -21096 -339 -661 966 638 673 673 702 628 END
START -4324 5672 -19652 -962 -1125 1111 637 673 673 702 629 END
START -3748 5600 -18172 -1433 -761 990 637 674 673 701 629 END
START -3948 6004 -17668 -1817 50 801 637 673 673 702 630 END
START -4124 5728 -17500 -1673 97 768 638 673 673 702 630 END
START -4532 4200 -16348 -1366 -1122 715 639 673 673 700 628 END
START -3496 3340 -16328 -1133 -1521 595 639 674 673 702 630 END
START -3080 2556 -16352 -1032 -1263 572 637 673 673 702 631 END
START -3740 2512 -15964 -978 -1544 442 639 673 675 701 630 END
START -2672 2200 -16512 -845 -1506 433 639 673 676 701 631 END
START -3740 2352 -15924 -802 -1659 435 639 672 674 701 632 END
START -4644 2532 -15292 -630 -891 502 638 673 674 701 631 END
START -3504 2528 -15912 -563 -1045 433 638 672 673 700 631 END
START -5500 2888 -14736 -430 -1157 498 640 671 674 701 632 END
START -4716 3300 -15188 -386 -1355 469 639 673 674 700 632 END
START -2276 3504 -17476 -289 -753 373 640 673 674 701 631 END
START -4292 3524 -15768 -293 -704 330 639 673 676 702 631 END
START -1996 3640 -17980 -269 -444 254 639 672 675 703 634 END
START -3176 3700 -16928 -236 -661 213 640 673 674 702 632 END
START -1312 3616 -18816 -298 -164 101 640 672 674 701 632 END
START -2384 3564 -18076 -410 148 81 639 672 673 702 631 END
START -4484 3560 -16584 -386 -53 190 639 672 674 702 633 END
START -2296 3480 -18000 -362 -542 217 640 672 675 702 632 END
START -3488 3748 -17504 -385 -390 238 639 673 674 701 632 END
START -1868 3700 -18856 -484 -466 187 639 672 674 702 632 END
START -2412 3620 -18484 -547 -40 152 638 673 674 702 634 END
START -4452 3508 -16812 -657 -367 158 641 673 674 701 632 END
START -2060 3404 -18328 -614 -556 142 639 672 674 702 632 END
START -2352 3800 -18048 -581 -764 242 639 672 674 702 634 END
START -1348 3516 -18760 -598 -128 196 640 671 674 703 626 END
START -2972 3800 -17756 -567 -106 353 640 672 674 702 633 END
START -1972 3468 -18616 -636 -172 394 639 671 675 702 632 END
START -3780 3916 -17152 -665 -651 381 640 672 674 702 632 END
START -2344 3940 -17836 -700 -661 333 640 672 675 702 633 END
START -4128 4168 -16536 -613 -580 357 639 671 675 702 632 END
START -3308 3832 -17372 -628 -475 377 640 672 675 702 632 END
START -4804 4104 -16288 -576 -585 394 640 673 674 702 632 END
START -4100 4084 -16620 -503 -553 387 644 671 675 702 623 END
START -5380 4412 -15672 -420 -765 404 639 671 674 702 632 END
START -4788 4384 -16456 -337 -802 396 621 671 673 703 632 END
START -4736 4508 -16556 -339 -486 282 640 671 674 702 633 END
START -5492 4464 -16204 -398 26 371 639 671 674 702 633 END
START -3988 4012 -17404 -476 -503 316 641 672 670 702 633 END
START -5788 4412 -16180 -476 -1095 381 640 672 674 702 633 END
START -3592 4560 -17276 -477 -1130 357 641 671 674 702 633 END
START -812 5096 -21580 -523 -139 274 639 671 674 702 632 END
START -3120 4564 -17784 -607 -127 289 639 671 675 696 632 END
START -5560 4864 -16364 -596 -50 204 639 671 674 703 632 END
START -3172 4304 -18124 -666 -866 319 637 670 673 701 632 END
START -5132 4784 -16976 -588 -653 265 639 671 673 701 633 END
START -2044 4104 -18804 -724 -862 299 641 670 675 701 631 END
START -4316 4868 -17604 -807 92 184 639 669 674 702 632 END
START -5284 4128 -16848 -1107 -45 281 640 670 674 702 632 END
START -4260 4888 -18828 -1316 317 350 640 672 675 702 632 END
START -5516 4108 -17144 -1584 -281 339 641 670 674 702 632 END
START -4020 5188 -19448 -1781 -192 359 642 670 674 702 632 END
START -1484 4604 -20576 -2184 -605 649 641 671 675 703 631 END
START -984 4444 -21440 -2723 -976 251 641 670 674 702 631 END
START -1748 4680 -20924 -2989 -1919 221 642 671 673 702 631 END
START -1604 4448 -21792 -3948 -3360 294 642 671 674 703 634 END
START -5980 5332 -21260 -4214 -6368 1084 642 670 674 702 631 END
START -5956 2540 -20340 -4810 -12642 1367 641 669 673 702 630 END
START -14912 2808 -16244 -5437 -22598 2644 642 668 674 702 630 END