START -16064 1076 -4772 1138 1072 2285 624 654 608 644 589 END
START -15928 1012 -4796 1167 1132 2335 621 654 609 642 590 END
START -15412 1112 -4800 1145 1496 2464 622 653 612 643 590 END
START -15232 1320 -5044 900 2772 2653 624 653 611 645 589 END
START -15420 1296 -5356 662 3834 2705 626 654 614 646 589 END
START -15420 1604 -5564 443 5228 2902 624 651 613 649 590 END
START -16044 1688 -5428 224 6743 3219 624 654 614 652 589 END
START -15744 2404 -5460 403 8374 3858 619 655 617 652 590 END
START -17428 1740 -5008 695 9624 4992 624 656 620 653 591 END
START -19516 1520 -4264 1342 8976 6249 624 657 623 655 590 END
START -19384 1892 -5076 2003 7600 7710 623 658 623 655 591 END
START -18156 2280 -5880 2578 7073 8726 623 659 626 656 591 END
START -17496 2300 -5620 3087 7477 9837 623 659 628 657 593 END
START -17628 1488 -5244 3627 7134 10810 625 658 629 659 592 END
START -17072 956 -5948 4529 5913 11381 623 658 629 660 592 END
START -14996 2984 -6536 5179 5520 12058 624 659 631 661 592 END
START -15108 3828 -6384 5241 5600 12952 623 658 632 660 590 END
START -15244 852 -6948 5902 4895 12772 622 658 632 662 593 END
START -13296 3160 -7472 6622 4573 13150 623 662 631 662 593 END
START -13588 2760 -6876 6483 3572 13338 623 662 634 667 595 END
START -11864 2212 -8960 7273 4093 12394 622 659 637 662 595 END
START -13232 3552 -6740 7003 3089 12647 625 660 636 663 597 END
START -10660 2948 -9564 8027 3176 11610 623 660 634 663 596 END
START -12236 2956 -7488 7694 2082 11623 624 660 636 663 596 END
START -10952 4480 -9108 8878 1615 10893 622 659 637 663 597 END
START -10636 516 -9932 9067 1008 9508 623 662 639 663 597 END
START -10580 5848 -9376 8834 1837 9799 624 660 639 666 596 END
START -9304 2576 -10772 9604 2355 8282 626 661 639 665 595 END
START -11160 1552 -9252 9323 1574 7506 622 657 639 662 596 END
START -9916 5692 -9684 9430 2320 7177 623 660 641 664 597 END
START -9304 2080 -13148 9680 2582 5509 623 660 641 665 596 END
START -10512 1100 -12196 8813 2262 4671 623 660 642 668 597 END
START -10800 4988 -11564 7953 2736 4625 623 660 641 666 597 END
START -9344 5620 -14032 7589 2950 3856 624 661 643 665 599 END
START -9348 2272 -15908 6821 1857 2450 622 663 643 669 597 END
START -11824 1936 -13448 5321 222 1844 622 662 643 665 597 END
START -11704 5432 -12784 4030 -518 1938 622 663 644 666 601 END
START -10256 7016 -13908 3307 -795 1663 622 670 646 668 600 END
START -9808 5196 -15508 2772 -833 983 629 662 646 668 598 END
START -10644 2468 -15348 2145 -1278 105 617 661 644 667 598 END
START -11512 1948 -13504 1111 -995 -152 619 662 646 665 597 END
START -11840 4288 -12396 398 -466 77 623 661 645 665 600 END
START -11712 7852 -11528 213 125 473 620 662 646 668 600 END
START -10392 6020 -13520 374 451 86 618 662 638 667 598 END
START -10608 2292 -14636 104 -191 -607 622 663 647 667 600 END
START -12720 2296 -12492 -445 -966 -517 622 661 645 666 602 END
START -12936 3632 -11128 -798 -1022 -252 620 662 646 666 601 END
START -12548 5648 -10708 -1091 -540 112 623 660 646 667 600 END
START -12128 7336 -10296 -1153 50 422 625 660 647 668 601 END
START -11500 7880 -11280 -1013 564 492 625 663 646 672 601 END
START -10540 7236 -12248 -863 441 217 622 662 646 668 600 END
START -10268 3580 -14304 -770 15 -305 623 663 646 667 599 END
START -12048 1508 -12356 -927 -633 -457 616 662 641 666 601 END
START -11892 1328 -12624 -1012 -853 -332 619 664 646 667 601 END
START -12172 1536 -11860 -1093 -880 -167 620 664 647 668 599 END
START -12648 2420 -10832 -1129 -1037 -140 619 664 647 667 601 END
START -12084 1968 -11236 -1149 -981 -194 619 663 646 667 601 END
START -12976 2992 -10212 -1123 -1077 -155 619 662 646 668 600 END
START -12216 4268 -9872 -1054 -998 -198 620 661 646 667 599 END
START -11784 5412 -9812 -959 -722 1 621 662 651 666 600 END
START -11184 7440 -10488 -782 -287 260 619 662 647 667 604 END
START -10628 7300 -11712 -528 93 145 619 661 648 667 601 END
START -9672 5100 -14104 -307 437 -309 618 662 644 667 596 END
START -9856 4104 -14520 -292 163 -735 621 662 646 667 601 END
START -11000 1408 -13896 -364 -205 -927 615 662 647 667 607 END
START -11360 1144 -13400 -397 -438 -950 617 662 646 667 599 END
START -12012 1072 -12972 -499 -481 -825 619 663 648 667 602 END
START -12080 1364 -12184 -535 -462 -714 618 662 648 667 600 END
START -12332 1652 -11784 -610 -349 -574 620 662 649 667 603 END
START -12936 2172 -11316 -683 -367 -390 619 662 646 667 601 END