START -16008 6436 1432 -23 1387 367 547 492 511 563 571 END
START -16136 6328 1608 -14 1235 648 547 490 513 554 568 END
START -16568 6292 2208 73 728 1432 547 489 515 555 573 END
START -16736 6320 2788 388 453 2260 544 490 517 554 569 END
START -16704 6052 2712 869 659 3496 546 499 515 558 572 END
START -16364 5548 2528 1760 1374 4789 547 495 518 560 571 END
START -15760 5700 2368 3301 2819 6489 546 496 520 562 577 END
START -15600 5384 2100 4745 4457 7643 547 500 526 562 572 END
START -15164 6716 2808 5939 6984 8391 551 502 525 568 571 END
START -14464 7048 3076 6712 8135 8224 547 504 517 571 567 END
START -13276 7164 1764 6958 8805 8143 550 508 527 570 576 END
START -13392 6740 1220 6767 10006 8090 550 510 527 572 573 END
START -12808 6836 236 6868 11035 7495 554 513 531 573 573 END
START -12288 7352 -1612 6975 11359 6881 556 510 528 575 574 END
START -11256 8608 -2144 7134 12422 6791 558 513 534 575 574 END
START -12396 9956 -968 6785 12849 7044 555 516 530 576 573 END
START -13076 7668 -1208 6373 11971 6422 562 521 535 578 574 END
START -11472 7584 -4044 6850 11831 5963 567 524 534 583 573 END
START -12292 10656 -3272 6495 11832 6460 567 525 536 588 574 END
START -11756 6964 -4704 6436 11216 5313 567 528 536 586 572 END
START -11248 11164 -4232 6166 11079 5896 570 529 538 591 572 END
START -10140 7024 -5368 6484 10516 4920 568 526 543 592 573 END
START -11536 10196 -3472 6289 10402 5630 570 533 539 592 572 END
START -9740 8796 -6424 7130 9567 4549 573 533 542 593 570 END
START -11172 8236 -4716 6701 7233 4492 574 535 539 598 570 END
START -9996 10728 -6652 7294 7072 4184 574 535 542 598 571 END
START -8876 6744 -8072 7507 5843 2792 574 534 544 599 571 END
START -10364 8352 -6364 7189 4924 2873 575 533 539 598 570 END
START -8464 11696 -8000 7323 6015 2517 571 538 544 599 572 END
START -7308 8592 -9868 7782 6656 1052 575 536 545 600 572 END
START -8460 5548 -7640 7214 7113 843 573 539 542 602 575 END
START -10344 9012 -7312 7333 7281 513 576 547 548 603 573 END
START -8252 11348 -10148 7800 8363 -41 577 542 550 604 572 END
START -8272 8236 -11700 8064 8573 -881 577 542 553 605 572 END
START -6432 7576 -11964 7065 8517 -677 577 547 554 606 578 END
START -10888 5652 -8084 8182 7092 -1619 580 549 556 608 572 END
START -10280 6084 -8828 8215 7385 -1365 581 553 559 609 574 END
START -10464 7744 -8976 8264 7707 -1267 576 552 554 610 573 END
START -10220 9396 -10052 8448 7613 -1448 580 558 563 611 574 END
START -10092 10064 -10508 8606 7417 -1595 579 558 565 612 572 END
START -9228 9824 -11440 8936 6842 -1901 582 559 567 614 569 END
START -7548 9456 -12392 9208 6600 -2231 584 564 570 613 574 END
START -8084 8076 -13968 9392 6386 -2537 583 566 573 616 575 END
START -7788 6932 -15220 9434 6218 -2961 582 557 573 613 575 END
START -7324 5824 -16468 9385 6170 -3206 585 570 576 615 577 END
START -6768 3668 -16188 9241 6631 -3194 583 570 576 615 575 END
START -6852 6264 -15728 9301 5983 -3389 587 576 577 616 574 END
START -7828 5480 -15772 9254 4565 -3674 583 572 576 615 579 END
START -6908 5120 -16732 9218 2735 -3958 582 573 579 617 575 END
START -6408 4428 -18084 8875 2054 -4048 586 572 578 618 573 END
START -6900 4104 -19244 8251 3352 -3935 583 578 581 614 577 END
START -6916 3292 -18444 7632 4918 -3949 584 577 582 618 578 END
START -7340 3340 -17780 7305 4972 -3849 585 580 583 619 576 END
START -8220 2860 -18912 6622 5260 -3683 585 580 585 619 579 END
START -6936 3240 -21656 5704 4983 -3161 583 584 589 620 581 END
START -8588 3184 -20320 4483 4019 -2535 582 590 590 622 579 END
START -8724 3312 -19588 3479 2701 -2031 586 588 593 623 580 END
START -7040 3540 -20464 2462 1457 -1610 584 591 594 625 580 END
START -7612 3976 -20052 1507 192 -1221 584 596 597 626 580 END
START -8296 1840 -20760 730 -231 -1018 583 596 598 626 581 END
START -8232 1964 -19128 117 -263 -880 585 602 600 628 582 END
START -8704 2316 -18336 -404 -373 -904 587 601 602 629 582 END
START -8552 316 -18052 -734 -38 -920 585 603 602 624 581 END
START -9092 476 -17296 -993 -115 -944 585 609 603 629 583 END
START -9640 -216 -16484 -1128 -463 -798 583 606 603 628 583 END
START -10604 -576 -16556 -1280 -1052 -553 585 605 603 630 585 END
START -8792 136 -17256 -1261 -964 -213 587 606 606 631 580 END
START -7984 176 -17480 -1297 -814 7 585 607 606 630 584 END
START -9100 -860 -15792 -1502 -1166 197 583 607 611 631 585 END
START -8856 -916 -16100 -1468 -1000 183 586 608 607 630 582 END