START -9656 3884 9684 10587 11785 6556 527 470 485 522 553 END
START -9760 3624 8828 11226 13251 6867 527 470 488 515 554 END
START -11304 3672 7828 13014 17131 7758 527 484 488 524 556 END
START -12328 4428 6320 14498 20164 8717 528 479 491 524 554 END
START -11992 5448 3812 15225 22380 9316 530 485 493 525 554 END
START -11872 5656 1688 15623 23833 9824 531 486 501 528 555 END
START -11276 5904 -408 15828 24077 9754 541 496 505 533 556 END
START -10340 7208 -1460 15671 24351 9374 549 513 514 537 560 END
START -10020 7704 -2108 15275 23797 8718 559 512 514 538 559 END
START -9828 7672 -2156 14769 23099 8131 564 525 520 552 561 END
START -10276 7208 -2204 14242 21758 7267 570 535 526 559 561 END
START -9812 6768 -2424 14146 20566 6668 573 547 529 568 564 END
START -10796 6196 -2208 13794 18068 5300 578 549 537 577 563 END
START -10580 7120 -2472 14991 14683 5248 582 563 547 582 564 END
START -11672 8224 -2116 15447 9863 5324 584 569 552 588 565 END
START -10784 8484 -2240 15839 5869 4510 580 574 562 592 567 END
START -7664 6940 -5056 15941 7105 2650 584 579 563 597 565 END
START -4828 8252 -8028 15347 13501 1625 582 583 567 599 572 END
START -9500 10152 -4804 15009 17358 1547 584 585 571 604 570 END
START -10904 5528 -5180 15643 16589 175 583 592 572 607 570 END
START -10120 8632 -8900 15854 15066 -303 583 596 577 609 572 END
START -9824 5892 -10276 14938 13533 -1630 584 596 582 612 572 END
START -9328 10392 -10092 14363 13943 -1570 582 604 588 616 574 END
START -8812 6280 -11304 14247 13293 -2600 583 608 587 618 574 END
START -10764 8208 -10060 13479 11807 -2657 585 607 590 620 576 END
START -9016 8664 -11964 13274 11985 -3068 580 615 596 623 577 END
START -10192 4692 -13512 12968 9678 -4070 589 620 600 626 578 END
START -10984 6368 -13424 11646 7283 -3490 583 625 604 628 579 END
START -9984 8924 -15952 10494 6700 -2704 583 629 607 630 581 END
START -8392 6024 -18412 9702 6922 -2832 576 635 611 634 581 END
START -10424 3460 -16092 8322 6305 -2656 584 638 613 635 583 END
START -11168 7212 -15052 7047 5295 -1793 583 638 617 637 584 END
START -10132 8560 -16116 6109 4020 -1225 583 649 620 639 586 END
START -9220 6324 -19444 5113 3016 -1128 577 646 621 642 588 END
START -9616 2844 -19056 3851 2519 -1092 584 646 624 644 588 END
START -10648 4012 -16296 2277 2248 -516 585 650 623 646 584 END
START -11168 7084 -14760 1292 1670 90 583 648 624 646 581 END
START -9332 8192 -15808 843 711 290 583 648 627 648 591 END
START -8520 4440 -17512 439 -704 -225 586 649 624 648 591 END
START -10260 3224 -15552 -509 -1731 -255 583 648 629 646 591 END
START -10108 5340 -14156 -1308 -1647 -42 585 649 629 649 593 END
START -9980 5720 -13156 -1706 -1422 216 585 652 631 650 594 END
START -9252 7312 -12524 -1698 -1395 446 585 651 631 650 592 END
START -7552 7380 -14124 -1393 -1414 450 585 650 624 650 601 END
START -7448 5884 -15048 -1138 -1565 119 584 650 629 651 593 END
START -7204 3792 -16456 -1022 -1386 -232 585 650 629 650 593 END
START -7600 2048 -16388 -939 -535 -457 586 650 629 649 595 END
START -9072 1396 -15224 -1034 -505 -542 587 652 632 651 596 END
START -10020 1680 -13976 -1022 -912 -386 579 651 631 650 595 END
START -9496 2772 -13444 -980 -1199 -209 589 651 638 650 595 END
START -10112 4276 -12548 -968 -1138 78 587 651 631 650 595 END
START -9620 5460 -12120 -894 -709 256 591 650 633 650 597 END
START -7896 7288 -14208 -821 269 402 588 650 631 650 596 END
START -7956 6892 -14148 -591 413 92 585 651 631 651 595 END
START -6940 4436 -16392 -456 292 -516 586 649 632 649 596 END
START -8832 1864 -15948 -562 -219 -727 586 650 630 650 596 END
START -9036 1684 -15396 -607 -688 -782 585 649 631 650 596 END
START -9024 1704 -14896 -705 -776 -645 583 650 630 648 598 END
START -10112 3432 -12692 -820 -472 -366 586 650 632 649 596 END
START -10348 4172 -12536 -836 -523 -191 588 649 630 649 595 END
START -9916 4908 -12356 -852 -905 -19 586 643 631 650 596 END
START -9552 5588 -12404 -786 -840 339 588 649 630 651 596 END
START -8972 7472 -12728 -652 -486 550 591 650 632 650 596 END
START -9304 7712 -12472 -527 -27 668 588 648 628 648 593 END
START -5960 6588 -16300 -291 785 523 586 650 630 650 596 END
START -8668 4020 -16236 -188 186 173 586 649 631 645 597 END
START -8608 1708 -16156 -273 -536 -215 587 650 629 650 598 END
START -8932 1464 -15488 -471 -739 -271 588 648 633 649 596 END
START -9300 1364 -15220 -638 -836 -314 581 649 627 648 596 END
START -9412 1560 -14932 -865 -926 -266 588 649 630 649 598 END