START -14624 5296 8044 1869 1523 5438 551 479 523 547 565 END
START -14404 5212 8092 2154 1898 5748 550 482 526 545 566 END
START -14116 5372 7848 3030 3456 6540 544 488 521 544 563 END
START -13376 5600 7252 3802 5392 7151 539 477 520 541 554 END
START -12696 5992 6388 4286 7645 8467 534 475 518 536 546 END
START -12640 5888 5924 4645 10008 9669 532 474 519 532 539 END
START -12360 6636 5188 4561 12690 10421 533 470 515 528 520 END
START -12068 5912 3504 4648 15984 10495 525 471 509 522 508 END
START -11384 5976 2244 4819 19102 11088 530 471 503 530 493 END
START -11036 6968 544 5932 22941 11608 530 479 509 528 491 END
START -12076 8040 572 6987 25688 11519 533 484 513 535 487 END
START -13052 8980 960 6862 26390 11160 533 489 511 537 484 END
START -13860 8812 1120 6441 25530 11151 537 493 517 538 480 END
START -14096 7556 572 6010 23610 10488 536 496 513 545 485 END
START -12300 6528 -2460 5630 22188 9570 540 505 526 547 495 END
START -9972 7788 -4852 6055 23287 8329 545 515 528 560 505 END
START -10472 10268 -3636 5635 23468 7844 549 525 536 570 514 END
START -11648 6824 -3676 5261 22390 6940 548 532 542 579 531 END
START -11768 9968 -3984 5539 22436 6118 551 538 551 587 531 END
START -13192 7288 -3056 5112 20082 5963 555 542 551 595 537 END
START -11112 9476 -6612 5686 20405 5099 560 547 554 600 543 END
START -12120 5800 -6604 5041 18247 4403 563 551 563 607 548 END
START -12004 10620 -6640 5099 16742 4366 565 559 566 613 553 END
START -9668 6276 -9124 5250 14300 2873 567 562 571 618 558 END
START -10576 7416 -6672 4780 12904 2738 570 569 575 623 560 END
START -8388 11196 -8228 5111 14781 1975 570 570 583 627 563 END
START -7568 7284 -10808 5254 16195 461 571 575 585 633 565 END
START -9044 5580 -9604 4741 15895 -76 572 577 592 634 568 END
START -10920 10424 -7612 5047 15105 515 573 584 595 640 568 END
START -10828 10528 -9136 5876 13052 542 574 582 598 641 571 END
START -8752 6720 -11396 6836 10064 -220 576 590 602 647 573 END
START -7456 4216 -11452 6823 8966 -667 576 593 604 646 575 END
START -8664 4896 -10616 6796 9157 -658 577 594 607 646 575 END
START -9264 7408 -9240 6699 10607 169 572 597 601 648 576 END
START -9028 10556 -9848 7543 10765 481 575 596 610 648 576 END
START -9052 9888 -10740 8441 8838 349 576 597 611 650 578 END
START -7880 6036 -13848 9512 6462 190 576 602 611 651 578 END
START -7064 4540 -14988 9997 4889 109 577 600 611 651 579 END
START -6464 3236 -13700 10345 5094 261 576 605 613 650 579 END
START -6328 4136 -12520 10381 7188 557 578 601 611 652 580 END
START -7136 4584 -11820 10735 7925 605 575 605 613 651 581 END
START -6956 4584 -10156 11125 8248 601 576 608 617 652 582 END
START -8468 6820 -10176 11533 5644 750 579 611 617 652 582 END
START -7244 7088 -14124 11402 1863 541 584 618 620 654 583 END
START -5568 7404 -15620 10839 556 356 580 616 622 653 585 END
START -5336 7828 -16604 10288 1722 93 577 623 623 656 585 END
START -3672 7568 -17996 9937 4249 -461 581 627 622 657 586 END
START -4036 6596 -18092 9366 5665 -566 583 628 629 657 588 END
START -4996 4028 -19056 9034 3633 -499 583 632 629 658 591 END
START -4980 3904 -20948 8427 571 -387 587 634 629 660 590 END
START -4872 3192 -22132 7672 -1620 -539 584 634 629 660 596 END
START -4028 2076 -22340 6687 173 -711 588 635 632 661 592 END
START -4076 -360 -20704 5729 3054 -842 588 637 634 662 593 END
START -6524 -316 -18868 4857 4078 -864 592 637 634 662 596 END
START -7276 -172 -19548 3923 2738 -854 591 638 633 662 595 END
START -8984 1244 -18380 2749 -66 -618 591 637 635 662 595 END
START -8064 1552 -18260 1534 -1503 -285 597 637 634 662 595 END
START -7568 2100 -17772 597 -1671 -107 593 636 635 663 594 END
START -7088 2768 -17044 -194 -1321 -20 592 636 635 661 596 END
START -6468 5108 -15776 -767 -874 22 592 638 633 662 594 END
START -6704 5328 -15876 -1123 -1380 215 591 638 634 661 596 END
START -6236 5492 -15428 -1358 -1547 303 595 638 634 661 597 END
START -6220 5464 -14912 -1523 -1050 371 601 635 634 663 597 END
START -6284 5328 -14632 -1573 -772 494 595 636 634 661 596 END
START -5072 5576 -15708 -1420 -305 680 596 635 635 661 596 END
START -5228 5272 -15708 -1332 -377 830 594 637 635 662 595 END
START -5228 5364 -15364 -1264 -520 909 594 636 634 662 597 END
START -4988 5284 -15880 -1151 -452 911 594 636 635 661 599 END
START -4552 5172 -15704 -1104 13 880 592 627 634 663 598 END
START -3456 3740 -17520 -910 504 586 595 636 634 664 597 END