START -13652 7872 992 -533 -1173 77 549 494 517 563 571 END
START -13472 7912 912 -661 -1053 66 548 496 528 561 573 END
START -12856 7884 1320 -995 -372 -26 537 497 519 566 574 END
START -13020 7556 1660 -1141 237 201 551 495 521 563 570 END
START -13560 7616 2252 -1236 158 241 550 501 521 564 576 END
START -13516 7372 2428 -1214 30 194 548 501 522 565 573 END
START -13576 7664 2624 -1146 11 376 548 502 523 565 573 END
START -13960 7104 2516 -1063 -354 185 549 502 524 566 573 END
START -14248 7660 2716 -1197 -951 474 548 501 521 567 572 END
START -13492 8216 2716 -966 -1133 504 548 504 524 570 573 END
START -12780 7564 2220 -781 -792 125 548 504 527 566 574 END
START -13156 6936 2044 -687 -366 -69 550 502 526 568 573 END
START -13716 7064 1872 -614 -246 -60 555 505 527 571 572 END
START -13876 7508 1992 -555 -594 22 547 504 522 569 572 END
START -14200 8272 2628 -473 -905 471 549 504 526 567 573 END
START -15040 9584 4016 -549 -1380 1119 551 504 526 568 573 END
START -16072 9036 4452 -923 -1923 1804 547 502 526 567 573 END
START -15324 7464 2356 -495 -1211 2177 551 506 526 570 574 END
START -14152 10228 2524 207 -111 3365 551 505 524 568 574 END
START -14968 8232 3616 -413 -689 4384 552 505 526 567 575 END
START -12120 7704 44 1180 2000 4838 551 511 528 567 573 END
START -13368 10260 4752 1649 2963 5996 552 510 529 568 574 END
START -11488 7824 408 2585 6186 5737 559 511 526 570 571 END
START -12836 10352 4880 2727 8028 6772 557 515 541 570 573 END
START -10536 8096 -1004 3791 11919 6059 559 519 534 571 577 END
START -10988 6572 904 3409 13758 5821 564 521 537 573 574 END
START -10204 11408 -464 4717 17957 6068 570 535 541 580 575 END
START -9508 7608 -1016 5139 18976 4687 578 542 545 591 575 END
START -11272 7656 2464 4935 19528 4835 579 550 547 594 576 END
START -11388 11208 1000 6039 21480 4571 577 553 551 600 576 END
START -10360 9596 -2712 7315 21097 3377 585 561 554 606 576 END
START -10956 4876 -2692 8311 17819 2092 588 562 559 608 576 END
START -11596 4300 -464 8995 14864 2007 589 577 561 610 574 END
START -11444 7232 -292 9902 13833 2117 590 572 564 611 576 END
START -10328 9648 -2060 10979 13881 1305 592 576 568 614 575 END
START -8292 9668 -5000 11565 14486 233 593 579 571 612 577 END
START -8420 7504 -7596 12294 14906 -1674 591 583 574 617 577 END
START -8500 4884 -8612 12444 15645 -2522 587 585 573 618 578 END
START -8916 2892 -8528 12539 16007 -3022 597 588 580 620 577 END
START -9804 2836 -8496 12674 16001 -3490 590 592 582 621 578 END
START -10228 2728 -10284 12598 15910 -3829 589 597 584 624 579 END
START -10332 2848 -11812 12471 15389 -3942 593 597 590 621 579 END
START -11420 2168 -9944 12658 14642 -3730 592 604 594 627 579 END
START -11260 2060 -10560 13034 11980 -3622 592 608 597 628 581 END
START -10668 2916 -13564 13167 8708 -3467 592 612 598 630 581 END
START -10508 2580 -15440 12913 6437 -3333 592 616 601 631 581 END
START -9036 4132 -17228 12462 6423 -2884 590 618 602 631 581 END
START -8408 3404 -16448 12120 7480 -2353 592 621 606 633 584 END
START -8876 3000 -14940 12182 7112 -2100 592 624 608 634 583 END
START -8564 4924 -16172 11851 5858 -1602 593 625 611 632 585 END
START -7472 5104 -17500 11850 3767 -1695 591 630 613 636 583 END
START -6812 4984 -19840 11052 3750 -1336 592 631 615 636 585 END
START -6512 4288 -19544 10120 5601 -1214 598 631 616 639 585 END
START -7444 5732 -18164 9154 7299 -1129 597 635 626 639 586 END
START -8472 5360 -18340 7997 7366 -1037 593 636 619 639 586 END
START -8236 5588 -18872 6766 5869 -1007 592 638 620 640 587 END
START -8084 5384 -20048 5236 4024 -726 588 638 620 640 586 END
START -8408 5260 -19868 3780 2177 -548 597 636 620 641 587 END
START -7928 3716 -20720 2503 776 -380 594 636 621 641 587 END
START -7608 3664 -20364 1526 -408 -522 597 637 621 641 579 END
START -7656 3708 -19756 592 -757 -456 594 637 621 642 589 END
START -8972 540 -19808 -96 -625 -597 592 636 622 641 589 END
START -8648 192 -17904 -676 -1140 -664 594 642 623 642 589 END
START -8528 -52 -17220 -990 -960 -634 594 637 624 637 590 END
START -8788 -232 -16668 -1218 -1186 -472 597 638 624 644 588 END
START -9244 -296 -16632 -1279 -1406 -355 593 638 622 644 589 END
START -9544 -560 -15884 -1306 -1448 -281 595 638 622 643 589 END
START -9040 -692 -16096 -1263 -1004 -192 596 636 625 641 589 END
START -8176 444 -17188 -1150 -814 -26 594 637 624 643 591 END
START -8964 -824 -16012 -1177 -1023 -48 595 637 623 642 591 END