START -12836 8056 -3516 167 13184 8840 546 508 530 557 562 END
START -12868 7848 -3172 446 13785 9007 546 510 531 554 565 END
START -12476 7180 -3716 1383 14489 9104 548 515 535 559 566 END
START -13016 7624 -3936 2275 13399 8978 550 524 540 570 568 END
START -13704 7252 -3560 2731 11185 8561 555 531 546 581 567 END
START -12344 8712 -3416 2897 9617 7537 561 541 551 591 567 END
START -11864 10296 -2040 3653 10019 7999 563 545 553 600 571 END
START -11040 9780 -1444 4214 11796 7205 565 550 558 604 573 END
START -9780 8720 -2788 4377 14353 6435 569 552 563 612 573 END
START -10168 8484 -3808 4925 16232 6084 572 558 564 617 573 END
START -10388 9476 -5356 5360 15967 5728 583 558 571 617 574 END
START -10264 9620 -5500 5927 14515 5509 575 563 572 620 575 END
START -10600 8876 -5440 6471 12322 5283 579 569 577 624 575 END
START -10704 7468 -6196 7270 9978 4527 579 567 579 622 575 END
START -9068 7152 -7796 8058 8220 3628 580 570 581 625 574 END
START -7992 8804 -8612 8566 7756 3163 579 578 582 627 576 END
START -8912 9240 -8184 8432 7427 3418 574 574 585 626 577 END
START -8540 6544 -9228 8601 6920 1947 581 576 585 627 578 END
START -6860 9300 -11040 8857 8086 1348 580 568 588 627 578 END
START -8408 7380 -9220 8255 7406 1004 582 582 590 634 578 END
START -7572 7812 -11796 8740 7748 148 579 583 588 627 579 END
START -9364 7324 -9420 8159 5869 208 582 579 591 629 579 END
START -7144 8216 -12860 8601 5270 -777 584 583 592 630 580 END
START -7804 5924 -11368 8145 3841 -1115 584 583 591 633 581 END
START -7208 10152 -12420 8041 5328 -1060 584 587 601 632 585 END
START -6580 6812 -14008 8204 6103 -2237 586 588 593 632 581 END
START -8552 4364 -11796 8070 5473 -2368 587 588 596 633 584 END
START -9040 8076 -11364 8122 4647 -1874 587 592 592 634 582 END
START -7160 9192 -13588 8514 4179 -2322 587 591 597 633 582 END
START -6768 5732 -16100 8685 3612 -3012 587 594 596 633 585 END
START -7768 3512 -15540 8330 3176 -3083 586 594 592 634 582 END
START -8780 4892 -11960 8120 3633 -2523 588 596 598 635 584 END
START -9236 7508 -10860 8487 3602 -2048 590 597 600 636 584 END
START -7696 8344 -13436 8935 2954 -2146 588 594 601 633 586 END
START -6548 7344 -16384 9111 2523 -2487 590 603 601 633 585 END
START -6696 5128 -17632 8850 2533 -2809 588 602 601 640 586 END
START -6244 2876 -17744 8637 2930 -3131 588 604 605 635 586 END
START -6120 1632 -16828 8262 4019 -3363 580 603 604 637 587 END
START -8220 992 -14796 7981 4539 -3577 590 604 606 638 587 END
START -8596 1244 -14788 7603 3619 -3656 592 604 606 638 587 END
START -8900 1900 -15648 7068 2109 -3496 595 605 608 637 589 END
START -9904 2708 -16272 6253 784 -3066 594 608 607 638 588 END
START -8576 3456 -16228 5397 1350 -2644 587 607 609 639 590 END
START -8604 3624 -15348 4692 2938 -2300 591 602 608 635 589 END
START -8700 3876 -15800 4095 3104 -2215 589 606 615 639 591 END
START -8784 4164 -16168 3291 2707 -1918 590 607 609 639 589 END
START -9112 4440 -16492 2458 1744 -1420 592 609 614 639 589 END
START -8476 4648 -16940 1644 633 -1026 589 604 609 640 590 END
START -7708 5260 -17636 955 705 -555 587 608 609 640 590 END
START -7388 5552 -17284 491 1865 -453 582 608 610 640 591 END
START -6020 4472 -19068 15 2502 -433 589 608 612 639 590 END
START -7140 2460 -19316 -234 1709 -545 589 605 610 639 590 END
START -6780 2292 -19252 -444 615 -486 592 607 608 641 586 END
START -5776 2504 -19632 -653 178 -465 589 608 613 640 589 END
START -7300 364 -19100 -752 84 -360 592 608 608 640 590 END
START -7012 -964 -17372 -931 118 -416 581 610 612 641 592 END
START -7400 -1108 -17232 -1033 486 -303 590 608 613 640 591 END
START -7308 -1156 -17356 -984 428 -226 594 606 613 640 591 END
START -7928 -1280 -16424 -959 -256 -138 590 609 611 639 589 END
START -7152 -1488 -17204 -957 -531 3 589 610 611 640 590 END
START -6820 -1464 -17160 -978 -705 132 591 607 613 639 593 END
START -7728 -1088 -15584 -983 -372 90 591 618 612 643 592 END
START -7572 -1424 -16064 -940 -485 63 591 608 613 640 591 END
START -8236 -488 -14612 -922 -854 57 591 608 609 639 587 END
START -8688 -984 -14764 -943 -1164 165 587 608 610 640 592 END
START -7552 84 -14972 -885 -991 43 591 611 613 639 593 END
START -7156 1636 -14492 -1022 -497 404 591 612 612 641 593 END
START -7448 1536 -14520 -977 -306 424 591 609 611 640 594 END
START -7328 3708 -14016 -994 -245 584 590 610 612 640 592 END
START -7288 3476 -13792 -903 -244 763 583 608 612 640 591 END