START -11352 8424 7632 503 -2368 2844 509 446 478 513 497 END
START -11452 8220 7604 324 -2694 3013 507 444 475 513 495 END
START -10696 8196 7624 274 -3214 3193 509 440 470 506 488 END
START -9764 8564 8672 477 -3920 3482 509 437 463 497 481 END
START -8516 9104 9380 638 -4143 2972 514 431 453 487 474 END
START -7516 8912 8696 1159 -1538 2377 513 427 441 472 458 END
START -8568 8848 7948 516 1502 1582 515 420 433 461 447 END
START -7476 9492 7272 642 3751 1195 513 414 424 455 441 END
START -6156 8740 7344 1428 6830 43 513 414 414 447 435 END
START -5656 8784 7172 1731 12411 -733 510 411 415 441 431 END
START -4524 9520 6224 1856 22266 -2389 509 410 414 440 426 END
START -4188 11288 4972 1765 32767 -3286 510 407 412 438 421 END
START -8816 12684 6372 648 32767 -3058 512 410 410 435 420 END
START -11744 9116 2924 -825 32767 -2099 508 409 413 436 423 END
START -13280 11008 284 168 32767 -1310 507 409 414 438 423 END
START -15032 8876 1448 -790 32767 -598 505 409 415 436 425 END
START -12904 11680 -2280 515 32767 -1607 506 411 420 444 431 END
START -12000 8220 -1716 -899 32767 -2128 505 415 423 447 431 END
START -11148 12104 -1472 -1947 32767 448 507 417 426 449 439 END
START -7936 13056 -11328 -1396 32767 -1015 505 415 428 452 440 END
START -10124 7352 -6704 -1959 32767 -1765 503 416 429 452 441 END
START -7932 9164 -9368 -3004 32767 -313 502 416 429 454 442 END
START -10484 12392 -10008 -2701 32767 574 502 419 436 454 444 END
START -15456 6520 -6084 -3514 32767 -229 503 419 435 459 451 END
START -12032 7764 -9416 -3046 31014 764 500 422 439 462 455 END
START -10056 11312 -15472 -1387 28321 92 508 425 440 467 461 END
START -11028 5164 -10992 -1721 25925 -517 507 426 446 470 467 END
START -12364 8684 -8012 -1565 23797 -130 509 430 449 472 467 END
START -8828 7444 -9788 -1208 23288 -947 510 433 451 476 470 END
START -8532 5708 -9572 -1183 22114 -8 509 433 452 477 475 END
START -10884 10268 -15048 -54 20280 328 510 441 461 485 479 END
START -14904 5844 -8312 -577 16501 350 508 446 468 493 487 END
START -3516 7332 -17320 743 15519 -40 504 450 478 504 496 END
START -10716 6944 -10312 250 12776 754 507 462 487 514 504 END
START -11172 5340 -11232 399 12574 53 509 470 498 528 512 END
START -9728 6792 -10668 -206 11312 1061 511 487 511 541 520 END
START -10668 5596 -10472 881 8079 -58 513 498 519 555 528 END
START -6704 7552 -10980 981 5829 400 514 507 527 566 534 END
START -11032 4852 -11260 1947 3689 -811 512 513 534 576 541 END
START -13940 6924 -9348 1024 2518 461 516 522 542 589 544 END
START 2312 3696 -21580 617 4638 -426 519 541 558 611 551 END
START -8332 11040 -14484 911 2832 38 526 565 579 629 558 END
START 9260 6756 -20584 795 7322 -129 528 582 595 642 565 END
START -11220 4744 -7392 2157 4069 -1447 535 597 609 652 571 END
START 2872 9356 -19544 2008 4891 -765 537 610 622 664 574 END
START -6968 4800 -13476 2594 2736 -1410 546 623 633 672 578 END
START -2536 8668 -13120 3176 4807 -350 556 636 640 676 580 END
START 2368 3960 -17048 4361 3097 -1416 563 645 645 679 584 END
START -4936 10652 -13100 5464 1238 -767 566 650 648 684 588 END
START -18396 6760 -3220 5667 3015 -1759 571 653 647 682 589 END
START 9244 4904 -27172 6100 6147 -2477 575 656 650 683 589 END
START -4404 10564 -22284 5317 5522 -1027 579 659 650 681 589 END
START -6620 5356 -16528 4524 4715 -1178 578 660 651 686 590 END
START -3444 6732 -19360 3890 3626 -865 582 660 652 685 592 END
START -5160 5716 -19504 2458 -760 -70 585 662 653 686 593 END
START 3076 4712 -26268 1787 207 -555 589 665 655 687 594 END
START 2344 9268 -24816 642 -1480 827 589 665 655 688 595 END
START -5388 4876 -20636 -220 392 -70 589 665 656 689 597 END
START -15540 6992 -10064 -750 -2968 -219 588 664 655 689 599 END
START -14520 8340 -8308 -1725 -4130 833 590 666 657 689 597 END
START -9564 5448 -12688 -1340 456 -30 590 667 658 690 597 END
START -18932 9064 -5484 -1394 -3746 412 595 668 657 691 599 END
START 3596 5708 -21916 -1585 -122 67 592 667 658 690 599 END
START -16740 4496 -6992 -1538 -2882 -759 598 668 658 690 599 END
START -7104 8256 -12548 -1717 399 884 596 669 658 689 600 END
START -15380 4464 -8328 -1695 -2856 -47 594 668 658 690 600 END
START -1388 6488 -17816 -1494 -1200 391 594 668 659 692 601 END
START -3772 3992 -15988 -1754 -1018 280 592 666 659 690 601 END
START 800 6712 -19568 -1264 -419 -205 596 668 659 691 601 END
START -8360 5432 -9580 -1542 -1210 266 597 668 659 689 602 END