START -5140 10168 10836 -3199 -11804 -867 570 579 627 671 615 END
START -4640 10468 10796 -3774 -12091 -1150 571 582 629 672 614 END
START -1320 9216 9784 -4430 -10623 -1804 569 579 631 675 617 END
START -1216 8060 9696 -4051 -7194 -2022 569 582 631 677 619 END
START -1864 8884 10520 -3859 -5707 -3733 569 585 635 680 622 END
START -1000 8880 10320 -3920 -3975 -3351 574 585 634 680 624 END
START -3556 8600 11200 -4549 -3206 -2745 571 587 637 681 624 END
START -5468 8852 13192 -4490 -3569 -2167 573 587 639 682 624 END
START -5312 8896 13308 -4276 -3877 -2313 570 588 643 682 626 END
START -4524 8392 13740 -3717 -2929 -2441 574 592 642 682 625 END
START -4880 8100 13936 -2706 -1515 -1834 574 588 641 683 626 END
START -4924 6944 13356 -2159 -731 -1603 575 588 642 684 627 END
START -4032 6680 12272 -668 543 -1160 577 592 641 683 627 END
START -5256 10520 14868 -446 240 -90 575 590 642 685 626 END
START -5244 7800 13908 -900 -124 -147 574 588 642 683 626 END
START -3060 9520 12224 291 1741 -332 576 591 645 683 626 END
START -4896 8684 13460 -841 955 141 575 589 642 684 627 END
START -3380 8216 10592 584 2178 123 577 589 640 680 624 END
START -5460 7960 13004 -723 -93 723 575 588 641 683 626 END
START -3124 10148 11672 462 867 1017 575 588 641 683 625 END
START -4220 4820 12596 -305 301 263 573 582 639 683 627 END
START -220 9076 12200 117 2700 1185 573 581 636 681 624 END
START -1728 4504 9652 892 7244 -235 572 578 629 678 619 END
START -5132 8792 14184 2078 11250 1016 571 565 609 665 610 END
START -7856 5188 12516 3451 13780 -55 567 549 587 639 589 END
START -7160 9992 16132 3702 14550 -42 560 525 561 614 566 END
START -3772 6924 11616 3602 18064 -860 554 508 536 582 533 END
START -4984 11000 14140 4478 24414 -430 548 486 515 551 493 END
START -3688 8188 7464 4642 32389 -2879 536 464 487 522 464 END
START -7136 11932 7732 3632 32767 -1953 531 438 464 491 444 END
START -13320 9364 6304 3526 32767 -1749 523 419 440 464 425 END
START -11804 11752 6496 2208 32767 172 525 403 425 443 410 END
START -11700 8764 4688 3274 31924 -667 522 400 412 429 402 END
START -8628 12824 5472 2769 30511 -788 521 395 401 419 397 END
START -7736 12276 2284 2420 31834 -1158 522 396 395 410 394 END
START -14096 10672 6388 214 32767 -134 518 388 388 407 392 END
START -5084 13168 -4096 434 32767 -164 514 385 387 403 390 END
START -12928 8356 220 -706 32767 -584 506 381 383 397 385 END
START -11764 12664 -1248 -740 32767 -772 497 379 380 396 381 END
START -10904 8212 -2516 -1889 32767 -2411 487 377 379 395 377 END
START -10816 10920 -5036 -2529 32767 -2423 479 374 375 392 372 END
START -9800 12932 -7436 -2362 32767 -2487 476 375 375 391 367 END
START -12024 7380 -8312 -2889 32767 -3395 471 375 373 390 370 END
START -14316 9412 -7516 -3077 32767 -1697 467 371 372 388 368 END
START -14304 11648 -12132 -1845 32767 -2747 464 370 375 386 366 END
START -10492 6408 -10688 -1882 32767 -3248 463 371 372 387 367 END
START -10828 9316 -8940 -2104 32767 -1903 462 370 372 389 369 END
START -8848 8952 -12728 -1159 32767 -2200 461 370 373 392 372 END
START -13548 7212 -8516 -1736 29803 -864 461 370 378 389 373 END
START -12100 12480 -14396 539 25026 742 464 372 376 394 372 END
START -18768 6304 -6296 968 15504 1292 466 374 379 397 375 END
START -8532 9084 -12336 2924 10038 2042 467 376 383 398 380 END
START -4256 6564 -11816 2585 7599 2558 474 378 389 406 387 END
START -3012 6300 -15136 3550 7627 1993 481 380 391 409 388 END
START 1496 5676 -19748 3801 7833 3468 490 383 399 413 400 END
START -9940 4400 -9660 5112 4394 4096 501 395 418 437 423 END
START 14704 7104 -23896 6539 6851 6594 508 419 447 477 455 END
START -17936 3156 4868 6417 1588 3839 519 463 488 528 488 END
START 8156 3228 -16076 7525 12178 3152 527 518 531 579 528 END
START -25608 8948 1928 8512 6850 4892 538 580 573 627 556 END
START 9100 1184 -26476 10678 7181 3550 551 605 604 653 572 END
START -11400 6416 -10232 11319 3732 2606 557 618 620 667 580 END
START -27656 1500 1032 9949 4364 3025 562 629 631 673 584 END
START -13336 1172 -12592 9887 3097 1377 567 634 634 679 591 END
START -6688 6976 -20300 7970 3286 -88 571 638 642 682 594 END
START 4656 2308 -29680 5287 8481 -1694 571 641 644 683 597 END
START -5364 2744 -25716 3565 3173 -1529 570 641 645 682 597 END
START -20392 6164 -9844 1548 -3438 -171 568 642 646 685 598 END
START 8032 3676 -29636 633 -1479 -1290 564 639 645 685 599 END
START -12676 7900 -14236 -508 -3684 -1822 563 643 647 685 598 END