START -9592 5868 -13448 1790 9942 767 594 595 621 649 578 END
START -9140 5844 -13836 2146 8393 841 597 601 625 653 581 END
START -6044 5212 -13388 3445 5548 337 602 619 635 663 587 END
START -3876 5560 -13552 3695 7099 -265 609 633 643 670 592 END
START -5124 5288 -12924 3599 9158 -692 613 647 649 677 598 END
START -6120 4440 -13352 3909 8756 -735 615 657 654 682 602 END
START -6060 5076 -13924 4531 6895 -799 618 665 659 686 608 END
START -5464 4360 -14292 5441 4684 -1009 623 670 663 690 612 END
START -4864 3916 -13188 6038 3311 -1232 626 673 665 692 615 END
START -4752 4504 -13308 6309 3451 -1339 628 675 666 694 617 END
START -4272 3696 -14764 6296 4078 -1480 631 676 668 695 619 END
START -4536 4468 -16536 6620 4181 -1806 630 676 670 696 620 END
START -7836 3916 -16176 6452 4014 -1615 633 678 670 697 621 END
START -7692 4576 -16108 6057 2833 -1179 635 679 669 697 623 END
START -7328 3524 -17552 5390 2117 -958 636 680 671 699 626 END
START -1796 3644 -21952 4648 1733 -894 635 680 671 697 624 END
START -1552 4248 -22956 3528 2015 -709 635 680 672 698 624 END
START -6588 4512 -19312 2588 1155 -339 636 681 672 698 625 END
START -10600 5240 -15948 1811 303 -35 636 680 673 697 625 END
START -7632 4720 -18144 1231 172 197 636 680 672 697 626 END
START -6232 4820 -18708 659 -643 303 636 680 673 699 626 END
START -8272 4988 -16400 176 -686 314 636 680 673 699 626 END
START -7876 5100 -16096 -268 -1088 362 636 680 673 699 626 END
START -6820 4696 -16756 -660 -579 350 635 680 672 699 626 END
START -7664 4716 -15360 -979 -772 335 637 680 673 699 626 END
START -4932 4052 -16696 -1182 -371 267 637 680 673 699 626 END
START -2204 3496 -17820 -1347 -797 266 638 680 673 699 625 END
START -3368 3092 -17408 -1465 -955 151 640 680 673 699 627 END
START -3060 3080 -16948 -1448 -1295 82 637 680 673 700 626 END
START -5432 2932 -14840 -1479 -834 -50 637 680 673 699 627 END
START -4956 3052 -15080 -1438 -241 -5 637 680 673 699 627 END
START -6208 3204 -14052 -1322 -203 -196 618 679 672 699 626 END
START -3808 2940 -15748 -1031 -185 -149 637 679 673 699 627 END
START -5728 4164 -14644 -939 -678 -86 637 679 673 700 627 END
START -5168 3800 -15184 -727 -429 -113 638 679 673 699 628 END
START -5336 4452 -14732 -611 -197 -119 635 679 673 700 628 END
START -3512 4516 -16840 -454 370 -72 637 679 673 699 627 END
START -4300 4484 -16412 -306 -68 39 637 679 672 699 627 END
START -5160 4448 -15864 -250 -458 18 637 680 673 700 627 END
START -5616 4488 -15256 -267 -263 121 637 679 673 699 627 END
START -3660 4624 -17164 -288 390 73 638 678 673 699 627 END
START -4904 4536 -16352 -334 -142 82 636 678 672 699 627 END
START -5744 4580 -15692 -262 -409 49 638 678 674 698 625 END
START -6104 4580 -15232 -205 -680 167 637 678 672 699 628 END
START -3632 4652 -17560 -272 -184 104 637 677 672 698 627 END
START -4936 4500 -16568 -440 -140 193 634 677 672 697 627 END
START -2728 4444 -18360 -569 -19 108 636 678 673 699 628 END
START -3440 4604 -17512 -652 -290 227 636 677 672 698 627 END
START -3008 4944 -18440 -686 -379 250 635 677 673 699 620 END
START -2312 4528 -18500 -687 -662 433 636 677 672 698 627 END
START -3644 5068 -17248 -691 -610 428 636 677 672 698 627 END
START -2540 4692 -17848 -722 -462 415 636 674 672 698 626 END
START -5268 5388 -15916 -644 -259 366 634 676 672 697 627 END
START -4136 5020 -16864 -589 -663 423 635 676 672 697 627 END
START -5788 5640 -16032 -541 -1016 562 635 676 672 698 627 END
START -3720 5436 -17168 -580 -1070 537 636 676 672 699 626 END
START -4620 6164 -17476 -557 -260 599 636 676 673 698 627 END
START -2452 6128 -18720 -615 -326 629 633 677 672 699 627 END
START -2460 5656 -18372 -797 -765 531 635 675 672 700 627 END
START -3264 6028 -20340 -668 -3527 1008 634 675 672 698 627 END
START -5100 5824 -15420 -1144 -7311 1453 635 674 672 697 627 END
START -2864 6024 -16884 -1291 -9001 1595 634 675 672 698 626 END
START -5520 4560 -16296 -1718 -11372 1266 633 674 671 698 626 END
START -8900 4472 -14548 -1958 -13632 1298 633 673 671 697 624 END
START -8692 4360 -14412 -1664 -18530 1733 633 671 670 696 623 END
START -12492 4816 -12984 -1465 -25249 2414 631 666 669 694 622 END
START -11404 3712 -14752 -1330 -32768 3507 630 662 666 691 620 END
START -9748 2932 -17116 -1147 -32768 4555 626 652 663 690 620 END
START -15660 3568 -15088 -993 -32768 5862 624 644 660 689 619 END
START -17360 3648 -16340 -48 -32768 6522 622 639 659 688 618 END