START -5908 4736 14192 -188 3037 -2734 560 520 552 601 583 END
START -6980 4660 14308 -218 2716 -2503 562 514 551 596 586 END
START -8772 4556 14080 -231 508 -1669 562 507 550 599 587 END
START -9284 4572 14112 -318 -2809 -913 559 503 556 601 586 END
START -7360 4396 13144 -402 -5268 -153 562 503 549 599 585 END
START -5732 4472 13208 -270 -5751 416 562 504 550 599 586 END
START -5280 4704 13664 -105 -5773 974 563 513 554 602 587 END
START -3628 5364 14148 -184 -5064 1357 565 509 550 602 585 END
START -4840 5040 14660 -121 -4487 1635 562 513 553 605 585 END
START -5932 5676 15124 788 -4950 1930 566 517 555 610 585 END
START -7932 5000 16204 1830 -8722 1792 565 523 558 614 585 END
START -6012 4856 17076 2718 -12906 1580 566 526 559 620 585 END
START -1596 5148 17216 4082 -13424 1297 565 532 564 624 586 END
START 504 5400 16628 5117 -10106 768 567 533 567 628 586 END
START -540 5876 16812 6453 -5729 276 574 541 567 631 589 END
START -2260 5892 16736 7769 -3292 -70 569 542 572 635 591 END
START -2300 5296 16124 9245 -2819 -879 567 546 574 637 587 END
START -880 6672 14868 10950 -1648 -1181 565 554 580 641 590 END
START -3000 8300 16188 11811 -970 -740 567 558 581 645 588 END
START -4264 6416 15972 12360 -1925 -1008 570 563 581 644 589 END
START -2632 7136 14312 13915 -2085 -1425 568 565 585 647 590 END
START -1920 8216 13808 13005 -3479 -1597 570 567 588 648 588 END
START 3584 5924 8708 13411 1427 -3601 572 574 589 650 590 END
START 3340 8228 9232 12211 9411 -4315 574 581 592 653 592 END
START 2200 4824 6712 12387 17608 -6125 576 587 592 653 591 END
START -4532 8860 11060 11325 19545 -5423 576 587 595 653 591 END
START -3716 6652 8568 11409 16735 -7083 577 587 593 655 590 END
START -1112 6476 8364 9444 16104 -8737 580 592 595 655 591 END
START 3536 8796 5056 9028 26651 -10140 583 593 597 655 590 END
START 3132 3828 304 8062 32767 -11883 585 599 598 656 591 END
START -1404 6912 2216 6790 32767 -11528 591 603 601 661 589 END
START -4016 8336 256 6577 32767 -11832 592 596 601 657 590 END
START -7128 4208 -908 6138 32767 -12848 592 600 601 657 587 END
START -11652 3552 1868 5811 32767 -12784 593 602 599 657 587 END
START -11328 6468 2060 6543 32767 -13284 596 600 599 656 585 END
START -8488 7088 -36 7865 32767 -13124 607 600 599 657 588 END
START -4924 3664 -5800 8893 32767 -13377 603 599 600 657 587 END
START -7832 1744 -10600 8811 32767 -12247 607 603 602 657 586 END
START -14868 1036 -10516 8764 32767 -10709 609 598 600 657 587 END
START -17164 1752 -8952 9586 32767 -9626 608 597 599 655 590 END
START -15384 3948 -8448 10752 32767 -8546 609 600 599 655 589 END
START -15916 3920 -10656 11549 32767 -6738 614 597 606 654 589 END
START -16636 3644 -12180 12043 32767 -5452 614 598 600 654 589 END
START -15772 5444 -12188 12567 24756 -4992 616 600 601 653 590 END
START -11972 5220 -11328 13047 18160 -4740 615 600 598 655 587 END
START -10768 4648 -12792 13076 15553 -3875 619 600 600 656 591 END
START -9224 3440 -15076 12718 15651 -3830 617 598 608 654 592 END
START -8732 3896 -17632 11665 16761 -3830 619 595 603 655 592 END
START -10640 3008 -17252 10751 15205 -3011 618 598 602 654 592 END
START -11928 2032 -16396 9764 10794 -1602 618 598 603 656 592 END
START -8780 2576 -18148 8957 6824 -930 616 597 603 655 593 END
START -7844 3204 -18492 7739 6304 -606 615 592 603 657 592 END
START -7872 3420 -19452 6527 6426 -425 611 597 604 655 601 END
START -6240 3888 -19472 5239 6388 -390 612 597 604 654 594 END
START -7468 4124 -19792 4214 5460 -201 613 593 602 655 592 END
START -6052 3832 -20484 3286 4359 -388 612 596 607 655 598 END
START -5108 3444 -21172 2378 3460 -573 610 595 606 656 595 END
START -5036 3204 -20788 1485 3741 -744 611 598 608 656 595 END
START -4956 -272 -22116 872 4165 -792 608 592 606 658 596 END
START -6244 880 -20288 369 2146 -593 607 595 607 657 595 END
START -7024 -1920 -20736 -46 -468 -412 606 595 608 657 596 END
START -6148 -1892 -19972 -299 -1931 -313 610 604 608 657 594 END
START -5088 -2220 -19688 -499 -1165 -229 607 597 608 655 595 END
START -4860 -2444 -19780 -813 766 -344 608 597 607 658 595 END
START -5836 -2544 -19824 -1000 963 -373 617 599 613 656 597 END
START -6340 -2464 -19152 -1042 -91 -177 608 604 608 657 596 END
START -5472 -2528 -19592 -1061 -1181 -92 609 600 607 657 596 END
START -4420 -2464 -19492 -1142 -1155 -88 608 600 608 660 596 END
START -2788 272 -19884 -1263 -69 75 607 601 609 658 595 END
START -4528 -1852 -19744 -1330 -141 -377 609 598 607 658 595 END