START -15660 5652 5724 31 711 3835 553 482 509 547 571 END
START -15448 5148 5492 473 1154 4321 559 482 511 548 572 END
START -14036 4960 4836 1972 3210 5347 550 483 510 546 572 END
START -13252 5604 4692 3417 6044 6469 549 484 512 545 571 END
START -13984 6044 4668 4598 8953 7430 548 484 509 546 568 END
START -14364 6776 4212 5459 11478 8198 545 488 512 546 573 END
START -14872 7604 3932 6038 13553 9034 545 483 516 544 572 END
START -13524 7116 1604 6652 16551 9283 547 498 518 548 572 END
START -13744 7780 704 6938 19716 10094 547 502 521 551 571 END
START -14196 8400 136 7398 22139 10746 548 504 529 549 573 END
START -15340 9308 -284 7398 22820 11309 551 511 531 566 573 END
START -15360 9004 -944 6689 21261 11416 550 517 538 564 574 END
START -13428 8712 -2076 6489 21013 11222 552 520 527 568 575 END
START -11916 8888 -3192 5969 22179 10944 560 527 554 574 577 END
START -10984 8056 -3864 5072 23460 9518 560 537 550 579 577 END
START -8592 7152 -6308 4513 25590 7911 563 545 553 589 578 END
START -7348 9860 -6928 4248 28090 6847 570 552 555 593 580 END
START -9312 9488 -5368 2886 29486 6535 569 557 560 600 580 END
START -10308 6548 -7448 2949 29510 4835 572 562 563 605 580 END
START -11604 9028 -5636 3165 27960 4370 575 563 566 609 582 END
START -9756 4824 -8232 3976 26434 2438 577 566 571 614 581 END
START -10660 9696 -7500 4203 24718 2688 580 566 574 619 581 END
START -9960 5296 -7948 5235 22001 1373 585 569 575 620 581 END
START -11684 6900 -6028 5448 18387 2376 585 570 585 622 583 END
START -8952 7776 -8996 7190 16044 1523 586 573 576 622 584 END
START -7600 3592 -10404 7811 13682 128 589 566 579 626 581 END
START -8456 6596 -10276 7869 14053 259 589 576 582 629 584 END
START -5824 8472 -12648 8589 16412 -602 590 574 583 628 587 END
START -6024 4072 -12832 9243 17532 -1110 589 581 584 629 584 END
START -7932 2088 -11788 9520 16366 -990 589 575 585 627 584 END
START -8840 5228 -11028 9500 14459 -131 587 577 584 628 583 END
START -9152 8076 -12588 10293 12379 -154 588 575 586 628 584 END
START -6468 8572 -15280 10385 11407 -3 588 585 587 628 585 END
START -5080 5648 -16160 10880 9943 -251 585 579 587 628 585 END
START -4788 2932 -15364 11132 8455 -653 585 577 589 629 588 END
START -6480 1124 -14148 11718 6052 -948 586 581 587 627 585 END
START -5636 1396 -14564 11804 5051 -965 587 580 589 630 584 END
START -6160 2268 -14724 11505 5096 -975 586 590 587 629 586 END
START -6232 3696 -14788 11172 5049 -746 591 580 583 628 582 END
START -6640 4648 -14008 11290 4050 -566 585 583 589 628 585 END
START -4816 5592 -14216 11534 3022 -601 589 586 587 630 585 END
START -3496 5504 -15800 11755 3126 -1016 590 588 593 628 586 END
START -3784 4972 -17152 11631 3503 -1592 589 587 593 631 586 END
START -3568 4612 -17840 11265 3547 -1742 588 586 598 633 586 END
START -3488 3880 -19028 10491 5157 -1743 588 593 597 632 589 END
START -4536 3460 -18176 9546 6362 -1697 589 591 599 632 587 END
START -4436 3268 -18608 8802 5342 -1542 589 596 599 634 589 END
START -3848 3232 -19084 8127 3359 -1421 590 595 601 636 587 END
START -4712 2680 -19964 6985 2644 -1418 586 598 599 637 583 END
START -3368 2696 -21444 5519 2869 -1193 591 597 601 637 586 END
START -2752 2500 -21524 4014 2789 -969 591 598 603 637 587 END
START -4236 2756 -20496 2730 1438 -833 591 597 601 637 586 END
START -3376 2288 -20568 1821 669 -978 590 600 603 637 589 END
START -2984 888 -21880 926 -247 -1040 589 598 603 638 589 END
START -2864 604 -21860 384 -702 -1215 591 595 603 636 589 END
START -4068 -2036 -21560 -177 -812 -1371 592 598 603 637 589 END
START -4312 -2316 -20572 -513 -555 -1255 598 597 606 637 588 END
START -3524 -716 -20616 -685 -528 -1027 591 600 602 637 589 END
START -3128 -1212 -20636 -801 -312 -947 590 598 603 637 588 END
START -3720 -1620 -20516 -898 -672 -764 588 600 603 639 590 END
START -3644 -2092 -20196 -953 -1081 -496 592 599 604 638 591 END
START -3224 -2128 -20020 -951 -1018 -139 591 598 603 638 587 END
START -3068 -2332 -20252 -939 -628 43 591 599 603 639 590 END
START -2712 -2324 -20132 -990 -390 -123 589 599 598 637 588 END
START -2544 -2144 -20184 -1041 69 -108 588 599 600 638 588 END
START -2568 -1596 -20040 -1044 -10 -160 593 597 603 637 589 END
START -2332 -804 -20316 -1113 -256 -24 593 599 604 639 589 END
START -3048 -2784 -19856 -1064 -500 -79 594 598 608 638 595 END
START -3020 -2376 -19884 -1037 -419 -69 592 599 602 638 591 END
START -2920 -2056 -19668 -997 -314 -69 595 597 606 636 590 END