START -8492 9744 -10348 9715 10569 -96 580 573 561 606 567 END
START -8468 9688 -10572 9661 10621 -180 584 571 563 606 570 END
START -7592 9444 -10320 9747 10582 -426 583 575 563 607 570 END
START -8276 9376 -9828 9839 9898 -482 584 580 566 607 571 END
START -8232 9328 -10372 9884 8337 -695 583 578 568 608 572 END
START -7712 9020 -12012 9758 7773 -945 580 582 568 606 570 END
START -7564 9268 -12692 9436 7663 -1312 583 579 573 608 570 END
START -7464 8940 -12776 9008 7128 -1451 584 586 575 610 571 END
START -7016 8576 -12328 8859 6106 -1873 583 589 578 611 573 END
START -6920 7908 -12964 8638 5657 -2333 586 594 580 613 571 END
START -7244 7684 -13884 8211 5711 -2647 587 593 582 615 572 END
START -7748 7696 -14052 7743 5521 -2955 583 600 584 614 574 END
START -8120 7288 -13808 7337 5145 -2997 586 599 588 617 573 END
START -7696 6636 -14452 7060 4604 -3177 584 602 588 617 574 END
START -7868 5880 -15604 6733 4144 -3418 589 602 590 618 572 END
START -8052 6384 -15752 6213 3876 -3359 574 607 590 619 578 END
START -7720 8332 -16064 5284 3037 -2930 585 609 592 619 573 END
START -8688 5992 -15808 4599 2058 -2841 586 608 592 619 577 END
START -8304 5860 -16500 4110 1935 -2851 582 609 593 621 578 END
START -8764 7660 -15692 3186 2011 -2155 586 609 598 622 579 END
START -8440 4692 -17432 2745 1714 -2445 584 611 597 622 577 END
START -9164 7800 -15716 1761 1094 -1491 588 611 598 622 578 END
START -8816 4856 -17336 1461 175 -1591 586 614 600 625 577 END
START -9640 6172 -15348 541 -924 -774 587 611 599 624 578 END
START -7828 6164 -16836 443 -880 -517 580 611 597 623 576 END
START -9512 5172 -14964 -229 -1639 -374 586 610 599 624 579 END
START -7952 8244 -14664 -525 -1020 412 585 613 599 623 578 END
START -7680 5040 -16376 -399 -744 124 585 613 598 625 579 END
START -9084 3724 -14792 -818 -1425 28 586 610 600 626 578 END
START -8004 7852 -13924 -1034 -972 835 584 613 599 623 579 END
START -7036 6848 -15264 -705 -693 738 587 611 599 624 579 END
START -7840 2992 -15584 -661 -1068 143 588 613 598 624 577 END
START -8856 4256 -13992 -995 -850 338 586 614 603 623 580 END
START -8600 6620 -12600 -976 -634 899 588 623 601 624 580 END
START -6312 7080 -14772 -638 19 868 589 613 601 626 579 END
START -6592 3696 -17100 -519 176 108 585 611 603 623 581 END
START -9108 3040 -14624 -741 -884 -34 587 611 600 622 579 END
START -8268 4312 -13168 -883 -1298 320 587 611 600 626 579 END
START -8252 6092 -12488 -882 -653 545 586 613 599 625 582 END
START -6580 7772 -14436 -732 54 594 587 620 601 624 579 END
START -6208 5884 -16188 -505 95 58 588 612 600 625 579 END
START -6976 3112 -16620 -558 -397 -602 587 611 600 624 577 END
START -7920 2612 -15880 -659 -397 -769 587 612 601 624 580 END
START -8516 3280 -14032 -702 -425 -674 587 610 600 623 580 END
START -9088 3996 -13216 -756 -618 -448 584 612 593 625 580 END
START -8816 4544 -13068 -759 -174 -245 588 613 600 625 580 END
START -8892 5252 -12656 -756 239 -68 590 610 602 625 578 END
START -8124 7652 -12800 -691 433 156 592 609 600 626 581 END
START -7144 8424 -14372 -590 1005 201 590 610 601 626 580 END
START -7584 8236 -14352 -520 1100 141 592 611 605 626 580 END
START -6172 6992 -16348 -400 625 -25 593 613 607 625 581 END
START -6920 4936 -17596 -433 192 -299 588 611 599 624 580 END
START -7492 4876 -17364 -454 -279 -431 586 613 600 621 580 END
START -7068 2652 -16972 -568 -179 -433 588 609 601 625 581 END
START -7280 2540 -16416 -600 -74 -425 592 610 600 627 578 END
START -7684 2636 -16300 -709 -395 -502 591 611 599 625 572 END
START -8472 2724 -14936 -838 -334 -398 588 610 600 625 581 END
START -8904 2820 -14500 -902 -471 -377 589 609 600 626 580 END
START -8872 2700 -14828 -924 -894 -276 589 606 599 620 581 END
START -8564 2780 -14692 -999 -882 -202 588 609 601 625 579 END
START -9032 4280 -12956 -1016 -871 -112 588 609 603 624 580 END
START -9280 4032 -12840 -1037 -755 -148 588 609 602 624 581 END
START -8636 2680 -14620 -978 -878 -268 589 610 598 625 582 END
START -9176 3944 -13144 -1030 -1001 -206 588 610 598 624 580 END
START -8820 2492 -14668 -962 -1212 -310 589 608 600 625 581 END
START -8396 2368 -14960 -919 -1152 -311 588 609 600 624 575 END
START -8284 2232 -14884 -899 -870 -328 588 609 599 624 582 END
START -8872 3732 -13320 -875 -803 -186 584 609 599 624 581 END
START -9108 3588 -13156 -846 -1038 -74 589 608 600 627 581 END
START -9040 3528 -13128 -832 -1280 10 588 607 599 625 580 END