START -14648 4744 12300 -2099 583 -703 504 466 499 552 556 END
START -14496 4776 12116 -1609 565 -385 502 466 499 550 554 END
START -13808 5156 11152 -587 1109 1183 505 464 500 550 554 END
START -14700 5072 11288 663 1118 2557 500 466 502 551 555 END
START -14428 4988 10716 1904 1006 4044 505 468 503 552 555 END
START -14064 4928 10488 3323 960 5334 504 472 500 548 555 END
START -13164 4920 10540 4460 1220 6331 513 468 503 552 556 END
START -10820 4816 10276 6142 3118 7324 510 470 500 551 556 END
START -9724 4080 9500 7697 6503 8153 506 473 499 550 559 END
START -9732 4308 8924 8523 10525 9065 508 475 496 546 565 END
START -9892 5540 8392 9720 14889 9357 509 477 500 542 558 END
START -10980 6044 7628 10624 18115 9677 511 480 501 538 557 END
START -12280 6404 6392 10692 19539 9842 513 485 504 533 558 END
START -11868 6060 4120 10860 21433 9453 518 488 510 527 560 END
START -10880 5964 1664 11610 24101 8599 518 488 515 521 558 END
START -10820 8600 1868 11705 26558 8594 518 497 519 531 555 END
START -12244 7204 1740 10427 28321 8639 523 503 519 534 559 END
START -12892 7500 -2100 10653 29788 8414 529 507 522 542 558 END
START -15604 10036 724 8991 27201 8721 537 512 526 554 561 END
START -13256 6612 -3428 9151 24578 7804 541 519 528 561 562 END
START -13084 9844 -1376 8346 22753 8500 548 521 533 566 560 END
START -10796 7400 -5424 8880 21982 7584 556 528 537 573 566 END
START -12944 7732 -2908 7894 20003 8071 562 531 543 580 564 END
START -10848 10756 -4544 8584 18930 7594 564 536 541 585 568 END
START -8020 7760 -6388 8424 17859 6146 570 539 546 591 568 END
START -9832 8576 -4192 7928 18037 6355 568 540 551 595 566 END
START -9180 11756 -5652 8186 19981 5998 566 541 552 599 567 END
START -7872 7676 -6704 9076 20121 4575 572 545 559 602 565 END
START -8612 5256 -5944 9091 19389 4232 570 544 554 605 569 END
START -11452 8116 -5160 8986 18456 5080 565 544 553 606 568 END
START -12000 10884 -6940 9578 14719 4941 566 540 551 606 581 END
START -10192 10824 -9936 10401 9476 4438 566 541 554 606 572 END
START -7344 8636 -10748 10957 5890 3276 566 540 553 609 571 END
START -5852 5724 -10928 11215 4635 2218 564 539 548 610 572 END
START -5060 5732 -11200 10692 5701 1280 564 544 555 612 575 END
START -7244 5840 -10388 10799 7315 231 565 543 555 612 574 END
START -7744 7704 -9960 10580 7721 114 562 543 559 612 574 END
START -7764 10960 -10812 10667 7281 -80 564 553 560 614 575 END
START -8544 8976 -9928 11074 6810 -427 564 551 559 615 575 END
START -6428 10188 -12400 11572 5433 -998 562 552 558 614 577 END
START -6236 10056 -12332 11973 4621 -1452 568 554 560 617 579 END
START -5344 10484 -12488 11557 4623 -1146 569 556 566 619 579 END
START -6760 8980 -12216 12466 3924 -1812 565 557 565 618 577 END
START -7092 8556 -12348 12805 3432 -2126 567 570 571 620 579 END
START -6876 8084 -13912 13035 2378 -2361 568 565 575 620 584 END
START -6548 7944 -15360 12647 3097 -2695 567 568 574 623 582 END
START -7048 6076 -14992 11776 4249 -2301 567 570 578 626 582 END
START -7760 6212 -14268 11849 3868 -2525 562 573 580 626 584 END
START -7452 6264 -15208 11248 4145 -2323 569 579 586 627 583 END
START -8204 3200 -15632 11020 4655 -2630 571 579 590 630 582 END
START -8392 2912 -17660 9727 4829 -2516 578 583 591 632 584 END
START -9704 2456 -18220 8396 3555 -2225 572 588 594 634 586 END
START -9772 1932 -17328 7157 2222 -1912 570 589 596 636 584 END
START -8772 1348 -17680 5914 1724 -1683 568 592 598 634 585 END
START -9280 664 -18540 4729 1620 -1825 572 594 601 637 597 END
START -9368 368 -18388 3380 1877 -1689 572 594 601 637 588 END
START -9532 220 -18052 2262 1329 -1499 573 592 603 641 587 END
START -8848 2208 -16748 1379 727 -1260 563 594 603 639 587 END
START -9476 1844 -16324 656 -168 -1035 575 593 604 640 588 END
START -9016 1260 -16644 135 -957 -821 575 599 599 640 589 END
START -7868 2772 -16184 -336 -855 -484 573 597 604 642 592 END
START -8208 1816 -15884 -741 -354 -380 574 597 604 641 590 END
START -8876 1044 -15720 -980 -524 -207 572 592 604 638 588 END
START -8724 632 -15476 -1174 -1018 38 571 597 601 641 597 END
START -7756 2316 -15060 -1344 -984 405 574 596 605 640 590 END
START -8084 1756 -15076 -1563 -816 505 574 597 603 639 590 END
START -8108 716 -15040 -1790 -808 533 581 597 609 640 592 END
START -7164 2168 -14996 -1896 -720 692 573 598 605 641 591 END
START -7400 1464 -14696 -1892 -980 752 574 596 602 640 589 END
START -7740 1304 -14300 -1927 -968 839 566 596 603 641 590 END