START -9060 4656 11820 4033 10015 4034 514 486 508 546 559 END
START -9276 4544 11832 4346 10267 4355 515 490 513 545 563 END
START -9464 5156 11520 5124 11454 5036 515 491 514 548 562 END
START -9324 5484 11316 5406 13345 5540 504 490 515 547 562 END
START -9652 5624 10768 5423 16111 5930 515 491 517 548 562 END
START -10528 5728 9616 5446 18145 6424 515 492 519 547 564 END
START -10932 6176 8692 5684 19471 7587 516 495 518 553 562 END
START -10632 5868 6944 6472 21696 8195 513 495 522 551 562 END
START -11712 6528 6424 6624 24094 8910 515 497 512 551 559 END
START -12012 7544 6128 6976 26082 9109 511 496 520 552 563 END
START -12244 8444 4712 7571 28124 9019 512 500 524 555 564 END
START -13424 8764 3856 7622 28850 9336 514 502 526 555 566 END
START -12724 9116 1928 7253 28875 9376 514 507 529 557 566 END
START -13116 9204 404 7098 28782 9709 519 510 531 562 566 END
START -13968 8704 188 6880 28245 9342 517 515 536 563 566 END
START -13752 7828 -1200 6186 27348 8802 519 521 539 569 568 END
START -12808 10208 -1384 6088 26541 8463 526 526 544 578 570 END
START -13160 10680 -624 4769 24446 8611 537 536 552 588 572 END
START -12228 8844 -4648 4952 23926 7354 534 545 561 599 576 END
START -14320 12920 -380 4540 20328 7939 536 555 569 610 577 END
START -11884 9136 -4668 4825 17931 7100 540 563 577 616 578 END
START -12448 9732 -2456 4194 14893 7576 545 570 583 624 583 END
START -9720 12576 -4652 5064 14818 6869 548 573 591 632 580 END
START -8960 8260 -5456 4741 13621 6008 556 579 597 641 589 END
START -9984 13140 -2260 4398 15430 6244 562 587 605 649 587 END
START -10828 10412 -5992 4996 15810 5822 563 586 610 651 590 END
START -11012 7204 -6912 5122 11378 4586 567 593 613 657 593 END
START -11088 8212 -5392 5083 8420 5080 571 593 618 659 593 END
START -9064 12812 -6564 5371 8406 5079 568 595 621 660 595 END
START -5504 10384 -8704 6264 9490 3303 571 597 624 662 595 END
START -5516 6956 -8332 6624 11887 2200 573 598 628 664 590 END
START -9196 6284 -6472 6770 11826 2125 574 597 626 666 598 END
START -10032 10760 -6384 7048 9887 2329 576 597 630 664 597 END
START -8752 12244 -8148 7566 7821 2127 573 598 628 664 599 END
START -5856 12172 -9408 8311 9290 1326 575 596 627 665 598 END
START -6240 9304 -9476 8929 11978 878 575 599 627 665 597 END
START -8708 5880 -9768 9585 10701 318 577 599 630 667 600 END
START -9340 4792 -11072 9826 6746 414 577 600 631 667 599 END
START -9276 5600 -10108 9521 5272 991 577 603 635 666 600 END
START -8748 7028 -9284 9937 4840 867 577 599 631 666 599 END
START -8224 10548 -8636 10214 6586 1292 577 600 631 665 599 END
START -7300 10788 -8668 10788 7189 1205 578 599 632 666 602 END
START -8260 10620 -9292 11473 6678 1050 584 602 635 667 600 END
START -8736 10956 -10844 11812 4679 1064 579 602 631 666 601 END
START -7996 9012 -11740 11851 2911 865 578 598 632 666 601 END
START -5456 10892 -12740 11848 3811 644 578 608 634 664 601 END
START -6844 9904 -11632 12062 5177 405 572 600 632 664 601 END
START -7108 9108 -11056 12547 4603 203 578 599 635 664 601 END
START -6508 8784 -12612 12670 3814 30 580 602 632 667 602 END
START -5124 9516 -15776 12727 3219 -675 578 600 633 664 601 END
START -5380 8868 -16876 11984 4204 -817 577 600 635 664 603 END
START -5168 8592 -15468 11410 6288 -991 568 601 632 663 602 END
START -5756 7588 -13972 11349 7684 -1188 576 601 632 665 602 END
START -6120 5300 -14328 10908 6315 -1029 578 602 634 665 603 END
START -7000 3492 -14996 10814 3991 -1583 581 605 633 663 601 END
START -7072 2828 -17588 10029 1962 -1601 578 605 636 663 606 END
START -7064 -52 -19596 8917 1715 -1510 576 606 636 664 604 END
START -6020 580 -18848 7672 3444 -1600 577 604 635 666 603 END
START -6960 416 -17376 6408 4258 -1264 576 606 636 663 603 END
START -7996 -328 -17628 5869 2507 -1258 578 607 635 664 604 END
START -7532 -388 -19268 4979 -58 -883 580 607 636 663 603 END
START -8520 852 -17692 4049 -1221 -596 579 608 637 664 605 END
START -6700 632 -18408 3147 -341 -457 578 607 637 663 604 END
START -7440 92 -17996 2283 97 -311 578 607 634 668 606 END
START -6128 3816 -17084 1520 -89 151 572 605 636 661 604 END
START -6448 3120 -16664 906 -698 402 580 607 634 663 613 END
START -5636 4680 -16316 454 -807 575 581 607 636 663 605 END
START -4892 5416 -16812 159 -354 630 579 607 635 662 605 END
START -4352 4876 -18280 -29 46 636 578 607 633 661 604 END
START -3332 3316 -19752 -73 167 275 577 606 634 663 602 END