START -8108 6552 12056 10151 14269 9595 521 461 497 547 557 END
START -8220 7052 11824 10458 16221 9776 520 461 495 543 558 END
START -8640 8216 10384 10671 22094 9876 522 457 494 535 551 END
START -10224 8428 8216 10635 26730 10156 519 462 496 535 549 END
START -12016 9320 6648 10183 29135 10720 520 473 501 533 543 END
START -12968 9556 5204 9226 29243 11235 517 470 502 530 546 END
START -11864 9952 3296 8504 29576 11179 519 474 507 524 539 END
START -11652 9360 1748 7340 30462 10757 519 477 507 520 536 END
START -11324 9360 1304 5736 30833 10568 518 475 495 519 531 END
START -10772 9868 -20 4480 31600 11517 518 479 510 524 534 END
START -11200 9336 -1324 4062 32432 11380 518 479 515 533 537 END
START -11972 9028 -1988 3949 31707 10280 520 486 528 541 544 END
START -11516 8996 -2408 3390 29270 9322 525 491 522 549 538 END
START -10436 8620 -3500 3236 27298 8292 522 496 524 556 545 END
START -9920 10728 -4220 3034 26230 8091 523 508 528 565 549 END
START -11448 11112 -2660 2281 23389 7607 516 502 530 573 550 END
START -10300 7804 -4856 2416 20382 6164 528 505 534 581 553 END
START -9548 11016 -5132 3175 18970 5778 531 515 539 590 559 END
START -9904 8920 -3512 2835 16124 4764 532 516 540 595 561 END
START -6416 11004 -6880 3306 17130 4136 541 517 542 606 562 END
START -9768 8412 -4976 3119 16355 2630 536 519 546 605 565 END
START -8936 11732 -7000 3681 16782 1930 537 525 546 611 568 END
START -7268 7132 -8364 4042 14410 1110 540 524 552 616 570 END
START -10584 10320 -4872 4413 11728 1366 545 523 551 619 572 END
START -8240 11352 -7160 5447 10143 -18 545 530 554 626 572 END
START -5480 6828 -8884 5792 8588 -1319 548 531 555 627 573 END
START -7656 9272 -6432 5689 8213 -1457 549 538 555 630 574 END
START -5304 12196 -9520 6351 9375 -2393 552 545 559 635 575 END
START -5512 8268 -10192 6901 9418 -3648 554 540 567 635 577 END
START -7716 6424 -8736 7347 7960 -4360 559 544 561 637 578 END
START -8884 8532 -6968 7571 6629 -4143 563 545 570 639 582 END
START -9632 11348 -7644 8171 5553 -3760 560 549 569 641 579 END
START -7820 12200 -10244 8640 5225 -4214 562 547 571 639 579 END
START -6140 11104 -12848 8990 5225 -4677 563 549 569 640 574 END
START -6320 8580 -13412 9278 5165 -5167 565 553 571 643 579 END
START -5096 6484 -13684 9466 6483 -5803 565 552 573 641 571 END
START -7428 4784 -12976 9421 7840 -5578 567 558 572 640 580 END
START -8220 4484 -12764 9649 6711 -5180 568 558 577 640 585 END
START -9612 3968 -11948 9974 4666 -4681 569 558 578 640 581 END
START -9192 4380 -12736 10052 2437 -4027 567 560 579 642 582 END
START -9376 4452 -12748 10330 563 -3847 574 562 583 642 582 END
START -10020 4712 -12156 10314 -968 -3400 569 563 582 642 582 END
START -9284 4716 -12108 10407 -2127 -3460 572 565 584 642 582 END
START -6724 2728 -11620 10905 -1697 -3868 571 570 588 641 583 END
START -7124 1048 -12824 11692 -111 -3862 571 570 590 641 581 END
START -7028 620 -15312 12054 1365 -4335 569 578 594 642 583 END
START -7744 196 -16724 11651 3590 -4666 570 581 596 642 583 END
START -7660 88 -17028 11281 4389 -4701 572 582 600 643 583 END
START -7548 -448 -17820 10914 4868 -4590 572 589 602 644 586 END
START -7136 -972 -18172 10551 6255 -4743 569 593 606 645 586 END
START -7760 -1064 -17692 9909 7332 -4650 572 596 608 646 587 END
START -8544 -1780 -18920 9334 6263 -4523 574 607 610 650 587 END
START -8324 764 -21688 8280 4195 -4068 573 601 613 647 587 END
START -8452 1536 -22304 6814 1663 -3601 574 602 615 649 587 END
START -6724 1384 -22012 5590 236 -3254 571 602 616 648 587 END
START -8232 -1320 -21388 4387 212 -2950 573 603 613 650 587 END
START -7836 -468 -21740 3198 713 -2680 574 603 617 649 589 END
START -7600 576 -21360 2036 1087 -2290 576 600 614 649 588 END
START -8280 1360 -20888 1452 -196 -2116 574 604 616 649 589 END
START -7180 1984 -20592 857 -1324 -1583 575 606 614 647 590 END
START -6756 2396 -19560 324 -1668 -1207 576 595 615 646 587 END
START -6672 2676 -19052 -105 -910 -916 575 604 614 649 588 END
START -6468 3296 -18504 -412 -326 -716 577 602 615 649 587 END
START -6912 1788 -18720 -610 -300 -417 570 604 616 649 590 END
START -6632 2916 -18560 -736 -699 24 580 601 615 650 589 END
START -6528 1884 -18868 -638 -1243 153 577 601 614 650 588 END
START -5468 2960 -17916 -787 -1217 643 576 602 615 649 591 END
START -5772 3976 -16408 -813 -792 1046 577 601 614 647 590 END
START -7380 4308 -14532 -964 -192 1109 576 599 614 649 589 END
START -8276 3676 -13220 -999 38 1065 581 599 623 648 589 END