START -3984 6672 -16552 -787 -609 366 636 680 669 700 626 END
START -4012 6688 -16448 -865 -634 336 636 680 669 700 626 END
START -4088 6360 -16176 -918 -765 270 636 682 669 700 627 END
START -3852 6204 -15812 -971 -659 192 636 681 670 700 627 END
START -3904 5864 -15492 -1055 -393 75 636 679 669 700 627 END
START -4356 5616 -15388 -1048 -509 -112 637 681 670 700 628 END
START -4388 5776 -15736 -1030 -723 -145 636 680 669 700 627 END
START -4016 5472 -15736 -755 -729 -133 636 680 670 701 626 END
START -4252 5116 -15076 -630 -473 -137 637 679 669 701 626 END
START -5344 5376 -14196 -538 -214 -34 637 680 670 701 626 END
START -5064 6240 -13656 -359 -382 -13 637 679 670 701 627 END
START -5424 6060 -14644 -72 -383 66 637 679 670 700 629 END
START -4788 6604 -13852 9 154 290 637 676 670 701 628 END
START -3772 7552 -14344 172 657 662 638 671 671 700 627 END
START -2828 7572 -14996 468 350 1124 637 677 669 701 628 END
START -3704 7572 -13736 495 -222 1015 637 677 670 701 628 END
START -2996 8080 -18248 566 601 1155 637 678 670 701 628 END
START -6256 7304 -12800 265 -25 773 637 675 670 701 628 END
START -2192 8016 -16752 165 725 783 637 676 669 699 628 END
START -4844 7944 -14860 -260 -370 532 636 673 669 701 628 END
START -3044 8036 -21880 -607 -928 663 635 673 672 701 628 END
START -7636 7188 -15176 -1376 -3721 963 636 666 667 700 628 END
START -2692 5712 -20552 -2108 -6780 1143 634 644 662 700 626 END
START -4844 4868 -21640 -3124 -12705 1495 631 601 640 693 622 END
START -4900 5992 -18720 -4173 -18145 2004 627 558 598 675 616 END
START -1708 5952 -22272 -5768 -18392 2360 618 528 563 643 611 END
START -11752 5200 -20512 -7369 -21102 3384 604 502 533 611 606 END
START -15864 4676 -22564 -8168 -27236 6601 587 468 497 570 600 END
START -17568 1676 -26032 -8656 -32768 11414 572 433 450 517 592 END
START -30252 4140 -18132 -9456 -32768 18789 550 408 406 473 586 END
START -25696 4324 -24716 -12463 -32768 24522 523 389 382 435 596 END
START -14380 7244 -27396 -15082 -32768 28253 502 376 364 408 598 END
START -4536 8000 -26280 -19160 -32768 31300 489 367 352 399 603 END
START -7932 6768 -14064 -19449 -32768 31506 475 362 350 392 601 END
START -6244 5652 -5424 -19069 -32768 32767 463 361 345 389 603 END
START -1308 5860 -1428 -18544 -32602 32767 453 364 345 390 608 END
START -2624 4032 3480 -17099 -29672 32767 445 364 349 394 611 END
START -956 3828 3440 -11580 -32141 32767 441 363 352 396 614 END
START 10516 5480 944 -5897 -28790 28290 436 362 354 401 613 END
START 21232 10068 980 -3523 -19824 23654 435 361 357 402 614 END
START 17308 14408 4280 -2601 -8762 17696 433 364 356 405 616 END
START 12984 14152 1140 -1597 -3154 12293 435 368 360 407 617 END
START 7712 16756 8544 -595 -7423 7746 435 371 360 408 618 END
START 4876 15840 7372 418 -9847 4281 434 372 362 408 619 END
START 2716 15976 6944 670 -8961 2343 438 374 362 409 620 END
START 2012 14608 4868 1197 -6091 178 439 377 363 411 621 END
START -772 12816 2204 1533 -2390 -846 440 378 363 411 622 END
START -1224 14184 2760 1821 -693 -2002 440 377 366 406 622 END
START -3664 13652 3228 1496 1770 -2430 443 379 364 411 622 END
START -6232 12952 3064 838 1678 -2251 444 379 368 411 625 END
START -4444 11488 352 482 553 -1961 444 380 367 411 624 END
START -4808 11488 960 228 -447 -1790 446 380 367 412 624 END
START -3968 11460 2040 -77 69 -1986 448 380 368 412 624 END
START -2964 12304 1836 -521 985 -2197 447 381 368 412 621 END
START -5636 12700 3980 -1020 1914 -2441 447 379 366 414 625 END
START -4404 12540 2480 -1451 2547 -2659 449 381 368 417 625 END
START -4300 13616 1784 -1632 2719 -2762 448 383 368 415 626 END
START -5080 15232 2696 -1340 2372 -2501 449 383 370 414 626 END
START -5508 16580 3604 -1004 1166 -2155 449 382 368 415 626 END
START -2720 17168 -100 -921 1245 -1556 449 383 370 415 627 END
START -780 17600 3752 -794 1315 -1167 450 384 370 417 626 END
START -1892 16524 3820 -560 1102 -1097 453 383 371 415 627 END
START -2276 16212 3812 -476 1258 -1341 452 385 372 416 627 END
START -4108 17012 4812 -489 1658 -1193 452 386 372 417 626 END
START -3200 16532 4688 -531 1996 -1318 453 386 371 417 628 END
START -2060 14816 2292 -542 3375 -1456 454 387 374 418 625 END
START -2732 14028 2652 -622 4188 -2094 455 387 374 419 624 END
START -2224 12860 2776 -840 4719 -3063 458 388 376 420 623 END
START -1856 12872 3516 -850 4937 -4788 463 389 376 422 624 END
START -1492 11064 3316 -1094 6626 -6941 469 390 379 427 627 END