START -15400 7788 -80 -981 1941 -1051 548 494 514 564 557 END
START -15884 7716 36 -992 1797 -903 544 495 515 564 554 END
START -16264 7672 -252 -787 1549 -297 545 494 518 564 555 END
START -16168 7972 -912 -628 1264 288 545 494 518 564 556 END
START -15672 8304 -1468 -437 1584 896 546 495 519 564 550 END
START -15688 8436 -1448 -304 2312 1484 545 503 521 564 556 END
START -14280 8336 -1348 -196 4133 2332 549 503 521 564 558 END
START -13372 6904 -1716 15 7046 2815 550 510 520 566 553 END
START -12992 7236 -2092 769 10968 4009 552 515 526 569 555 END
START -14220 7672 -2368 1899 13647 4525 555 521 534 570 554 END
START -14220 7968 -2532 2536 14285 4920 558 527 539 574 555 END
START -15012 7120 -3016 2951 14186 5835 562 545 547 584 552 END
START -15860 7660 -2804 3760 12967 6612 565 556 553 595 560 END
START -14272 9120 -3512 4301 11298 6799 569 558 558 599 563 END
START -12788 10048 -2952 4500 11837 7320 573 574 563 606 563 END
START -13708 8856 -2112 4404 12041 7580 575 578 567 612 563 END
START -12308 6744 -3888 4914 12996 7351 571 581 572 614 565 END
START -11344 9428 -6052 4908 14356 7463 578 583 576 615 565 END
START -12548 8088 -6240 4407 14101 7014 580 591 581 621 567 END
START -10752 8188 -7708 4993 14354 6678 582 595 583 622 565 END
START -12052 7904 -5420 4561 12307 7428 578 603 589 626 567 END
START -10232 8712 -7524 5565 11681 6760 583 611 592 628 568 END
START -11860 5788 -4900 6000 9572 6509 584 614 597 630 568 END
START -9704 9232 -7676 6935 9274 6057 587 620 600 630 569 END
START -9768 4308 -6752 7698 7165 4893 589 623 603 634 569 END
START -9472 9044 -6408 8249 6612 5349 591 628 606 636 569 END
START -8148 7316 -10432 9077 5500 3836 590 633 607 642 574 END
START -9152 4532 -10224 8827 4418 3180 589 639 610 637 574 END
START -9040 9304 -9212 8688 5625 3300 596 639 615 638 576 END
START -7964 8620 -11580 9390 7163 2310 593 639 615 639 576 END
START -8304 4912 -13280 9443 6858 1243 594 645 617 641 568 END
START -10224 5388 -11216 8815 6648 1508 593 651 623 642 580 END
START -11032 8352 -11048 8364 5647 2074 598 648 627 643 578 END
START -8860 9592 -12636 8315 3899 2091 595 652 626 644 580 END
START -8116 7668 -14156 8443 2566 1592 600 654 627 645 581 END
START -7432 5152 -14732 8376 1258 687 596 654 628 647 585 END
START -9600 3476 -12244 8026 586 361 596 656 631 648 582 END
START -9452 4988 -12500 7521 409 403 599 660 633 649 585 END
START -8828 8744 -12692 7200 1965 607 597 659 632 650 582 END
START -6740 8748 -13664 7482 3829 175 600 660 635 652 586 END
START -7336 7564 -13320 7906 3765 -544 599 662 635 647 586 END
START -7568 5676 -14088 8366 2425 -1167 597 661 636 651 588 END
START -7240 4776 -15372 8556 121 -1578 597 662 636 651 588 END
START -8712 2556 -14560 8681 -1822 -1887 599 662 641 653 588 END
START -7132 1776 -15084 8914 -1174 -2018 606 666 635 654 589 END
START -7696 1324 -14740 8895 901 -2361 601 664 637 653 590 END
START -8232 1224 -15844 8666 1820 -2806 596 662 636 654 593 END
START -8736 1040 -16596 8170 2119 -2812 597 671 636 654 592 END
START -9052 692 -16256 7687 1781 -2798 598 664 637 647 592 END
START -9180 728 -16800 7032 1489 -2844 601 664 640 654 592 END
START -10104 1984 -15972 6148 1611 -2833 607 663 638 655 588 END
START -9496 536 -17632 5293 2201 -2814 601 664 638 653 591 END
START -10416 1692 -16872 4247 2783 -2588 599 664 638 653 593 END
START -10632 344 -18868 3180 2221 -2335 600 665 638 654 590 END
START -10988 512 -18464 2092 1189 -1860 600 662 637 656 593 END
START -10136 708 -18172 1081 329 -1384 600 664 638 654 593 END
START -11052 2064 -16520 146 -778 -898 599 664 637 654 595 END
START -10400 2536 -16076 -611 -1631 -563 602 664 635 654 593 END
START -10148 2776 -15724 -1223 -1928 -416 600 665 640 653 594 END
START -9772 1020 -15976 -1540 -1727 -523 601 667 638 655 594 END
START -9892 876 -15384 -1683 -1131 -423 589 665 638 654 593 END
START -9816 916 -14932 -1702 -752 -311 602 663 647 655 594 END
START -9568 708 -14772 -1626 -804 -174 602 663 638 655 594 END
START -9676 252 -14596 -1553 -860 -54 601 663 640 654 597 END
START -9736 1944 -13660 -1507 -1054 122 602 662 639 653 594 END
START -9512 1808 -13744 -1439 -953 172 601 664 640 656 592 END
START -9212 1360 -13464 -1382 -325 212 601 661 639 653 593 END
START -9312 936 -13868 -1306 287 116 602 663 639 655 594 END
START -9228 2952 -13188 -1371 417 271 602 665 640 651 596 END
START -9120 3048 -13388 -1326 355 512 611 664 639 655 595 END