START -7772 3796 13484 -2620 1640 -1231 522 470 519 569 557 END
START -8236 3884 13284 -2299 2329 -783 526 472 522 567 559 END
START -9340 3456 13336 -1368 3741 172 522 469 508 565 558 END
START -10980 3960 14088 -261 3308 633 526 473 520 567 556 END
START -10964 4156 14580 782 2144 1411 524 475 523 567 556 END
START -10064 3780 15016 1996 1637 1878 524 477 527 564 567 END
START -8360 4652 15536 3524 3202 2551 525 476 524 567 556 END
START -7096 3252 14716 4655 6332 3136 524 479 523 566 556 END
START -7384 3584 14408 6052 9961 4147 524 481 523 576 557 END
START -7276 4000 13232 8280 13928 4892 523 477 523 562 557 END
START -7684 4136 12236 10768 18369 5647 527 476 522 557 550 END
START -8048 4508 10648 13019 23037 6316 527 480 523 561 555 END
START -7716 5180 9064 14733 28263 7365 530 483 522 562 554 END
START -9424 6308 7260 15504 32767 8744 530 486 521 562 554 END
START -11712 6476 3896 14642 32767 8906 533 494 525 566 553 END
START -12872 5604 -328 14359 32767 8066 534 497 527 564 555 END
START -13484 9028 -1040 13379 32767 8579 538 504 533 569 554 END
START -14972 7236 -1128 10869 32767 9043 542 511 540 569 561 END
START -14660 10276 -2636 10047 32767 9226 541 518 537 573 559 END
START -14932 7600 -1216 7080 30957 8420 545 521 538 577 559 END
START -11964 10328 -3072 6963 30457 7204 551 522 542 579 559 END
START -10296 6332 -4496 5332 29952 6702 548 535 537 583 558 END
START -12916 10924 -3112 5055 28728 6136 557 545 548 590 560 END
START -8516 7080 -7668 4514 28023 5362 562 551 555 595 559 END
START -11844 7048 -4348 3652 25594 5393 563 563 558 600 563 END
START -12012 10988 -5364 4220 23711 4638 568 557 562 602 563 END
START -9156 6748 -7676 5031 20602 3107 568 565 571 603 566 END
START -9708 5220 -6036 4708 17496 2522 569 569 581 611 565 END
START -10828 9272 -5480 4931 16400 2722 570 574 575 613 568 END
START -9196 10628 -8152 5846 15503 1918 572 577 581 616 565 END
START -8040 7896 -9300 6779 14161 695 572 583 587 619 559 END
START -8992 5012 -7184 7236 11209 33 576 585 589 621 568 END
START -9144 6772 -6080 7766 9259 153 577 583 594 620 566 END
START -7924 10584 -7856 8792 8912 -603 580 596 598 624 570 END
START -6332 10128 -10932 9614 10123 -2126 579 599 600 627 572 END
START -6120 7328 -12492 10052 12490 -3114 580 599 601 632 572 END
START -6656 8024 -12588 10335 13901 -3625 580 602 602 631 573 END
START -7648 5500 -11988 10912 13984 -3900 585 605 610 632 574 END
START -8408 5792 -13108 11036 11916 -3649 586 607 611 635 576 END
START -7312 4644 -16208 11417 8987 -4161 585 608 613 636 578 END
START -6336 6060 -17504 11230 7792 -4458 591 613 616 639 579 END
START -5432 4428 -18176 11017 8375 -4691 587 615 615 640 579 END
START -5664 2744 -15712 10911 10550 -5205 586 614 621 642 581 END
START -5936 5092 -15484 11081 9945 -5325 587 619 620 642 584 END
START -6320 3816 -17332 11127 7557 -5522 598 622 624 648 585 END
START -5768 3420 -20356 10755 5712 -5279 591 623 627 650 585 END
START -5676 2272 -20784 10003 4971 -5055 592 626 628 651 585 END
START -4036 4272 -18984 9507 5257 -4892 591 626 629 653 587 END
START -4820 4428 -18756 9149 4841 -4851 592 629 631 654 590 END
START -5036 3124 -20188 8623 5400 -4785 594 630 631 658 590 END
START -5604 2812 -20872 7728 4929 -4255 593 630 632 655 591 END
START -6072 1800 -21056 6752 4200 -3698 596 632 635 658 591 END
START -6620 2216 -21468 5702 3051 -3141 592 635 637 658 593 END
START -5148 2088 -21700 4291 2930 -2268 593 632 633 659 594 END
START -6712 1164 -20216 3860 2332 -2024 592 630 638 659 595 END
START -6092 1192 -20872 2875 2049 -1524 594 637 636 661 596 END
START -6624 916 -21188 1947 1710 -1151 597 634 637 662 597 END
START -7096 1572 -20688 1110 884 -852 598 640 637 663 598 END
START -7456 -700 -21220 435 -142 -666 594 638 640 662 598 END
START -7832 -632 -19936 -80 -991 -608 590 638 634 661 598 END
START -6764 -1800 -18688 -471 -970 -620 596 637 638 664 598 END
START -6896 -1716 -18484 -682 -408 -561 594 638 637 662 599 END
START -7160 -1736 -18048 -787 -393 -538 597 636 640 663 594 END
START -6948 -1924 -18160 -847 -540 -501 595 637 640 662 600 END
START -6468 -2292 -18408 -876 -395 -449 595 638 639 664 599 END
START -6764 -2388 -18132 -845 -496 -314 595 636 637 663 600 END
START -6752 -2424 -17888 -864 -582 -181 595 636 638 665 600 END
START -6584 -2464 -18132 -854 -660 -143 596 636 638 662 602 END
START -6696 -3620 -18440 -704 -487 -130 599 638 640 661 599 END
START -6088 -2184 -18804 -788 -641 4 594 637 639 664 600 END