START -16004 7980 328 -1712 -1042 2082 548 499 509 547 538 END
START -15720 8068 372 -1708 -1092 2369 545 495 509 539 539 END
START -15156 7960 320 -1640 -885 3127 551 498 515 544 541 END
START -14040 7836 -8 -1283 331 3909 547 501 512 544 540 END
START -13352 7416 -272 -724 2364 4755 546 490 515 548 540 END
START -12612 6908 -648 10 4865 5357 549 508 518 548 545 END
START -11700 6504 -1684 1113 7704 5699 548 509 522 549 545 END
START -11352 5848 -1600 2003 11419 4886 553 518 521 552 546 END
START -11132 7832 -1152 2298 15121 5147 556 524 525 556 548 END
START -10900 8864 -1576 2724 18965 4644 555 540 529 561 549 END
START -12368 9404 -1512 2675 21423 3953 563 540 536 563 550 END
START -13244 8908 -2348 2695 21615 3286 567 566 538 573 552 END
START -12572 8712 -3992 3198 21193 2910 575 561 545 578 554 END
START -13352 9256 -4108 3273 20008 2946 579 573 550 584 555 END
START -13472 9684 -3244 3668 17587 3212 583 579 561 591 556 END
START -12676 7568 -3204 4076 16007 2968 587 587 561 597 557 END
START -10664 6844 -6420 4697 16239 2145 594 588 569 601 557 END
START -11356 9816 -6728 5108 17311 2685 591 594 569 605 558 END
START -12512 6840 -6696 5081 17093 2437 595 593 575 609 558 END
START -10628 8812 -8944 5703 17764 2421 593 598 578 612 560 END
START -11872 7336 -7132 5523 16704 2864 597 597 583 613 559 END
START -11000 8868 -9516 6277 16326 2624 597 606 582 616 554 END
START -12216 5928 -7284 6423 13899 2767 600 607 587 615 562 END
START -10720 9692 -8984 7150 12445 2865 597 612 587 622 562 END
START -8836 5340 -11108 6901 10596 2430 591 609 587 620 563 END
START -10628 7640 -8792 7154 10152 2453 597 615 593 622 565 END
START -9212 9004 -10816 7811 10784 2157 598 617 597 625 564 END
START -9116 4576 -12416 8050 9028 1244 599 619 595 625 563 END
START -10452 5332 -11260 7712 7821 1606 599 621 598 625 567 END
START -9764 9092 -12100 7647 7993 1873 598 621 601 625 565 END
START -7612 6172 -14492 7986 7394 1177 591 624 598 625 566 END
START -7752 3444 -13208 8211 5966 404 600 625 604 626 567 END
START -7876 4744 -11808 7846 5990 828 601 627 605 627 566 END
START -8220 8288 -12232 8054 6955 1001 597 630 609 628 566 END
START -7252 7092 -14196 8602 5976 273 600 632 607 629 569 END
START -7080 2408 -14760 9054 4018 -381 597 635 608 629 570 END
START -8468 1904 -14240 8880 2629 -279 598 635 607 630 569 END
START -8748 3200 -14356 8392 2615 268 598 638 612 631 571 END
START -7692 6704 -14160 7964 3291 612 600 641 613 633 571 END
START -5972 7048 -14932 7960 4313 328 600 642 614 635 574 END
START -6816 4148 -16616 8071 3980 -363 599 642 615 634 574 END
START -6224 2268 -18700 7784 2973 -916 601 635 617 632 572 END
START -7520 1012 -17824 7198 1606 -1176 599 646 617 635 571 END
START -8164 140 -16988 6613 974 -1311 599 646 622 636 575 END
START -8728 1844 -15976 5828 597 -1133 597 647 614 638 577 END
START -8188 3104 -15828 5032 850 -982 599 650 619 638 578 END
START -8736 3564 -15272 4488 1026 -736 596 650 625 639 579 END
START -7032 6296 -17248 3714 910 -761 587 649 621 638 580 END
START -7880 5672 -16988 3335 670 -863 601 648 626 640 582 END
START -6608 4560 -18900 2819 769 -1077 602 651 625 641 584 END
START -5496 4108 -19216 2127 1383 -1133 599 653 627 639 582 END
START -6388 3764 -18964 1442 1626 -974 599 649 629 642 583 END
START -6836 3512 -19164 924 718 -953 599 651 628 643 583 END
START -7696 1024 -19400 489 -465 -1094 600 651 628 645 583 END
START -7616 648 -18788 27 -1128 -919 598 652 630 642 585 END
START -7908 -220 -17816 -456 -1115 -748 597 650 630 647 587 END
START -8296 -108 -17632 -802 -727 -607 598 653 632 644 587 END
START -8368 -80 -17304 -1094 -836 -417 599 651 631 643 585 END
START -8316 -40 -16856 -1263 -1098 -198 598 649 630 644 585 END
START -8436 -340 -16868 -1320 -1351 -177 598 652 634 644 592 END
START -8024 -384 -16784 -1316 -1314 -175 598 652 630 644 586 END
START -7828 -408 -16464 -1248 -1171 -116 599 653 631 645 586 END
START -7844 -524 -16796 -1200 -954 -94 600 659 632 642 587 END
START -7744 -716 -16688 -1219 -1093 -35 598 653 631 645 587 END
START -7272 -668 -16484 -1111 -998 -59 598 652 631 644 586 END
START -7504 -588 -16612 -1141 -888 -110 603 651 632 646 585 END
START -6972 -764 -17076 -1188 -839 -110 592 652 629 644 585 END
START -6356 -748 -16900 -1055 -836 -130 599 652 631 644 585 END
START -7304 -652 -16708 -919 -621 -71 597 652 630 645 586 END
START -7500 -760 -16604 -896 -1254 -15 598 651 631 642 586 END