START -5492 5936 -14568 1569 12762 -957 568 488 503 541 511 END
START -5964 6044 -14424 1705 12230 -1065 572 493 511 551 519 END
START -6372 6120 -15900 1969 9551 -762 584 515 537 584 541 END
START -6636 6356 -16136 2622 5704 -532 596 544 567 617 556 END
START -4744 6704 -14700 2861 3046 -172 606 573 600 643 567 END
START -6104 5120 -13280 2888 1654 128 614 605 625 664 575 END
START -4096 6124 -12404 3852 -689 -118 621 633 642 677 580 END
START -4508 5840 -13644 4552 -1590 -322 626 653 651 684 586 END
START -3860 6812 -13940 5256 -1005 -456 630 666 657 689 592 END
START -3564 7036 -14672 5858 829 -289 634 673 662 693 596 END
START -5136 5824 -12256 6514 1178 74 637 676 664 695 600 END
START -5408 4944 -10892 7304 -127 43 638 679 667 696 603 END
START -6024 4544 -9772 8541 -1468 -428 639 680 668 697 606 END
START -2604 4084 -14532 7846 1956 -764 640 681 668 699 608 END
START -2284 3576 -18100 8875 5655 -1927 641 681 670 699 610 END
START -1852 2248 -20540 9111 6153 -1047 642 681 671 700 610 END
START -5000 2932 -17768 8683 2079 -84 643 681 672 701 613 END
START -8556 2448 -16688 7817 -1027 93 645 682 672 703 615 END
START -6992 2100 -19940 6349 -1517 -356 644 683 674 701 616 END
START -2396 2208 -24992 4285 -309 -305 647 682 673 701 618 END
START -7572 3016 -20360 2325 406 332 645 683 674 702 619 END
START -2088 3312 -23204 1077 -116 614 645 682 674 701 619 END
START -7432 4356 -18004 192 -1365 566 646 683 674 702 620 END
START -632 4736 -21164 -135 -1199 506 646 682 675 701 621 END
START -5840 5708 -16188 -660 -700 485 645 683 675 702 622 END
START -1864 6060 -18844 -816 -76 426 647 682 675 702 621 END
START -6024 6204 -14648 -749 -591 380 646 682 674 702 621 END
START -2212 5784 -17716 -535 -493 400 646 682 675 703 621 END
START -5528 5568 -15628 -501 -1075 459 646 682 675 702 622 END
START -1180 4808 -19372 -516 -706 401 648 682 675 703 624 END
START -3544 4572 -17704 -856 -815 507 647 682 675 703 623 END
START -768 3944 -19572 -1145 -471 543 647 682 675 703 622 END
START -2296 3976 -18804 -1446 -617 627 647 681 675 702 623 END
START -924 3288 -19380 -1666 -850 607 647 681 676 703 624 END
START -2996 3848 -17680 -1713 -1393 602 640 682 675 703 623 END
START -5492 4616 -15408 -1573 -1680 554 652 682 676 704 624 END
START -4928 5024 -15224 -1505 -1559 490 638 681 676 703 623 END
START -1668 5680 -18956 -1137 -672 414 651 681 675 701 624 END
START -304 5940 -19216 -865 -146 213 648 682 676 703 624 END
START -1064 5848 -19972 -636 723 90 647 681 674 703 625 END
START -3948 4872 -16760 -433 -158 128 648 681 678 703 624 END
START -1264 5720 -21288 -257 -38 286 650 681 676 703 622 END
START -2880 5052 -17456 -270 -337 267 648 681 675 703 624 END
START -316 5508 -22080 -326 -42 201 647 681 675 703 624 END
START -2028 5036 -18404 -381 -445 138 650 681 676 703 624 END
START -4676 6084 -17308 -291 40 133 648 681 676 704 625 END
START -5972 5180 -15608 -365 -754 113 649 682 676 703 626 END
START -4208 6100 -18332 -267 -788 220 649 681 676 705 625 END
START -5672 5220 -16064 -335 -821 182 648 682 676 703 625 END
START -3500 5972 -19136 -343 -373 265 650 680 676 703 625 END
START -5328 5308 -16548 -432 -811 216 649 681 676 703 625 END
START -1924 5776 -20796 -398 -248 167 650 682 676 703 625 END
START -4024 5148 -17212 -429 -264 267 649 681 676 703 625 END
START -1268 5704 -21528 -470 380 387 649 681 675 703 626 END
START -3104 5080 -17848 -453 -399 287 649 680 676 703 626 END
START -328 5276 -21300 -382 361 364 649 682 675 703 625 END
START -2032 5304 -18828 -409 -371 297 650 680 676 703 625 END
START -4016 5788 -18828 -445 -237 397 649 680 676 704 625 END
START -2236 5564 -19672 -576 -1379 538 648 681 675 703 626 END
START -2992 5512 -20880 -651 -1675 476 649 681 676 703 625 END
START -2860 5512 -20460 -637 -3908 1058 648 680 675 703 625 END
START -5144 5384 -16772 -1083 -6753 1342 649 680 675 703 625 END
START -6072 3424 -17816 -1093 -10628 2044 648 679 676 702 625 END
START -11864 3032 -17564 -1341 -22096 3346 648 668 674 701 624 END
START -12628 1532 -22520 -1544 -32768 6282 647 672 671 691 622 END
START -21876 512 -18904 -493 -32768 10653 643 664 667 692 617 END
START -31352 392 -17468 -869 -32768 14302 640 653 656 678 607 END
START -24448 -1884 -21200 1535 -32768 10600 634 638 639 660 597 END
START -11944 1372 -19972 4016 -32768 7651 626 611 619 642 587 END
START -5236 5700 -14208 3322 -32768 9979 612 574 596 622 579 END