START -7892 5936 10028 -8691 -4608 -1745 546 502 527 558 568 END
START -8108 6288 10452 -8930 -3672 -1875 548 500 527 556 569 END
START -8036 5068 10788 -8400 -1678 -1894 546 503 523 561 570 END
START -10756 4984 11724 -7195 -529 -1567 546 502 528 558 569 END
START -9144 4780 10004 -6161 215 -1383 548 504 529 558 568 END
START -10568 5096 10940 -4804 -364 -1128 555 504 527 559 568 END
START -11380 4612 11916 -3736 -1412 -739 548 505 526 559 569 END
START -11700 5648 14304 -2750 -2255 -999 549 496 523 560 567 END
START -9584 3692 11620 -3853 -2715 -2463 548 493 523 564 569 END
START -9832 2648 12856 -3035 -2369 -2521 548 491 528 563 570 END
START -8876 3624 11056 -2370 -1719 -2102 550 492 526 564 574 END
START -9168 3760 10864 -1391 -262 -869 550 489 523 565 567 END
START -9268 2440 10400 -704 2261 -329 548 489 523 562 566 END
START -10984 2044 10584 374 4180 480 550 488 522 565 564 END
START -11852 2668 10620 1432 4365 1123 550 491 526 565 566 END
START -12108 5524 12720 1874 3757 2319 551 494 528 556 567 END
START -12036 4924 13200 1730 3371 2977 550 496 529 563 568 END
START -9728 2972 11024 3021 5362 2724 551 497 530 566 567 END
START -8800 5936 13344 3236 8373 3597 546 499 526 564 567 END
START -9104 3036 11036 3276 11622 4352 551 496 530 569 567 END
START -9584 6196 11396 4672 15430 5113 547 504 533 566 569 END
START -10824 3548 9940 4469 17101 6077 547 506 529 564 567 END
START -10356 6896 10292 6318 19222 7095 546 504 531 563 567 END
START -9472 3092 6132 7163 22009 7528 543 506 533 565 565 END
START -10944 7152 8736 7438 24217 8689 544 521 534 568 565 END
START -9328 6420 3216 9237 27748 8608 541 507 537 567 568 END
START -11500 5292 2996 8764 28891 9366 543 509 537 571 566 END
START -12112 9992 4152 9892 30702 9968 540 515 535 573 566 END
START -10336 8664 -2204 11006 32767 9607 542 517 542 574 569 END
START -10608 6580 -4812 10653 32767 9493 543 522 542 576 571 END
START -12624 6880 -3832 10432 32767 10303 543 531 546 586 571 END
START -13768 9248 -3048 10514 32416 9881 544 527 549 578 570 END
START -13464 12056 -3396 10352 31485 9716 546 534 551 586 572 END
START -12104 12668 -6256 9757 30359 9050 548 543 553 590 574 END
START -12124 12660 -7680 8891 28406 8410 549 545 558 595 574 END
START -10684 10548 -10760 7778 26076 7622 550 548 559 600 576 END
START -8936 8280 -11404 6799 23792 6084 553 552 559 604 578 END
START -7724 6012 -11176 6638 22964 5052 555 553 560 611 578 END
START -7772 6656 -11916 5459 21910 4393 555 557 554 612 576 END
START -8812 5220 -10548 4846 20825 4025 558 558 564 614 582 END
START -9568 5172 -9796 4294 19697 3423 559 553 565 618 580 END
START -9756 7852 -8140 4095 19500 3297 566 560 570 622 590 END
START -12616 8932 -6524 4187 17646 3536 564 560 570 624 583 END
START -11300 9900 -7472 4309 14755 3630 568 563 572 629 583 END
START -10860 10156 -7980 4342 12290 3668 568 563 575 630 584 END
START -9500 10572 -9060 4256 9842 3435 568 567 577 633 582 END
START -8768 10496 -9512 4252 8191 3273 569 563 581 637 584 END
START -8548 10896 -9776 4270 7206 2988 569 566 577 638 585 END
START -8068 10780 -9756 4264 6253 2949 571 566 582 639 584 END
START -7292 12240 -9844 4399 5325 2934 569 565 587 639 586 END
START -6556 11792 -9888 4656 5173 2233 571 571 584 640 584 END
START -6152 11640 -10336 4887 5468 1656 571 568 586 639 585 END
START -5916 10820 -11312 5091 6128 1153 570 570 585 639 583 END
START -6632 9760 -11736 5012 6657 969 573 570 585 640 587 END
START -7328 8100 -12108 4914 6283 946 572 569 587 639 585 END
START -7296 9680 -11336 4897 4891 886 571 574 584 638 586 END
START -6940 8200 -11284 5044 3509 993 564 569 589 637 585 END
START -6816 9416 -10924 5217 2462 919 571 572 588 638 586 END
START -6112 8536 -12320 5402 2229 637 576 573 588 639 589 END
START -5968 10128 -13908 5032 2501 462 570 572 587 638 585 END
START -6052 9416 -14472 4574 2762 463 570 573 589 639 586 END
START -6704 10504 -14172 4167 2508 607 571 576 591 638 585 END
START -5848 9588 -13068 4245 1505 475 571 567 591 637 587 END
START -5396 7544 -12288 4395 1468 377 574 574 591 638 585 END
START -5648 8436 -12444 4668 1531 162 567 575 584 638 584 END
START -5800 6284 -13888 4749 1540 18 573 575 591 638 586 END
START -5828 7308 -14120 4494 1399 68 572 576 590 640 586 END
START -6180 8040 -13960 4501 507 343 571 576 588 637 578 END
START -5808 8764 -13296 4518 -21 544 573 576 592 638 593 END
START -5668 7076 -12652 4870 -230 483 574 579 593 637 587 END