START -17416 6824 40 7214 15930 9229 570 525 538 572 571 END
START -17892 7184 -360 7295 14954 9450 572 523 538 573 571 END
START -17096 7816 -476 7358 11989 9636 575 536 541 581 570 END
START -15176 8116 -1104 7063 9430 9583 583 541 546 586 573 END
START -12772 8456 -1548 7057 9281 9502 586 550 549 592 574 END
START -11256 8884 -2312 6580 9838 9285 587 559 554 599 576 END
START -10296 8728 -2844 6770 11494 8691 594 559 555 605 575 END
START -10980 8136 -3616 6444 11882 7861 593 566 557 602 575 END
START -10700 8748 -3212 6585 11665 7105 597 581 561 612 575 END
START -10536 9596 -4344 6723 11298 6687 600 578 564 614 575 END
START -10376 9188 -4608 6879 9713 5753 601 593 565 618 576 END
START -10396 9640 -5172 6900 7137 5128 596 589 570 619 577 END
START -9820 9784 -4808 7137 4828 4548 604 591 572 621 576 END
START -9144 9728 -5016 7167 3704 3869 605 591 573 626 576 END
START -8740 7876 -4808 7371 4165 2719 606 596 576 622 577 END
START -8556 6300 -6960 7816 5894 1295 606 599 580 626 577 END
START -8916 8712 -8996 7970 8351 746 607 593 584 625 577 END
START -10244 9488 -8276 7454 8973 834 609 604 587 627 576 END
START -9872 6628 -9628 7510 9186 -401 614 606 590 629 577 END
START -9396 10224 -9676 7533 10652 43 609 621 590 628 577 END
START -10140 7172 -8360 7174 10467 -206 608 612 591 635 578 END
START -9576 9716 -10732 7711 11431 -386 612 613 593 631 578 END
START -10156 5872 -10888 7683 10621 -1299 610 608 595 630 578 END
START -10168 8456 -9936 7576 10266 -753 608 621 597 630 580 END
START -8448 8836 -12604 7911 11195 -1099 610 623 598 630 579 END
START -9140 4816 -12528 7672 10619 -1793 611 623 598 631 578 END
START -10140 7956 -10156 6881 9596 -1143 609 628 600 637 579 END
START -9552 9116 -11192 7248 8646 -1198 609 629 602 631 580 END
START -8384 7636 -14848 7286 8347 -1724 608 634 605 632 580 END
START -8688 4072 -15604 6679 6415 -1967 611 631 605 630 579 END
START -10404 3768 -13332 5967 4368 -1623 610 635 605 632 579 END
START -9668 6884 -12716 5406 3795 -1140 609 636 607 630 578 END
START -8012 8668 -13728 5290 4629 -1148 608 634 606 635 580 END
START -6856 8220 -15272 5355 5664 -1622 608 634 607 633 581 END
START -6952 6100 -16412 5304 6065 -2273 609 637 610 633 583 END
START -6876 3628 -16792 5323 5640 -2643 609 632 608 633 582 END
START -9372 2844 -14956 4860 4143 -2935 605 636 609 633 582 END
START -10292 2940 -14548 4465 2591 -3045 611 637 610 634 583 END
START -9016 4532 -15436 3582 2060 -3050 608 638 613 639 584 END
START -10348 5528 -14432 2881 2206 -2726 610 638 611 634 588 END
START -10280 4020 -14852 2222 2875 -2542 609 639 613 635 584 END
START -10732 5332 -14328 1440 2805 -2338 608 636 612 636 584 END
START -10732 6180 -14228 723 1968 -1921 608 632 614 637 584 END
START -10688 6848 -13976 186 840 -1307 609 639 615 639 584 END
START -10012 7252 -14388 -297 -81 -647 608 639 615 636 587 END
START -9744 7684 -14460 -682 -657 -83 606 641 609 636 583 END
START -8356 8076 -15292 -908 -618 414 609 640 614 635 585 END
START -8192 8068 -15120 -1044 -512 683 608 639 613 637 586 END
START -7056 6460 -16724 -1122 -565 829 610 641 608 638 585 END
START -6756 6148 -16576 -1137 -534 870 610 640 615 638 587 END
START -6712 5876 -16528 -1044 -673 845 611 643 616 637 586 END
START -6400 5784 -16268 -1060 -439 830 605 641 615 636 588 END
START -7588 3344 -16780 -995 -190 718 608 641 616 638 586 END
START -7584 3328 -16772 -904 -240 504 608 641 617 638 588 END
START -7760 1328 -16732 -883 -765 202 605 640 607 637 586 END
START -7436 1436 -16788 -838 -1338 103 609 641 615 637 587 END
START -7400 1568 -16128 -800 -1424 -86 607 633 615 637 588 END
START -7948 1036 -15716 -790 -1161 -273 608 630 615 636 587 END
START -8140 856 -15840 -764 -787 -502 606 640 615 638 586 END
START -8160 892 -15752 -806 -817 -598 607 640 612 636 586 END
START -9300 1808 -13888 -836 -1228 -622 609 642 614 641 588 END
START -8960 1980 -13704 -750 -1082 -705 610 639 614 637 587 END
START -8256 1060 -15652 -584 -978 -909 607 639 615 637 588 END
START -8932 1596 -14452 -521 -994 -1005 609 635 615 632 586 END
START -9088 1680 -14632 -445 -954 -1079 608 639 612 637 589 END
START -9544 1784 -14348 -416 -1080 -1088 608 640 614 635 588 END
START -8568 1684 -15852 -308 -1384 -1162 607 640 612 635 588 END
START -8316 1852 -15924 -306 -1474 -1182 601 638 611 635 586 END
START -8924 2080 -16124 -473 -1913 -1204 605 636 607 633 586 END
START -9804 1964 -16212 -1013 -3210 -1083 609 632 604 629 584 END