START -3788 4756 -14632 1220 -395 1121 646 687 674 701 629 END
START -3940 4712 -15388 1237 -285 787 644 686 675 700 628 END
START -2828 4488 -16040 1202 361 -125 645 687 675 701 631 END
START -2380 4612 -17224 836 994 -497 646 688 676 701 632 END
START -4604 4628 -20144 91 884 26 648 688 675 702 634 END
START -3568 4424 -19624 -229 -1460 297 648 690 677 704 635 END
START -2412 5300 -17340 -18 -2267 521 648 691 678 703 636 END
START -2896 4796 -15904 -22 -1553 576 648 690 679 704 636 END
START -2608 4472 -15256 -142 -425 262 649 690 679 704 638 END
START -3180 4536 -17336 -484 946 69 649 691 680 704 639 END
START -1924 5168 -18900 -883 942 199 649 691 680 704 640 END
START -2836 5016 -17736 -852 -444 495 649 692 681 704 641 END
START -4372 4396 -15576 -753 -1441 531 649 691 681 704 642 END
START -1812 5384 -15288 -882 -700 598 650 692 682 705 642 END
START -4516 3880 -14984 -1087 -98 349 649 692 681 705 642 END
START -3464 5180 -16688 -1179 -88 254 652 691 681 705 643 END
START -5060 4068 -15384 -1305 -714 63 650 691 682 705 643 END
START -5016 5088 -13904 -1148 -835 142 650 691 681 705 643 END
START -5688 3956 -13728 -1052 -1110 1 651 692 682 705 643 END
START -4580 5448 -13648 -958 -392 1 651 691 682 705 644 END
START -6080 4440 -14380 -972 -62 -69 651 691 682 706 644 END
START -172 4300 -19232 -908 25 -13 651 692 683 706 644 END
START -60 3964 -17420 -907 306 105 650 692 684 706 644 END
START -3324 5628 -15284 -834 -832 336 651 693 682 705 644 END
START -1560 6456 -14364 -798 273 428 652 691 683 705 644 END
START -2688 4996 -15768 -807 -569 292 651 692 684 698 644 END
START -592 6192 -14700 -751 835 340 651 691 682 706 645 END
START -4432 6312 -13852 -792 -250 212 651 691 684 706 644 END
START -544 5704 -15752 -690 533 320 653 691 684 706 644 END
START -4452 6048 -13772 -731 -144 444 652 692 683 706 645 END
START -1908 6276 -18332 -675 373 662 652 691 684 707 645 END
START -4200 5820 -13776 -853 -530 509 652 691 683 706 645 END
START -1900 6484 -17292 -853 381 675 652 693 683 706 645 END
START -2620 5872 -15088 -990 -435 447 651 691 683 706 645 END
START -1664 6612 -15648 -835 378 615 652 690 683 706 645 END
START -3588 6260 -14400 -830 -560 558 652 690 684 707 645 END
START -844 6348 -14992 -678 187 783 652 691 683 706 645 END
START -4252 6308 -14324 -773 -644 497 652 691 683 706 644 END
START -1504 6168 -20072 -632 -19 742 656 691 683 706 645 END
START -956 5644 -18660 -749 -560 363 654 690 683 706 644 END
START -1964 6168 -19240 -529 -428 636 651 689 683 707 644 END
START -1336 5696 -18188 -787 -1134 345 653 690 682 705 645 END
START -1908 6036 -18328 -746 -907 687 652 690 684 706 645 END
START -4244 5544 -13872 -990 -1814 342 656 691 683 705 645 END
START -1788 6292 -17924 -1130 -794 128 652 689 684 707 644 END
START -4592 5276 -14288 -1376 -1384 -134 653 690 683 705 644 END
START -6268 3820 -14800 -1434 -1779 -208 653 690 683 706 645 END
START -5256 4568 -14020 -1545 -4008 -297 652 688 682 706 644 END
START -5208 3548 -16240 -1786 -4756 -632 653 690 683 705 643 END
START -4720 2636 -17572 -1811 -5173 -990 652 688 682 705 641 END
START -8636 1844 -13404 -1773 -7813 -1454 650 687 683 705 642 END
START -7320 1640 -14448 -1560 -9486 -1704 649 687 681 704 640 END
START -5880 412 -14740 -1278 -12962 -2365 645 680 678 703 637 END
START -5452 4 -14908 -908 -15032 -3316 640 669 670 700 635 END
START -6596 -368 -14248 -608 -16451 -3895 634 653 651 693 633 END
START -9176 -388 -14044 15 -19572 -4412 625 623 623 676 628 END
START -8728 -592 -15540 863 -24451 -4224 616 583 593 652 621 END
START -9872 44 -15508 1919 -29833 -3680 610 550 567 633 613 END
START -14820 1028 -13268 3072 -32768 -2666 595 526 548 618 604 END
START -10272 2596 -19148 4151 -32768 -1084 582 509 536 608 592 END
START -18200 2340 -12252 4361 -32768 -342 570 496 529 599 580 END
START -13308 2460 -14676 4819 -32768 -470 559 487 519 594 572 END
START -17580 3280 -12068 4592 -32768 352 552 483 518 590 564 END
START -18352 4732 -11572 4287 -32768 -670 546 481 513 587 561 END
START -12248 2372 -11112 2633 -32768 -354 536 478 511 585 557 END
START -19000 3116 -5740 2011 -32768 -467 530 474 508 582 555 END
START -16508 3936 -6044 1407 -32768 -269 530 473 506 580 552 END
START -21076 5364 -2920 1507 -32768 446 528 466 504 577 547 END
START -16828 6596 -3640 2724 -32768 3443 522 462 501 572 542 END
START -19604 7192 2800 1940 -32768 4812 503 456 496 567 536 END