START -4116 4696 -15748 970 4675 2077 588 580 616 659 578 END
START -4524 5584 -16596 939 4073 2192 599 588 623 665 583 END
START -3536 5144 -16360 1422 2640 2522 607 612 641 679 594 END
START -2252 5300 -14340 2225 2037 2470 610 633 653 687 605 END
START -1572 5216 -13508 2938 3422 1723 617 645 659 690 611 END
START -2620 4968 -14340 3219 4259 1289 614 653 662 692 617 END
START -1620 5300 -16760 3409 4755 1059 617 657 664 694 619 END
START -2280 5608 -17412 3196 5209 1253 620 664 666 694 622 END
START -2640 5520 -16640 3060 4740 1695 621 665 667 696 623 END
START -2752 4780 -16028 3111 3319 1717 623 666 667 698 623 END
START -3296 4512 -16428 2925 2924 1605 626 666 668 697 624 END
START -2292 5332 -18840 2484 2851 1693 625 668 668 697 625 END
START -1748 5036 -20276 2223 2934 2107 627 668 668 696 626 END
START -1116 5084 -19320 1954 2846 2348 628 670 670 698 627 END
START -780 5808 -17936 1685 2467 2325 629 671 670 698 627 END
START -712 5420 -18728 1399 2198 2127 629 673 675 698 628 END
START 2024 5320 -20340 919 1835 1632 630 671 669 699 627 END
START -988 5348 -19488 509 1163 1548 629 672 670 699 627 END
START -4824 6008 -15936 -105 -167 1167 630 672 671 699 628 END
START -1168 6064 -17528 -430 212 1227 631 672 671 699 628 END
START 1128 5304 -20012 -943 365 974 630 672 671 699 628 END
START -1640 5784 -16396 -1123 140 1264 629 671 671 698 629 END
START -376 5316 -18072 -1275 -350 932 631 672 670 699 628 END
START -1204 5640 -15864 -1401 -56 1007 629 672 671 699 629 END
START -1620 4820 -16504 -1616 -58 619 629 672 672 699 632 END
START -588 5592 -15672 -1579 -102 860 632 673 670 699 629 END
START -2740 4728 -15272 -1595 -367 522 632 672 670 698 628 END
START -580 4472 -16356 -1436 -246 736 633 672 670 700 629 END
START -3704 4976 -14144 -1354 -350 261 631 671 670 699 629 END
START -736 4724 -15288 -1219 160 344 630 670 669 699 628 END
START -4432 5284 -13564 -1120 -131 40 632 671 671 699 629 END
START -1236 4936 -15648 -948 28 354 633 671 671 699 629 END
START -4924 5160 -13580 -895 -266 368 632 671 670 700 631 END
START 2048 4448 -17880 -729 -336 719 633 671 671 698 629 END
START -3964 4720 -13992 -658 -220 533 633 672 671 699 628 END
START 2728 5208 -18472 -539 14 561 636 671 671 699 629 END
START 4652 5816 -17588 -464 1219 689 633 671 670 699 629 END
START 136 6768 -15396 -425 -130 560 633 669 670 700 629 END
START 280 7280 -19700 -300 249 830 633 671 670 699 629 END
START 1624 5968 -19764 -258 280 577 634 671 670 699 629 END
START 2464 5684 -19552 -212 -3 546 635 671 671 699 630 END
START 780 5872 -18320 -250 -660 468 634 671 670 699 628 END
START -1068 5524 -16528 -383 -1009 411 634 670 670 698 628 END
START -396 5648 -17520 -422 -779 216 635 670 670 699 629 END
START -1188 5324 -16640 -471 -857 108 634 670 670 698 628 END
START 716 4924 -18216 -533 -893 -32 635 670 670 699 628 END
START 2036 4304 -18952 -526 -843 -76 635 670 670 699 630 END
START 1996 4332 -19028 -483 -840 -144 634 670 670 698 629 END
START 792 4004 -17728 -505 -1088 -199 635 671 670 699 629 END
START 2392 4000 -18652 -543 -801 -369 634 670 670 699 629 END
START -984 4052 -16508 -516 -1271 -375 636 670 670 699 629 END
START 904 3812 -18064 -351 -1143 -344 635 669 671 699 628 END
START 1132 4152 -18024 -331 -1419 -370 635 669 670 699 629 END
START -968 3852 -16472 -249 -1218 -339 636 672 670 700 629 END
START 220 3812 -17384 -262 -1327 -388 635 670 670 699 629 END
START 1336 3888 -18296 -208 -1245 -486 636 669 670 699 627 END
START 588 4112 -18136 -249 -1465 -424 636 669 670 699 629 END
START -384 3828 -17468 -258 -1455 -510 636 669 670 699 629 END
START 16 3896 -17668 -387 -1773 -503 636 668 673 699 629 END
START -1624 3724 -16268 -366 -1800 -428 637 668 670 699 629 END
START -1012 3848 -17072 -420 -1886 -477 636 668 669 699 629 END
START 332 3676 -18164 -364 -1656 -410 635 668 670 698 628 END
START 496 4064 -18412 -342 -2020 -377 637 668 669 698 628 END
START -912 3868 -17260 -381 -1930 -530 636 667 669 698 628 END
START -152 3824 -17720 -464 -2012 -494 635 667 670 699 628 END
START 796 4056 -18440 -506 -1817 -563 636 668 670 698 629 END
START 164 4212 -18152 -622 -2339 -591 635 667 670 699 628 END
START -620 3836 -17752 -579 -2636 -524 619 666 670 698 628 END
START -16 4080 -18080 -663 -3140 -506 636 667 670 699 627 END
START -2920 3684 -17080 -846 -3976 -362 636 665 669 698 628 END