START -13124 7412 6320 3119 -6171 6002 574 542 582 621 585 END
START -13168 7432 6512 3410 -6191 6050 573 542 584 623 585 END
START -12524 7816 6432 4045 -6391 6271 575 544 575 623 585 END
START -11880 7828 6792 4522 -6395 6973 577 549 579 625 586 END
START -11772 7956 7596 4909 -6378 7335 576 552 589 627 589 END
START -11608 8016 7512 5233 -6589 7445 581 555 585 628 590 END
START -12656 8324 7364 5298 -7776 7906 581 557 583 630 588 END
START -12372 7964 6868 5748 -10123 7580 582 559 585 631 588 END
START -10236 7520 6788 5883 -12461 6990 577 562 585 635 586 END
START -8036 7724 7200 5783 -11300 7070 590 564 587 636 586 END
START -7492 8796 7348 5884 -8578 6810 592 566 588 638 589 END
START -8592 9104 8312 6033 -6502 6626 596 575 587 640 587 END
START -8668 9060 7724 6121 -5814 5746 598 573 589 640 589 END
START -7120 8280 6128 6013 -4756 4506 600 568 591 641 587 END
START -4320 8056 3616 6096 -925 2911 603 578 592 641 589 END
START -2704 10020 2740 6285 5241 1628 608 581 594 641 587 END
START -5820 11364 5580 6207 9187 1756 608 586 593 642 589 END
START -9592 8276 6644 6130 7043 879 610 585 594 643 588 END
START -8816 9980 4580 6630 3003 -70 609 583 595 639 588 END
START -8072 12024 3996 5987 -773 -559 610 589 596 643 591 END
START -4064 7612 172 5556 279 -3326 613 591 595 644 588 END
START -964 12148 -24 4996 7191 -4760 615 594 597 644 586 END
START -328 7912 -348 3991 15936 -7132 617 596 595 645 590 END
START -3704 12308 1148 3746 25866 -7291 621 596 599 645 589 END
START -8752 7552 636 4026 27834 -8360 621 596 608 642 590 END
START -12136 9836 3836 3899 24314 -8801 615 596 599 643 587 END
START -8536 10816 -604 4951 24595 -10419 621 589 597 644 588 END
START -7756 6572 -2972 5010 27192 -11482 618 600 601 644 591 END
START -10928 6320 -1968 4482 30854 -10728 624 597 600 645 589 END
START -13620 9768 148 4970 31512 -10144 624 601 600 644 590 END
START -11456 11348 -2392 6327 31663 -10233 624 602 599 643 587 END
START -10268 10336 -6020 7200 32767 -10096 623 601 603 641 589 END
START -11904 8484 -7784 7638 32767 -9654 624 606 601 643 590 END
START -13148 4876 -8028 8064 32767 -9484 625 603 603 643 588 END
START -12760 4268 -7152 8627 30605 -8926 623 606 610 641 591 END
START -13536 4184 -6356 9249 27190 -7922 626 610 605 644 590 END
START -14932 5236 -7348 9871 23388 -6930 623 611 605 636 589 END
START -13940 7216 -9012 10036 20598 -6540 624 610 606 643 588 END
START -12872 6704 -9844 10193 19154 -6127 622 611 608 637 590 END
START -11632 7908 -10912 10385 17873 -5650 617 612 607 642 591 END
START -11328 7188 -10016 10851 16261 -5456 620 615 611 643 591 END
START -11280 5892 -9872 11157 15803 -5314 621 615 610 644 591 END
START -11476 3972 -11708 11355 15690 -5334 621 615 615 645 595 END
START -10524 4424 -14084 10790 15787 -4996 618 619 616 645 592 END
START -11024 3272 -14992 10165 14866 -4649 619 621 615 647 592 END
START -10612 1592 -15804 9478 14278 -4143 617 622 616 648 593 END
START -9712 248 -17432 8604 14276 -3799 615 622 619 649 592 END
START -10708 -80 -16508 7599 12680 -3346 615 625 621 648 592 END
START -11068 424 -17792 6435 9820 -2979 615 628 621 650 593 END
START -10748 680 -18380 5114 7501 -2537 616 629 624 650 593 END
START -10804 820 -17708 3853 5806 -2185 612 632 624 650 595 END
START -10044 1028 -18092 2685 4491 -1967 613 632 632 652 597 END
START -9884 1336 -17540 1702 3042 -1843 612 632 625 652 596 END
START -9464 1388 -16440 787 2010 -1568 601 631 626 652 595 END
START -8952 1676 -16060 58 1070 -1119 610 633 626 652 596 END
START -9292 1700 -15924 -254 -7 -760 610 635 628 653 596 END
START -7828 3884 -15704 -543 -706 -134 610 622 627 652 597 END
START -7528 3900 -15316 -779 -702 301 611 632 628 653 597 END
START -7444 4984 -15452 -854 -232 616 611 630 628 652 598 END
START -7388 4780 -14840 -843 65 816 608 632 620 653 592 END
START -5032 2400 -18564 -720 515 651 610 632 628 654 596 END
START -5416 2104 -18408 -680 328 447 612 635 628 656 597 END
START -6372 -248 -18872 -696 -381 212 611 633 628 653 597 END
START -6452 -1584 -18088 -708 -1077 64 610 635 626 652 597 END
START -6488 -1516 -18332 -745 -1109 60 609 634 627 653 598 END
START -6508 -1732 -18296 -742 -998 -8 611 632 626 654 597 END
START -6932 -2028 -16816 -812 -1054 -117 612 632 627 653 598 END
START -5296 -1068 -18856 -781 -54 -248 608 635 627 653 601 END
START -5944 -520 -18840 -808 28 -284 608 633 629 652 598 END
START -6344 -1912 -18296 -781 -680 -358 614 632 628 652 597 END