START -19480 2688 -5608 1569 7613 7909 627 655 609 638 571 END
START -19112 2776 -5852 1794 7631 8423 628 655 610 638 571 END
START -19300 2500 -6432 2500 7800 10085 627 659 615 640 573 END
START -17900 2660 -7308 3270 8135 12041 628 660 616 641 572 END
START -18028 2472 -6392 4550 7692 13979 627 658 617 643 574 END
START -16784 2160 -6428 5842 6818 15804 627 657 619 646 573 END
START -16444 1840 -7268 6904 6609 17339 627 660 623 645 575 END
START -16296 1180 -6356 8096 5571 18361 627 658 623 646 577 END
START -14496 1452 -6604 9188 4155 19188 628 661 624 649 580 END
START -11932 1840 -7604 10056 3553 19178 625 662 628 655 579 END
START -12228 1776 -8404 10611 3137 19077 626 661 629 653 578 END
START -10900 2060 -8788 11086 2391 18483 625 660 631 653 580 END
START -10428 2604 -8488 11337 2745 17743 625 662 630 654 582 END
START -11460 1972 -8196 11759 2401 16532 626 662 633 653 582 END
START -10320 628 -10680 11950 1799 14779 624 663 636 657 583 END
START -8472 2200 -11704 11625 2521 13194 625 663 639 656 583 END
START -8532 4392 -12192 10578 2736 11912 621 664 646 656 586 END
START -9424 1772 -11356 9989 2871 9476 624 666 638 658 586 END
START -8156 2752 -12608 9247 3061 7670 623 666 640 659 587 END
START -9344 4060 -12508 7817 1863 6132 624 670 641 664 589 END
START -9004 1900 -14200 6933 565 3989 625 669 643 659 589 END
START -9380 5740 -12880 5367 -661 3229 622 666 644 662 592 END
START -9472 1844 -13712 4957 -1966 1435 624 667 644 662 590 END
START -9096 6104 -12728 4047 -1286 1140 624 668 645 662 591 END
START -9676 2764 -13944 3876 -624 -268 624 668 645 662 591 END
START -10388 5608 -12656 3031 -151 -162 625 668 645 664 593 END
START -10004 4892 -13592 3130 10 -757 626 668 653 664 596 END
START -11384 4548 -12444 2753 -900 -583 624 669 648 664 592 END
START -10448 6452 -12704 2958 -391 -19 625 669 645 663 592 END
START -11524 2512 -13520 3102 -570 -499 625 661 646 663 594 END
START -11664 6252 -12092 2515 97 206 625 667 646 663 593 END
START -10080 4920 -14356 2776 1540 68 623 666 647 666 592 END
START -12480 3148 -13172 2101 816 -164 622 668 644 664 595 END
START -11336 7544 -12564 1523 785 624 625 664 647 664 593 END
START -10840 4360 -14300 1563 424 163 620 669 644 663 592 END
START -12944 4796 -12688 621 -511 326 623 667 647 665 593 END
START -11276 7824 -12416 217 45 1018 624 673 645 665 593 END
START -11092 3276 -14484 186 -279 267 623 667 645 665 594 END
START -12716 4000 -12512 -765 -952 436 624 668 647 665 593 END
START -10552 7612 -12368 -932 -628 863 623 669 649 664 594 END
START -10044 3956 -14316 -725 -514 128 631 670 647 664 594 END
START -11948 2452 -12720 -1174 -1123 -209 623 668 647 663 587 END
START -11836 5824 -11228 -1542 -1159 226 622 668 647 663 593 END
START -10760 6880 -11428 -1321 -639 534 622 670 639 664 594 END
START -9748 4884 -13708 -951 -427 59 624 669 647 664 594 END
START -11712 1800 -12500 -1253 -1378 -311 621 669 646 663 594 END
START -12032 4940 -10488 -1408 -1348 183 624 667 646 662 594 END
START -11148 6296 -10900 -1220 -638 604 626 667 646 663 593 END
START -9616 5684 -12708 -721 79 315 623 668 647 663 594 END
START -11164 1544 -13020 -642 -642 -351 624 668 646 664 593 END
START -11992 3120 -11380 -866 -1054 38 621 667 648 663 598 END
START -10468 6976 -11164 -727 -486 586 623 668 647 662 595 END
START -9700 5104 -13076 -246 -75 201 623 664 646 663 594 END
START -11472 1652 -13068 -281 -735 -524 624 667 647 662 595 END
START -12244 3376 -11256 -606 -1005 -246 626 667 645 663 593 END
START -12100 4676 -10720 -743 -810 139 625 667 649 662 595 END
START -11268 6908 -11260 -583 -129 471 623 668 647 664 595 END
START -9952 5100 -13748 -248 26 72 623 666 647 664 594 END
START -11464 1884 -13500 -419 -813 -560 621 661 646 659 593 END
START -12364 2672 -11768 -719 -1278 -264 623 665 646 662 595 END
START -11900 5228 -10544 -903 -1064 58 622 665 647 661 596 END
START -11124 7208 -11020 -823 -264 377 624 664 646 662 596 END
START -10008 7040 -12892 -582 279 186 624 665 645 661 595 END
START -10016 3216 -14376 -451 205 -408 621 663 645 661 594 END
START -11364 1668 -13492 -629 -317 -658 611 663 640 661 594 END
START -12300 2084 -12148 -947 -718 -478 621 663 645 661 594 END
START -12324 3704 -11316 -1166 -816 -111 621 664 645 662 595 END
START -12304 5812 -10668 -1224 -859 217 619 663 646 660 594 END
START -11316 7200 -10768 -1145 -536 509 622 656 643 661 595 END
START -10348 7364 -11956 -972 -116 603 619 663 644 660 595 END