START -6592 3952 -9408 9472 8838 1459 629 672 669 698 620 END
START -5680 3892 -11144 9651 8663 1247 627 673 669 699 621 END
START -4292 3832 -16136 9566 9912 754 628 674 671 699 621 END
START -6832 3236 -17028 9724 8744 1021 632 672 671 698 622 END
START -6840 1940 -17584 9044 5733 1767 633 676 671 701 623 END
START -6532 628 -17980 8287 2726 1954 636 681 673 702 624 END
START -4996 1236 -21740 7328 1351 1625 639 682 674 703 623 END
START -4568 1168 -23320 5584 1951 1168 638 681 675 702 627 END
START -5516 1564 -23008 3592 2468 1343 638 681 675 702 627 END
START -6340 2404 -21140 2036 1520 1412 638 681 676 703 628 END
START -4924 4144 -20340 985 306 1190 638 681 678 704 615 END
START -4264 4856 -18344 314 -1252 1230 637 681 678 703 629 END
START -5252 5384 -17904 -158 -483 808 638 682 677 703 630 END
START -4824 5984 -16460 -382 207 619 638 681 676 704 631 END
START -6080 5304 -14536 -464 586 666 638 681 678 703 630 END
START -6560 6396 -13616 -300 104 645 639 681 677 703 631 END
START -6316 6088 -14644 -298 23 636 647 681 677 703 631 END
START -2112 5544 -18120 -306 -795 718 631 683 678 703 632 END
START -3052 6108 -15912 -394 -713 943 639 682 678 703 631 END
START -2276 5456 -17476 -630 -562 864 642 681 677 703 632 END
START -7968 5480 -14664 -845 -771 903 641 681 677 704 632 END
START -4232 5624 -15840 -802 -904 1154 640 681 677 703 632 END
START -5948 4420 -15288 -804 -1468 894 640 681 678 704 632 END
START -3468 3520 -18576 -763 -1045 958 641 681 677 704 632 END
START -3316 4668 -17092 -963 -545 558 640 681 677 705 633 END
START -2808 4068 -18568 -908 41 549 640 681 678 704 632 END
START -2148 4720 -16544 -998 -520 198 640 680 679 704 632 END
START -3360 4348 -17008 -887 192 154 641 682 678 703 631 END
START -2420 5188 -17232 -985 -71 -43 641 681 678 704 632 END
START -3084 4160 -18144 -867 -229 130 641 681 677 703 632 END
START -3772 4388 -17056 -921 -328 75 640 680 678 703 632 END
START -2328 4060 -18624 -802 -291 7 640 680 677 703 632 END
START -2008 4620 -16964 -929 -318 -141 640 681 679 703 632 END
START -2808 4016 -18292 -731 251 -105 641 680 678 703 632 END
START -2080 4980 -16984 -821 19 -181 640 680 677 703 631 END
START -3528 3816 -18144 -773 243 -287 641 679 678 703 630 END
START -2736 4716 -18048 -973 322 -496 641 680 671 703 630 END
START -5672 4216 -17604 -921 255 -466 640 680 678 703 629 END
START -4512 4212 -16924 -1083 -258 -566 640 679 677 702 629 END
START -7404 4288 -15076 -1131 -523 -546 640 680 677 703 630 END
START -7100 4136 -14860 -1194 -1172 -586 641 681 677 702 631 END
START -4208 3776 -17332 -1133 -790 -608 639 678 677 702 629 END
START -8100 3688 -14568 -1154 -1524 -514 639 679 677 703 629 END
START -6284 3176 -15876 -1228 -1872 -415 639 679 677 703 629 END
START -3332 2816 -18608 -1356 -2423 -299 641 680 676 702 631 END
START -7832 3584 -16496 -1643 -4660 5 641 679 676 703 630 END
START -10136 3312 -15388 -1931 -6840 447 638 680 676 702 629 END
START -7388 3588 -17500 -2270 -9033 878 639 678 677 702 628 END
START -4852 3444 -19392 -2450 -11559 1256 638 677 675 702 628 END
START -7624 4952 -17064 -2768 -13744 1630 638 674 674 695 626 END
START -5428 5712 -18928 -3042 -13616 1721 638 667 671 696 622 END
START -6016 5972 -17116 -3742 -15286 2093 636 658 664 686 618 END
START -9456 4308 -13756 -4507 -19147 2142 636 643 654 670 611 END
START -10128 4764 -12936 -5061 -22452 1973 634 628 643 654 604 END
START -11892 3916 -11832 -5776 -26269 2474 632 616 630 640 597 END
START -15536 2736 -11236 -6182 -32768 2873 628 604 616 627 588 END
START -10508 664 -16140 -6088 -32768 2616 626 593 598 613 585 END
START -16240 1608 -12428 -5713 -32768 2227 620 580 582 601 578 END
START -16060 2704 -12180 -5173 -32768 1639 615 567 565 588 569 END
START -11168 5988 -15572 -3779 -32768 2783 611 549 547 578 561 END
START -15752 5632 -7944 -3897 -32768 3055 599 525 529 570 552 END
START -17048 7352 -4812 -3066 -32768 3645 589 503 518 560 544 END
START -10292 7720 -6668 -3015 -32768 3200 578 482 507 549 535 END
START -9844 7792 -5536 -4085 -32768 1916 570 467 497 543 527 END
START -11152 8320 -2132 -4071 -32768 -377 558 450 487 533 518 END
START -6812 9356 -2272 -3854 -32768 -2143 552 442 478 519 511 END
START -2312 10888 364 -3288 -27319 -1771 546 435 469 508 503 END
START -6392 12060 6736 -2632 -15822 -2550 543 434 466 504 498 END
START -4616 12684 5700 -3149 -1783 -3582 539 437 467 502 499 END
START -5972 10876 4628 -3050 9548 -4727 537 441 469 502 500 END