START -8876 5972 8352 10206 16426 11342 511 487 533 572 568 END
START -8748 6228 7756 10533 18049 11566 512 490 531 581 566 END
START -8340 7224 5752 11179 23362 11754 522 493 538 580 568 END
START -7848 8344 3900 10912 29170 11195 517 495 528 573 566 END
START -8804 8112 2192 9791 32767 11074 514 499 531 571 567 END
START -9896 8700 -392 8928 32767 11165 514 502 536 571 566 END
START -12776 9460 -2000 7347 32767 12138 517 507 541 570 569 END
START -14016 9892 -2832 6207 32767 11384 520 511 545 576 568 END
START -13820 9208 -2908 4334 32767 10908 529 514 543 583 568 END
START -14596 9592 -2452 2973 32767 11051 527 519 550 580 569 END
START -14064 9592 -2384 2304 29007 10451 530 524 546 584 569 END
START -12816 8300 -2716 2465 25538 10157 533 531 548 587 571 END
START -11824 8052 -4016 2702 22652 9222 539 535 554 590 574 END
START -11316 8388 -4532 3227 20444 8993 545 539 559 596 578 END
START -10376 9520 -4688 3682 18341 8188 546 541 557 598 573 END
START -10172 10384 -3064 3836 15746 8094 552 545 561 603 574 END
START -9736 7356 -5420 4421 13091 6970 558 547 569 606 573 END
START -7996 10544 -6708 5572 10659 6165 560 550 565 608 576 END
START -8172 8772 -5032 5849 8795 5725 562 554 566 614 577 END
START -6804 9164 -7472 6735 8310 4148 570 559 570 619 579 END
START -8084 10116 -4720 6740 7055 4288 573 560 573 622 577 END
START -6528 9376 -7676 7651 6992 2734 578 568 576 625 579 END
START -9128 9180 -5968 7570 4583 2514 579 570 578 628 579 END
START -6352 11628 -9184 8201 4535 1721 580 569 583 630 579 END
START -6848 7488 -7716 8456 3987 589 583 571 585 632 579 END
START -7428 12308 -6116 8544 5082 1015 586 573 587 632 579 END
START -7240 10996 -9000 9661 5026 187 587 577 591 633 582 END
START -7324 7128 -9876 10077 2720 -703 588 578 590 636 584 END
START -7924 10476 -8312 10012 2970 -256 591 579 592 636 582 END
START -7244 12336 -9204 10552 3770 -327 588 581 595 637 583 END
START -5276 9996 -11836 11488 4182 -982 591 576 595 638 581 END
START -5488 6208 -13012 11841 4835 -1651 591 581 596 638 584 END
START -6588 5780 -13000 11917 3836 -1493 592 584 598 641 583 END
START -8528 5388 -11272 12021 1916 -1050 593 584 601 646 584 END
START -8012 6800 -10684 12198 1372 -792 593 585 602 643 581 END
START -6012 9636 -11332 11884 2752 -241 594 585 601 646 587 END
START -7596 9404 -10804 12876 2995 -478 595 584 601 642 584 END
START -6792 9420 -12544 13256 2878 -402 600 585 604 642 585 END
START -5420 9364 -14296 13552 2031 -604 598 588 604 643 586 END
START -4776 8144 -15272 13763 2151 -995 598 587 605 645 587 END
START -4096 6596 -16116 13924 3748 -1534 595 590 606 644 587 END
START -5288 6636 -15772 13812 5433 -2102 598 590 606 645 586 END
START -4568 6316 -17912 13431 6096 -2337 600 591 607 646 586 END
START -4676 5752 -18068 12979 6205 -2776 597 593 605 643 587 END
START -5100 7488 -16696 12224 5484 -2952 600 601 609 644 587 END
START -5276 5916 -18436 11850 4761 -3614 600 595 608 645 593 END
START -5484 5508 -18864 10864 5346 -3896 599 596 612 645 588 END
START -6020 4668 -18920 9551 5463 -3776 606 595 618 645 587 END
START -6160 4240 -20264 8451 4601 -4004 601 598 610 645 586 END
START -6228 4556 -21756 6564 3291 -3664 602 597 612 647 589 END
START -6668 4284 -21420 5149 1387 -3401 602 604 612 646 590 END
START -6988 4336 -20596 3773 18 -2877 600 599 612 646 589 END
START -6408 4792 -19656 2720 13 -2499 602 600 611 646 589 END
START -5576 3660 -21560 1933 207 -2204 603 601 615 647 590 END
START -5996 3924 -20776 1144 -271 -1638 603 598 614 642 589 END
START -5460 3972 -21048 548 -230 -1023 601 599 614 647 590 END
START -5272 4316 -20260 75 -168 -448 607 598 613 647 588 END
START -6652 2392 -20364 -199 -224 -208 606 596 614 648 588 END
START -5740 2444 -19732 -497 247 94 602 600 612 646 591 END
START -6852 60 -19648 -775 183 -49 599 598 608 648 591 END
START -7924 -1204 -18152 -1213 -417 36 605 597 614 647 590 END
START -8028 -1176 -17192 -1367 -1135 266 596 599 610 647 589 END
START -6496 -1548 -18576 -1236 -1397 261 601 600 606 647 590 END
START -5968 -1208 -18952 -1201 -994 295 604 598 614 646 589 END
START -5408 -996 -18884 -1152 -230 276 601 608 613 648 593 END
START -4828 -852 -19000 -1117 130 178 607 598 617 648 587 END
START -6380 -2212 -17964 -1071 -12 21 605 599 613 647 591 END
START -5948 -1832 -18004 -856 -790 -47 605 599 614 647 593 END
START -5304 -952 -18456 -680 -1246 -85 605 601 613 647 593 END
START -5088 -2208 -17776 -426 -809 -315 604 596 613 647 590 END