START -5572 4524 7692 -16113 -15988 2717 534 507 536 573 576 END
START -5924 4372 8152 -15520 -15396 2519 534 509 530 573 574 END
START -5192 4080 9220 -13466 -14293 2527 535 505 531 572 574 END
START -4364 3948 10724 -11516 -12637 2257 536 504 532 572 572 END
START -3916 4196 12572 -10000 -10211 2634 532 501 532 573 575 END
START -4236 4020 13584 -8598 -6516 1909 533 500 531 572 574 END
START -4388 4936 13884 -7250 -2803 1566 531 498 529 566 575 END
START -5768 4204 13408 -6285 60 922 529 496 531 566 575 END
START -5592 3608 11908 -5099 1752 817 531 495 525 566 574 END
START -6996 2792 14596 -4556 2357 922 529 493 525 558 579 END
START -5916 6324 14544 -6004 3651 -725 517 485 519 552 572 END
START -6068 2780 14096 -5677 4053 -510 531 484 519 549 570 END
START -9044 3832 14096 -4763 2757 -793 532 485 521 544 568 END
START -7348 2424 12448 -3859 2000 -1842 533 485 518 546 569 END
START -6884 2112 10676 -2679 1224 -2202 532 485 517 543 568 END
START -7564 3328 11716 -1612 2376 -1091 535 479 510 538 567 END
START -9208 5288 14336 -1962 3080 -541 534 484 518 545 568 END
START -8900 2352 12052 -1815 3348 -538 536 483 518 543 567 END
START -9080 4324 12788 -611 3274 -432 533 482 520 540 564 END
START -9956 4784 14644 -1590 1537 93 537 480 516 537 565 END
START -8120 2840 11252 -292 1768 -413 535 487 519 543 566 END
START -9412 5152 15296 -731 814 451 533 487 521 543 567 END
START -8072 1344 11664 515 1400 21 539 492 520 543 567 END
START -8712 5276 16744 1070 787 638 539 486 523 545 566 END
START -6844 1236 12484 2408 2205 396 535 485 524 545 567 END
START -8288 4636 17360 2867 2808 809 537 488 521 548 567 END
START -6156 3780 13868 5726 5583 420 535 491 523 551 568 END
START -6340 620 13032 6306 7557 1154 532 496 536 554 572 END
START -7040 5412 15396 8463 10959 1866 537 501 526 555 569 END
START -5616 4344 11116 11359 17071 1982 533 505 529 556 570 END
START -7232 2268 7656 12354 21798 2747 536 508 531 561 569 END
START -9220 3168 8216 12769 25204 3823 541 513 536 563 571 END
START -10616 8312 8636 14338 29453 5212 541 523 539 570 573 END
START -12552 9880 5204 16535 32767 6304 544 531 544 577 574 END
START -12812 9464 1608 17340 32767 6815 550 538 550 586 573 END
START -11520 10088 -1156 16306 32767 6638 551 548 556 595 574 END
START -10724 8184 -4020 14694 32767 6216 555 554 561 602 572 END
START -11548 7204 -6784 12872 32767 6066 560 564 569 608 578 END
START -12308 8256 -4356 12272 32767 6492 567 571 576 616 581 END
START -11036 7756 -5044 10638 31995 7084 572 572 581 616 582 END
START -10820 6720 -5516 9391 31435 6720 576 581 584 630 584 END
START -10040 6580 -5340 8168 32767 6152 581 583 590 635 586 END
START -10144 6756 -4992 7268 32767 5149 596 585 597 640 586 END
START -12140 7632 -4004 7200 32206 5402 590 591 601 645 590 END
START -13620 7388 -4440 7309 28819 4986 594 595 605 650 588 END
START -11988 7368 -5248 7387 25030 4341 599 597 612 652 590 END
START -11164 6828 -6700 7422 21589 3681 597 603 617 654 591 END
START -10212 6420 -6360 7539 18728 2489 597 606 620 658 592 END
START -9596 5344 -7384 7812 17032 1444 598 610 624 662 592 END
START -7712 5064 -8144 8483 16098 -134 598 613 626 662 605 END
START -7812 5360 -7136 8467 17102 -557 595 615 627 665 596 END
START -8672 1804 -8908 9886 16940 -1654 599 616 631 663 594 END
START -7688 2136 -12160 10307 16571 -2222 596 617 635 664 605 END
START -9368 1924 -13324 10615 15199 -2424 597 618 633 666 597 END
START -7752 4368 -13656 11230 13245 -2506 594 621 632 665 598 END
START -6924 4720 -13536 11908 11725 -2025 592 622 633 670 598 END
START -5936 7364 -13176 12162 9695 -1378 592 619 634 661 599 END
START -6688 7736 -14776 12520 7271 -1400 593 620 636 667 598 END
START -8344 7812 -13820 11936 5454 -1218 595 623 635 674 601 END
START -8108 5948 -13492 11542 4663 -1352 594 625 637 670 602 END
START -7480 4428 -14924 11016 4681 -1673 596 623 644 669 601 END
START -6416 1664 -14864 10908 6071 -2701 594 625 638 669 605 END
START -7028 -1324 -16272 10942 5585 -2760 591 628 640 669 606 END
START -7036 -476 -18344 11237 2812 -2884 591 628 640 672 604 END
START -5420 932 -22308 10443 2816 -2468 593 631 641 671 606 END
START -3796 2312 -23016 9375 5088 -2323 592 636 644 672 606 END
START -4396 3484 -20064 8067 7568 -2061 590 636 645 672 609 END
START -5612 4072 -18860 6941 6447 -1591 592 636 638 672 608 END
START -5692 4708 -19264 5666 3216 -1382 588 637 647 673 610 END
START -6500 5084 -18536 4294 950 -1264 596 639 646 672 612 END