START -10068 6624 8680 9938 23382 8746 531 469 497 527 515 END
START -9788 6496 7920 10238 24344 8951 530 468 499 527 514 END
START -9872 8040 5844 10546 27789 10658 527 471 502 524 510 END
START -12628 7992 5176 10549 29318 11271 528 475 510 517 514 END
START -12424 7828 4708 10790 29772 10314 514 478 505 517 515 END
START -14608 8900 3980 10667 28997 12272 524 470 503 520 519 END
START -16068 10072 3480 9667 26578 12213 525 477 500 519 521 END
START -15100 9392 3148 9272 23309 11413 509 479 498 519 519 END
START -14524 8160 1344 8737 20623 12102 521 478 490 525 522 END
START -14712 8640 168 8388 19034 12732 527 481 503 527 524 END
START -13792 8476 -376 7429 16693 11631 540 483 505 532 526 END
START -11636 8608 -932 7268 14562 10648 534 484 506 532 529 END
START -9584 8124 -2516 7211 13881 9659 536 488 507 537 529 END
START -8040 8840 -3976 7064 14204 8382 541 492 501 541 526 END
START -8444 11192 -3720 6606 14470 7976 544 497 509 551 532 END
START -9060 10560 -2604 5660 13723 7109 551 499 512 549 533 END
START -7176 8136 -4828 5571 13698 4867 557 500 512 551 533 END
START -7596 11716 -5120 5677 13641 4688 560 506 517 554 536 END
START -8500 9292 -4252 5187 12301 3530 565 512 518 560 535 END
START -7104 11764 -6236 5574 12471 2641 565 515 521 561 537 END
START -8720 8860 -4296 5169 10125 1716 571 528 525 568 539 END
START -8992 13652 -4992 5395 9629 1810 576 524 528 568 540 END
START -8728 8308 -6128 5797 6363 557 580 530 538 571 545 END
START -9184 12672 -3944 5769 4532 965 585 531 532 574 543 END
START -7072 11432 -6604 6970 4485 -274 589 534 537 574 544 END
START -9276 8372 -5160 6829 3921 -893 592 535 539 576 546 END
START -9428 12648 -5940 6719 5266 -613 601 540 542 579 547 END
START -7092 12868 -8248 7320 6690 -1587 598 544 542 583 549 END
START -8024 8744 -9356 7463 7183 -2237 601 551 547 585 552 END
START -10260 8580 -7368 6988 6719 -2348 601 553 549 588 553 END
START -9936 12052 -7036 6371 6819 -1558 605 556 553 594 555 END
START -9812 13480 -8164 6758 5791 -1677 604 560 556 596 556 END
START -8036 12672 -9116 7300 4509 -2147 608 562 559 601 563 END
START -7108 10736 -10728 7667 3635 -2728 608 568 565 602 562 END
START -6796 10456 -11576 7929 3800 -3252 610 572 568 607 563 END
START -7008 8388 -11820 8138 4372 -3725 616 575 575 610 567 END
START -6956 5900 -11340 8252 5300 -3823 614 575 573 611 566 END
START -8180 5680 -11140 8799 4686 -4179 609 581 574 614 569 END
START -8196 5028 -11120 8945 5658 -4253 616 582 585 615 570 END
START -7668 4888 -10224 9335 6408 -4342 612 585 590 617 573 END
START -8500 5396 -9472 9626 6131 -4670 614 588 585 618 572 END
START -8956 5324 -10472 9759 5835 -4635 612 593 590 622 574 END
START -8284 5204 -12476 9890 6480 -5085 611 601 584 622 573 END
START -9192 5016 -12220 9520 8461 -5015 616 603 600 625 574 END
START -9388 4672 -11376 9336 10344 -5108 613 609 599 625 576 END
START -8480 4720 -12952 9410 10934 -4970 609 616 607 629 577 END
START -7676 2824 -15916 9377 10470 -5084 616 614 609 629 577 END
START -8572 2092 -17200 9090 9803 -4879 617 623 615 632 579 END
START -8624 1800 -17228 8291 8087 -4393 616 628 617 634 581 END
START -8396 1244 -17204 7741 6236 -3881 614 631 621 636 582 END
START -7828 856 -18552 7025 4715 -3508 614 632 623 637 583 END
START -8048 1252 -19816 5941 2778 -3132 615 634 622 638 585 END
START -8264 172 -19472 5088 1128 -2624 614 636 623 639 588 END
START -9852 824 -17672 3935 163 -2203 616 636 627 640 587 END
START -8868 1588 -17968 2809 -208 -2037 615 637 626 640 590 END
START -8880 1500 -17552 2027 -381 -2097 617 641 627 643 591 END
START -9624 1648 -17632 1243 -1194 -2007 614 638 629 642 590 END
START -8920 1760 -17916 624 -1511 -1875 613 638 628 642 594 END
START -8652 1740 -17660 76 -1855 -1724 613 639 628 642 589 END
START -8948 1620 -17012 -324 -2115 -1525 612 639 629 643 591 END
START -8428 1568 -17120 -507 -1413 -1371 613 640 628 644 590 END
START -7852 1868 -18192 -621 -780 -1131 613 639 626 643 596 END
START -7296 1864 -18184 -706 -555 -863 614 640 627 643 592 END
START -8356 888 -17388 -857 -554 -527 611 639 627 643 592 END
START -7844 900 -17156 -892 -785 -249 614 636 628 643 588 END
START -8700 788 -15876 -900 -1397 -96 613 639 627 639 591 END
START -8132 532 -16264 -907 -1664 41 611 640 627 644 593 END
START -8584 1024 -14816 -934 -1983 129 612 636 628 642 592 END
START -8244 724 -16280 -1023 -1658 220 613 636 626 644 592 END
START -7832 324 -15892 -936 -1618 135 612 636 626 642 594 END