START -4508 4840 -16008 -898 1858 73 567 505 529 579 539 END
START -3676 7236 -16704 -1567 1574 301 569 506 535 587 546 END
START -4532 5160 -16300 -606 196 238 575 520 552 611 559 END
START -4024 5200 -15528 -810 776 80 582 537 577 634 570 END
START -4684 5120 -14820 -1043 727 136 590 555 601 657 584 END
START -4968 4168 -15064 -1827 614 487 599 573 620 672 592 END
START -4792 5116 -17184 -979 -814 152 604 590 634 680 602 END
START -3612 5140 -17856 -1049 -1961 375 609 605 643 685 610 END
START -4320 4508 -16676 -1332 -449 439 612 616 653 689 615 END
START -4776 5692 -15076 -1065 -758 835 616 630 655 692 619 END
START -4100 4788 -12388 -417 -2113 1278 619 640 660 694 622 END
START -4476 4684 -10828 864 -3033 1401 622 648 662 696 625 END
START -4940 4676 -9252 2451 -3199 929 624 654 664 696 627 END
START -3152 5444 -10480 4090 -577 217 627 658 666 697 627 END
START -4868 5336 -10552 5288 2390 -251 627 660 667 699 627 END
START -5944 5548 -11204 6346 4672 -187 628 662 667 699 630 END
START -4572 5920 -12596 7167 5105 -255 632 666 668 699 631 END
START -3188 5432 -15684 7556 4567 -262 631 668 669 701 631 END
START -3916 4732 -17532 7448 4047 -455 634 670 669 700 631 END
START -3220 4276 -21836 6615 3390 -308 635 670 670 704 631 END
START -7416 4036 -20036 5722 1353 333 634 671 670 701 632 END
START -7988 4688 -18684 4463 314 628 635 672 671 701 632 END
START -7676 4532 -18116 3276 -284 706 634 673 672 701 633 END
START -8036 4968 -17124 1920 -27 534 636 675 671 702 633 END
START -6920 5272 -17648 924 176 456 636 676 672 701 633 END
START -2944 5324 -20268 19 418 566 635 680 672 701 634 END
START 268 4960 -20944 -402 -840 611 636 677 673 702 633 END
START -2756 5476 -17868 -740 -2060 344 637 677 671 703 633 END
START -7680 5360 -14488 -1094 -1799 273 637 676 673 703 634 END
START -1144 3740 -18408 -1325 -788 89 638 677 674 702 634 END
START 88 2968 -19472 -1435 -939 -18 637 676 674 705 634 END
START -3352 3432 -17076 -1628 -844 74 636 676 673 702 635 END
START -860 2488 -18052 -1524 -1110 170 637 671 673 703 635 END
START -2968 2900 -16584 -1402 -1049 96 638 673 673 704 634 END
START -164 2636 -17600 -1205 -379 157 635 678 673 702 635 END
START -2000 2636 -16360 -1118 341 5 637 676 673 702 635 END
START -1636 3072 -17320 -979 139 -110 637 677 673 703 635 END
START -2976 3196 -16168 -783 1 -254 638 677 674 703 636 END
START -4268 3308 -15552 -604 -242 -259 637 677 674 703 637 END
START -2708 3180 -16728 -479 -302 -313 637 677 672 703 635 END
START -2340 3528 -16816 -291 -630 -224 638 677 675 703 635 END
START -4612 3632 -15364 -263 -311 -405 634 676 674 703 635 END
START -3016 3516 -16788 -281 -145 -203 636 676 674 702 635 END
START -5796 3560 -15444 -264 -479 -262 636 676 674 703 635 END
START -5092 3416 -15972 -163 -529 -132 637 678 673 703 636 END
START -3188 3292 -16776 -294 -586 -242 639 677 674 703 636 END
START -1104 3344 -18768 -389 -454 -280 640 676 674 703 636 END
START -2500 3416 -17364 -592 -340 -306 637 676 673 703 636 END
START -832 3124 -18752 -694 -118 -292 637 675 674 703 635 END
START -3048 3692 -16692 -770 -455 -254 639 676 674 702 637 END
START -5724 3900 -15156 -676 -669 -7 638 676 674 702 636 END
START -3468 3592 -16684 -739 -770 -33 638 676 673 703 636 END
START -976 3104 -18248 -728 -740 70 638 676 673 703 636 END
START -2292 2916 -17496 -852 -891 39 637 676 675 703 635 END
START -1252 2732 -18188 -857 -671 132 639 677 674 704 636 END
START -2176 3044 -17436 -941 -759 86 639 678 670 703 636 END
START -1540 2808 -17760 -854 -573 137 639 676 675 704 636 END
START -1800 3108 -17352 -958 -642 61 638 676 675 703 636 END
START -3600 3136 -16284 -861 -711 125 640 675 677 703 638 END
START -1704 3148 -17016 -840 -931 22 638 675 674 703 636 END
START -2844 2976 -16332 -707 -705 45 640 675 674 704 636 END
START -5620 3400 -14548 -584 -703 34 639 675 674 703 636 END
START -2956 2976 -16592 -454 -530 172 639 675 674 703 636 END
START -5684 3404 -14672 -449 -817 39 639 675 674 703 636 END
START -2892 2836 -16852 -459 -1194 82 639 674 675 703 636 END
START -5544 3172 -15076 -511 -1613 -34 639 674 673 703 636 END
START -2336 2540 -17332 -446 -1751 11 639 676 674 703 636 END
START -5532 3108 -15600 -504 -1833 -129 639 675 675 703 636 END
START -3020 2128 -18776 -537 -2006 71 639 675 673 703 637 END
START -2912 1752 -20088 -842 -3755 115 639 671 673 702 635 END