START -9552 3796 15704 84 2627 433 535 470 508 553 562 END
START -10048 3792 15960 537 2593 680 540 473 517 554 565 END
START -10656 3660 15008 1430 2691 1307 537 470 519 557 565 END
START -9676 3712 15056 2984 3224 2147 536 473 517 553 563 END
START -8164 3792 15060 4726 5094 3088 535 478 515 561 562 END
START -6136 3828 14364 6535 8853 3944 533 474 520 552 558 END
START -6496 4140 14068 8278 13488 4812 526 472 517 552 562 END
START -6756 4340 12368 9852 17844 5220 530 479 518 552 563 END
START -7648 4908 11072 10832 21193 6808 527 477 531 549 561 END
START -10672 6476 10372 12031 23356 9230 521 477 518 546 561 END
START -12648 6336 9248 12633 21382 9307 521 488 512 545 559 END
START -9972 6772 6384 12552 21272 8799 523 480 512 547 559 END
START -11052 7852 5528 12398 22789 9910 523 484 511 548 558 END
START -11532 9412 4792 10834 23574 9426 522 487 510 551 559 END
START -10228 9460 3768 8750 24243 8595 522 501 515 549 561 END
START -8632 7512 1248 7148 27400 8394 523 493 517 544 559 END
START -9728 7804 -1260 6667 32005 8605 524 499 520 543 566 END
START -12240 11312 1280 5598 32086 8125 525 500 524 544 566 END
START -12816 8244 340 3735 30495 7724 530 504 523 553 564 END
START -11592 10056 -2360 4030 31385 7276 533 507 529 557 565 END
START -14360 9476 864 3089 28590 7247 536 506 530 569 565 END
START -12244 11892 -1404 3667 27016 6559 541 512 533 572 566 END
START -12784 8912 -96 3111 22895 6952 545 515 537 573 567 END
START -12284 13060 -304 3808 21690 7182 552 524 539 582 568 END
START -10616 8304 -3484 3810 18664 6498 553 516 541 585 571 END
START -12748 10344 -864 3690 14593 7134 559 516 544 588 569 END
START -11100 13092 -3076 4641 12015 6238 553 520 545 592 573 END
START -7216 9084 -5992 5365 10837 4593 564 520 547 598 575 END
START -8084 8120 -3980 4711 10898 3993 567 520 549 604 575 END
START -9848 12048 -3172 4196 11977 4250 567 525 551 611 571 END
START -9600 13460 -4860 4189 13448 3971 567 525 554 614 578 END
START -9100 11584 -7440 4391 11987 2686 567 528 556 618 578 END
START -8664 9000 -8056 4258 9633 1853 570 529 557 624 580 END
START -8432 7444 -6196 4052 7517 1204 571 529 562 626 582 END
START -8720 10060 -3932 4234 7404 950 572 531 562 631 580 END
START -8596 12424 -4380 4785 8809 485 573 536 562 632 581 END
START -7016 13104 -7596 5678 9566 -573 573 537 566 632 584 END
START -7812 10828 -7620 6135 9619 -802 576 539 570 637 584 END
START -7984 9392 -7820 7326 7585 -1871 574 548 574 637 586 END
START -5964 6380 -8228 8213 6879 -2544 584 546 577 638 584 END
START -5916 5944 -8808 8702 8099 -3130 576 550 577 640 585 END
START -6944 5648 -9960 9176 9090 -3457 579 550 580 641 590 END
START -8268 5088 -9180 9693 9354 -3665 576 558 581 640 589 END
START -8916 6668 -7624 10323 9345 -3282 574 557 585 640 589 END
START -10104 6520 -6132 11331 7924 -3014 574 559 587 641 589 END
START -7320 6296 -9224 11586 5820 -2521 575 561 587 641 589 END
START -8072 4312 -11120 12960 4045 -3367 574 563 595 641 589 END
START -6952 3488 -12160 13415 4952 -3717 575 566 599 642 587 END
START -6516 3012 -10728 14033 6488 -4209 571 570 599 643 590 END
START -6432 3224 -11708 14797 6997 -4376 573 574 601 644 590 END
START -6524 3504 -13176 15423 5059 -4754 577 579 603 646 592 END
START -7072 3608 -15828 15594 1932 -5090 573 581 608 648 591 END
START -5580 4180 -18572 14951 1513 -5441 576 584 610 647 591 END
START -4200 7468 -18036 13738 4715 -5242 573 587 611 648 590 END
START -6716 7844 -17560 12908 7169 -5367 574 589 615 648 594 END
START -9408 6772 -16580 11876 8064 -4871 572 595 616 651 593 END
START -10560 4032 -17620 10332 6374 -4261 573 600 621 652 595 END
START -11088 2316 -18408 8888 3235 -3684 576 601 625 655 595 END
START -12116 1044 -18632 7287 1092 -3170 581 602 630 655 598 END
START -9624 -900 -21136 5743 614 -2721 576 602 628 655 594 END
START -9852 -80 -19528 4189 1458 -2128 578 606 628 656 598 END
START -10068 -248 -20520 2869 1515 -1679 577 607 630 656 597 END
START -9060 88 -21140 1838 752 -1218 576 606 629 652 596 END
START -9400 -368 -19328 968 -587 -856 575 606 630 656 597 END
START -10044 0 -17220 372 -1412 -582 577 609 631 656 598 END
START -8704 -236 -17780 -114 -2026 -485 578 606 630 656 598 END
START -7248 -12 -18840 -367 -2292 -482 578 606 630 657 599 END
START -7908 -412 -17520 -519 -1820 -426 577 605 630 656 591 END
START -6884 428 -19052 -651 -865 -296 578 606 630 657 597 END
START -6580 1884 -19004 -752 -132 -195 578 607 629 657 597 END