START -13840 5936 9740 1970 5363 4407 525 491 516 568 563 END
START -13588 5904 9628 2266 5487 4790 524 490 524 569 566 END
START -12740 5876 9636 2930 6287 5624 526 489 520 570 560 END
START -12636 5884 9332 3529 7822 6649 526 489 525 570 563 END
START -11424 6108 8728 3890 9960 7533 525 488 522 569 562 END
START -10576 5724 7768 4436 13510 8450 526 487 521 568 559 END
START -9900 6240 7188 4686 18152 9113 524 494 522 568 565 END
START -10368 6116 5024 5268 23162 9491 524 493 526 563 563 END
START -11228 6216 3472 5432 26968 10262 524 496 526 561 562 END
START -9696 7084 1492 6201 31147 10809 522 502 523 560 562 END
START -9184 7552 -1020 7378 32767 10881 525 504 530 560 562 END
START -10156 8600 -2604 7761 32767 10898 526 510 537 558 565 END
START -11748 8980 -3852 7244 32767 9725 533 518 539 560 563 END
START -13540 10232 -3276 5912 32767 8503 534 520 545 562 563 END
START -16132 8268 -3920 5046 32767 9041 534 530 546 564 564 END
START -15340 7532 -5832 4602 32767 7041 524 537 546 569 563 END
START -14616 9956 -5164 4829 28826 6459 536 544 548 570 564 END
START -13764 7376 -5092 4661 24052 6541 537 549 548 572 567 END
START -11252 7592 -8252 5233 22873 5744 540 551 551 577 569 END
START -11808 9936 -5624 4766 20662 5791 544 548 552 576 570 END
START -9316 7016 -9264 5002 20258 4648 547 552 553 584 570 END
START -10964 8900 -6652 4707 19114 4913 555 553 555 586 571 END
START -8856 7856 -10308 5098 18258 3590 545 553 547 589 570 END
START -11260 5984 -7576 5010 14761 3362 551 556 558 590 572 END
START -10556 10224 -8160 5917 12364 2750 550 558 557 592 573 END
START -7420 6456 -10820 6685 9744 1613 555 558 563 587 572 END
START -8624 5840 -8552 6618 7752 1667 552 562 565 597 573 END
START -8044 10196 -9996 7218 7661 1322 557 562 575 601 573 END
START -5888 6688 -13228 7841 7811 -355 553 565 561 606 573 END
START -6644 4080 -12352 7523 7744 -1210 556 569 574 609 573 END
START -8304 7232 -11144 7152 9127 -842 559 567 578 614 574 END
START -7500 10276 -11656 7644 10195 -976 558 574 582 617 570 END
START -7472 9032 -12028 8618 9521 -1218 558 575 584 618 574 END
START -6884 5816 -13616 9563 7946 -1704 558 578 588 619 574 END
START -6648 3348 -14568 9786 6661 -1992 560 580 586 621 577 END
START -7004 2636 -13692 9682 6251 -1920 563 583 592 624 576 END
START -8092 3804 -12724 9640 5989 -1151 564 584 594 624 576 END
START -8116 5936 -12376 9840 5749 -733 565 588 597 625 577 END
START -8716 7160 -12428 9977 5429 -433 556 590 598 627 577 END
START -6220 7916 -14276 10503 4528 -366 566 591 602 628 578 END
START -5320 6692 -15488 10999 3478 -612 564 596 599 629 579 END
START -3912 5348 -16972 11204 4158 -1150 571 596 608 632 586 END
START -4948 5760 -16476 11291 4727 -1512 569 598 608 632 579 END
START -3556 4704 -18400 11655 4120 -1981 564 600 608 632 582 END
START -3280 2680 -19772 11393 4814 -2181 571 605 610 636 582 END
START -3544 3804 -19436 10995 4944 -2214 573 603 612 638 582 END
START -4736 2572 -19532 10599 4015 -2133 573 603 614 638 582 END
START -4560 1824 -20556 9917 3317 -2256 573 605 616 637 584 END
START -4160 1200 -21788 9045 3194 -2309 571 610 611 641 584 END
START -3064 856 -22504 7760 4163 -2157 573 611 619 643 585 END
START -4708 -576 -22272 6802 4391 -2276 566 615 620 644 586 END
START -5756 -452 -21264 5869 3784 -2363 576 617 625 645 594 END
START -5896 -824 -21716 4796 2348 -2100 575 619 622 647 587 END
START -5972 -1004 -22444 3837 262 -2016 575 618 624 649 590 END
START -5760 -1156 -22252 2865 -301 -1942 575 619 623 649 588 END
START -5676 -1644 -21896 1906 561 -1781 576 623 624 650 590 END
START -5440 -1484 -21944 1027 1273 -1686 575 623 627 650 591 END
START -4924 780 -20976 402 986 -1418 578 623 634 652 596 END
START -6480 -1704 -20472 -80 -473 -1320 583 624 627 652 593 END
START -5552 -1956 -20880 -463 -1442 -911 577 622 628 652 591 END
START -5340 -1904 -20360 -696 -1218 -531 570 621 624 650 591 END
START -5820 -1940 -19512 -845 -709 -233 578 623 626 651 588 END
START -5224 -2020 -19268 -865 -291 -51 577 624 628 653 592 END
START -5064 -1964 -19116 -797 -193 -19 574 623 624 651 593 END
START -5240 -1772 -19588 -788 -523 -39 577 624 629 650 593 END
START -4968 -1700 -19992 -864 -899 60 577 622 627 651 593 END
START -4996 -3036 -18740 -888 -1023 38 577 621 628 654 592 END
START -4944 -3096 -18924 -862 -629 7 578 622 626 653 587 END
START -5656 -3280 -17676 -972 -794 -32 580 619 627 652 591 END
START -5232 -3616 -18132 -905 -790 -66 578 622 628 653 591 END