START -13012 9828 -3736 3385 13665 4245 574 588 574 614 583 END
START -13020 9952 -3596 3291 13831 4235 586 590 578 616 581 END
START -12080 9520 -4216 2972 14719 4101 577 593 580 618 584 END
START -12060 9632 -4540 2723 16220 4289 582 597 582 623 583 END
START -11988 9492 -5820 2574 16425 4173 578 599 583 624 584 END
START -12112 9440 -5984 2402 16324 3910 585 598 588 622 581 END
START -12140 8712 -5140 2786 14916 3499 584 603 593 627 582 END
START -12208 9324 -5060 2866 13286 3678 584 605 590 630 583 END
START -11308 9068 -6540 3323 11593 3280 587 605 597 632 583 END
START -10580 8948 -7200 3857 10486 2602 587 607 599 630 583 END
START -10172 8864 -7232 4378 9799 2101 591 606 601 632 584 END
START -10384 8188 -7576 4723 9302 2118 588 619 601 636 583 END
START -10036 8548 -8940 5156 8585 2003 589 612 605 634 582 END
START -10212 9512 -9812 5208 8556 1948 590 614 603 635 582 END
START -10504 8372 -9996 5019 8810 1914 590 613 606 636 585 END
START -9952 6572 -10068 5351 9667 1541 590 616 607 636 583 END
START -9900 7608 -9436 6032 9851 1984 588 613 608 639 583 END
START -11728 8364 -8340 6130 7256 2315 589 620 609 636 584 END
START -10888 5472 -10920 6606 4089 1323 591 621 612 638 584 END
START -8932 9360 -12148 6373 2961 1943 591 624 610 639 582 END
START -8924 5548 -12896 6248 2568 1118 593 627 614 637 585 END
START -8148 9552 -11348 6142 4275 1669 593 624 613 638 584 END
START -8240 4564 -11224 6535 4615 569 592 628 613 639 586 END
START -9628 8640 -9860 6672 4228 1018 592 624 615 638 583 END
START -7880 6464 -13532 7299 3927 0 593 630 614 639 586 END
START -10104 6108 -11312 6827 2602 405 593 630 609 638 586 END
START -7216 8260 -14072 7145 2859 370 595 630 619 639 586 END
START -7816 4084 -13688 7146 1950 -531 593 634 618 640 586 END
START -9288 5240 -11492 6843 1731 -111 597 631 625 638 586 END
START -7776 8548 -12868 7207 2548 -165 595 630 617 639 584 END
START -7436 5708 -15028 7475 2843 -1006 596 629 617 639 588 END
START -8292 3092 -15012 7298 1549 -1292 592 631 611 639 588 END
START -9332 4108 -13452 6943 361 -1033 594 633 617 639 586 END
START -9488 6636 -12436 6641 565 -410 597 634 618 639 587 END
START -6968 7616 -14804 6906 920 -532 595 632 618 639 587 END
START -7104 5820 -15500 7189 164 -1235 596 633 619 640 587 END
START -7232 3508 -16752 7109 -565 -1657 595 635 617 639 586 END
START -7852 2224 -16352 6556 -406 -1660 596 632 619 640 587 END
START -9012 2052 -14520 6265 172 -1421 596 636 612 639 589 END
START -8484 6012 -13628 5961 1456 -1053 595 636 618 639 589 END
START -8928 6572 -13656 5884 2416 -975 595 636 624 638 592 END
START -7592 6712 -15664 5652 3489 -907 594 636 620 642 588 END
START -7528 6396 -16652 5353 3844 -930 593 636 621 638 588 END
START -8124 5572 -17324 4788 3681 -1056 603 637 623 640 589 END
START -7132 4708 -18636 4077 2794 -1109 595 645 623 638 589 END
START -6732 3584 -19448 3276 1740 -1106 594 638 621 639 589 END
START -7856 2944 -19268 2423 709 -1128 593 639 623 639 588 END
START -8692 788 -19436 1619 -290 -1141 594 634 621 633 589 END
START -8916 588 -18708 802 -939 -1057 593 638 622 639 590 END
START -8992 580 -17904 64 -1409 -898 595 639 625 639 595 END
START -9828 1956 -15828 -617 -1574 -520 592 642 623 644 591 END
START -10076 2208 -14808 -984 -1673 -383 594 639 621 639 591 END
START -9892 2568 -14776 -1215 -1854 -343 593 645 621 639 590 END
START -9548 1064 -15428 -1410 -1627 -230 596 637 623 638 591 END
START -9632 916 -14968 -1485 -1837 -230 594 638 621 641 589 END
START -9572 936 -14828 -1468 -1875 -119 595 637 621 639 590 END
START -9564 776 -15020 -1573 -1236 136 593 641 622 637 591 END
START -9624 732 -13968 -1525 -1248 306 594 637 622 640 589 END
START -9484 2388 -13012 -1471 -1501 419 594 637 621 638 590 END
START -9360 2252 -13776 -1407 -1439 477 594 635 623 634 589 END
START -9044 2228 -13228 -1371 -1189 382 593 637 623 639 590 END
START -9120 2092 -12892 -1231 -947 128 593 637 621 640 589 END
START -9276 1788 -13532 -1196 -877 57 593 633 622 635 590 END
START -9400 1700 -13452 -1225 -674 142 596 637 622 639 591 END
START -8724 3876 -12752 -1172 -599 148 595 637 619 638 590 END
START -8884 3660 -13104 -1111 -562 185 596 638 621 640 590 END
START -8892 3604 -13096 -1051 -688 267 594 640 621 638 590 END
START -8828 3616 -13216 -988 -645 343 597 637 623 639 594 END
START -8176 5408 -13380 -875 -201 521 594 638 620 639 592 END
START -8152 5568 -13232 -757 144 510 602 635 621 641 590 END