START -6924 7124 4276 8286 16815 9252 521 494 519 538 565 END
START -6484 7168 3604 8772 19002 9194 518 497 520 542 570 END
START -7372 8076 2248 9692 24755 8982 517 499 512 543 572 END
START -9332 8252 736 10178 30036 8767 525 502 525 548 571 END
START -12448 8688 -604 9572 32743 8234 525 511 526 547 571 END
START -13636 8996 -1480 9104 32767 7597 528 515 534 553 572 END
START -14180 9604 -1184 8415 31114 6651 529 521 536 561 573 END
START -12244 9308 -2308 6998 28993 5210 532 526 541 564 576 END
START -10016 8908 -2780 6319 29830 4374 537 529 539 572 574 END
START -9984 9180 -3808 6091 31784 3707 540 534 543 576 577 END
START -11256 9188 -4992 6069 32237 2770 544 539 544 582 576 END
START -12436 8484 -6036 6060 30359 1991 549 542 548 588 576 END
START -12824 7904 -5844 6486 27255 1463 551 550 551 594 578 END
START -12080 7680 -5572 6677 24424 845 555 552 555 596 578 END
START -10868 6072 -7096 6921 23355 366 560 552 559 602 573 END
START -10400 4704 -8596 7569 22750 -908 562 555 558 606 580 END
START -9036 7672 -9936 7711 23557 -1131 565 559 562 608 578 END
START -9176 5636 -9648 7763 23543 -1823 568 565 573 611 580 END
START -7236 5096 -12704 8682 25511 -2912 570 569 572 614 586 END
START -9460 6396 -10036 8508 25703 -2552 573 574 574 615 579 END
START -9040 3448 -12368 9687 24548 -3449 576 575 576 616 578 END
START -10216 3920 -12056 9593 20709 -3160 577 582 580 612 580 END
START -8588 5672 -14176 10044 18879 -3413 578 584 583 620 580 END
START -7620 2104 -13756 10277 15503 -4047 579 587 587 621 580 END
START -9568 3588 -10456 10268 10400 -3105 582 587 591 622 583 END
START -8384 5532 -12752 11043 6110 -3064 593 594 596 625 582 END
START -5428 3324 -18352 11147 4234 -4119 583 596 600 627 582 END
START -5184 148 -19004 10469 3818 -4630 584 598 597 628 585 END
START -7844 1088 -16312 9397 4784 -3682 585 598 599 629 583 END
START -8120 4808 -15292 9144 5991 -3186 584 600 599 630 583 END
START -6136 4600 -15380 9785 6246 -3580 587 601 602 632 582 END
START -7232 872 -17348 9965 3924 -3923 585 604 604 633 584 END
START -8008 -1280 -18580 9308 1433 -3990 590 616 607 638 584 END
START -6604 -1348 -18312 7989 2183 -3370 590 613 613 638 586 END
START -6908 1068 -17036 7344 3593 -2911 594 614 613 641 586 END
START -7948 3020 -16936 6568 4846 -2432 593 615 627 642 585 END
START -5612 3956 -18664 5876 4903 -2492 592 625 617 644 586 END
START -5480 2684 -19304 5455 3858 -2691 595 620 618 647 589 END
START -5480 936 -19576 4872 2938 -2734 597 622 628 646 590 END
START -5028 -672 -21444 4285 1508 -2683 595 613 620 649 589 END
START -5004 -2024 -21736 3276 331 -2417 595 623 621 649 591 END
START -6656 -2780 -20064 2437 480 -1899 588 623 620 649 591 END
START -6900 -3176 -19712 1768 495 -1254 597 624 622 651 590 END
START -6584 -2776 -19312 1072 -35 -806 595 624 623 650 594 END
START -7008 -824 -18384 -35 -344 -25 594 624 627 651 598 END
START -6884 952 -17308 -327 -406 478 594 630 626 654 595 END
START -7016 3312 -16624 -809 -246 961 594 624 627 652 593 END
START -6448 3672 -16232 -1017 -490 1068 598 624 626 651 594 END
START -6352 3716 -16040 -1284 -840 1056 596 622 626 653 594 END
START -6048 3508 -16016 -1407 -1176 1040 597 625 626 653 595 END
START -4300 3540 -16080 -1537 -629 1129 598 625 627 653 594 END
START -5460 3208 -15572 -1497 -315 1163 597 624 627 652 595 END
START -5148 2884 -16392 -1351 -550 1126 596 626 628 652 595 END
START -4564 2704 -17212 -1288 -647 1304 596 624 620 653 594 END
START -3600 2476 -17148 -1200 -538 1281 594 624 625 653 595 END
START -3656 2296 -17328 -1087 -315 1150 597 627 627 654 600 END
START -2988 2280 -17416 -962 179 988 599 624 628 654 596 END
START -3128 208 -18776 -760 861 491 599 625 626 653 588 END
START -4512 -2352 -18856 -670 548 -71 597 625 628 653 596 END
START -5132 -2480 -19296 -708 -394 -230 601 624 623 654 596 END
START -4756 -2316 -18984 -597 -816 -207 595 633 627 653 598 END
START -4172 -2216 -18984 -533 -549 -195 597 625 627 655 595 END
START -4472 -2324 -18944 -543 58 -231 596 630 630 655 598 END
START -5276 -3504 -18548 -589 232 -325 595 626 624 654 592 END
START -5460 -3380 -18756 -560 210 -264 598 625 627 654 595 END
START -5308 -3188 -18484 -499 -247 -136 597 630 626 654 596 END
START -5416 -3160 -18380 -366 -788 -81 599 626 627 654 598 END
START -5912 -3028 -17264 -348 -934 -67 597 625 626 654 597 END
START -6056 -3184 -17368 -415 -673 -91 604 624 631 654 597 END
START -6516 -3128 -17192 -464 -817 -85 599 625 627 654 596 END