START -14292 7648 -5372 5374 19871 1607 572 580 595 635 591 END
START -13680 7772 -5732 5356 19155 1597 570 583 595 636 599 END
START -13000 7604 -6484 5136 17961 1281 574 589 595 637 591 END
START -12288 7692 -6432 4761 17827 952 572 584 599 635 591 END
START -11952 6964 -6428 4707 17436 852 574 583 589 637 590 END
START -12252 6720 -7204 4744 16325 837 579 587 602 637 590 END
START -13308 6292 -8028 4832 13458 665 580 586 610 639 592 END
START -12932 6828 -8812 4693 10776 771 584 589 605 641 591 END
START -12448 6664 -8704 4800 8386 510 587 591 604 641 591 END
START -11264 6288 -9436 4748 6397 134 586 594 606 643 590 END
START -10644 5832 -9188 4719 5102 -244 592 592 605 643 591 END
START -9592 5308 -9648 4771 4994 -726 590 594 609 643 590 END
START -9096 4944 -10220 4414 6440 -845 597 596 608 644 592 END
START -10000 7040 -10936 4673 6604 -1482 591 594 616 644 593 END
START -10928 7372 -9720 4327 6460 -1535 594 597 608 644 589 END
START -11496 4912 -10040 4552 5340 -2137 597 596 609 646 591 END
START -9776 6244 -11412 5211 4607 -2162 595 598 610 652 589 END
START -10716 6848 -10000 5009 3429 -1978 595 597 612 641 591 END
START -9976 4628 -12324 5424 3455 -2928 594 599 612 645 592 END
START -10364 7600 -11304 4939 3199 -2593 595 598 612 647 589 END
START -8952 5484 -13716 5441 3986 -3481 587 602 612 647 596 END
START -10484 4500 -10028 5069 2993 -3308 596 599 614 647 590 END
START -10700 7176 -11676 5795 1757 -3021 591 602 616 648 590 END
START -9808 3256 -13832 5837 595 -3854 592 602 617 648 590 END
START -10712 5296 -12748 5141 763 -3478 592 608 618 649 589 END
START -9904 6880 -13580 5264 2742 -3518 592 611 619 650 590 END
START -8744 3448 -14740 5589 4209 -4550 588 610 622 649 590 END
START -9620 2036 -13244 5047 6414 -4830 588 612 620 650 590 END
START -10564 4388 -11932 4640 8580 -4503 591 613 617 650 588 END
START -9996 5900 -12336 4710 10064 -4136 588 611 620 650 587 END
START -10656 5468 -12532 5242 8367 -3880 590 617 619 650 589 END
START -10324 3232 -14896 5556 4515 -3693 588 617 621 651 590 END
START -10900 860 -17276 5146 942 -3448 588 618 623 652 591 END
START -11604 -880 -17396 4211 -1272 -3244 588 623 623 650 589 END
START -10676 -980 -16768 3210 -1346 -2948 588 623 623 654 592 END
START -10896 -892 -14432 2638 141 -2698 588 626 625 654 592 END
START -10696 268 -14512 2270 1576 -2461 588 625 624 655 591 END
START -11284 1628 -13208 1760 2614 -2281 587 624 625 653 590 END
START -10976 392 -14196 1712 2373 -2147 588 624 626 654 592 END
START -11572 1224 -13956 1281 2239 -1792 589 624 626 652 590 END
START -11584 1520 -13348 1044 1804 -1564 588 626 626 656 594 END
START -10928 1920 -13728 834 1121 -1357 588 626 624 655 591 END
START -12304 2408 -12248 632 314 -1128 589 623 626 654 590 END
START -12088 2180 -12636 495 -19 -814 586 623 625 654 592 END
START -10776 4092 -13380 282 72 -450 589 622 625 654 592 END
START -10920 3948 -13136 176 556 -155 590 625 621 656 592 END
START -9988 4596 -14212 51 981 19 588 623 625 655 595 END
START -8876 4000 -16004 137 1351 -232 588 623 626 655 592 END
START -8240 2812 -17156 22 893 -181 588 622 624 655 597 END
START -8692 1280 -17564 -6 240 -361 588 625 624 656 594 END
START -9088 -456 -17700 -110 -465 -523 590 628 623 655 592 END
START -8968 -20 -17400 -164 -552 -460 590 619 625 655 594 END
START -9100 -1572 -16500 -283 -494 -486 588 623 625 657 595 END
START -9308 -1308 -16916 -345 -243 -358 588 628 623 655 593 END
START -9100 -680 -17284 -401 70 -258 600 621 625 655 595 END
START -8592 432 -17668 -463 -79 -311 588 623 625 655 593 END
START -9112 -832 -17140 -495 -421 -381 591 624 624 655 594 END
START -8612 396 -17544 -486 -468 -248 589 615 625 655 594 END
START -9004 -936 -17240 -534 -493 -156 588 622 624 656 594 END
START -8624 -40 -17372 -515 -339 -78 590 627 623 659 594 END
START -8884 -1436 -16536 -593 -222 -100 588 622 624 654 589 END
START -9012 -1156 -16788 -622 -61 -79 588 621 622 654 594 END
START -8948 -1104 -16928 -736 -279 -163 587 623 624 656 594 END
START -8944 -600 -17104 -767 -422 -171 587 621 624 648 594 END
START -9268 -1892 -16500 -868 -642 -185 589 620 622 655 594 END
START -9372 -1332 -16700 -853 -1133 -109 585 620 622 653 594 END
START -8288 1116 -17088 -810 -1253 147 589 619 626 654 598 END
START -8848 -824 -16736 -915 -1310 132 589 620 621 654 594 END
START -8880 -652 -16572 -990 -834 140 589 618 622 649 594 END
START -9180 -480 -17004 -1046 -666 125 596 619 623 654 593 END