START -17284 2488 -6124 -2194 1537 -958 619 667 635 662 595 END
START -17024 2456 -6004 -2069 1418 -779 621 667 633 661 597 END
START -16868 2528 -5252 -1756 1174 -47 620 670 634 662 595 END
START -17004 2520 -5816 -1408 515 575 620 668 632 663 594 END
START -16620 2592 -6168 -1117 185 1217 619 667 636 662 595 END
START -16644 2916 -6592 -977 266 1876 620 669 635 663 596 END
START -16408 3464 -6804 -872 747 2611 623 670 635 664 596 END
START -16240 4316 -7272 -727 1299 3297 623 670 636 665 596 END
START -16124 3796 -6956 -492 1903 3869 615 670 638 663 597 END
START -17180 3948 -6152 -253 2001 4843 620 667 636 664 597 END
START -17796 4600 -6384 -76 2171 6102 621 667 637 663 596 END
START -17452 4976 -6432 384 1652 7248 621 669 636 664 597 END
START -15948 4940 -6972 691 2080 8080 622 668 638 661 596 END
START -15348 4636 -7040 955 3686 8761 620 668 637 666 593 END
START -15320 3724 -6508 1515 5225 9166 623 669 639 666 598 END
START -15040 3928 -6740 2389 5816 9841 622 668 640 666 598 END
START -14524 5604 -6488 2984 5361 10822 614 670 639 667 598 END
START -15424 4848 -5656 3620 3908 11219 624 669 641 667 597 END
START -13668 2264 -6480 5202 2986 10940 623 672 641 668 596 END
START -12364 5852 -6228 5976 2822 11701 618 669 635 667 598 END
START -13076 1876 -7444 7066 3174 10848 624 670 643 669 599 END
START -12456 4960 -7932 7584 4398 11170 620 668 646 668 598 END
START -12096 1380 -8660 8294 4503 10051 623 667 642 668 599 END
START -11156 5152 -8808 8542 6205 10564 623 669 644 670 600 END
START -12204 820 -10468 9062 5576 9414 623 670 645 671 601 END
START -11692 4656 -9604 8538 4075 9520 623 672 642 670 596 END
START -9032 2620 -12168 8804 3091 8155 622 670 646 671 602 END
START -11328 468 -10372 8060 1102 7202 620 670 646 669 601 END
START -9992 4428 -10680 8071 197 6904 623 669 647 671 601 END
START -9840 408 -13160 8352 -788 5227 624 672 648 672 600 END
START -11520 2348 -11740 7325 -1326 4708 627 671 647 673 603 END
START -10224 4764 -12104 6643 -781 4271 624 671 641 673 602 END
START -8652 3848 -13652 6418 -632 2892 622 670 650 673 603 END
START -10532 776 -13680 5414 -935 1643 625 670 649 672 603 END
START -10976 3760 -11912 4277 -1167 1424 620 667 648 674 603 END
START -10572 6024 -11816 3637 -472 1291 623 668 646 674 602 END
START -9720 6632 -13508 3308 -126 487 622 670 649 673 603 END
START -10020 2516 -15152 2766 -849 -742 623 664 651 669 602 END
START -11336 2304 -13316 1825 -1657 -1185 623 665 649 672 603 END
START -10912 2948 -12712 1121 -1355 -1261 623 669 649 673 604 END
START -11800 5544 -11356 691 -339 -921 620 671 648 675 604 END
START -11304 7572 -11680 593 527 -470 621 670 648 673 601 END
START -10168 6196 -13912 735 1091 -643 623 669 651 673 603 END
START -10552 3892 -14844 725 828 -1096 622 664 649 673 604 END
START -11588 2232 -14360 369 98 -1232 621 669 650 672 605 END
START -12908 3284 -11732 -134 -557 -808 622 670 651 672 604 END
START -12676 5256 -10796 -444 -326 -307 622 669 649 673 602 END
START -12564 6868 -10692 -695 58 39 622 671 646 672 597 END
START -10620 7252 -12624 -542 779 173 622 669 649 674 604 END
START -10856 5860 -13376 -507 645 -187 624 671 649 674 600 END
START -10704 4364 -14148 -539 56 -519 621 671 643 674 605 END
START -12224 1496 -13124 -775 -710 -722 622 670 650 673 604 END
START -12472 1344 -12424 -957 -886 -682 621 670 648 676 604 END
START -12368 1808 -11688 -1106 -809 -550 621 670 648 672 599 END
START -13008 2740 -10460 -1135 -864 -502 624 668 648 673 605 END
START -12484 1840 -11452 -1133 -850 -376 619 669 648 673 608 END
START -13160 2624 -10536 -1135 -813 -125 622 668 651 674 603 END
START -13224 3660 -10024 -1049 -867 169 623 668 649 672 605 END
START -12784 4572 -9660 -1005 -996 431 623 667 650 675 603 END
START -12448 5596 -9892 -900 -814 725 621 659 649 672 603 END
START -11828 6328 -10084 -735 -338 958 622 669 647 672 605 END
START -11072 7576 -11352 -558 313 1024 621 671 650 674 604 END
START -10920 7492 -11696 -450 573 906 630 669 650 673 606 END
START -10524 7100 -12400 -312 638 655 621 669 653 672 605 END
START -10264 5072 -13996 -221 208 287 624 668 647 673 603 END
START -9844 4556 -14072 -247 -146 -82 624 667 650 673 601 END
START -10624 1952 -13944 -332 -348 -305 622 668 650 672 603 END
START -10764 1760 -13748 -378 -342 -399 621 668 650 672 605 END
START -11088 1504 -13672 -359 -475 -481 623 668 646 674 604 END
START -11344 1344 -13116 -258 -811 -623 622 669 648 672 605 END