START -11884 4628 2608 168 56 11041 500 640 653 424 473 END
START -11828 4660 2160 173 79 10763 500 640 652 425 471 END
START -11072 4460 1752 119 94 10073 500 641 652 424 472 END
START -10980 4456 1396 73 -157 9116 500 641 652 425 472 END
START -10508 4804 2060 71 -1136 7812 499 642 653 424 472 END
START -9328 4684 1356 -65 -1058 6394 500 643 653 424 473 END
START -8364 5104 1420 -202 -135 4762 496 642 653 425 473 END
START -8828 4988 1104 -487 264 3050 499 643 654 425 473 END
START -8248 5168 972 -627 246 1004 501 643 654 425 473 END
START -8032 5112 1440 -921 -171 -1311 498 643 653 425 473 END
START -7020 5576 1036 -1271 -64 -3670 498 643 653 425 473 END
START -6632 5068 836 -1506 588 -6382 491 643 653 424 473 END
START -7636 4468 520 -2182 1533 -8549 498 644 654 425 472 END
START -7288 3876 532 -2873 2916 -10860 499 644 654 424 471 END
START -8512 3352 276 -3604 4664 -13004 498 645 653 425 471 END
START -10788 2544 1212 -4019 5823 -14708 498 644 654 425 472 END
START -14472 1992 912 -4244 4958 -15456 498 644 654 425 471 END
START -17756 3348 2512 -4323 2230 -15163 498 645 654 424 471 END
START -19256 3768 2680 -4436 59 -13730 497 645 654 425 472 END
START -21228 3096 3408 -4671 198 -11729 497 646 655 425 472 END
START -32768 1612 1688 -3657 1425 826 500 647 656 424 472 END
START -32768 5844 11260 -354 1405 -3026 498 647 654 425 472 END
START -24732 5616 4536 93 1661 1685 497 648 657 425 472 END
START -18536 3720 2616 525 2578 3299 497 647 656 425 472 END
START -20604 3460 1732 1106 2713 6856 498 647 657 424 473 END
START -21400 5440 4036 827 -9 7999 497 646 657 425 472 END
START -19776 1816 1224 896 -1194 8589 497 646 656 425 472 END
START -17664 4588 1024 1301 -371 10233 498 647 656 425 472 END
START -17628 3032 1756 673 -685 11081 497 647 655 425 472 END
START -15312 3608 -144 1002 280 11384 498 646 656 425 472 END
START -14720 3932 1548 280 151 11894 498 646 656 424 472 END
START -11816 3604 -432 533 1168 10972 498 646 656 425 473 END
START -11356 5072 1360 -527 547 10627 498 646 655 425 472 END
START -8448 3884 -1220 -422 957 8191 499 646 655 424 472 END
START -8240 5808 1408 -1389 -220 6565 498 646 655 424 472 END
START -5636 4712 -788 -1342 -18 3252 498 646 655 425 473 END
START -5672 5660 1936 -2302 -1509 640 499 646 655 425 473 END
START -2808 4504 -736 -1918 -1094 -3346 499 645 654 425 472 END
START -4420 3600 1272 -2641 -1802 -6904 499 646 655 424 472 END
START -4336 5588 644 -2329 -849 -9892 498 643 654 424 472 END
START -6896 1476 -244 -2629 -775 -13340 499 645 654 424 472 END
START -10104 4916 2708 -3061 -227 -14534 499 644 654 425 473 END
START -11524 3244 36 -2842 706 -16523 499 646 654 426 474 END
START -15880 936 1340 -3666 -53 -16986 499 646 654 425 473 END
START -15676 4192 216 -3634 1002 -16838 499 645 654 425 473 END
START -17088 -692 -3004 -2792 -985 -9483 500 646 648 424 472 END
START -32768 3064 15704 950 3989 -6289 500 645 648 424 471 END
START -27384 5016 3400 1357 11043 -2401 501 645 647 425 474 END
START -24772 2380 -488 1784 9209 -391 500 645 647 425 474 END
START -19116 6096 -152 368 5981 2246 500 645 647 425 474 END
START -15712 3168 -2864 67 2010 1907 499 645 646 425 474 END
START -16060 1864 452 -1055 -2703 2903 500 645 646 425 474 END
START -15632 4796 2048 -679 -4843 2726 501 646 646 426 475 END
START -13360 412 588 -263 -4847 1646 502 647 647 426 474 END
START -13684 3324 3752 -488 -1793 1901 501 645 646 426 475 END
START -12508 4832 1672 -127 2773 1119 501 645 645 426 475 END
START -14408 272 1016 -492 2690 6 500 645 644 426 476 END
START -14364 4912 2228 -416 2784 301 502 644 645 426 475 END
START -13880 832 -632 -389 1431 -841 502 645 646 426 476 END
START -16032 2740 2028 -840 5 -195 502 645 645 426 476 END
START -14768 3428 -796 -388 587 -895 501 644 644 427 476 END
START -16512 284 644 -861 -670 -1076 502 643 645 426 476 END
START -15492 4888 704 -722 -21 -405 502 643 644 426 476 END
START -15468 708 -1980 -583 859 -1201 502 643 645 426 476 END
START -17704 1564 976 -1153 332 -174 502 643 646 427 476 END
START -15868 5188 -36 -720 955 -64 502 643 644 426 476 END
START -16120 144 -96 -754 618 -599 502 643 644 426 476 END
START -15748 4968 1600 -658 1341 279 502 642 644 426 476 END
START -14604 1392 -1132 -72 2344 -599 502 643 644 426 476 END
START -15680 420 808 -321 2109 -562 503 642 644 427 476 END