START -11200 3984 3996 -206 -2012 12637 508 626 641 428 478 END
START -10760 4092 3644 -47 -1595 12390 508 628 642 429 479 END
START -10760 4644 3964 76 -1088 11483 509 628 642 429 479 END
START -10640 4820 3952 63 -1687 10126 506 628 642 429 480 END
START -10476 4088 3784 314 -2547 8299 506 630 643 430 479 END
START -8748 4784 3204 35 -3033 6497 504 630 643 429 479 END
START -7500 5308 2848 -22 -2704 4694 505 630 643 429 480 END
START -7092 5344 3172 -218 -1811 2690 504 632 643 429 479 END
START -6272 6240 3008 -703 -1663 800 503 631 644 429 480 END
START -5776 5564 1672 -1277 -1606 -1182 503 630 643 428 479 END
START -6716 4440 1668 -1732 -1107 -3166 503 631 645 429 479 END
START -7668 4088 1636 -2186 -93 -4931 501 631 644 428 479 END
START -7332 4440 1408 -2506 1918 -6588 502 632 644 428 479 END
START -6760 4920 1512 -2988 5279 -8131 501 631 644 428 478 END
START -8708 4380 2012 -3452 8118 -9614 501 633 644 429 478 END
START -11368 3908 2776 -3698 7803 -11173 500 631 644 428 478 END
START -13788 1708 2084 -3447 5057 -12835 500 632 645 427 477 END
START -14036 1500 1804 -2908 2432 -13416 499 630 643 427 477 END
START -13492 3848 2860 -2888 1589 -13553 499 632 645 428 477 END
START -14220 4188 4212 -3329 2455 -13617 498 632 644 427 476 END
START -15908 1144 2888 -3150 4951 -13914 498 632 643 428 476 END
START -17188 3148 2820 -2752 7137 -12750 498 632 645 428 450 END
START -22384 2852 4116 -2887 7021 -10075 497 631 643 427 446 END
START -32024 304 2480 -1155 7061 -669 497 632 643 426 448 END
START -30176 7668 7436 -379 6927 -3406 498 633 644 429 451 END
START -28768 1128 1620 -27 1215 380 497 633 645 427 457 END
START -22500 2820 1888 926 -1971 3254 497 632 644 428 459 END
START -21928 3412 3616 254 -2465 6277 497 633 644 428 458 END
START -19172 2120 1396 904 722 7508 497 633 645 428 462 END
START -20888 4224 3716 685 863 9714 497 632 643 428 463 END
START -18636 -36 924 1091 709 10036 498 632 644 429 464 END
START -16392 4520 2796 1265 1033 11483 498 635 644 428 464 END
START -15068 708 1424 1016 882 10881 498 632 644 426 464 END
START -11856 5192 1888 974 1675 10838 498 632 644 428 465 END
START -10472 748 364 699 1847 9024 499 632 644 426 465 END
START -8256 5328 1116 174 2905 7964 499 632 644 427 465 END
START -8124 1080 -372 -822 2436 5413 499 632 644 427 465 END
START -6700 5628 924 -1039 2363 3339 499 632 643 427 465 END
START -6884 1796 432 -1936 686 -159 499 632 644 426 466 END
START -5776 5532 1320 -2046 -523 -2746 498 631 643 425 465 END
START -4900 868 -936 -2235 -1381 -6971 499 631 643 425 465 END
START -6240 3884 2160 -2553 -1815 -9184 500 631 643 425 465 END
START -6888 2340 -128 -2131 -838 -12293 499 631 643 425 465 END
START -10424 468 1736 -2582 -1330 -14487 499 631 643 425 465 END
START -12840 3864 3696 -2425 -842 -15304 499 631 643 426 465 END
START -14396 1340 512 -1663 176 -16392 498 631 644 425 465 END
START -17028 -944 1348 -2174 110 -15821 498 631 643 423 466 END
START -17392 2068 896 -2456 2426 -13945 497 631 641 421 461 END
START -30852 -4736 -660 859 7467 -2761 499 628 640 424 460 END
START -30148 2168 5776 128 9532 -5708 500 630 640 425 462 END
START -26984 3044 -168 962 5018 -1809 499 630 641 423 462 END
START -22136 -1180 -2096 1523 902 -477 500 630 642 426 463 END
START -19376 640 1736 928 -3478 882 500 631 641 422 463 END
START -14224 3068 180 1268 -2177 1093 500 630 642 422 464 END
START -13052 -988 -1120 602 371 245 500 630 642 422 464 END
START -15356 1552 1888 229 1980 998 500 630 642 422 464 END
START -14572 1660 -716 685 3425 336 500 630 641 422 464 END
START -17548 328 1824 -84 2053 532 501 631 641 422 464 END
START -16304 3240 504 330 1409 654 501 630 642 422 464 END
START -16936 -1580 -656 82 -176 217 500 630 642 422 465 END
START -16624 2784 1996 -264 -722 1147 501 630 642 422 464 END
START -14552 1056 -1400 67 642 626 501 630 642 423 465 END
START -16704 -676 364 -674 401 934 502 630 641 422 465 END
START -16140 3592 496 -395 1586 1418 502 630 641 423 465 END
START -16132 -1092 -1856 -372 1160 709 501 629 641 422 465 END
START -17140 -260 924 -656 -205 1337 502 629 641 423 465 END
START -15072 3736 460 -98 443 1435 501 629 641 424 465 END
START -14772 -1076 -1820 -257 376 688 502 629 641 423 466 END
START -16356 1664 1480 -431 111 1324 502 629 643 423 466 END
START -14556 2412 -1136 214 874 865 502 632 639 423 466 END