START -6800 3936 1188 -902 2250 3448 504 615 638 432 458 END
START -6752 3812 1156 -1032 1866 2401 503 616 636 432 458 END
START -5972 4260 1368 -1304 163 -676 503 617 636 432 460 END
START -5684 3808 1120 -1529 -1563 -3991 504 617 635 432 459 END
START -4944 3824 1304 -1839 -1739 -7528 503 617 637 432 459 END
START -6016 3428 912 -2403 -1015 -10664 503 617 637 433 459 END
START -7880 3372 708 -2693 8 -12862 502 618 637 432 459 END
START -10500 2972 1144 -2958 425 -14470 501 618 637 429 459 END
START -13036 3504 2372 -3283 891 -15393 504 618 637 432 460 END
START -15424 3120 1884 -3538 1106 -15579 500 619 638 432 459 END
START -18520 2472 1444 -3411 964 -14695 500 619 637 432 459 END
START -21952 1596 1864 -3133 167 -12634 499 619 637 432 459 END
START -22288 1228 -404 -2861 450 -7344 498 621 637 430 458 END
START -32768 2768 10620 301 7661 -2667 498 620 637 432 459 END
START -26632 2992 2676 -138 5296 1390 499 621 638 432 460 END
START -26160 5092 784 95 202 4859 499 618 637 432 460 END
START -23568 2692 1368 181 -2398 8771 499 620 637 432 461 END
START -21656 2644 2704 -137 -3607 9423 499 619 638 432 459 END
START -18524 1728 560 55 -3425 10548 499 620 638 432 461 END
START -15940 3460 1288 216 -2858 11533 499 619 638 432 460 END
START -14492 3872 2748 -139 -2278 12192 499 618 639 432 461 END
START -11928 1552 736 -5 -941 10985 499 619 637 431 461 END
START -10336 4128 1112 226 -2 10092 500 618 637 432 461 END
START -10536 4352 2348 -267 -551 9288 500 619 637 432 461 END
START -9236 1676 676 -356 -586 6878 500 619 633 433 462 END
START -8152 5272 1000 -645 -488 5250 500 618 638 433 464 END
START -8588 5128 2520 -1716 -2184 2910 501 617 637 433 463 END
START -6476 3616 -28 -1606 -2775 -290 501 617 636 433 463 END
START -8092 4568 2080 -2263 -4357 -2227 501 617 636 433 464 END
START -7500 3056 264 -2006 -4337 -5200 501 617 637 433 464 END
START -9140 5564 2592 -2843 -4371 -6498 501 617 637 433 464 END
START -8032 2240 -204 -2870 -1385 -8869 500 618 638 433 464 END
START -10492 4828 2416 -3693 835 -9560 501 618 636 433 464 END
START -11884 2460 -68 -3291 3548 -11148 501 617 637 433 464 END
START -16320 2796 3148 -3998 1462 -11463 502 619 639 433 464 END
START -17012 2620 500 -3650 -383 -11552 501 618 638 435 465 END
START -16936 40 880 -4333 -3503 -11207 501 618 634 431 464 END
START -31852 28 4648 -376 874 4340 502 615 634 432 465 END
START -29244 5504 9224 -785 3582 -3107 502 610 634 433 465 END
START -24716 4240 3864 -295 3839 541 502 612 633 433 467 END
START -18056 660 -1320 -133 795 838 502 611 632 432 465 END
START -16288 4284 1240 -835 -1816 2473 502 612 628 432 467 END
START -13956 1020 -1412 -1271 -2779 2216 502 612 631 431 465 END
START -15844 -312 2048 -1885 -5020 2497 503 613 633 432 466 END
START -14904 3900 4332 -1498 -4488 2740 503 613 632 431 466 END
START -13504 732 2308 -973 -2404 1737 503 613 634 433 466 END
START -14688 2676 5464 -1487 -1834 1872 503 613 634 434 467 END
START -12864 3952 2616 -925 -125 1353 503 612 633 433 467 END
START -14028 -132 2144 -1076 -703 584 503 613 634 433 467 END
START -15060 4452 4196 -1131 -1140 1152 503 613 634 433 468 END
START -13872 1980 1348 -756 -847 393 503 612 633 432 467 END
START -16040 2108 4236 -1301 -1998 612 504 613 633 433 467 END
START -14744 5064 3140 -797 -1052 767 503 610 633 434 467 END
START -15252 580 1564 -842 -1154 179 503 612 633 433 468 END
START -16336 4364 4676 -956 -1348 1097 504 612 633 432 468 END
START -14460 4112 1820 -353 -382 643 503 611 633 433 467 END
START -16580 1288 3324 -786 -1503 893 504 612 629 434 468 END
START -15420 5328 3080 -396 -1099 1336 503 611 632 434 468 END
START -15132 1020 1260 -220 -1642 595 503 610 632 433 468 END
START -16244 3992 4632 -708 -2803 1485 503 610 632 433 468 END
START -14148 4656 2428 -200 -2336 1266 502 610 632 433 468 END
START -15028 600 2236 -372 -3398 700 504 610 632 433 469 END
START -15448 5312 5524 -691 -3990 1578 503 609 632 434 469 END
START -13796 3856 2112 -157 -3700 807 504 610 632 433 469 END
START -15132 1504 4176 -678 -4619 711 504 610 632 433 469 END
START -14052 5804 4944 -595 -3858 1339 504 610 632 433 469 END
START -13092 3624 2152 -130 -2522 623 504 611 632 433 469 END
START -15288 2128 4384 -737 -2928 888 504 610 631 433 469 END
START -14972 5868 5248 -368 -1631 1272 504 607 631 433 468 END
START -14484 1356 1932 118 -987 733 505 609 631 433 469 END