START -15408 3656 392 -2072 -3176 8303 503 597 637 429 476 END
START -15092 3456 524 -1983 -3189 8298 505 597 638 429 477 END
START -13880 3580 68 -1753 -3149 8135 505 598 638 428 477 END
START -12184 3824 -292 -1642 -2256 7669 505 599 638 429 477 END
START -11304 3852 -284 -1674 -1104 6784 504 601 639 429 477 END
START -10880 3568 -700 -1739 -879 5471 506 601 639 429 477 END
START -10352 3644 -468 -1900 -1067 4051 505 602 639 429 476 END
START -9620 3996 116 -2112 -1318 2280 504 603 640 429 477 END
START -9072 3704 52 -2605 -1683 192 505 603 640 429 477 END
START -8112 3912 -52 -2824 -1795 -1975 507 604 640 430 477 END
START -7024 4032 -552 -2708 -1840 -4486 505 606 641 430 477 END
START -6836 3736 -460 -2897 -1082 -7176 505 606 641 429 477 END
START -8608 2896 -196 -3040 8 -9518 504 608 642 429 477 END
START -10916 2228 644 -3368 -121 -11191 505 609 641 429 477 END
START -12916 2260 632 -3493 -943 -12357 505 610 642 429 477 END
START -14184 3000 408 -3491 -1895 -12936 505 612 643 430 477 END
START -16056 2320 872 -3563 -2013 -12836 505 613 643 430 476 END
START -18436 960 284 -3866 -1480 -12048 505 613 643 430 477 END
START -27788 716 -2064 -4064 2997 -877 505 616 644 429 477 END
START -32768 4132 5372 -1830 6994 -5705 504 617 645 430 477 END
START -29280 2464 316 -1895 3300 608 504 616 645 430 478 END
START -23588 1620 -580 -1808 -2488 2713 503 617 645 429 477 END
START -20012 1556 -1684 -1687 -2529 5881 506 619 646 429 477 END
START -18892 3920 1332 -1977 -1784 7254 504 619 646 431 478 END
START -18248 628 -76 -1716 -627 7597 504 617 645 430 477 END
START -16380 2692 0 -1161 394 8885 504 618 645 431 477 END
START -16676 3016 1684 -1259 1 9732 505 618 645 430 477 END
START -14996 440 -160 -711 236 9068 505 618 645 430 477 END
START -13028 4240 852 -378 431 9328 505 617 646 430 479 END
START -12832 1992 1212 -610 -105 8412 505 618 645 430 477 END
START -9840 3456 -140 62 792 6985 505 618 645 430 477 END
START -9860 4500 2008 -448 566 6074 505 618 646 430 478 END
START -8860 1168 -332 -518 819 3413 505 620 645 430 477 END
START -8024 5176 1192 -453 198 1724 506 617 645 430 478 END
START -7840 1704 1332 -728 -1648 -1315 506 617 646 430 478 END
START -5472 4584 876 -302 -999 -4302 505 617 646 430 478 END
START -6364 1312 880 -808 -1311 -7317 506 618 645 431 477 END
START -5364 2696 -1040 -337 801 -10101 505 617 646 430 477 END
START -9296 1148 1192 -1069 1171 -12182 506 614 645 430 477 END
START -11056 3316 348 -871 2024 -13779 506 618 645 429 478 END
START -14528 -632 -4 -1377 380 -15212 505 618 645 430 478 END
START -14724 2136 -896 -1296 684 -15280 506 617 645 429 478 END
START -22300 -236 -5692 -1487 1803 -2885 507 613 643 428 477 END
START -32768 4200 7600 1672 11564 -6950 507 609 641 429 476 END
START -30460 -1208 -1548 1543 10566 -2935 507 610 642 430 478 END
START -23616 1696 -2524 1236 3394 238 507 610 641 429 478 END
START -17924 1704 -4572 536 -415 773 506 609 640 429 478 END
START -16676 400 -2856 -1189 -4175 1928 507 610 641 430 480 END
START -14480 2260 -2180 -1178 -4236 1528 507 611 640 430 478 END
START -14972 -1736 -272 -1435 -3542 873 507 611 641 430 476 END
START -14468 2376 2384 -1002 -858 1514 507 612 641 430 475 END
START -13860 -356 -468 -476 1733 327 507 611 641 430 476 END
START -15912 2868 2164 -708 1491 844 507 611 641 430 477 END
START -15048 -220 -1732 -469 661 -451 507 611 641 429 478 END
START -15876 1808 476 -968 -575 85 507 611 639 430 477 END
START -14772 -488 -2264 -755 33 -711 507 609 641 430 478 END
START -16564 1768 1008 -1181 -609 -121 508 609 641 431 478 END
START -15220 412 -1996 -703 236 -786 507 610 641 430 478 END
START -17064 536 864 -1099 -310 -168 507 610 641 431 478 END
START -15612 1680 -1896 -545 568 -423 507 610 640 430 478 END
START -17528 532 388 -955 -625 -78 509 610 640 430 479 END
START -15596 1752 -2160 -501 281 -21 509 609 641 430 477 END
START -17432 512 152 -975 -647 335 508 609 641 430 478 END
START -15328 1604 -2268 -489 405 211 507 609 641 430 479 END
START -17088 200 396 -938 -452 515 508 609 641 430 478 END
START -15356 1776 -1768 -448 508 332 507 608 640 430 478 END
START -17244 412 804 -897 -819 577 507 609 641 430 479 END
START -15572 2036 -1052 -297 -579 377 508 608 641 430 478 END
START -16988 168 740 -715 -2229 541 507 608 640 429 478 END
START -14556 2256 -1500 -164 -1284 374 508 607 640 430 478 END