START -9000 4312 800 -906 -4239 1999 517 611 644 444 476 END
START -8620 4400 572 -958 -4313 1282 517 611 644 444 476 END
START -7520 4312 528 -1316 -3291 -670 517 611 645 443 476 END
START -7704 4320 620 -1950 -1382 -2671 516 611 645 442 475 END
START -8948 3920 364 -2598 -261 -4627 516 613 645 442 475 END
START -10228 3828 604 -3052 -583 -6351 514 614 645 442 475 END
START -10388 3684 652 -3260 -1128 -7882 515 613 645 442 475 END
START -10896 3360 1248 -3507 -1144 -9281 515 614 646 442 475 END
START -11204 3348 1188 -3663 -498 -10307 515 615 647 442 475 END
START -11276 3488 1488 -3394 373 -11268 514 616 646 442 474 END
START -12560 2936 1708 -3265 756 -12142 514 617 647 443 474 END
START -13564 2508 1948 -3276 576 -12962 513 617 648 432 473 END
START -14708 1908 1564 -3210 314 -12910 510 617 647 442 471 END
START -16076 2160 1480 -3275 487 -12213 512 618 648 440 472 END
START -17268 3220 2600 -3357 1260 -11269 512 619 649 436 472 END
START -19460 916 2476 -3364 2057 -10133 512 618 647 440 472 END
START -32252 -3312 4248 -1125 4117 -1460 512 620 648 439 473 END
START -22800 3380 5364 152 3214 -4058 512 621 649 441 473 END
START -23576 2772 2716 335 2995 -101 512 620 649 441 473 END
START -22124 -376 1324 432 2483 1527 511 621 650 441 472 END
START -22080 2472 1616 597 1532 4073 511 622 641 441 473 END
START -22028 1592 3268 156 40 5854 512 621 649 443 473 END
START -20428 -120 1208 694 362 6630 511 621 649 441 469 END
START -19768 3536 3516 765 91 8584 511 621 650 442 473 END
START -19244 16 2748 887 -417 8874 511 621 649 440 472 END
START -17108 2900 2040 1486 216 9805 511 622 649 440 473 END
START -17624 856 3188 1215 -627 10187 511 621 648 440 472 END
START -14472 3888 1756 1626 954 10484 510 621 649 440 472 END
START -15396 256 1632 1260 687 10067 510 614 649 442 472 END
START -13468 4836 1704 1330 743 10245 511 621 649 439 471 END
START -12200 1016 -212 1073 165 8538 510 621 649 439 471 END
START -11500 5304 2228 309 -631 8093 511 621 647 439 470 END
START -9236 2388 -1256 199 -406 5715 510 621 650 438 470 END
START -9628 2768 1204 -829 -1755 4032 510 621 649 439 464 END
START -6808 6376 740 -854 -1061 1549 510 622 649 439 469 END
START -6752 1608 -260 -1506 -1548 -1817 509 621 648 438 470 END
START -7108 4664 2304 -2135 -1455 -4110 509 621 649 438 468 END
START -6444 4984 -440 -2082 -437 -6975 509 621 649 437 468 END
START -7628 408 -2036 -2544 -442 -10117 508 621 650 438 468 END
START -10260 1652 1292 -3720 -739 -11615 510 621 649 437 467 END
START -10964 4776 1516 -4227 721 -12849 509 620 649 438 467 END
START -12056 1496 -1296 -4189 2463 -14059 509 620 648 439 466 END
START -15564 -1668 -1568 -4361 1923 -14392 510 621 648 437 466 END
START -18992 -2528 -100 -4358 516 -13113 509 620 649 438 466 END
START -17412 -1104 -160 -4109 760 -9817 510 618 647 436 463 END
START -32768 3976 13156 404 5145 -6075 508 617 648 438 463 END
START -22060 -316 300 1430 4297 -2903 508 619 648 439 462 END
START -21036 -316 -128 1508 2165 -324 508 616 648 437 462 END
START -18932 1948 1148 627 1648 1605 508 618 649 438 462 END
START -16704 3804 -396 460 739 1699 508 616 648 438 461 END
START -15504 -1184 -1380 -204 -631 714 507 612 647 437 460 END
START -16124 296 1480 -1040 -1010 849 506 615 647 437 460 END
START -15632 3164 2596 -1163 -343 1127 507 616 648 437 460 END
START -14504 3440 656 -915 343 571 506 615 647 438 459 END
START -15224 -1904 -228 -1018 57 -92 507 614 647 437 459 END
START -16764 -316 3092 -1344 -440 427 506 614 647 434 459 END
START -15768 4096 3480 -1277 173 612 505 612 648 437 461 END
START -14516 1860 -464 -935 1097 6 506 612 647 436 459 END
START -15408 -1820 -692 -1076 377 -477 507 611 647 437 458 END
START -16760 -712 1660 -1286 -99 6 500 610 647 437 458 END
START -15732 4240 1868 -1084 593 456 505 610 646 437 459 END
START -15000 2676 -288 -616 812 -127 505 609 647 437 458 END
START -15944 -1948 -1124 -484 -186 -370 505 608 647 438 456 END
START -16928 -1928 660 -374 -871 3 505 608 646 437 457 END
START -17000 2292 2672 -327 -408 851 505 607 645 437 457 END
START -15144 3640 104 72 744 639 506 607 645 437 456 END
START -15336 -2292 -1760 55 701 72 505 608 644 436 456 END
START -17140 -160 2072 -677 479 805 504 606 645 437 455 END
START -16748 3580 1712 -567 737 1039 505 604 645 436 455 END
START -15152 2120 -1520 -281 143 360 504 603 644 435 454 END