START -9168 3816 568 -339 -750 11047 509 609 631 441 483 END
START -8952 3832 440 -438 -363 10505 509 609 632 438 483 END
START -8684 3708 16 -655 -85 8848 508 609 632 442 485 END
START -8168 4096 212 -1043 -134 7060 509 609 632 442 483 END
START -7432 4072 -32 -1553 -43 4793 508 609 632 442 482 END
START -7352 4272 536 -1931 -314 2422 508 609 632 442 482 END
START -7124 4224 900 -2334 -1070 -444 508 599 631 442 482 END
START -6684 3996 904 -2664 -890 -3101 506 608 631 442 482 END
START -6320 4164 608 -2964 301 -5868 506 607 629 443 482 END
START -8112 3100 716 -3306 1066 -8315 507 608 630 443 482 END
START -9060 3232 1136 -3782 1039 -10227 506 605 629 441 482 END
START -9712 3804 1972 -4163 1375 -12090 506 607 629 442 482 END
START -11848 3852 2828 -4383 1401 -13647 506 607 629 442 482 END
START -15124 2912 3116 -4409 749 -14542 506 607 629 441 481 END
START -16572 2256 2564 -4570 -854 -14735 505 606 627 441 481 END
START -16512 1404 1520 -4589 -1517 -14409 504 606 626 441 481 END
START -18156 2452 2044 -4401 -320 -13339 504 606 626 441 471 END
START -20440 2380 3156 -4508 684 -10867 504 607 622 440 468 END
START -32768 508 8476 -1561 3862 -339 505 607 624 441 470 END
START -30160 3616 6324 -1653 2826 -2815 504 608 623 441 472 END
START -27448 4332 1792 -554 -1001 1456 505 608 622 441 473 END
START -23580 2236 3444 -307 -6279 4114 505 608 622 441 474 END
START -19692 2184 2180 480 -6245 6934 506 609 622 440 475 END
START -18452 4820 4568 470 -3843 8647 505 608 623 441 475 END
START -18332 688 2536 919 -1515 9296 505 609 622 441 476 END
START -17512 4416 2920 1491 -220 10829 505 609 623 441 476 END
START -17712 804 1936 1516 -868 11371 506 609 623 441 476 END
START -15568 4344 1572 1997 -512 12102 506 608 622 440 477 END
START -15272 1296 1556 1640 -1486 11990 506 609 623 441 476 END
START -12608 5660 1800 1409 -619 12389 506 608 622 441 476 END
START -10556 1680 -808 994 -324 10830 506 608 622 441 475 END
START -10108 5892 1200 277 484 10576 506 607 622 441 475 END
START -8608 2044 -1088 100 1017 7902 507 607 622 440 476 END
START -8816 5212 1592 -760 578 6766 506 606 622 439 477 END
START -6512 3996 -1288 -671 1015 3636 506 606 622 440 476 END
START -7216 4620 2188 -1683 -263 1447 506 605 622 440 476 END
START -4312 6792 188 -1685 723 -1861 507 605 622 440 476 END
START -5760 1748 44 -2462 248 -5273 506 604 622 440 476 END
START -5972 6072 1424 -2494 631 -7732 506 605 622 440 476 END
START -7128 936 -796 -2827 520 -11129 506 605 622 439 473 END
START -9368 3504 2700 -3430 655 -12830 506 605 623 439 475 END
START -10016 3804 36 -3146 2187 -14788 506 604 623 439 476 END
START -13764 140 688 -3599 1049 -16293 506 607 624 437 476 END
START -15324 3544 3348 -3739 -336 -16323 506 610 625 438 476 END
START -15192 3552 1268 -3051 -306 -16611 505 611 626 434 476 END
START -13520 -2316 1000 -3100 -1250 -17773 506 612 627 432 472 END
START -30408 -4300 6272 2867 5651 1418 506 613 631 435 474 END
START -27372 9564 9900 1007 15070 -4486 507 613 624 435 474 END
START -28684 3972 -552 2293 12929 -1578 507 614 630 435 473 END
START -22632 348 -2752 2319 4969 -1146 507 616 630 434 474 END
START -20344 500 256 1265 -3494 535 507 618 631 435 474 END
START -14892 5028 152 525 -6487 1391 507 618 631 434 473 END
START -12912 -556 -2280 -282 -4792 216 506 619 631 434 473 END
START -14520 -476 2096 -673 -1435 746 507 619 632 435 472 END
START -14804 4260 3880 -482 2088 1010 507 619 632 435 471 END
START -15584 2288 1456 -235 2949 -13 507 618 632 436 472 END
START -16816 -452 2220 -733 794 -221 508 619 632 436 473 END
START -16688 4428 3656 -867 -236 486 508 619 633 437 474 END
START -15272 2076 -276 -608 -375 -250 508 619 632 437 474 END
START -15660 -948 -220 -1063 -1255 -402 507 619 632 437 474 END
START -16816 980 2240 -1404 -745 308 507 619 633 436 474 END
START -15768 4412 1540 -1123 591 510 507 619 632 436 473 END
START -15752 24 -776 -966 576 -261 508 619 632 436 475 END
START -17908 944 2552 -1344 -1022 382 508 620 634 437 469 END
START -15992 4960 1548 -910 -1184 823 508 619 632 436 475 END
START -14528 2348 -1248 -394 -523 245 508 619 632 436 475 END
START -15608 -1012 -96 -787 -754 119 508 620 632 437 475 END
START -16604 1380 2196 -1003 -1053 933 509 619 631 436 475 END
START -14788 4272 1036 -588 -278 962 509 619 632 437 475 END
START -14016 1604 -1216 -278 -23 127 508 619 632 437 474 END