START -19620 3188 1924 -518 -218 5707 507 619 619 438 461 END
START -19428 3140 1952 -452 -270 6176 507 619 619 437 462 END
START -19024 3296 1688 -273 -613 7280 508 619 619 437 462 END
START -18184 3352 1908 -20 -1110 8230 508 620 618 437 462 END
START -17408 3256 1636 202 -1883 8872 508 619 619 437 462 END
START -15752 3284 1472 383 -2031 9160 507 620 619 438 462 END
START -14288 3368 1104 353 -1446 9210 508 621 619 438 462 END
START -12676 3748 988 454 -438 8717 508 620 619 438 462 END
START -12028 2740 548 496 201 7758 509 620 619 439 462 END
START -11468 3240 748 241 467 6873 508 621 620 438 462 END
START -10044 4168 140 -164 639 5630 508 620 619 438 464 END
START -9072 4592 -132 -622 611 3737 508 621 620 439 459 END
START -7968 4940 -36 -1330 -72 1416 508 621 620 437 461 END
START -7460 4980 248 -2087 -393 -1191 505 620 620 438 461 END
START -7360 4016 684 -2766 -783 -3797 508 620 620 437 462 END
START -8392 1972 348 -3044 -851 -6643 509 620 620 438 461 END
START -8812 1884 -360 -2846 -580 -8593 508 620 621 436 461 END
START -10672 4296 1620 -2981 -644 -9582 508 620 621 438 461 END
START -12160 1968 2228 -3093 -1051 -11278 507 621 621 439 461 END
START -11228 3512 1332 -2526 -45 -12675 508 620 621 438 461 END
START -13548 1604 2068 -2828 114 -13576 507 621 622 439 462 END
START -13956 1712 32 -2530 2216 -14837 507 621 621 439 462 END
START -17736 2724 3072 -3578 2503 -14301 507 622 623 440 462 END
START -19752 1608 560 -3447 2275 -14100 507 622 623 439 462 END
START -21884 -2316 2228 -3819 -1342 -11894 506 622 620 438 462 END
START -32768 -120 6952 -1730 1992 -2604 506 623 621 439 463 END
START -28468 -740 2680 -981 2869 -1666 506 622 622 439 461 END
START -26656 2136 3400 -619 631 2810 505 622 622 440 463 END
START -22376 2616 772 141 899 6030 506 623 624 440 463 END
START -23480 -4 3228 152 521 8649 505 623 623 441 463 END
START -20704 3512 2156 830 1289 10232 505 622 623 440 463 END
START -20056 -1168 948 952 206 11133 505 622 623 441 463 END
START -18368 3340 2664 962 112 12878 506 622 623 440 464 END
START -14788 2700 -680 1478 1537 12773 506 622 623 440 464 END
START -15180 -800 44 959 906 12571 506 622 622 440 463 END
START -13680 4480 1616 598 690 12955 506 623 623 439 463 END
START -10172 2176 -2052 717 1358 11423 506 624 622 440 463 END
START -9816 -28 -1328 4 955 9855 507 623 622 439 463 END
START -9272 5204 632 -409 972 8920 507 622 623 440 463 END
START -7024 2672 -2432 -201 703 5875 506 622 622 441 463 END
START -7692 604 24 -861 -1011 3293 506 623 623 441 464 END
START -6060 5868 2068 -1087 -1418 816 507 621 622 439 462 END
START -3668 4588 -1880 -941 -747 -3224 507 623 623 440 463 END
START -4124 1168 -1840 -1033 -1118 -7230 504 623 623 439 464 END
START -6132 160 120 -1520 -1233 -10595 507 623 622 440 464 END
START -8556 2244 2260 -2035 -1073 -12922 507 623 623 440 464 END
START -10608 4436 2060 -2200 -1376 -14992 508 625 623 440 464 END
START -12080 4240 1532 -2201 -751 -16746 508 623 623 440 464 END
START -12616 3524 -180 -2526 668 -17813 507 624 624 440 464 END
START -15480 -708 -2692 -3111 2973 -17731 508 624 624 440 464 END
START -16920 -2860 -3616 -4027 3430 -16826 508 623 622 438 463 END
START -32768 -7116 2668 -854 3740 -3855 508 623 622 440 464 END
START -30712 -720 5140 -433 5465 -5535 508 621 622 439 464 END
START -25648 -1616 476 -251 3356 -3673 508 622 622 439 463 END
START -20352 1132 96 -815 2116 -536 510 623 622 439 464 END
START -18136 3480 -904 -1594 1885 1007 509 623 622 439 464 END
START -16636 2880 -1992 -1928 1126 916 509 622 621 440 464 END
START -15628 964 -1744 -1949 -411 390 508 622 621 440 465 END
START -14584 -940 -1388 -1711 -1119 -54 509 622 621 440 464 END
START -13432 -2040 -1284 -1533 -284 -345 510 622 620 439 464 END
START -13848 -2464 -1172 -1504 1423 -499 509 622 621 440 464 END
START -15064 -2896 -928 -1531 1666 -778 508 622 621 440 464 END
START -15760 -3260 -692 -1423 1117 -855 509 622 619 440 464 END
START -16684 -3124 -48 -1520 -54 -782 509 622 620 440 464 END
START -17040 -2668 720 -1541 -1096 -450 509 623 621 440 464 END
START -16836 -1936 1180 -1476 -1221 -290 509 623 620 440 464 END
START -16992 -1316 2256 -1173 -849 -303 509 623 623 440 466 END
START -17420 -780 2332 -1034 -198 -63 509 623 622 440 464 END
START -17256 2392 2068 -879 154 356 509 622 621 441 464 END
START -16520 3548 256 -603 551 590 509 623 621 440 465 END