START -8888 2756 896 -2378 -3398 -11756 496 592 615 437 452 END
START -9464 2460 1064 -2425 -3201 -12259 496 592 615 437 451 END
START -10460 2624 1712 -2703 -2045 -13899 496 592 615 437 453 END
START -12656 2872 2124 -3329 -491 -14715 496 593 616 437 452 END
START -15192 3100 2692 -3567 -526 -15552 495 593 615 439 453 END
START -16648 2776 1828 -3732 -1398 -16031 496 594 617 437 453 END
START -17536 1292 256 -4308 -1921 -15237 496 598 617 437 453 END
START -19180 1984 1624 -4334 -1662 -12768 496 598 617 437 453 END
START -22064 2432 2428 -3968 -196 -5056 496 598 617 437 454 END
START -32768 1288 8828 -1958 7156 -5049 497 599 619 437 455 END
START -28624 1600 4484 -1267 5684 -1346 497 599 618 437 455 END
START -25412 2248 1228 -758 891 1332 497 598 616 437 455 END
START -21472 1080 936 -644 -1841 4019 496 598 616 437 454 END
START -19944 1700 2804 -384 -3350 6572 498 599 616 437 454 END
START -18772 580 1912 -243 -1386 7298 496 600 616 437 455 END
START -18632 788 1340 175 323 8550 499 599 616 436 455 END
START -17760 2236 1300 442 1075 9853 498 598 616 438 455 END
START -17524 3616 1960 368 1112 11145 499 599 617 437 456 END
START -18044 1852 1680 292 257 11909 500 598 617 437 456 END
START -16796 1280 160 536 -268 12010 500 597 616 437 456 END
START -14352 4112 520 651 -529 12522 500 596 617 436 457 END
START -13632 3848 1568 178 -1066 12486 500 595 617 436 457 END
START -11420 1944 -804 434 -213 10990 501 593 618 434 457 END
START -11044 4944 392 181 -331 10374 502 592 617 436 457 END
START -10396 1964 12 -90 -1221 8422 502 591 619 436 457 END
START -8820 5480 88 -174 -429 7033 502 590 620 437 458 END
START -9056 4744 1824 -1007 -683 5265 503 589 619 436 458 END
START -6860 4528 -980 -772 466 2556 502 581 618 436 458 END
START -8024 4488 1208 -1667 -433 499 504 587 619 436 458 END
START -6544 3272 -1432 -1330 -304 -2742 503 587 619 436 458 END
START -7636 3604 2152 -1936 -1589 -5272 502 587 619 436 458 END
START -5860 5492 60 -2164 174 -8059 504 585 618 436 459 END
START -8124 1976 944 -3166 455 -10535 505 586 619 436 459 END
START -8108 5508 1024 -3450 1492 -12444 505 584 617 435 459 END
START -9780 1040 1124 -4155 380 -15482 504 584 616 435 459 END
START -12012 4028 3360 -4153 -1613 -16929 504 586 616 435 459 END
START -12804 3324 1748 -3564 -2816 -18775 505 590 616 433 459 END
START -15456 -1956 236 -3714 -4958 -19465 504 593 615 433 460 END
START -15364 -2404 3148 -4472 -7083 -19286 504 591 612 431 460 END
START -29296 -316 6268 269 1733 385 504 588 617 434 462 END
START -29656 4284 6888 342 12966 -8189 505 583 614 434 461 END
START -32268 984 2660 53 11149 -3878 506 587 613 434 461 END
START -25676 2476 -2108 920 3648 -1765 506 588 609 432 462 END
START -20096 -836 -2796 -110 -3573 -921 506 590 605 434 461 END
START -17324 940 320 -1604 -6189 903 506 591 604 434 463 END
START -13844 2284 -236 -1213 -4796 1298 507 592 605 433 463 END
START -13676 -1848 720 -1205 -2247 490 507 592 605 434 462 END
START -15220 -388 4436 -1425 -56 946 506 593 606 435 463 END
START -14716 3632 3664 -1018 2441 1149 506 592 607 435 463 END
START -14660 8 952 -665 1859 9 506 593 607 435 463 END
START -16580 1468 3888 -1130 -181 650 505 591 607 435 463 END
START -14740 2828 580 -646 -92 324 506 593 606 436 463 END
START -15884 -1872 248 -979 -1175 -111 507 594 607 434 463 END
START -16608 924 2860 -1271 -1226 626 506 592 606 436 464 END
START -14528 3380 1320 -812 235 443 506 592 607 436 463 END
START -15416 -1452 740 -758 205 -210 506 591 607 435 463 END
START -17132 1412 3900 -1105 -112 555 506 593 607 436 463 END
START -15980 3828 2260 -647 507 532 506 594 607 436 463 END
START -14960 -840 -952 -542 -310 -335 506 593 607 435 464 END
START -16600 -312 2304 -944 -1120 324 507 592 606 436 463 END
START -16308 2812 2536 -740 -352 626 507 593 605 436 464 END
START -14844 532 -1164 -503 -33 -196 507 592 606 436 463 END
START -16148 -2248 724 -970 -1163 -128 507 592 606 436 463 END
START -16492 1120 2900 -1130 -735 612 506 593 607 437 464 END
START -15160 2652 660 -796 112 413 508 593 607 436 463 END
START -15324 -2164 -88 -867 -637 -242 507 593 607 436 463 END
START -16212 848 3716 -1238 -1101 356 508 593 606 436 462 END
START -15024 3636 3236 -933 67 545 507 593 607 437 464 END
START -13996 856 -676 -538 810 -506 508 593 608 437 465 END
START -15844 -1876 880 -920 -215 -332 507 592 606 436 461 END