START -14996 3172 3196 -401 -1523 9983 505 619 634 441 482 END
START -14992 3332 2684 -440 -1533 10042 505 616 634 441 481 END
START -13768 3284 2244 -302 -1410 9793 505 620 634 441 480 END
START -12308 3292 1960 -201 -1072 9329 504 621 635 441 480 END
START -11336 3460 2192 -123 4 8468 503 621 636 441 478 END
START -9968 3560 1812 -187 1315 7399 502 621 636 440 479 END
START -9964 3536 1168 -444 2730 6249 502 622 636 440 478 END
START -9240 3620 932 -616 3471 4594 502 623 636 440 478 END
START -9112 3620 1136 -1174 3552 2825 503 621 636 440 478 END
START -8144 4396 768 -1726 3301 860 502 621 636 440 477 END
START -8252 4352 820 -1960 1909 -1309 501 619 636 440 477 END
START -8040 4204 1164 -2288 152 -3932 501 621 636 439 476 END
START -8140 3540 1252 -2620 -396 -6367 501 621 632 440 477 END
START -8980 3808 1744 -2946 120 -8154 500 620 636 441 476 END
START -10084 4360 1920 -3372 862 -9506 500 621 636 440 476 END
START -11516 4220 2676 -3600 1251 -10386 503 621 636 440 476 END
START -13268 2328 3328 -3802 1123 -11632 492 616 636 439 475 END
START -12944 1352 2316 -3500 2419 -13162 499 620 636 440 475 END
START -14840 3120 2624 -3329 3956 -13505 499 621 636 439 475 END
START -18508 2028 3008 -3812 3448 -13012 498 620 635 439 475 END
START -19596 448 780 -3540 1890 -12173 496 620 631 439 474 END
START -32172 892 3012 -2378 2907 1561 498 619 633 439 475 END
START -28844 3900 7924 -1404 2649 -5326 498 620 633 439 474 END
START -25840 3168 1176 -510 4194 8 497 618 633 439 474 END
START -23992 2676 2396 -866 553 1921 497 617 634 439 474 END
START -21952 720 2212 12 -3513 3673 497 617 633 439 474 END
START -20940 3936 4564 16 -5617 7133 497 617 633 439 475 END
START -20132 -192 2704 608 -4702 7414 497 617 633 439 475 END
START -18280 4048 3212 1018 -2168 9766 489 617 633 439 475 END
START -17948 220 1956 1666 -221 10466 499 617 633 439 475 END
START -17964 4156 3892 1473 739 12168 497 617 633 440 475 END
START -15612 1180 348 1659 1528 11814 499 612 633 439 475 END
START -15344 3400 2972 847 772 12544 499 617 633 439 475 END
START -13188 2684 76 803 979 11312 499 617 632 439 475 END
START -8964 2756 -104 -90 659 11026 499 616 632 439 475 END
START -6736 2004 -3320 -28 2056 9134 499 616 633 439 476 END
START -8944 3388 892 -922 766 7896 499 617 634 439 476 END
START -7300 2072 -472 -1046 1709 5145 500 617 632 439 476 END
START -10364 4036 3732 -2108 1358 3458 500 617 633 439 476 END
START -2828 4588 -2956 -2260 2440 -130 500 617 634 438 475 END
START -9928 3556 4176 -3167 225 -2963 500 617 632 438 475 END
START -4848 3892 -812 -2669 342 -6390 501 617 633 438 476 END
START -9752 2380 3720 -3432 -2604 -9301 499 617 632 438 476 END
START -6084 4084 -56 -3590 -1316 -12061 501 617 633 440 476 END
START -8500 -12 208 -4278 -357 -14570 501 618 634 438 476 END
START -12584 4540 3824 -4624 926 -15404 501 618 633 437 476 END
START -12412 792 184 -4596 2347 -17363 501 618 633 435 476 END
START -16008 1008 1540 -5021 1440 -16789 495 617 633 434 475 END
START -16288 2948 -4312 -4285 631 -16532 501 618 633 434 476 END
START -22476 -2416 1320 -4339 -1861 -15297 501 619 632 433 476 END
START -32768 -1608 4404 -1735 1225 2614 503 615 633 435 477 END
START -26332 7892 6960 -303 8311 -6948 503 614 632 436 478 END
START -28932 -1440 1196 -192 5572 -2205 504 613 632 436 478 END
START -22256 3500 1696 262 1574 -391 504 614 632 436 478 END
START -17124 -152 -3024 -430 -1558 189 503 615 631 436 479 END
START -17468 -536 872 -1435 -4113 1446 504 615 631 436 479 END
START -15044 2540 872 -1199 -3643 1534 503 616 631 436 479 END
START -14956 -2116 1204 -868 -3076 779 504 615 632 437 479 END
START -14912 -604 3632 -910 -1179 1460 504 615 632 437 479 END
START -14396 3044 3484 -421 1398 1324 504 618 633 437 479 END
START -14696 -1460 496 -277 1225 348 505 615 632 437 479 END
START -16560 1336 3740 -680 -400 926 505 614 633 437 480 END
START -14332 1744 84 -259 220 547 502 615 632 437 480 END
START -15768 -1816 1204 -623 -841 207 504 614 633 438 480 END
START -16804 3068 3592 -577 -583 918 504 615 633 438 480 END
START -16628 736 1200 -158 226 -154 505 615 632 438 480 END
START -11576 -260 -1208 -471 221 219 504 614 633 438 475 END
START -17292 2520 1644 -48 1125 270 504 606 632 438 480 END
START -18812 -1424 2332 -391 -621 303 505 614 632 438 481 END
START -13576 3164 -336 -141 469 1113 509 614 633 437 481 END