START -11832 9168 -3536 -3670 -4335 9015 492 622 635 422 455 END
START -11656 9036 -3716 -3626 -4148 9025 495 623 633 422 456 END
START -10612 9072 -3644 -3557 -3550 8890 496 623 630 423 455 END
START -9536 8900 -3632 -3469 -2776 8314 493 621 633 421 452 END
START -9608 9212 -3168 -3394 -1681 7732 495 623 634 422 455 END
START -10004 9292 -2876 -3297 -2062 6906 496 626 634 420 456 END
START -9736 9440 -3092 -3191 -1839 6613 495 622 635 424 454 END
START -9596 9972 -3140 -2834 -2285 5907 495 624 634 423 455 END
START -9348 9080 -2972 -2639 -3256 4960 495 625 635 423 455 END
START -7960 8568 -2920 -2442 -3664 3708 493 625 634 425 456 END
START -6132 7836 -3344 -1950 -2049 1968 496 627 640 426 454 END
START -5708 8464 -3228 -1257 572 341 495 628 638 424 456 END
START -6608 10636 -1712 -1008 1969 -507 494 630 640 424 458 END
START -8644 9976 -848 -1137 2235 -1456 495 629 642 425 457 END
START -9512 7708 -3852 -356 2723 -3111 495 630 641 424 457 END
START -9816 11688 -1704 -60 2143 -2863 494 628 640 427 457 END
START -10056 7528 -3404 151 982 -4337 495 630 642 422 456 END
START -7948 12604 -1596 636 2198 -4554 495 631 642 425 457 END
START -4612 7696 -6552 283 2727 -6720 496 632 643 424 456 END
START -9680 11596 -604 -174 3958 -6382 495 632 644 425 457 END
START -7336 8144 -5784 -323 3641 -7923 493 631 643 427 459 END
START -9632 11864 -2296 -415 4086 -6918 498 636 645 425 457 END
START -10232 7404 -4460 64 4396 -7834 495 635 646 426 457 END
START -8676 12208 -2596 595 4376 -7355 496 634 646 424 457 END
START -8936 6616 -3408 1111 2506 -9322 493 637 649 429 456 END
START -9884 9636 -780 1744 1397 -9689 495 637 650 425 458 END
START -10628 4668 -2676 2201 -726 -12196 494 638 654 428 459 END
START -14532 8256 3584 2080 -3150 -12964 493 637 656 426 455 END
START -11756 5340 -464 2879 -1042 -15015 494 640 657 427 462 END
START -18064 6696 -17268 528 16411 9454 494 642 658 430 462 END
START -32768 13316 -2000 3376 17253 -5018 494 643 656 432 461 END
START -29288 9852 -4716 703 -2358 -2190 496 642 656 431 459 END
START -11684 11776 -11028 123 -7015 -622 495 644 658 429 458 END
START -9448 8852 -8028 -1105 -7960 -809 495 645 660 429 455 END
START -12068 8396 -2788 -3295 -6733 218 494 643 657 429 460 END
START -16716 8460 -5696 -3683 -2012 1458 494 646 660 428 459 END
START -18128 6676 -3584 -4493 -693 3086 497 649 660 429 459 END
START -19236 11236 -6396 -3958 1372 6279 497 643 660 427 461 END
START -22028 5796 -2932 -4469 255 8600 495 646 662 427 458 END
START -18436 10404 -1716 -4758 -107 12007 495 646 661 428 458 END
START -22728 6980 -384 -4212 -1461 12594 493 646 661 426 458 END
START -18236 6652 204 -4873 -795 13924 495 645 663 426 457 END
START -13036 9924 -4728 -3837 448 14053 494 645 661 429 459 END
START -11528 6132 -1024 -4218 -818 12400 495 646 661 429 460 END
START -5604 9640 -388 -3817 108 11534 494 647 662 432 461 END
START -5196 5568 -3092 -3122 -693 8533 494 645 662 429 460 END
START -3684 10792 -3372 -1873 -1590 6531 493 643 663 429 459 END
START 4008 5840 -7800 -1513 -5600 2253 494 647 664 432 461 END
START 784 8116 -4332 -453 -5017 -1276 493 646 662 429 460 END
START 10260 8800 -6372 -339 -2463 -4906 493 645 664 428 458 END
START -16104 6332 10244 504 -3442 -9746 493 643 662 431 458 END
START 12300 9024 -14596 2423 5436 -12380 494 647 664 430 460 END
START -1644 6448 -3788 2678 5491 -15315 495 646 662 430 462 END
START -6028 4512 -5432 3986 6248 -17879 496 646 664 429 463 END
START -13880 7920 1548 4630 5085 -17912 494 647 665 431 460 END
START -3628 4188 -8788 4693 2286 -20094 495 647 666 431 460 END
START -12580 11676 3696 3487 -205 -18651 495 644 657 431 457 END
START -32768 -3856 -16888 4880 17727 6630 496 650 665 432 450 END
START -32768 9840 3316 8188 -4495 -7022 491 648 660 432 452 END
START -18084 13844 -11460 4027 -22228 -1458 490 648 658 430 451 END
START -1412 7524 -14864 3015 -17364 -1778 486 644 652 427 454 END
START 1964 9264 -7036 -305 -7453 -863 486 646 653 429 453 END
START -14284 7976 -4076 353 1701 1340 485 645 651 427 448 END
START -16244 3300 -576 487 2537 778 486 643 651 430 446 END
START -19188 9152 1684 1911 1669 515 484 639 645 428 449 END
START -15168 7168 -1300 491 437 553 485 637 642 429 454 END
START -13988 10348 -6256 1169 3442 497 485 635 641 425 451 END
START -14548 5308 -4120 711 1659 325 486 636 643 429 451 END
START -14400 10572 -2056 760 582 1726 486 634 643 431 452 END
START -14800 4952 -4488 717 -551 323 488 636 644 430 451 END