START -19396 1232 2568 1126 -1640 6734 518 615 634 446 486 END
START -19512 1368 2644 1165 -1667 7279 518 614 627 446 486 END
START -18800 1192 2524 1449 -1971 8230 519 614 632 446 485 END
START -17740 1092 2096 1575 -1926 9199 518 614 633 446 485 END
START -16860 1292 1988 1684 -1572 9837 517 613 633 446 485 END
START -16060 1340 1164 1596 -1226 10261 518 612 633 446 485 END
START -15352 1516 956 1309 -1043 10499 518 613 633 446 485 END
START -13560 2304 600 937 -840 10200 518 613 634 446 485 END
START -12012 1844 264 515 -611 9190 518 613 633 446 485 END
START -11180 1720 72 -102 -213 8076 519 613 633 445 485 END
START -10300 2928 372 -606 54 6864 517 613 632 447 484 END
START -9284 3444 572 -1044 470 5351 517 613 633 446 484 END
START -8596 3760 560 -1470 607 3497 517 614 634 446 484 END
START -8312 3916 1024 -1857 345 1375 517 614 634 446 484 END
START -7764 3724 1352 -2253 243 -1056 517 613 633 445 484 END
START -7744 2844 1392 -2754 534 -3788 516 614 634 446 484 END
START -7896 1080 464 -2985 660 -6822 516 615 634 445 484 END
START -7884 1608 -4 -3049 1036 -9088 516 615 634 446 484 END
START -8972 3488 1560 -3434 1366 -10587 516 615 633 446 484 END
START -11992 796 2424 -3822 1078 -12608 516 616 634 446 484 END
START -13084 396 948 -3568 1336 -14050 516 616 634 445 484 END
START -15384 2660 3268 -4147 965 -14013 516 617 635 445 484 END
START -17236 -1300 868 -4082 753 -14751 516 618 635 445 484 END
START -19228 2008 2296 -4353 261 -12971 515 619 635 445 483 END
START -23876 -2628 -388 -3870 -427 -8018 516 619 635 443 482 END
START -32768 2300 10792 -1582 -119 -6835 516 619 634 444 484 END
START -26400 -580 3040 -1172 1439 -3406 515 619 636 444 484 END
START -24628 1772 3088 -1367 -543 535 515 619 636 443 483 END
START -22772 1188 1816 -658 -1507 2817 515 620 636 444 484 END
START -24120 -1552 3824 -935 -3429 5003 516 620 636 444 485 END
START -21600 2756 4112 -546 -3822 6912 517 620 631 445 484 END
START -19636 -1980 1288 189 -4210 7293 515 621 636 444 484 END
START -17948 44 3584 -23 -3571 8975 516 620 636 444 484 END
START -14884 1364 320 506 -858 9446 515 620 636 445 484 END
START -15564 -1576 1744 126 -916 9423 516 621 636 445 484 END
START -14060 2956 2240 -135 -11 9983 516 620 636 445 485 END
START -11856 -424 -796 -82 -282 8548 516 620 636 444 485 END
START -11988 700 2080 -933 -1193 8332 516 620 636 446 484 END
START -8924 3148 -868 -858 -198 7089 515 619 636 445 484 END
START -8616 -1028 -1288 -1057 -784 4800 516 620 636 445 484 END
START -9076 616 2000 -1569 -1147 3538 515 621 636 445 484 END
START -6556 4420 808 -1318 174 1419 516 620 636 444 484 END
START -6656 -432 -108 -1424 255 -1857 516 620 636 445 484 END
START -7784 1192 2428 -1784 177 -3747 516 620 634 444 484 END
START -6284 3948 584 -1438 1601 -6220 516 620 636 445 484 END
START -7100 -12 -916 -1439 2044 -9346 516 620 636 444 484 END
START -10636 292 3408 -2169 1872 -10777 515 621 636 443 484 END
START -12068 3556 3456 -2184 1972 -12179 516 620 636 444 484 END
START -13124 1480 1652 -1840 1195 -13793 517 621 637 444 484 END
START -15312 -1124 -312 -2325 -843 -14744 515 619 636 442 483 END
START -17148 -4264 -1332 -3481 -2337 -14468 515 620 636 441 483 END
START -31696 -2392 -1532 -3468 -2741 780 515 619 635 440 483 END
START -29336 4328 11516 -339 1952 -5926 514 616 634 442 483 END
START -24804 1372 2240 85 6093 -2474 516 612 635 442 484 END
START -18948 -1884 -1660 594 3945 -1019 514 618 634 442 483 END
START -17540 -2972 -368 -651 2165 439 515 618 635 441 483 END
START -17884 824 2688 -1368 1219 1905 515 619 634 442 484 END
START -15484 852 624 -1031 335 1252 515 619 631 442 483 END
START -15100 -4152 652 -860 -841 173 516 620 635 442 484 END
START -15576 -2832 3568 -1204 -318 771 515 618 634 442 484 END
START -15164 2180 3532 -1062 1547 1264 516 619 635 442 484 END
START -14180 2092 800 -687 2579 673 515 618 634 442 484 END
START -14236 -2972 -624 -671 2279 -558 516 619 635 441 484 END
START -15556 -3104 1108 -1178 1742 -427 515 619 635 443 484 END
START -16144 -484 2636 -1368 2475 210 516 619 634 443 484 END
START -15416 2468 1096 -1139 3929 391 515 617 634 443 485 END
START -16100 204 -272 -621 3496 -182 516 619 633 443 484 END
START -16768 -3696 148 -464 1835 -427 515 620 633 443 485 END
START -17560 -772 2424 -644 1125 533 516 618 634 443 485 END
START -17104 1972 1864 -493 1588 1334 517 620 634 443 484 END