START -8616 4612 -288 -164 -3384 7761 505 619 626 436 447 END
START -8548 4644 -368 -51 -3271 7046 504 619 625 437 447 END
START -8572 5072 -412 178 -3604 5192 506 619 627 435 447 END
START -8088 5568 -336 334 -3929 3081 504 620 627 437 447 END
START -7240 5516 -224 380 -3710 754 505 620 627 436 447 END
START -6860 5468 -676 279 -3189 -1749 505 620 626 435 447 END
START -6976 5580 -656 187 -2458 -4268 505 618 626 435 447 END
START -7416 4948 -472 38 -2171 -6848 505 620 627 435 447 END
START -8072 5132 232 -263 -1599 -8920 506 620 626 435 447 END
START -8892 5632 504 -481 -1509 -10965 505 621 627 436 447 END
START -9704 5252 296 -488 -2079 -13076 505 620 627 435 447 END
START -10048 5016 380 -719 -1471 -14388 506 621 627 436 447 END
START -11004 5356 368 -1290 188 -15379 505 621 626 435 447 END
START -12760 5208 808 -1760 1044 -16058 505 620 627 435 447 END
START -15680 4768 1480 -2281 258 -16495 505 621 626 436 447 END
START -16764 2796 1104 -2936 -262 -16850 505 620 626 436 447 END
START -16232 1400 -1232 -3239 539 -16669 504 622 626 434 448 END
START -18596 3400 -272 -3530 2912 -14187 505 621 626 435 447 END
START -22244 1192 844 -4184 3948 -12230 502 620 614 435 447 END
START -32768 -540 4216 -1818 6165 -5366 505 621 621 435 448 END
START -30192 3652 4212 -1745 3362 -2958 504 620 623 435 448 END
START -25832 1464 -1092 -623 1673 16 504 619 621 435 449 END
START -25216 3888 1216 -958 1332 5629 504 620 621 436 448 END
START -24068 1320 392 -603 1110 6821 503 619 620 435 449 END
START -21968 5004 1732 -466 743 9855 503 619 620 435 449 END
START -20920 380 20 -16 378 10593 504 619 620 435 448 END
START -19360 4688 1372 41 343 12628 503 619 621 436 448 END
START -17860 348 -1368 157 -529 12722 504 619 620 435 448 END
START -16400 4664 816 53 -765 14002 505 620 621 435 448 END
START -13884 1316 -2540 286 48 13242 504 619 620 435 445 END
START -13592 4216 600 -718 -129 13580 504 620 620 435 448 END
START -10728 5268 -2064 -645 1175 12619 505 619 620 436 448 END
START -10268 1348 -3088 -1141 476 10552 505 621 620 435 449 END
START -10144 3920 484 -1809 -1020 9232 504 619 620 434 448 END
START -7256 6928 -656 -1874 -397 7105 504 618 620 435 449 END
START -6116 2380 -3040 -2155 -70 3738 504 619 620 434 448 END
START -7020 3596 308 -2910 -1135 1282 504 619 620 434 449 END
START -5212 6836 -624 -2546 -1017 -1627 505 619 619 434 449 END
START -4560 3364 -2640 -2042 -1203 -5696 505 618 620 434 449 END
START -6592 864 -592 -2166 -2309 -8876 505 619 620 434 449 END
START -7700 3468 1568 -2410 -2353 -10905 505 620 620 435 448 END
START -8492 5596 1216 -2036 -1053 -12939 504 619 620 435 449 END
START -10376 4356 -404 -1643 -380 -15205 505 619 620 435 449 END
START -11836 760 -1884 -1634 -328 -17139 498 619 621 435 448 END
START -15404 -1144 -468 -2058 -1135 -17714 505 619 621 435 450 END
START -18832 -812 200 -2494 -2545 -17089 504 619 622 435 449 END
START -18312 2420 2252 -2639 -4041 -16398 504 619 621 435 449 END
START -15864 2224 -120 -3205 -1318 -14900 506 616 618 434 444 END
START -32136 348 2824 -543 6027 -1086 504 618 619 435 450 END
START -28456 3324 2496 475 11539 -5266 504 615 618 435 450 END
START -26340 -464 -1804 1111 8033 -3540 505 617 618 435 451 END
START -21464 -996 -2036 502 2365 -834 506 616 618 435 451 END
START -18192 2400 -168 -582 -1493 114 504 617 618 436 451 END
START -15052 4144 -1344 -1051 -2725 826 505 616 618 435 451 END
START -14004 1604 -2696 -1244 -1929 115 504 617 618 433 452 END
START -14712 1032 -1076 -996 -232 -160 505 617 619 435 451 END
START -15620 -2800 -72 -805 967 -295 504 617 618 436 451 END
START -17364 -232 3112 -891 1026 357 505 617 620 436 452 END
START -17516 2404 3112 -689 592 784 506 617 620 436 451 END
START -15224 3848 -12 -250 593 429 506 617 619 436 452 END
START -14612 -1860 -2592 -228 349 -330 506 617 619 436 452 END
START -15768 -2560 -972 -443 -122 -302 505 617 619 437 452 END
START -16764 -1972 32 -559 -332 -22 506 617 620 436 451 END
START -17032 2260 1784 -670 264 491 506 617 619 436 452 END
START -16076 4032 -192 -404 965 421 505 617 619 438 452 END
START -15632 1072 -2264 -209 317 -302 505 617 620 436 452 END
START -15920 -2476 -2416 -330 -553 -581 506 618 619 436 452 END
START -16456 -2664 -1228 -653 -592 -403 505 617 620 436 452 END
START -17032 -2176 -800 -842 -596 -129 506 617 618 436 452 END
START -17496 -944 440 -1093 -879 202 505 617 619 436 452 END