START -13868 5068 8060 3016 10980 12535 501 596 627 429 478 END
START -13872 5424 7904 3118 10732 12741 501 598 628 429 478 END
START -13852 6132 7972 3309 9834 13358 501 598 628 429 478 END
START -12832 6572 6788 2989 9508 13696 500 598 629 429 478 END
START -12280 6360 6004 2658 9247 13818 500 600 631 429 477 END
START -11592 6428 6684 2717 7391 13488 499 601 632 429 477 END
START -7984 6068 6212 3099 6140 12459 499 605 633 428 476 END
START -1280 6352 2888 3264 8252 10394 498 603 634 427 475 END
START 1996 9484 2896 1346 12426 6782 497 605 634 427 474 END
START 632 11444 3380 -1584 15434 3283 498 605 635 426 474 END
START -4244 11876 5884 -3444 11597 -466 497 605 635 425 474 END
START -4328 11200 6288 -4190 4550 -4591 498 606 636 424 473 END
START -2868 9588 5580 -4713 1599 -8463 497 606 635 423 472 END
START -3688 7956 4980 -5793 2903 -11380 497 607 636 424 472 END
START -9264 5992 5144 -6875 2654 -13149 497 607 636 423 473 END
START -12732 5904 6864 -6892 -1296 -14556 497 609 638 424 458 END
START -12632 6004 7488 -6462 -2498 -14995 496 609 636 424 451 END
START -25980 2908 17176 -1704 4171 -6913 496 609 638 426 458 END
START -17116 6996 10664 -1637 10058 -7429 495 608 639 425 460 END
START -23176 5576 6036 -1601 10220 -4938 495 608 638 425 461 END
START -21624 4676 4848 -1091 5171 -3805 495 608 637 423 460 END
START -17536 7664 6052 -1636 966 -2376 494 608 638 424 462 END
START -18960 6580 6612 -2492 737 -450 495 609 637 423 461 END
START -19584 3780 6008 -2513 1696 542 495 610 637 424 462 END
START -18836 4976 4744 -2243 3203 2722 495 609 637 423 462 END
START -19284 6888 6204 -2520 3578 5226 497 609 636 423 463 END
START -19400 4128 4900 -2661 2887 6323 495 609 638 424 463 END
START -16612 6552 3744 -2514 2280 7845 495 609 638 424 463 END
START -15584 6540 4132 -2607 747 8690 497 610 636 423 463 END
START -12300 3916 1136 -2294 887 7847 496 610 636 423 464 END
START -10152 8976 1884 -2836 2564 7838 496 609 637 423 464 END
START -11344 5208 3588 -3435 2038 6866 496 609 637 423 463 END
START -3252 5916 -2380 -3506 4110 5175 497 609 637 422 465 END
START -7588 6828 2892 -4483 2577 3865 497 608 636 423 464 END
START -2652 4756 -2160 -4545 3643 883 497 608 635 422 464 END
START -4500 7968 1668 -5134 3625 -966 498 608 635 423 462 END
START -2368 4084 -724 -5699 4430 -4604 498 607 635 423 464 END
START -2728 7236 660 -6444 5891 -7490 497 606 635 423 466 END
START -4648 3216 524 -7574 5364 -10850 498 607 635 424 465 END
START -5828 4168 8 -7893 4884 -13895 498 608 636 425 465 END
START -8876 2180 2028 -8822 2492 -15931 498 607 635 425 466 END
START -10052 -200 -536 -8387 1026 -18532 498 608 635 425 466 END
START -11768 760 3028 -9738 554 -19420 497 610 635 426 466 END
START -14072 -1828 -972 -10087 2633 -19128 498 609 635 426 467 END
START -30804 -3524 -756 -9256 7637 734 499 600 633 425 466 END
START -32768 1780 17584 -2222 12214 -12453 497 595 631 426 469 END
START -28508 -3084 6196 -1679 10956 -4027 499 598 631 426 470 END
START -17056 3884 -4 -928 6451 -3098 498 601 629 427 470 END
START -14652 -2320 -2368 -1254 4785 -2825 498 603 629 426 470 END
START -13592 2900 3352 -1350 3441 -2852 498 605 630 427 471 END
START -12704 -1108 -1424 -1758 5561 -5038 499 605 630 426 470 END
START -16040 1040 292 -2543 7388 -3582 499 604 629 427 471 END
START -21888 -136 -1528 -2153 8675 -3118 499 604 629 427 472 END
START -25144 -484 2832 -2479 4496 -1743 501 603 628 427 472 END
START -21884 1892 1128 -1650 473 -859 500 605 628 428 471 END
START -19996 -1180 2044 -1388 -2771 -892 501 604 628 427 467 END
START -15924 2488 1968 -902 -1107 18 500 604 629 427 472 END
START -15632 -2112 488 -758 1108 -313 500 604 629 427 472 END
START -16060 1928 1752 -654 3379 496 501 606 629 420 472 END
START -17168 -2264 916 -412 2913 -144 501 604 629 427 472 END
START -17608 2148 2464 -187 2366 789 500 604 630 428 472 END
START -17460 -2068 612 73 752 273 500 603 630 428 473 END
START -16460 1852 1384 470 660 971 501 604 630 427 473 END
START -17300 -1100 1996 321 -674 846 493 604 629 427 473 END
START -15288 1656 392 949 479 1120 501 604 628 427 473 END
START -17244 -816 1948 936 -62 1148 501 603 630 427 473 END
START -15736 1372 444 1716 909 921 500 605 629 427 472 END
START -17328 1072 2836 1373 -164 1335 501 602 629 427 472 END
START -16284 744 -188 2023 -1 1018 501 603 629 428 473 END
START -17524 532 3024 1577 -1675 1379 500 603 629 428 473 END