START -9848 4648 664 -1180 -626 5128 508 604 631 438 486 END
START -9744 4816 700 -1315 -581 4634 508 603 631 437 485 END
START -9864 4868 744 -1676 -851 3083 508 604 632 438 485 END
START -9240 5424 1164 -1949 -2051 1066 507 604 632 438 486 END
START -8780 5096 852 -2127 -3290 -1120 508 604 631 438 486 END
START -7320 5064 604 -2251 -3680 -3483 508 604 632 438 486 END
START -7384 4444 468 -2399 -2802 -5465 509 606 631 437 486 END
START -8088 4528 268 -2519 -1344 -7288 508 605 632 435 486 END
START -9468 3800 1104 -2665 126 -8893 508 605 632 438 487 END
START -11148 3916 1548 -2964 688 -10031 506 606 632 439 487 END
START -12300 4356 1524 -2778 1205 -10725 508 607 632 438 487 END
START -14324 4356 1592 -2424 1249 -11253 507 607 624 440 487 END
START -15032 4904 2408 -2079 806 -11459 508 607 632 439 487 END
START -17280 4340 2308 -2096 657 -10741 508 608 633 439 487 END
START -17928 4780 2624 -2164 217 -9699 508 609 634 439 484 END
START -20112 3220 2600 -2063 169 -8027 509 610 634 439 487 END
START -19928 1368 2456 -1719 211 -6478 508 611 634 439 487 END
START -30472 192 3560 -200 3232 683 508 611 635 438 487 END
START -22812 5008 4788 482 3437 -1403 507 612 636 433 487 END
START -22832 4708 3012 417 3262 2480 508 612 636 439 487 END
START -21024 3476 2124 613 1377 4315 508 613 635 439 488 END
START -21332 1672 1660 1371 691 6123 508 613 636 439 488 END
START -18852 5492 3044 1395 230 7404 508 614 636 439 487 END
START -18408 3500 2924 1183 -464 8413 509 612 636 438 488 END
START -16680 2072 312 1723 195 8362 508 614 637 440 487 END
START -15500 5480 1572 1411 535 9433 508 615 636 440 488 END
START -14960 1876 664 1024 579 8853 509 614 637 439 488 END
START -13096 4660 -324 1024 1679 8482 509 614 636 439 488 END
START -13000 3904 1096 96 1264 8114 509 614 637 439 489 END
START -10932 3148 -1372 -4 2117 6569 508 614 636 440 488 END
START -10884 6132 1044 -992 1527 6011 509 614 636 439 489 END
START -9220 3128 -1500 -1295 1358 3491 506 614 636 440 488 END
START -9432 6648 1428 -2080 165 2215 509 614 632 439 488 END
START -7356 3348 -648 -2101 -1176 -1046 510 614 636 439 487 END
START -7140 5292 1456 -2581 -2154 -3070 508 615 636 439 488 END
START -4912 4140 -1404 -2224 -1134 -6779 509 614 636 439 488 END
START -8224 2560 1232 -2801 -1730 -8948 509 614 636 439 488 END
START -7752 5248 724 -2614 -803 -11378 509 614 636 439 488 END
START -10348 564 252 -2977 -520 -13343 509 614 636 437 488 END
START -11992 4424 1216 -2908 750 -13989 509 615 638 439 488 END
START -14816 -708 -1456 -2917 869 -14829 509 617 636 439 487 END
START -17616 520 468 -3112 -812 -13420 508 616 636 439 485 END
START -16380 1212 -3724 -2724 312 -8901 509 615 632 437 477 END
START -32768 -1500 5700 -906 2753 -4645 511 608 633 437 473 END
START -27312 6116 5640 -151 4449 -2629 509 613 632 437 474 END
START -23016 964 348 818 689 -2104 509 614 633 437 477 END
START -18552 4360 1280 388 -315 455 510 617 633 436 478 END
START -16448 1648 -1940 126 373 1142 510 616 634 438 479 END
START -17652 2756 1628 -783 -1006 2163 511 609 633 437 479 END
START -15128 3392 -8 -429 -1033 1919 510 615 635 438 476 END
START -16356 -216 1508 -699 -1697 1737 510 615 633 438 473 END
START -15340 4056 2412 -493 -213 2106 510 615 633 437 472 END
START -14244 -8 8 -267 -358 758 510 614 634 438 471 END
START -14176 4404 2556 -527 -563 1375 510 616 633 438 473 END
START -12868 1372 -440 -320 -214 32 510 617 633 438 472 END
START -14704 1712 2840 -809 -299 381 510 616 633 438 472 END
START -13676 3028 -44 -397 967 -320 510 616 633 438 473 END
START -15452 -168 1520 -817 205 -665 510 615 634 438 472 END
START -14868 4380 1200 -661 1077 -426 511 614 633 438 473 END
START -15536 -448 -312 -689 605 -1430 510 615 633 438 473 END
START -17004 2536 2232 -1134 175 -667 510 614 633 438 473 END
START -15528 2832 -1232 -789 736 -942 510 614 632 438 473 END
START -16964 -468 -252 -1098 -362 -1099 510 614 633 438 473 END
START -17352 3556 1636 -1334 -228 -149 511 615 634 438 474 END
START -15708 2984 -1012 -963 24 -532 510 615 633 438 475 END
START -17004 -148 800 -1366 -1282 -258 511 615 633 438 474 END
START -16128 4288 1876 -1262 -334 603 510 615 633 439 475 END
START -15128 352 -800 -911 -290 -191 510 615 632 438 475 END
START -16468 2068 2788 -1292 -1034 601 510 614 632 438 475 END
START -14580 3976 840 -766 -335 578 510 615 633 439 476 END