START -9692 4204 844 -354 -630 7737 506 602 630 434 473 END
START -9432 4032 860 -386 -435 7166 506 602 630 435 472 END
START -9288 4632 744 -721 -418 5509 505 601 629 436 472 END
START -9232 4412 280 -872 -586 3541 506 602 630 435 472 END
START -8812 4592 268 -734 -2297 1103 504 602 631 435 472 END
START -8008 4700 380 -836 -4319 -1170 504 603 631 434 471 END
START -6688 4720 572 -778 -5424 -3970 502 603 630 435 471 END
START -5248 5284 600 -990 -4554 -6616 502 602 630 435 471 END
START -5644 3564 -424 -1318 -1778 -9188 496 601 631 436 471 END
START -8052 3388 -168 -1940 996 -11062 501 604 631 436 471 END
START -11152 4192 620 -2191 1358 -12237 500 603 630 435 471 END
START -12676 4420 1444 -2249 541 -13023 500 604 631 436 471 END
START -14400 4544 2304 -2385 322 -13253 500 604 632 436 470 END
START -16136 5084 2576 -2551 205 -13160 499 604 631 436 470 END
START -18276 4364 2304 -2647 412 -12626 497 605 631 436 470 END
START -20408 3948 2748 -2652 688 -10958 498 606 633 436 470 END
START -23344 2184 2104 -2551 2206 -8647 496 606 631 436 470 END
START -28732 1668 1368 -1517 5070 -617 497 608 632 436 470 END
START -31500 6844 6516 -477 5728 -1698 497 609 634 436 470 END
START -27308 5148 1928 -623 2874 3964 497 609 633 435 469 END
START -26816 1588 764 -222 -379 7671 497 609 633 435 469 END
START -22936 3948 1692 263 -1564 9225 498 609 633 435 470 END
START -19392 5720 1912 -56 -2407 11821 497 609 634 435 470 END
START -17488 1620 308 75 -1232 12129 498 609 634 435 470 END
START -14692 3936 92 217 754 13017 498 609 633 434 470 END
START -14672 4136 1992 -357 403 13208 501 609 633 435 470 END
START -11424 2560 -768 -22 747 11619 497 610 633 435 471 END
START -10532 5116 1668 -589 97 10990 498 609 633 435 470 END
START -8340 1504 -912 -817 -203 8316 498 609 633 434 470 END
START -6932 5660 52 -1150 29 6635 499 609 634 435 470 END
START -6896 1756 -268 -1539 -625 3511 491 609 633 435 470 END
START -4392 5904 116 -1495 -243 729 500 610 633 433 470 END
START -5248 2228 436 -1977 -966 -2788 499 609 632 434 470 END
START -4684 5448 820 -1598 -238 -5750 499 608 633 433 469 END
START -5816 628 -572 -1646 -347 -9304 500 608 633 434 470 END
START -7540 5156 1612 -1682 638 -11179 499 607 633 434 470 END
START -8728 1716 -1228 -1613 1462 -14049 499 607 633 434 470 END
START -13312 2216 1892 -2068 574 -14888 499 610 633 434 471 END
START -14240 5140 1788 -1598 649 -15836 499 609 633 434 470 END
START -15704 -44 -816 -1964 -62 -16423 499 610 633 433 469 END
START -17956 2776 992 -2539 139 -14470 499 609 633 432 470 END
START -23472 1960 -4316 -761 2081 -3330 500 608 630 432 470 END
START -32020 4124 8484 1170 10305 -8847 500 607 629 433 471 END
START -26412 2732 1736 433 9950 -3490 500 607 630 433 471 END
START -21472 4024 -2416 1061 5791 -1915 500 607 629 433 471 END
START -17800 440 -3252 -377 2283 -498 492 607 629 433 471 END
START -18744 3500 424 -1132 159 865 500 608 629 432 471 END
START -16196 1288 -1232 -470 -197 249 501 608 630 430 471 END
START -17052 -556 1944 -634 -991 222 501 608 629 432 472 END
START -15600 3512 2304 -293 871 928 501 608 630 432 472 END
START -14716 -68 -1832 -114 2176 144 502 608 629 432 472 END
START -16532 468 532 -622 1065 175 501 608 629 433 472 END
START -15080 3976 -904 -233 1560 -23 502 608 629 432 472 END
START -15756 -1144 -2508 -602 408 -612 501 608 630 432 473 END
START -17288 2396 1236 -1065 -596 223 503 608 629 432 472 END
START -15380 3688 -528 -752 -23 44 502 608 629 432 473 END
START -15840 -1068 -1312 -839 -340 -708 502 608 629 433 473 END
START -17128 604 1192 -1089 -636 -32 502 608 629 433 474 END
START -15296 4016 -288 -567 77 -67 502 608 629 432 472 END
START -15440 -960 -2812 -674 -431 -806 502 608 629 433 473 END
START -17024 1980 744 -1074 -914 -111 502 608 630 435 473 END
START -15736 4152 -436 -697 17 48 502 608 627 433 473 END
START -15800 -1304 -2368 -637 -393 -841 503 607 629 433 473 END
START -17300 620 404 -1024 -864 -259 502 600 629 433 473 END
START -15608 3992 -752 -783 -101 310 504 608 629 433 474 END
START -15264 760 -2840 -586 -149 -426 502 607 629 433 474 END
START -16660 -520 248 -1042 -1162 -61 502 607 629 433 474 END
START -16520 3156 1660 -958 -671 574 503 607 629 433 475 END
START -14440 2492 -1812 -545 309 1 504 608 631 434 474 END
START -16044 -1388 -960 -863 -685 -239 503 608 629 433 474 END