START -10524 14200 -6152 -4053 -5900 -5462 474 629 667 418 438 END
START -7308 13828 -7404 -4357 -4343 -4390 477 630 668 418 438 END
START -8708 14312 -7948 -5372 -1755 6194 475 629 668 413 446 END
START -13824 12784 -7472 -4263 -2344 14027 438 654 669 422 438 END
START -17152 13312 -4732 -5217 -538 10482 478 630 668 420 439 END
START -14344 13152 -4644 -7442 -1998 7889 484 631 667 420 438 END
START -10856 11708 -5536 -8275 -2654 9090 480 631 666 422 434 END
START -8996 11200 -5676 -6877 -2397 9976 477 631 667 423 438 END
START -7804 10348 -5536 -6362 -1166 10641 477 631 669 420 439 END
START -7448 9572 -4424 -6341 -1277 10721 541 689 662 420 440 END
START -7944 9512 -3448 -6195 -1705 10023 488 631 654 443 437 END
START -8004 9584 -2340 -6000 -1782 8159 477 636 669 420 440 END
START -6960 9460 -2904 -5531 -1833 6673 476 628 667 421 438 END
START -5308 9112 -4568 -4476 -991 5806 476 631 669 422 439 END
START -4416 9676 -5000 -2904 377 5297 476 630 670 421 439 END
START -4996 11500 -2920 -1685 948 5033 482 629 668 420 437 END
START -6836 11764 -636 -1674 -519 3666 476 631 667 423 440 END
START -6680 10380 -3348 -1771 -291 2033 467 628 668 421 439 END
START -5692 12056 -4264 37 1163 1559 477 632 669 420 439 END
START -6724 12088 -72 -315 -885 755 475 635 669 420 436 END
START -6220 10596 -5484 -392 -65 -140 475 631 665 419 439 END
START -6676 13028 -1988 1218 712 -438 493 631 672 416 446 END
START -6820 10124 -3712 365 -1068 -2025 476 632 669 421 441 END
START -6768 13300 -1128 2035 665 -2218 477 624 668 421 441 END
START -5960 10584 -5608 1334 -201 -3858 421 627 683 429 440 END
START -6912 12480 336 2458 412 -4021 481 629 674 426 447 END
START -5532 11168 -7444 2465 1761 -5558 477 630 667 421 440 END
START -6988 9788 -648 2340 -127 -6452 478 634 662 432 433 END
START -6836 12940 -5000 3568 2804 -6749 476 629 664 422 439 END
START -7704 9656 -5820 2518 1851 -8688 477 631 669 419 438 END
START -9940 11980 24 2888 718 -8473 446 623 659 437 440 END
START -9084 13064 -7372 3525 3143 -8505 473 626 671 421 439 END
START -9688 9660 -4380 2688 515 -8933 476 631 669 420 438 END
START -12356 13284 2780 3489 564 -7194 479 630 669 420 440 END
START -22528 12124 -24 2243 -1020 -8898 477 632 666 418 437 END
START -4120 13204 -7852 3868 2601 -7240 477 631 667 412 439 END
START 868 11524 -13432 2203 -1130 -7206 479 633 667 422 442 END
START -13188 12864 -4612 3024 1069 -5887 479 631 665 422 441 END
START -20036 12276 2836 1751 -217 -5186 477 631 667 415 438 END
START -12924 11880 -7496 1914 3212 -5134 481 626 666 421 436 END
START -9988 12580 -5372 301 -1316 -4961 478 628 666 423 440 END
START -11304 12296 -15776 -2996 1227 4682 479 630 664 420 433 END
START -16788 10824 -8404 4027 -4130 1424 479 630 663 421 440 END
START -13808 14804 1324 -1849 -1973 -3350 476 628 665 420 443 END
START -7832 11848 -7428 -527 -1984 -3459 477 630 667 424 439 END
START -8184 8044 -4020 -227 -1868 -3013 480 629 665 421 439 END
START -8048 10480 -428 717 615 553 476 611 667 415 432 END
START -7232 8300 -9312 -574 1693 -154 473 629 668 423 437 END
START -22864 12068 -236 777 970 32 479 631 666 420 439 END
START -2288 11512 -10948 387 1475 -293 476 629 660 423 439 END
START -15688 9336 -5272 -779 -1390 -1437 481 629 663 421 440 END
START -18408 12484 896 495 -1841 -1194 478 630 664 421 439 END
START -10824 9504 -6324 -1076 -1385 -1493 480 622 664 432 446 END
START -13700 11980 -740 261 478 -520 477 614 640 423 441 END
START -9792 9328 -8652 -931 41 -517 478 629 662 423 439 END
START -12688 12288 -3368 155 959 174 480 630 663 423 439 END
START -12904 9192 -6828 -1177 -776 -861 477 637 664 421 439 END
START -14348 11952 -220 -513 -1587 -519 487 626 661 401 484 END
START -10828 11176 -8064 -541 610 -358 441 630 664 423 441 END
START -9944 8492 -7016 -1134 -630 -652 479 628 663 422 439 END
START -11460 11300 -2048 -231 229 417 511 624 614 420 437 END
START -12832 10112 -6536 -797 558 -21 484 630 659 421 440 END
START -7652 8736 -3896 -724 -1322 -773 482 628 666 422 441 END
START -15740 13764 -7344 -614 93 168 545 636 662 418 438 END
START -3380 9908 -12316 -491 -464 -281 479 629 663 423 438 END
START -18268 9400 -2412 -1400 -2633 -263 478 630 665 423 439 END
START -16256 11312 392 158 45 595 494 627 666 428 442 END
START -18484 10872 1304 -1089 -2591 61 483 628 664 422 434 END
START -9312 9144 -9400 -768 604 21 479 629 664 420 441 END
START -14964 11648 -1228 -53 -479 441 479 628 662 429 439 END