START -9840 11232 5956 -127 -2644 1309 487 534 596 477 490 END
START -10116 10956 6228 274 -2827 1087 486 535 596 476 490 END
START -10552 11908 6660 360 -3337 1713 485 535 596 476 491 END
START -11052 11628 6968 704 -4234 2227 487 535 597 476 490 END
START -9900 11516 6684 903 -5616 2248 486 535 595 476 490 END
START -8748 11748 5820 1020 -6099 3023 486 535 593 475 490 END
START -8260 11360 5112 1154 -6118 3889 486 535 591 474 490 END
START -7500 11324 4636 1508 -6220 3708 485 534 591 475 490 END
START -7256 10804 5276 1737 -6039 3727 486 535 592 475 490 END
START -7436 12896 6716 2122 -3919 5052 485 535 593 476 490 END
START -7832 13448 7156 2714 -1277 5311 485 535 593 475 489 END
START -7184 14036 6572 2797 197 5074 486 535 593 474 489 END
START -6844 14196 5160 2769 1502 5210 485 533 591 475 488 END
START -5644 14464 3528 2525 1598 5310 485 534 592 473 489 END
START -6028 14200 4328 1979 593 5261 485 534 591 473 488 END
START -5300 13776 3340 1483 -443 5292 484 534 591 473 488 END
START -4096 13788 3236 1135 -1016 4791 484 534 591 473 488 END
START -5528 13712 5476 785 -536 3865 484 534 592 474 487 END
START -4140 13948 4620 357 582 2502 483 534 591 474 487 END
START -2908 14032 3672 -306 1790 1339 483 533 591 474 487 END
START -3400 14000 4492 -1231 2415 2 485 533 591 474 487 END
START -3252 13792 3636 -2211 2804 -1258 484 533 591 474 488 END
START -3016 13252 3716 -2870 3261 -2628 485 533 590 474 488 END
START -5796 13032 5632 -3551 1998 -3871 485 533 590 475 488 END
START -7188 12404 6244 -4336 12 -5080 485 533 591 475 489 END
START -7812 12368 6516 -5035 -1187 -6184 487 534 593 476 490 END
START -6796 11484 5468 -5949 -2479 -8272 489 535 594 475 489 END
START -2900 9036 2104 -6486 -3206 -10376 485 535 593 475 490 END
START -7700 7060 560 -7391 -8138 -12375 486 534 591 472 490 END
START -6260 8992 4156 -4612 -2605 -2526 483 543 600 475 491 END
START -17480 9292 12468 -252 8808 -1130 478 541 599 476 490 END
START -18528 17252 13248 -1316 6447 -2370 474 539 599 477 491 END
START -11416 15300 6168 -1032 6531 -1110 477 542 601 477 491 END
START -13076 13592 7808 -482 1830 1986 479 543 602 478 492 END
START -10884 12668 7344 136 -1825 3241 478 544 601 477 492 END
START -5416 11832 4244 183 -3075 3475 478 543 603 477 492 END
START -5736 11400 5164 334 -2285 3177 479 544 603 477 492 END
START -6488 11440 5760 413 -786 2897 479 544 602 478 492 END
START -7264 11928 6552 455 176 2545 480 544 604 477 492 END
START -8016 12504 7200 973 -345 2653 479 544 601 477 492 END
START -9560 12516 7428 1476 -2686 3295 480 543 599 477 493 END
START -8664 13044 6992 1559 -5912 3761 479 541 597 477 492 END
START -6340 12592 5972 1490 -7774 4282 480 538 595 475 492 END
START -5840 12248 6108 1769 -6338 4668 481 538 594 477 490 END
START -8088 12512 7360 2066 -2886 4729 482 540 594 476 491 END
START -8876 12444 7244 2239 166 3921 481 539 593 476 490 END
START -8644 11620 6680 2198 1807 3237 482 538 594 476 490 END
START -7852 11836 5716 1974 1631 3057 481 537 592 476 491 END
START -6836 9716 4268 1589 848 2975 482 538 592 476 490 END
START -5244 9336 3132 925 45 2548 480 537 593 477 490 END
START -7000 11548 5420 76 -548 1784 482 537 592 476 490 END
START -6720 11524 5300 -737 -303 353 482 536 593 476 489 END
START -4184 9816 2824 -1710 563 -1113 483 536 592 475 489 END
START -5928 10220 3188 -3075 636 -2859 482 536 592 476 489 END
START -5628 10968 3036 -4131 542 -4311 482 535 593 476 491 END
START -6524 12116 4396 -4637 -291 -5423 482 537 595 477 490 END
START -2672 12520 3008 -5319 -1269 -6969 483 538 595 475 491 END
START -3936 13000 4752 -6112 -2649 -8993 482 539 596 476 491 END
START -4012 11792 1564 -6933 -2482 -11392 484 532 597 474 491 END
START -2572 10260 2828 -5078 6129 -4371 482 546 605 477 492 END
START -16580 9320 11340 443 17573 -2065 483 543 604 478 491 END
START -18988 17000 12428 -419 14800 -2793 481 539 602 478 492 END
START -15372 14548 9872 -1573 7558 -2685 481 540 604 478 493 END
START -11420 12076 7036 -1684 1853 149 483 542 605 478 492 END
START -13216 10036 8796 -644 -3197 1677 483 542 605 478 492 END
START -9012 9480 5260 -1362 -5747 1998 483 542 603 478 491 END
START -7988 9416 4164 -1594 -4004 1394 483 542 604 479 493 END
START -8160 9604 4840 -1335 -190 445 484 542 604 478 493 END
START -10172 8600 5884 -1258 2065 -375 487 542 603 479 493 END
START -10248 9284 6224 -1273 1383 -913 484 542 604 478 493 END