START -5148 3740 1660 -1159 -2034 -2195 501 607 629 436 473 END
START -5280 3740 1876 -1096 -2598 -3325 502 606 628 436 473 END
START -6040 3196 2176 -937 -4254 -6986 500 607 629 435 473 END
START -6236 3140 1944 -810 -4693 -10066 500 607 629 437 473 END
START -6840 3208 1792 -785 -3430 -12548 499 605 628 436 473 END
START -8380 3324 2136 -810 -808 -14091 498 606 628 436 473 END
START -11192 3164 2684 -937 2871 -14891 498 605 627 437 473 END
START -14672 2392 2056 -1167 6817 -15008 498 605 628 437 472 END
START -18168 2324 312 -1497 9575 -13968 497 605 627 437 472 END
START -21200 1468 -932 -1226 9649 -12235 496 605 627 437 472 END
START -26660 1440 -208 -1266 7640 -9456 495 605 627 436 472 END
START -30968 2720 -816 -1952 3799 -2772 496 605 625 437 472 END
START -32768 1504 2876 -1164 3522 -1456 495 606 623 433 470 END
START -26368 2168 732 -1208 1460 2427 494 606 625 437 472 END
START -23188 2620 164 -1082 -789 5669 495 605 627 437 472 END
START -21624 2984 656 -661 -102 8609 495 605 627 437 472 END
START -19716 4096 1808 -408 -378 10457 495 605 626 438 472 END
START -19588 4356 2088 -261 -1312 12199 495 605 626 437 472 END
START -17984 2128 1284 -64 -1962 12678 496 605 626 437 472 END
START -15016 1612 40 338 -1458 12762 495 605 627 439 472 END
START -12676 4484 592 344 -884 12896 496 604 625 437 471 END
START -12444 3820 1212 -132 -688 12223 496 604 625 437 472 END
START -10228 1372 -808 12 -327 10111 496 602 625 437 472 END
START -8380 4732 -340 -191 -129 9049 497 602 625 437 471 END
START -8604 3232 68 -1053 -564 6842 496 600 624 437 471 END
START -6564 2104 -1728 -826 94 3794 496 599 624 437 471 END
START -6372 5696 760 -1311 -673 1677 497 598 623 436 471 END
START -5968 2016 -44 -1505 -1176 -2125 496 595 623 436 472 END
START -4808 5668 484 -1400 8 -5018 499 594 622 436 471 END
START -6200 2344 760 -1911 -32 -8292 497 592 621 436 471 END
START -6072 4084 -1648 -1825 2254 -10627 497 591 621 436 471 END
START -8604 1604 -280 -2151 3369 -12816 493 586 622 436 471 END
START -10304 5312 116 -2001 6018 -13701 497 591 621 436 471 END
START -13536 600 -484 -1909 6730 -15448 497 591 621 436 470 END
START -16804 4020 1720 -2033 5994 -14911 497 591 622 437 472 END
START -18704 2128 -1968 -1504 4130 -15397 497 592 622 436 471 END
START -21824 -1264 -1624 -1840 -1466 -13955 497 593 622 437 472 END
START -23692 4724 -2372 -1938 -4414 -3601 496 590 617 435 471 END
START -30108 4108 3664 -37 6959 -5890 497 589 616 435 472 END
START -28232 -200 696 -511 6610 -2085 497 588 616 436 473 END
START -23572 4704 -1312 -200 1541 137 497 591 617 436 472 END
START -17652 -468 -4560 -495 -2194 309 497 590 618 436 472 END
START -15960 1688 164 -1474 -4516 1617 496 592 618 436 472 END
START -13440 3916 -1040 -2061 -3442 1233 498 592 618 437 472 END
START -13424 -760 -1588 -1889 -2949 -249 497 592 619 437 470 END
START -15100 -360 2036 -2011 -2090 294 498 592 619 436 473 END
START -14360 3728 1396 -1651 837 555 498 592 619 436 473 END
START -15312 -612 -1144 -1380 2088 -556 497 591 619 437 473 END
START -16864 608 1372 -1625 595 -357 502 592 619 437 473 END
START -14984 3536 -744 -1113 350 -250 498 592 620 437 473 END
START -14644 -740 -1984 -1023 -634 -1120 498 592 619 437 474 END
START -15852 96 1236 -1230 -869 -594 497 593 620 437 473 END
START -14744 3384 -152 -729 821 -333 498 593 620 437 474 END
START -15828 -1588 -1256 -442 1197 -1043 499 594 619 438 474 END
START -17020 -788 196 -686 1276 -380 498 593 619 437 474 END
START -16068 3800 -540 -305 2456 213 498 592 619 437 474 END
START -15976 -916 -2952 -46 2091 -611 498 593 619 437 474 END
START -17416 -312 -64 -413 1446 201 500 592 620 437 474 END
START -16548 3764 -1104 -198 2037 682 499 591 618 437 474 END
START -16612 -1044 -2720 -64 679 -68 499 592 617 438 475 END
START -17092 1356 904 -521 -873 501 499 595 619 438 475 END
START -14756 3108 -1840 -168 74 577 499 592 617 437 474 END
START -15772 -1560 -1604 -224 -461 -149 499 592 617 437 474 END
START -16936 728 1192 -642 -1295 281 500 592 617 436 474 END
START -15188 3712 -852 -425 -802 538 501 592 617 437 474 END
START -14720 20 -2464 -161 -941 -460 500 594 617 438 475 END
START -16580 -328 624 -652 -1500 -22 500 593 617 437 475 END
START -15572 4244 -168 -612 -229 385 501 593 617 437 474 END
START -15272 -128 -2872 -377 383 -483 501 593 617 437 475 END
START -16560 -1576 -1012 -698 -465 -446 501 593 617 438 475 END