START -11796 4124 2556 -137 -3487 13593 493 610 638 429 470 END
START -11424 4036 2404 -48 -3430 13289 494 610 637 427 471 END
START -9772 3984 2412 94 -3401 12110 494 610 637 427 470 END
START -9044 4100 2064 292 -3230 10653 493 612 638 427 469 END
START -8092 4324 2384 389 -2631 8818 494 612 638 428 470 END
START -7664 4732 2200 24 -1747 6920 492 612 638 426 470 END
START -8180 4720 1808 -352 -1277 4879 493 613 638 426 469 END
START -9000 5140 1748 -670 -1666 2897 492 613 639 425 469 END
START -9468 5188 2000 -942 -3154 720 491 613 638 427 468 END
START -9300 5340 1872 -1367 -4027 -1124 490 614 639 427 468 END
START -9052 5808 1696 -1537 -3397 -2889 490 613 638 426 468 END
START -8904 6448 1644 -1675 -2002 -4533 490 613 639 427 468 END
START -9988 6036 1264 -1863 -128 -5587 489 614 639 427 468 END
START -11080 5984 1932 -1998 575 -6541 489 614 637 426 468 END
START -10896 6488 1952 -2296 507 -7588 489 614 639 427 469 END
START -10440 6112 2292 -2574 796 -8657 489 614 639 427 468 END
START -11096 4748 2104 -2942 1472 -9798 488 614 640 427 469 END
START -11916 2872 1652 -3176 2302 -11193 489 615 639 430 468 END
START -12172 3024 1200 -3069 3279 -12221 488 616 640 428 468 END
START -12716 4684 2108 -3519 4186 -12383 487 616 640 427 468 END
START -13952 2384 1848 -4090 6049 -12697 486 614 640 427 460 END
START -14620 2344 292 -3915 10325 -12704 486 613 640 427 468 END
START -18528 4188 2036 -4252 12007 -11236 486 614 640 427 468 END
START -21832 1080 1168 -3794 11499 -10266 483 613 640 427 468 END
START -23412 4428 2848 -2991 8255 -5244 486 615 639 428 468 END
START -32768 172 6828 -745 8411 -1700 486 615 641 428 469 END
START -26228 5220 1732 -83 5613 2034 486 614 641 428 468 END
START -23836 2244 168 -140 1344 4597 485 614 641 427 468 END
START -21832 3304 -1060 259 268 8276 485 614 641 427 468 END
START -21676 3424 1632 -320 -1225 9700 485 612 640 428 469 END
START -18448 3808 -1196 -273 151 10848 486 614 640 427 468 END
START -18744 1996 644 -1058 -330 12007 486 614 641 428 468 END
START -15120 3672 -1176 -916 310 12372 485 614 640 428 468 END
START -15276 1280 428 -1373 -1417 11811 486 615 641 428 468 END
START -11976 5452 1020 -1198 -1995 11171 487 615 643 428 469 END
START -9780 1480 -452 -1016 -2636 8763 487 614 641 428 469 END
START -8588 4608 1808 -1562 -2686 7397 488 614 640 428 469 END
START -6164 4296 -812 -1214 -1315 4436 487 614 641 428 470 END
START -7292 2116 932 -1729 -3011 1471 488 614 642 428 469 END
START -5652 6172 1204 -1416 -4378 -1513 488 616 641 428 469 END
START -4116 1792 -212 -1394 -6070 -5999 488 614 641 429 469 END
START -4144 4028 1544 -2121 -4964 -8537 487 613 641 428 469 END
START -3484 4448 -656 -1983 -530 -11514 487 614 641 428 469 END
START -8672 516 -312 -2313 582 -14609 488 615 641 427 469 END
START -12712 3796 1872 -2563 1373 -15540 487 614 641 429 469 END
START -13844 2844 -876 -2391 1059 -17094 487 614 640 427 469 END
START -15920 -516 -1228 -3276 -1589 -16950 488 614 639 427 469 END
START -32768 -260 6176 -1141 699 2263 488 608 639 429 470 END
START -29616 5384 4192 1146 5313 -8243 489 605 639 426 469 END
START -26064 976 -1092 992 7805 -3802 488 605 638 427 469 END
START -20900 5724 -1012 49 4874 -1489 489 606 637 427 469 END
START -19640 1532 -3520 -797 894 100 492 595 636 426 469 END
START -20472 2064 988 -1788 -4369 1333 489 606 637 427 469 END
START -17812 3744 2104 -1103 -6726 1731 490 607 637 427 469 END
START -15396 -800 1460 -347 -6032 1552 489 605 637 427 469 END
START -15132 1556 3704 -464 -2334 2609 490 604 636 427 469 END
START -15844 4476 2412 -26 2040 3100 490 605 636 427 470 END
START -16176 472 -464 -148 1514 2155 491 604 636 426 470 END
START -18100 3468 2440 -618 -1200 3257 488 604 636 426 470 END
START -15956 3796 532 -212 -3052 3064 492 604 635 426 470 END
START -16120 -204 624 -474 -4650 2696 489 603 636 426 470 END
START -16192 3592 3652 -634 -3945 3574 491 603 635 426 470 END
START -15124 4404 2096 -27 -2342 2931 493 601 634 425 470 END
START -16368 816 1972 -21 -2869 2318 493 600 634 427 470 END
START -17448 5588 4480 -64 -3264 2942 492 597 632 426 470 END
START -16292 4424 1484 537 -3697 2237 492 596 631 425 470 END
START -17700 1668 3080 279 -6142 2203 492 594 629 425 470 END
START -17668 5564 5384 80 -6541 2884 491 593 628 425 470 END
START -15612 4468 2540 508 -6117 2303 492 593 627 425 469 END
START -18112 1516 5004 538 -7915 2425 492 593 627 425 467 END