START -8868 10288 -4732 2630 -1100 -10038 487 609 644 433 453 END
START -8464 10224 -4992 2695 -459 -10238 484 610 647 432 451 END
START -8484 10436 -5476 3144 1693 -10192 484 610 645 399 448 END
START -7772 15148 -4860 2480 3382 -9885 484 598 633 431 451 END
START -19520 13584 -13496 -4165 4323 13506 483 601 632 431 452 END
START -28880 13468 -4068 10917 2921 2990 487 601 629 433 443 END
START -20340 19816 -828 -3461 -6470 -8351 484 602 636 434 448 END
START -12564 13640 -7516 -3705 -15013 -6629 484 602 637 434 444 END
START -4852 12396 -8584 -2339 -11718 -4595 485 605 638 435 448 END
START -5876 12656 -6008 -1371 -5130 488 462 608 639 431 457 END
START -10868 11412 -4900 -867 -813 3760 489 610 641 434 448 END
START -15280 10704 -4216 -884 988 3142 483 608 641 442 448 END
START -12856 12108 -5104 -1650 4297 -636 484 608 641 435 451 END
START -10192 12476 -7908 -2495 8006 307 483 608 618 435 421 END
START -10912 12672 -7528 -541 7691 4603 486 604 640 434 446 END
START -13824 14132 -3496 -722 2155 9324 484 605 642 432 455 END
START -15036 12496 -6012 -4295 -2303 10074 486 607 640 432 450 END
START -12780 13316 -6220 -3617 -2821 7935 484 612 636 437 448 END
START -10792 12292 -4408 -5224 -3628 7582 484 606 641 433 450 END
START -7620 12564 -8532 -5010 -686 8074 489 605 640 433 451 END
START -8348 12248 -3572 -5170 -1231 8924 496 605 643 432 458 END
START -6976 11336 -8432 -4461 751 8796 483 606 651 438 446 END
START -9024 10708 -2428 -4690 -1951 7680 483 605 642 433 451 END
START -6892 12624 -4488 -3994 -1077 6082 484 604 644 446 451 END
START -5708 9420 -5952 -4892 -3029 4395 489 605 644 433 449 END
START -5692 12036 -832 -3749 -2031 4105 485 607 643 432 451 END
START -3168 11456 -6888 -3020 425 2464 480 604 637 425 447 END
START -4000 8748 -4212 -2975 -885 1087 486 609 645 432 446 END
START -4740 12364 -1064 -1295 543 324 484 608 644 433 451 END
START -3272 10584 -7096 -631 2150 -1702 476 589 642 427 460 END
START -4760 8184 -4708 -359 168 -3089 482 614 643 434 449 END
START -6744 10932 644 676 323 -3436 484 607 652 433 451 END
START -5924 12556 -5036 1640 2379 -4767 483 607 650 436 451 END
START -5880 9792 -7908 1792 1382 -6420 481 610 647 435 453 END
START -5956 9980 -3336 2618 853 -6785 482 608 644 434 451 END
START -2968 14468 -11892 4815 4562 -6592 483 608 645 433 451 END
START -4904 9748 -4800 3990 2232 -8066 485 606 646 437 449 END
START -9388 13616 -7800 5418 4304 -7456 485 609 644 434 451 END
START -17900 11568 9072 4407 -1516 -8735 484 610 629 436 450 END
START -4240 9832 -11840 4265 636 -9615 483 610 643 432 450 END
START 348 13092 -15948 5241 3618 -9013 482 609 645 435 452 END
START -15096 10956 -1344 4217 -1139 -9256 484 613 647 433 459 END
START -16372 25580 -5924 -1183 3242 -2967 485 602 632 431 451 END
START -28012 1876 -14260 5300 14042 9840 485 602 632 435 451 END
START -27880 20068 -2416 7786 3856 2833 484 598 633 434 451 END
START -16312 14520 -2164 -3144 -1075 -6251 485 599 632 434 420 END
START -6716 14100 -9220 -2036 -6601 -4240 486 596 634 434 446 END
START -3132 9128 -9128 -1886 -2558 -3561 485 601 635 437 450 END
START -5128 11784 -4908 -153 -29 3282 487 599 630 434 453 END
START -8696 9404 -8744 -1256 1375 3264 495 605 631 429 454 END
START -7216 13604 -13272 680 4545 2820 487 604 633 434 449 END
START -24060 11548 3888 -1113 -3232 999 487 598 645 439 458 END
START -12596 10744 -5820 -1923 -876 -2005 488 602 634 439 452 END
START -7532 10892 -5716 -769 -1466 -693 484 601 633 435 454 END
START -14412 9176 -3068 -1258 -1549 -255 491 600 633 431 451 END
START -6724 13740 -11144 801 1043 1112 485 599 634 434 454 END
START -9560 11272 -5544 -287 -1364 124 486 600 633 437 453 END
START -9428 9788 -9104 -737 -732 -856 486 598 633 426 450 END
START -10924 12164 -5600 -43 -362 -400 485 599 632 437 453 END
START -10528 9944 -6868 -1279 -1373 -648 485 597 635 443 453 END
START -8664 11988 -7788 0 1049 -527 492 598 634 434 453 END
START -11072 10484 -4852 -1319 -845 -573 482 603 633 437 451 END
START -9736 12572 -5496 208 2110 74 485 602 634 434 454 END
START -12604 9428 -688 -883 -1215 -218 481 602 635 439 461 END
START -4360 11508 -13668 -570 529 375 488 599 582 438 454 END
START 2368 11024 -13472 -777 -416 -256 486 599 635 437 446 END
START -16924 10168 -3496 -1428 -3685 -475 486 597 636 432 437 END
START -18444 13364 1624 -555 -2552 89 485 598 634 439 457 END
START -7712 10068 -8704 -1505 -116 94 486 597 627 435 457 END
START -14300 12804 -2716 -353 817 503 464 615 637 429 464 END