START -3912 13088 2480 1654 -1702 4676 475 570 621 461 475 END
START -4060 13168 2472 1505 -1471 4334 477 568 622 460 474 END
START -3912 13520 2192 954 -1245 3477 477 568 622 461 475 END
START -4292 13572 2360 433 -1735 2917 477 569 621 460 474 END
START -4252 13424 2584 250 -2592 2176 477 568 622 460 474 END
START -4084 13720 2652 -100 -2827 1523 477 569 622 460 475 END
START -3424 14244 2676 -225 -1392 726 478 568 621 460 475 END
START -3944 13724 2688 -680 -274 -360 477 568 623 460 474 END
START -4712 14024 3348 -1321 240 -817 477 568 621 460 475 END
START -3972 14488 2228 -1921 446 -1289 477 568 621 460 474 END
START -3240 14572 1956 -2432 826 -2202 477 567 621 460 474 END
START -2356 14236 1372 -2987 879 -3854 477 567 621 460 468 END
START -1752 13480 1468 -3385 1576 -5473 477 567 621 460 474 END
START -1696 13692 1044 -3934 2186 -6739 477 567 621 460 475 END
START -3576 13668 1484 -4548 2622 -7345 478 567 622 460 475 END
START -6520 13508 3644 -4917 2284 -8402 477 566 622 459 476 END
START -3660 14024 1928 -5959 1730 -9813 478 566 622 461 476 END
START -5132 13120 3560 -6705 2845 -10914 479 566 622 460 475 END
START -2756 12872 3572 -7278 4970 -13523 479 565 623 461 476 END
START -6468 12100 6676 -7168 5856 -14900 478 566 621 461 476 END
START -8108 10924 7700 -7198 3163 -16545 477 566 621 461 475 END
START -9748 9508 2432 -8425 -2376 -17471 477 568 619 459 476 END
START -7928 3148 2652 -4910 2902 -6733 477 575 618 453 472 END
START -27872 5248 13464 2816 22546 -3009 477 568 621 462 475 END
START -32768 14792 13664 -671 9052 -5102 476 560 620 462 474 END
START -19220 12396 5980 -1914 -804 -3188 477 562 621 463 476 END
START -16360 10224 3064 -1325 -6314 1511 477 564 622 462 476 END
START -11896 10084 2076 -1216 -7616 2767 479 565 623 463 477 END
START -6152 10192 824 -901 -4866 2925 478 565 622 463 477 END
START -10120 11024 4304 -369 -1270 4309 477 566 622 463 477 END
START -10584 11484 3940 72 -570 4930 478 564 621 464 478 END
START -11316 12364 5508 419 -215 5064 477 561 620 464 478 END
START -7360 13100 3568 850 688 5829 477 561 619 464 478 END
START -9936 14244 5364 1354 431 6814 476 562 619 464 477 END
START -12744 14484 6928 1684 -396 8105 477 561 619 463 476 END
START -8028 13752 3304 1830 -1328 9103 478 562 619 463 475 END
START -5912 12488 1968 1964 -1790 9749 478 561 619 466 476 END
START -4420 12428 1600 1802 -2344 9134 479 562 620 464 475 END
START -4992 11884 2640 1778 -1932 8789 479 562 620 463 475 END
START -7588 12128 5040 1570 -1661 7636 479 561 621 464 474 END
START -6388 12244 5352 1148 -1402 5843 479 561 620 463 474 END
START -5172 12004 5112 547 -1188 3946 479 561 619 461 475 END
START -4028 12132 4492 -109 -1099 2072 479 560 619 463 474 END
START -5268 12572 5616 -1245 -1436 77 480 560 619 464 475 END
START -3696 12664 4284 -2169 -703 -1976 480 560 619 464 475 END
START -6048 11860 4920 -3118 1442 -4341 480 559 620 463 474 END
START -7000 11324 4516 -3928 842 -6816 481 559 619 463 475 END
START -6804 11560 5168 -4386 578 -9209 481 560 620 463 476 END
START -5004 10492 3216 -4854 1351 -11338 481 561 621 463 476 END
START -3568 9076 2528 -5487 1339 -13320 481 561 621 463 476 END
START -10776 9708 6440 -5461 -481 -13561 480 559 611 462 476 END
START -5016 5184 3416 -3765 -1587 -8720 480 561 616 460 476 END
START -27372 6740 10100 3514 13951 3022 482 559 617 464 475 END
START -25140 17044 12304 817 5035 -4428 480 555 617 464 475 END
START -13028 14784 4976 -83 2600 -3089 481 554 617 464 476 END
START -11896 13364 2948 13 2238 1121 481 555 618 464 477 END
START -11304 11548 2724 -110 -650 3065 481 555 618 464 477 END
START -8420 11772 1700 -647 -2676 3051 481 555 618 465 478 END
START -5000 10908 832 -871 -1765 2562 482 555 618 464 478 END
START -5748 11500 1432 -798 643 2102 482 555 617 465 478 END
START -7732 12424 2940 -635 2655 1847 482 555 618 465 476 END
START -9388 12184 4320 -478 1717 1435 482 556 614 465 478 END
START -7468 12252 3296 -488 -905 1325 482 556 619 464 478 END
START -8924 12428 5548 -403 -3173 1416 482 556 619 465 478 END
START -10436 12204 7020 -323 -3996 1536 483 558 619 464 478 END
START -8512 11460 5880 -358 -3565 1141 482 557 618 465 479 END
START -6176 10656 4072 -491 -2147 665 482 557 619 465 478 END
START -7552 10904 4392 -524 -538 227 483 557 621 465 479 END
START -10176 11272 5464 -420 966 265 482 557 619 465 478 END
START -9568 11124 4748 -533 809 213 482 556 620 465 479 END