START -9568 5236 2428 -685 -2265 6182 481 612 643 421 462 END
START -9416 5144 2524 -639 -2413 5583 481 612 642 421 463 END
START -8632 5400 2260 -757 -2932 3950 481 613 640 421 462 END
START -8776 5712 2892 -934 -3760 2153 482 615 642 422 462 END
START -8368 5612 2636 -1122 -5395 -142 480 615 642 423 461 END
START -7508 5624 2072 -1276 -6194 -2515 480 613 642 422 461 END
START -7356 5408 2320 -1476 -6144 -4951 478 613 641 423 461 END
START -7184 5132 2572 -1710 -5496 -7173 479 613 641 423 460 END
START -7388 5104 2816 -2358 -3091 -8831 477 611 639 422 459 END
START -7164 5816 3072 -2717 -241 -10289 476 612 638 426 459 END
START -7840 5004 2776 -2951 1533 -11934 477 610 637 422 457 END
START -9140 4000 2792 -3183 2191 -13240 476 610 636 421 457 END
START -12720 2684 2916 -3613 2023 -14519 476 610 635 423 457 END
START -15136 1908 4332 -3562 1107 -14507 475 609 636 423 456 END
START -17396 1740 3364 -3630 1214 -13618 474 610 635 422 457 END
START -17928 2880 3368 -3497 3031 -11951 477 610 635 423 458 END
START -19336 2276 3064 -3629 6266 -9079 475 611 636 423 458 END
START -32768 3212 13344 -737 8411 444 477 613 638 424 459 END
START -22032 4840 5956 -4 4329 -1524 476 611 638 424 458 END
START -21184 3800 2644 331 6981 2164 477 610 637 423 458 END
START -22000 4176 1820 269 7200 5815 477 611 638 423 458 END
START -21772 6436 4444 259 3242 7024 478 611 638 423 458 END
START -20400 3700 3808 97 986 8321 477 611 638 423 458 END
START -18436 2660 2340 554 907 9081 478 611 637 423 458 END
START -16732 6044 3212 447 1525 10768 479 609 638 427 458 END
START -17336 3288 2724 25 1740 11290 480 609 638 423 459 END
START -15496 3592 1588 425 2425 11633 480 611 638 423 460 END
START -15780 5360 3316 -162 994 12582 480 612 639 423 460 END
START -13400 2700 904 260 147 11454 481 612 639 423 460 END
START -11592 6616 2348 34 -592 11533 482 612 639 423 460 END
START -10516 2812 616 100 -1441 9581 483 612 640 423 461 END
START -8584 7112 1752 201 -1128 8604 483 612 641 424 461 END
START -8284 3456 1116 -61 -1289 6198 483 612 641 423 461 END
START -6396 7060 948 97 -905 4295 483 613 641 423 461 END
START -6992 4844 2012 -536 -2354 1567 475 612 641 425 461 END
START -3236 6824 356 -320 -2001 -1514 484 613 641 423 462 END
START -4260 3724 944 -1059 -2404 -4891 484 613 641 423 461 END
START -3772 6568 844 -912 -740 -7824 484 612 642 423 462 END
START -6692 2244 -140 -1530 -421 -11108 484 613 643 423 461 END
START -8500 6456 2280 -1933 140 -12417 484 613 642 424 462 END
START -10520 1996 -328 -1962 613 -14657 484 613 643 423 462 END
START -13244 3824 2000 -2809 617 -15024 485 613 642 423 461 END
START -13380 4360 204 -2694 3275 -15094 485 613 642 423 462 END
START -16760 648 792 -3124 3741 -15533 485 613 641 423 462 END
START -18228 4516 2816 -3373 3496 -14294 485 609 641 423 462 END
START -16384 -516 -272 -2729 2606 -12423 485 612 640 422 461 END
START -32768 -1592 10412 822 2481 -6056 486 612 641 423 463 END
START -22648 5368 3524 638 2028 -3887 487 614 642 425 463 END
START -17752 3108 -2240 808 5663 -1845 486 614 642 423 463 END
START -17744 2420 -120 -933 5487 163 486 614 645 426 464 END
START -17700 5236 468 -1067 3251 1157 487 614 642 424 463 END
START -17056 880 680 -714 -614 207 487 615 640 424 463 END
START -16692 3884 4384 -800 -3140 1060 488 615 641 426 464 END
START -13008 3156 1628 229 -2204 330 487 615 640 424 464 END
START -13828 520 2040 -128 -764 -202 488 615 639 425 465 END
START -13464 5264 1988 -117 2044 215 486 615 639 424 464 END
START -13852 1636 -136 127 2172 -1151 488 615 639 424 464 END
START -16036 1892 2584 -407 290 -710 489 615 639 422 465 END
START -14384 4388 1220 24 191 -677 488 616 640 424 466 END
START -15580 -176 1000 -76 -396 -1408 488 616 639 424 465 END
START -16428 3184 2960 -305 -33 -551 487 616 640 425 465 END
START -14988 3532 -16 193 1041 -983 488 615 639 424 465 END
START -17112 8 1088 -333 131 -904 488 617 642 425 466 END
START -15952 4792 1076 -105 872 -175 489 616 638 424 465 END
START -16260 72 -176 -96 86 -900 488 617 638 424 466 END
START -16812 3656 2160 -399 -201 47 489 616 638 425 465 END
START -14956 2720 -892 29 920 -629 489 616 638 425 466 END
START -17096 1484 1628 -596 83 -306 489 616 638 424 466 END
START -15272 4584 484 -292 848 15 490 616 637 425 466 END
START -15436 -292 -700 -476 50 -822 491 616 636 424 467 END