START -9076 11236 5980 -860 -641 -5 489 546 611 473 487 END
START -9156 10988 5780 -841 -611 -37 489 545 611 472 486 END
START -9052 11196 5608 -687 -440 11 490 546 611 473 486 END
START -9292 11300 5864 -722 -421 24 490 546 611 472 486 END
START -9252 11504 5640 -721 -636 78 489 546 609 474 486 END
START -9380 11236 5940 -753 -942 129 488 546 611 472 486 END
START -9216 11496 5796 -647 -1068 380 488 546 611 473 487 END
START -9504 10968 6012 -689 -1573 377 489 546 611 473 486 END
START -9808 11436 6652 -499 -1722 1060 489 546 610 472 487 END
START -10284 11748 6988 156 -2635 1425 488 546 605 472 486 END
START -10784 11096 6180 515 -4623 1961 489 546 609 472 486 END
START -11488 10824 6876 715 -7188 2411 489 545 610 468 487 END
START -10940 11192 6624 513 -9779 2950 489 545 609 471 487 END
START -11936 10884 7636 508 -11757 3257 489 545 608 470 487 END
START -9032 11268 6436 396 -12621 3371 489 544 607 469 487 END
START -5648 10908 4328 604 -11556 3703 488 543 604 468 487 END
START -7392 11460 6488 911 -10027 3871 489 542 603 467 487 END
START -7768 11816 7168 828 -7986 3435 484 541 602 461 488 END
START -6652 11404 6524 1193 -5617 3410 488 538 600 466 487 END
START -2312 11560 3860 1426 -2750 4003 489 536 598 466 488 END
START -2608 11476 3944 2241 -588 4885 489 535 596 466 488 END
START -1544 11576 2336 3274 2770 5606 488 538 599 467 488 END
START -5464 13464 4736 4244 6727 6241 486 540 600 465 488 END
START -5884 14132 4768 4454 10034 4898 486 542 603 469 489 END
START -4584 15196 4136 4068 11848 3503 485 545 605 470 488 END
START -2496 15208 3088 3179 13481 2411 485 546 606 471 489 END
START -3776 14816 3508 1655 14059 1045 485 547 606 471 489 END
START -1500 13988 2044 185 14065 -776 485 547 606 470 489 END
START -408 13756 1828 -1232 13970 -2470 485 548 607 470 489 END
START -4564 13696 5460 -2395 12681 -3845 486 549 608 471 489 END
START -9272 12828 7260 -4061 8564 -5591 486 550 610 470 489 END
START -9048 11696 6228 -5316 640 -7271 483 551 609 471 489 END
START -7992 11404 5624 -6221 -5413 -8127 487 550 610 472 489 END
START -4016 9128 1788 -7231 -8194 -10422 487 551 611 473 488 END
START -5644 10472 3364 -8411 -9397 -13166 486 552 608 470 488 END
START 3688 4388 1652 -6931 -1222 -12140 485 553 609 469 489 END
START -11452 6064 8000 643 19490 -1171 480 555 612 472 487 END
START -27756 15800 16304 1376 25164 -7191 479 553 613 471 486 END
START -19540 18364 7544 -1904 11625 -4988 481 555 614 472 488 END
START -17256 13536 7676 -301 4737 1262 483 555 614 473 488 END
START -15064 10504 3292 321 -4283 3654 483 556 617 473 488 END
START -8152 11084 664 -115 -8208 3726 484 556 615 471 488 END
START -9076 10540 4424 238 -6609 3886 485 556 615 473 488 END
START -9504 11136 5480 552 -2659 3726 484 555 614 473 488 END
START -10316 11020 6360 917 -322 4114 485 555 614 473 489 END
START -11952 12004 7380 1132 -2393 4247 484 555 613 473 488 END
START -8552 12704 5912 1220 -6229 4672 484 554 612 472 488 END
START -10904 13088 8176 967 -9523 5474 483 555 612 473 489 END
START -11524 12572 9068 1136 -12753 5710 483 554 612 473 489 END
START -7532 10900 6476 1422 -13569 6340 482 550 607 472 489 END
START -5220 10132 3696 1305 -11931 7029 479 543 602 472 489 END
START -5132 9184 3024 2220 -8076 7144 478 543 600 472 488 END
START -6264 9188 4020 2846 -3835 6225 476 542 598 472 488 END
START -7044 10548 4364 2657 410 5545 476 540 596 471 487 END
START -6696 10516 4396 2596 3110 4000 477 538 595 472 485 END
START -6964 12004 4156 2109 4343 2792 477 539 593 472 486 END
START -7288 11892 3496 1227 5668 2365 477 539 595 473 485 END
START -3300 12420 1264 113 6034 1247 477 539 595 472 485 END
START -1540 12168 436 -1367 4829 -663 478 539 596 472 483 END
START -2524 12496 1792 -2424 3548 -2540 478 539 596 473 484 END
START -5168 13356 4192 -3330 1904 -4365 479 540 597 473 485 END
START -2260 13480 1784 -3950 2244 -6098 479 541 599 473 485 END
START -4996 13148 3076 -4785 2258 -7668 478 541 600 474 485 END
START -4516 14664 2600 -5801 1443 -8793 479 542 602 474 486 END
START -4124 14992 3284 -6745 207 -10201 479 543 604 474 486 END
START -4248 13972 4072 -7815 -1039 -12263 480 544 604 473 486 END
START 800 7528 -2136 -10084 -2535 -15109 479 547 604 469 487 END
START -11840 6072 8336 -2114 9735 1317 479 556 611 472 487 END
START -31500 10476 19856 1981 23072 -1988 477 551 610 472 484 END
START -27600 16016 13988 -2769 5686 -4609 478 549 612 473 484 END