START -8696 5076 1288 -533 -236 8583 494 621 646 431 467 END
START -8480 5336 1088 -648 -35 8066 493 620 646 431 466 END
START -7320 5252 532 -875 867 6258 491 618 645 431 463 END
START -6672 5372 336 -1188 2558 4196 489 617 645 431 462 END
START -6452 5572 964 -1641 3777 1527 487 615 644 430 459 END
START -5372 5800 688 -1812 3569 -998 484 615 644 429 456 END
START -5112 5560 340 -2149 3465 -3444 484 615 645 429 456 END
START -5788 5496 512 -2468 3461 -6444 482 615 645 430 457 END
START -6304 4648 104 -2870 3440 -9042 483 616 644 429 456 END
START -7000 5060 -212 -3286 4908 -11178 482 617 644 429 455 END
START -8344 4720 -340 -3710 6508 -12834 481 614 646 429 456 END
START -11648 3864 676 -4100 6398 -14390 480 617 644 429 455 END
START -13684 2988 900 -4250 4084 -15539 480 618 647 429 456 END
START -15424 2604 1696 -4073 1395 -16125 479 618 645 429 456 END
START -16544 3164 1892 -4020 -61 -16148 479 619 646 429 456 END
START -16124 3824 1392 -4228 -221 -15789 479 620 647 429 454 END
START -17320 3672 1712 -4293 1400 -13668 480 620 646 428 456 END
START -21476 1912 2184 -4138 3401 -11600 480 620 646 429 457 END
START -24644 532 1248 -3500 4981 -9353 480 621 645 429 458 END
START -32768 -624 3812 -1160 7596 907 480 621 646 430 457 END
START -29212 5776 4512 -626 3173 -901 480 621 647 429 459 END
START -26428 2336 -140 -364 1297 3656 480 621 647 429 458 END
START -23740 1908 -764 188 699 6936 480 621 647 423 458 END
START -21272 5448 1708 -94 -154 9088 481 621 646 429 458 END
START -19412 1432 264 -123 93 10131 482 622 648 430 458 END
START -16920 3096 -196 429 1645 10908 481 622 647 430 458 END
START -16836 3596 1960 20 1437 12128 482 621 646 429 459 END
START -14452 1000 -88 354 1921 11118 483 621 647 429 460 END
START -12908 4676 1296 -7 2437 11408 482 621 646 429 459 END
START -11620 1200 -356 -308 2169 9823 483 622 646 430 460 END
START -9628 5384 344 -569 2375 8962 482 621 645 431 460 END
START -9588 1772 32 -1090 1592 6550 483 622 647 429 460 END
START -7900 4996 -288 -970 1421 4589 483 621 647 429 460 END
START -8600 2592 1292 -1429 -1433 1695 483 619 646 429 460 END
START -5244 5764 752 -1122 -2422 -1116 484 623 647 429 460 END
START -4192 1416 -1664 -1263 -2894 -5379 484 622 647 428 460 END
START -4068 4880 512 -1207 -944 -7875 484 621 647 429 461 END
START -5120 2348 -2000 -805 281 -11668 484 622 647 428 461 END
START -8796 3236 1288 -1551 556 -13369 484 622 646 429 461 END
START -10588 3852 -1228 -1542 1734 -15363 484 622 647 428 461 END
START -15268 -956 -2492 -1988 1047 -16387 484 621 647 429 461 END
START -19620 1672 128 -2469 -635 -15024 484 622 646 429 461 END
START -18700 1872 -2516 -2240 -415 -13919 484 622 646 431 462 END
START -30100 -876 -4212 -2343 2560 -672 486 619 643 429 462 END
START -32768 5732 9680 490 5500 -6447 487 618 643 430 463 END
START -24124 2392 -932 1743 5904 -1891 487 617 643 430 463 END
START -21104 468 -2356 1179 2840 -319 487 618 643 430 464 END
START -18400 5120 -1824 312 991 1595 486 618 641 429 464 END
START -16360 1620 -3700 194 -1276 942 487 615 642 430 464 END
START -17436 416 -848 -1122 -2656 1472 485 618 642 430 464 END
START -15668 3596 244 -777 -1331 1707 488 617 642 429 465 END
START -14784 -884 -1464 -519 -289 982 487 616 642 430 465 END
START -15948 804 1644 -892 492 1450 487 616 642 430 465 END
START -15040 3612 -336 -430 1576 1038 489 616 641 430 465 END
START -15660 -1108 -668 -520 -216 233 488 616 642 430 466 END
START -15684 2124 1732 -790 -912 849 489 616 642 431 466 END
START -14084 2440 -1540 -261 75 288 489 617 641 430 467 END
START -16168 -892 -156 -608 -713 127 489 616 642 431 467 END
START -15700 4084 808 -570 454 764 489 616 641 431 467 END
START -15368 48 -2604 -311 641 -154 489 615 642 431 467 END
START -17420 1100 512 -827 -245 624 489 617 642 431 467 END
START -15488 3924 -1148 -368 299 494 489 616 641 430 467 END
START -16208 -804 -2188 -598 -654 43 490 615 641 430 467 END
START -16920 3200 648 -836 -654 1064 490 615 643 431 468 END
START -14996 2404 -2752 -404 248 607 490 615 642 431 468 END
START -16560 -644 -1212 -741 -897 368 490 614 641 431 468 END
START -16232 3044 544 -919 -653 1258 491 614 641 431 467 END
START -14572 2548 -2352 -456 50 798 491 613 641 431 468 END
START -16032 -1016 -668 -689 -993 347 491 611 640 433 468 END
START -16176 2588 1260 -740 -1146 1106 490 609 640 431 469 END