START -6500 5336 1212 -2542 3997 -2055 490 643 652 410 467 END
START -7064 5412 1564 -2619 3206 -2910 490 643 652 413 467 END
START -8400 5368 3020 -2842 187 -4995 490 643 652 412 466 END
START -6712 5344 2388 -3084 -558 -7339 490 643 653 411 465 END
START -5728 5120 2024 -3444 2336 -9446 489 643 654 412 465 END
START -7732 4560 1676 -3638 6306 -10743 488 642 652 412 465 END
START -10428 4604 2500 -3737 8414 -11752 488 643 652 412 466 END
START -13572 4212 3016 -3892 8575 -12521 488 644 654 412 466 END
START -14952 4060 4448 -3955 5828 -13073 488 644 653 412 465 END
START -14036 3680 3672 -4225 3800 -13921 487 645 653 412 465 END
START -12536 4244 2884 -4470 4634 -14861 487 645 653 412 465 END
START -12612 3808 2820 -4889 6977 -15462 487 645 653 411 465 END
START -16952 2340 3020 -5433 8339 -14298 487 648 654 411 466 END
START -21840 2248 3972 -5391 6686 -12739 488 648 653 412 465 END
START -32768 3964 3256 -4630 3792 638 490 652 652 412 466 END
START -32768 5316 13912 -1323 -1006 -5505 490 651 652 413 466 END
START -23460 1308 4420 -605 1411 -381 489 650 653 413 467 END
START -19948 1968 2904 -129 3564 2526 488 650 653 414 468 END
START -21000 3120 3276 -194 3274 5434 490 651 653 413 467 END
START -22640 4260 5548 54 186 7307 489 651 653 414 468 END
START -21464 3216 5140 378 -2676 8374 491 651 653 413 466 END
START -19392 824 2880 1181 -3857 9014 490 651 652 413 467 END
START -17304 3516 3368 1763 -4078 10397 490 651 653 413 467 END
START -16744 2984 3388 1465 -3735 11364 484 650 651 413 470 END
START -15732 1640 908 1820 -2023 11472 491 651 654 413 468 END
START -15284 5136 3040 1468 -1950 12602 491 651 654 413 468 END
START -14780 1152 540 1360 -2078 12011 492 651 653 413 465 END
START -13604 5500 1636 1157 -2390 12234 492 650 653 413 468 END
START -12400 1744 468 645 -3599 11006 492 650 653 413 468 END
START -9504 5588 532 544 -2806 10258 491 651 654 414 469 END
START -9632 3440 1296 -207 -3098 8639 492 649 653 413 469 END
START -6564 5188 -400 94 -1378 6764 492 650 653 414 469 END
START -6976 4144 1472 -695 -817 5043 492 651 653 414 469 END
START -5532 4184 -604 -473 1010 2544 492 650 653 414 469 END
START -6760 5892 2592 -1223 709 654 493 650 653 413 471 END
START -4820 3860 -212 -890 1470 -2703 493 650 653 414 469 END
START -5988 5080 2176 -1658 780 -5136 493 651 653 414 470 END
START -4352 3912 -576 -1334 1759 -8507 493 651 653 413 469 END
START -7280 3488 2428 -2146 1400 -10651 493 650 652 414 469 END
START -8020 5924 1828 -2066 2989 -12696 493 649 653 414 470 END
START -11048 1824 1844 -2492 2391 -14638 492 652 654 415 470 END
START -13536 5476 3892 -2969 1925 -15013 493 650 653 414 469 END
START -13528 2620 156 -2672 2895 -16207 493 650 653 414 470 END
START -18188 1040 3356 -3482 1741 -15566 493 651 654 414 469 END
START -18908 4396 3836 -3897 966 -14013 493 651 653 414 469 END
START -14572 -368 448 -3811 660 -14127 494 650 649 413 469 END
START -32768 -4492 10672 -505 -569 -1268 494 651 649 414 471 END
START -21908 7228 10128 1030 558 -4629 496 649 649 414 471 END
START -19444 208 744 1798 3985 -2143 495 649 650 415 471 END
START -17056 3328 2620 550 4695 -401 497 650 650 416 471 END
START -16172 4388 -196 -212 4090 473 495 650 649 415 471 END
START -18580 -196 320 -1211 395 367 496 650 649 415 471 END
START -17412 4156 2940 -1211 -1396 940 495 650 649 415 472 END
START -15912 380 1024 -823 -1950 339 496 649 649 415 471 END
START -16228 984 4384 -1066 -2087 959 496 648 648 415 472 END
START -14136 4360 2884 -664 569 1073 496 650 648 415 471 END
START -14496 -540 1188 -765 1131 86 496 648 648 415 472 END
START -15372 3600 4044 -972 819 724 496 648 648 416 473 END
START -14044 1404 172 -511 740 -215 497 649 648 415 472 END
START -15968 384 2880 -1012 -361 111 497 647 643 408 472 END
START -14776 3896 2008 -551 561 256 496 647 647 416 472 END
START -15720 -848 1132 -475 -535 -528 497 646 648 415 472 END
START -15540 3380 3024 -484 -663 145 497 647 647 416 473 END
START -14012 2756 -48 -1 612 -360 497 646 646 416 473 END
START -16320 516 2136 -635 -129 -117 497 647 647 415 473 END
START -15280 3812 880 -331 545 197 497 646 647 415 474 END
START -15788 -964 36 -421 -253 -555 498 645 646 415 471 END
START -16248 2864 3008 -622 -241 359 497 645 645 416 473 END
START -14436 1624 -272 -235 623 -252 498 644 646 416 473 END
START -16208 -360 2404 -644 -184 -371 497 644 646 415 474 END