START -11632 4244 2024 -642 -3794 8401 504 590 625 439 477 END
START -11416 4408 1844 -742 -3833 8080 503 590 625 438 476 END
START -11236 4692 1784 -1002 -3757 7113 503 590 625 438 476 END
START -11192 5144 2296 -1273 -3880 5959 504 590 626 438 476 END
START -10920 5136 2112 -1656 -3935 4746 505 590 626 439 476 END
START -10776 5200 1932 -1847 -4665 3309 503 590 626 439 476 END
START -10668 5112 2544 -1864 -5566 1910 504 591 626 439 476 END
START -10520 5364 3160 -2004 -6114 736 503 591 627 438 476 END
START -10784 4820 3488 -2241 -6269 -540 503 592 627 438 476 END
START -9548 5340 3588 -2468 -5146 -1760 502 591 628 439 476 END
START -8756 5500 2856 -2507 -2720 -2964 503 591 627 438 478 END
START -8656 5392 3140 -2106 216 -4152 503 592 628 438 476 END
START -9600 5716 3888 -1906 2256 -5222 503 593 628 438 476 END
START -10704 5376 4132 -1775 2829 -6440 503 593 628 438 474 END
START -11448 5312 4076 -1763 2611 -7291 503 593 628 438 475 END
START -11748 4556 4108 -1739 2019 -8549 503 592 628 438 475 END
START -11036 2536 3084 -1693 2246 -10203 504 593 629 438 476 END
START -8568 2132 1780 -1632 5525 -11945 504 594 629 438 476 END
START -10412 4428 2188 -2319 9226 -12194 502 593 629 438 476 END
START -15224 2812 3436 -3112 8859 -12477 503 595 629 438 476 END
START -18664 412 764 -3113 6192 -12909 503 595 629 437 476 END
START -18120 2280 1532 -3233 2361 -10943 503 596 631 436 475 END
START -32768 -392 9492 -326 8574 -4113 503 597 633 437 477 END
START -23336 4348 4932 -552 7023 -4322 503 598 633 438 476 END
START -27204 3012 2644 -161 2749 48 503 597 632 437 476 END
START -23500 1364 1016 725 -463 2135 503 598 632 437 476 END
START -22292 5328 4216 403 -2588 5261 503 599 633 437 477 END
START -19404 1836 1388 664 -1740 6105 503 601 633 438 477 END
START -18532 4948 3812 372 -1133 8069 504 599 632 437 477 END
START -15848 1908 1072 688 -105 8002 503 599 632 437 476 END
START -15872 4432 4144 307 -433 8974 503 599 632 439 478 END
START -13444 1896 1060 696 -566 7807 502 599 632 438 477 END
START -13212 4180 3680 231 -1639 8082 503 599 632 438 477 END
START -10368 3880 908 540 -1232 6599 503 599 632 438 477 END
START -10784 2296 2672 -210 -2005 5421 505 600 632 439 478 END
START -8848 5936 2088 -269 -1059 3999 504 600 633 438 477 END
START -8572 1368 944 -667 -2646 1121 495 599 632 438 477 END
START -7840 5848 3116 -1451 -4415 -594 504 599 632 439 477 END
START -5324 3828 -252 -1371 -4370 -4164 504 600 632 438 477 END
START -5768 724 560 -2181 -4338 -7164 505 600 632 438 477 END
START -6724 4504 2384 -2977 -2074 -8810 504 598 632 439 474 END
START -8160 3860 344 -3181 461 -11402 504 599 631 439 477 END
START -12692 -528 1460 -4039 -210 -13270 504 599 632 438 477 END
START -15112 2576 2512 -4901 -1145 -13475 504 600 632 438 477 END
START -12308 -288 -800 -4419 -2318 -11913 503 597 631 435 476 END
START -31720 -3104 7548 147 7932 -5099 504 596 632 436 477 END
START -24292 1228 6632 -1568 8492 -5944 504 596 632 437 477 END
START -23596 2588 2364 -476 6699 -2501 504 597 632 437 477 END
START -17736 4260 -120 -327 4539 -1580 504 597 630 438 477 END
START -16904 68 -2404 -993 1715 -815 505 598 631 436 477 END
START -17608 -348 1584 -1832 -1026 -24 506 599 632 437 478 END
START -16388 3276 3652 -1715 -1514 242 507 599 633 438 477 END
START -13672 768 1168 -1226 -39 -401 505 599 632 438 477 END
START -14288 -1724 1748 -1537 1265 -906 505 599 631 437 478 END
START -15652 248 3896 -2026 1802 -626 505 599 632 436 477 END
START -14344 4100 2748 -1744 1912 -871 504 599 632 438 477 END
START -13644 1420 616 -1425 1836 -1682 506 598 632 438 477 END
START -15104 -1576 1036 -1733 1317 -1679 505 599 631 439 478 END
START -17400 -148 3364 -1991 1039 -1012 505 599 632 438 477 END
START -17992 3428 4260 -1757 771 -403 506 599 632 437 478 END
START -16104 2340 1080 -1085 645 -704 505 600 632 438 478 END
START -16140 -1188 480 -907 -260 -1061 505 599 631 438 478 END
START -17168 -1476 2088 -1131 -720 -292 505 600 631 438 478 END
START -17948 1652 3556 -1124 -538 606 505 601 630 439 478 END
START -16064 4036 1536 -642 24 639 505 599 631 438 478 END
START -16076 -1032 -308 -372 -439 -61 505 598 630 437 478 END
START -17176 -604 2824 -802 -1074 466 506 599 631 438 478 END
START -16588 2684 3664 -792 -807 1152 505 598 630 438 478 END
START -14352 3152 880 -270 -289 754 505 599 630 437 478 END
START -15172 -1788 228 -96 -935 39 505 600 630 438 478 END