START -10460 11244 5372 -256 -1704 752 483 562 624 468 481 END
START -10716 11176 5632 -89 -1868 900 482 562 624 468 481 END
START -12540 11396 6524 523 -2703 1933 483 562 623 468 480 END
START -14172 11624 7424 919 -4963 3428 481 561 623 468 481 END
START -14616 11920 7248 1080 -9275 4970 482 560 622 467 481 END
START -12764 11868 6228 1182 -14139 5873 482 557 618 466 480 END
START -9824 12140 5280 1886 -15913 6724 481 554 615 465 480 END
START -8240 10896 4512 2291 -14913 7049 481 551 615 463 480 END
START -6712 10244 4300 2240 -11867 7365 481 551 614 464 480 END
START -3932 10724 3828 3202 -7550 7323 482 552 614 463 480 END
START -4172 12700 5360 4575 -2872 7074 482 554 615 465 479 END
START -3560 14144 5656 4643 1557 6573 483 555 615 465 479 END
START -4196 14084 5104 4369 5545 6621 483 556 615 466 478 END
START -6580 14604 5524 3859 7183 6343 484 555 615 466 478 END
START -5408 13988 4068 3120 4826 5896 484 555 615 466 477 END
START -4760 13704 4140 2393 2472 5951 484 555 615 467 478 END
START -2820 13592 3484 1973 327 5303 484 557 614 467 477 END
START -1060 13620 3052 1261 -930 4098 484 555 613 468 477 END
START -2324 13532 3896 654 -473 3151 483 555 614 468 477 END
START -1100 13644 2828 -352 225 1464 484 556 615 467 477 END
START -552 13340 1980 -1140 1210 -269 477 556 615 467 477 END
START -2336 13520 3192 -2181 2418 -2272 484 556 615 468 477 END
START -3648 13440 4136 -3290 3966 -4168 484 556 615 468 477 END
START -3884 11940 3124 -4982 3575 -6296 484 555 616 468 478 END
START -6048 11468 3400 -6239 2594 -7854 485 557 617 467 479 END
START -7204 11656 3988 -6850 2497 -9348 485 557 618 468 479 END
START -4704 10428 3680 -7365 4543 -11635 485 558 619 471 479 END
START -7464 11076 5140 -7837 6302 -13122 484 559 619 467 479 END
START -4528 11780 3240 -8682 6245 -15214 482 558 619 467 479 END
START -5864 10872 2340 -10314 4093 -17672 481 557 614 465 479 END
START 3172 4036 -1308 -7796 7919 -11967 482 562 616 467 480 END
START -22056 7600 10844 1474 30994 -583 482 556 617 468 478 END
START -27336 20240 15280 -432 18948 -7817 479 551 618 464 477 END
START -16456 16812 6364 -2954 6806 -4793 480 551 618 468 478 END
START -14064 9432 4976 -1588 1271 316 482 553 617 468 479 END
START -13864 9796 5640 -808 -1808 476 482 553 618 469 479 END
START -7864 10620 2404 -1443 -1060 546 483 552 617 467 479 END
START -8384 9620 3192 -1521 1592 637 483 554 617 472 479 END
START -12088 10064 5692 -1479 3090 911 483 553 617 468 479 END
START -12600 10700 6328 -1323 2147 1123 482 553 617 468 479 END
START -15720 11500 8788 -920 -50 1447 481 553 617 469 479 END
START -13796 10892 7260 -672 -3122 1730 483 553 617 469 479 END
START -10608 9560 4780 -476 -5615 2539 482 554 617 468 479 END
START -12264 8760 5716 -517 -8053 3643 482 552 616 469 480 END
START -14756 8080 7136 -310 -9453 4541 480 553 613 469 479 END
START -11476 7476 4812 -190 -8498 4652 480 554 613 469 479 END
START -12680 7772 5348 619 -5021 5459 479 554 613 468 479 END
START -11116 9320 4444 1262 -1584 5740 482 555 614 469 478 END
START -11928 11160 5036 1627 752 6310 482 554 613 469 477 END
START -9588 11560 3748 1368 -22 5995 482 554 613 469 475 END
START -8976 10236 2764 1036 -1051 6841 482 555 613 469 475 END
START -10520 10248 3512 789 -2697 7402 482 556 614 468 476 END
START -10584 11036 5508 555 -4702 6339 481 555 614 469 475 END
START -4420 11304 3028 59 -4896 4210 483 556 614 469 476 END
START -2948 11216 1736 -727 -3434 1853 483 556 615 470 476 END
START -200 11416 80 -1585 -985 -873 483 555 615 469 476 END
START 332 11220 -896 -2874 543 -3952 484 555 615 470 477 END
START -1308 11404 644 -3972 708 -6927 484 555 615 469 477 END
START -3304 12068 2212 -5003 243 -9817 484 555 616 470 478 END
START -3064 11596 2204 -5794 120 -12264 484 557 616 470 478 END
START -2532 11740 1588 -6650 347 -14568 485 558 613 470 478 END
START 4196 5972 1828 -3570 2855 -15360 483 561 618 467 479 END
START -23664 11236 11436 3008 23033 4385 483 562 620 469 478 END
START -32768 17956 16260 1357 14431 -3749 486 560 623 469 478 END
START -19084 15344 6892 -1278 2081 -2429 485 563 622 470 479 END
START -13612 11604 4384 -793 -1845 1775 486 563 623 470 480 END
START -9904 8500 3092 -388 -5165 3129 486 562 623 469 482 END
START -9700 9972 4344 -1246 -6052 2241 486 562 623 470 480 END
START -8976 8836 4356 -1477 -3012 1499 486 562 623 470 481 END
START -10224 9868 5076 -1428 797 669 486 562 623 470 481 END