START -18948 1948 668 -2333 -1182 7929 504 604 644 431 477 END
START -18776 2176 1144 -2170 -1179 8364 505 607 645 431 477 END
START -17508 2024 964 -1830 -1132 9219 505 605 643 430 477 END
START -16096 2000 1236 -1338 -1228 9547 505 605 643 431 477 END
START -14608 2468 1536 -921 -1382 9558 505 606 644 431 478 END
START -13112 2532 1676 -593 -1627 8957 505 606 644 431 478 END
START -11864 2900 1748 -397 -1664 8099 504 607 644 430 478 END
START -10488 2960 1712 -342 -1482 6659 504 607 645 430 478 END
START -9436 3360 1436 -601 -819 5074 504 608 645 428 478 END
START -8588 3772 844 -678 -957 2921 504 608 645 430 478 END
START -7600 3368 692 -840 -2091 187 504 609 645 430 478 END
START -7004 2844 680 -1257 -2874 -2641 503 609 645 430 478 END
START -6728 2320 376 -1647 -2478 -5722 503 610 645 430 478 END
START -7076 1720 -656 -2296 -1466 -8236 504 610 646 429 478 END
START -8592 1372 -984 -2637 -391 -10369 503 611 645 429 477 END
START -10928 2128 100 -3060 608 -11803 502 606 644 428 477 END
START -13620 2696 884 -3500 933 -12625 502 613 646 428 477 END
START -16648 2824 1520 -3815 -126 -12407 502 615 647 428 477 END
START -19472 -28 908 -3770 -1906 -11740 502 617 647 427 477 END
START -23808 -1072 -2928 -2438 -1152 -2814 501 619 644 428 474 END
START -30924 6636 9516 -215 5959 -5509 501 620 646 429 477 END
START -27492 728 2200 -403 6020 271 503 619 646 423 477 END
START -24796 -116 -740 403 2324 2030 500 620 642 429 477 END
START -21544 2492 -156 636 -1006 4772 501 619 646 429 477 END
START -20616 2640 1556 32 -2593 7237 501 619 646 429 477 END
START -19192 276 -16 37 -1618 7151 501 620 645 429 477 END
START -17496 2980 84 144 -278 8619 502 620 646 430 478 END
START -17956 2596 1876 -308 -104 9755 502 620 645 429 478 END
START -16424 520 -436 -122 893 9551 502 620 646 430 478 END
START -15180 4448 1332 -235 1010 10401 502 620 645 429 477 END
START -14824 1016 676 -525 381 9839 503 620 645 430 479 END
START -12100 4372 532 -441 1324 9339 502 620 646 430 478 END
START -12532 3836 2192 -1288 699 8609 503 620 646 429 478 END
START -10184 2336 -568 -1065 950 6556 503 620 646 430 478 END
START -10356 4856 2532 -1898 -276 5265 503 620 645 432 479 END
START -7784 3192 -632 -1872 -236 2330 503 618 645 430 479 END
START -7712 5460 2368 -2561 -1474 258 503 618 645 430 479 END
START -5648 2976 -176 -2338 -1571 -3643 503 618 645 430 479 END
START -6456 3644 2340 -2814 -2106 -6150 504 617 645 430 479 END
START -5376 2688 -444 -2425 -1319 -9805 503 617 644 430 479 END
START -8180 1464 1988 -2942 -1735 -12056 503 617 644 430 479 END
START -8344 2620 -304 -2830 -444 -14544 504 618 644 431 479 END
START -11532 -1376 -192 -3431 -571 -16573 504 617 645 430 479 END
START -13424 1788 -272 -3982 -105 -16902 504 617 643 430 478 END
START -27536 -3416 -7304 -3085 444 188 504 607 640 428 470 END
START -32768 5544 12628 354 9193 -8208 504 600 635 428 467 END
START -29452 152 -1520 408 9252 -3995 504 602 636 429 471 END
START -23128 2036 -2064 213 2811 -794 504 605 637 430 472 END
START -16476 2528 -4500 -355 -632 848 505 606 637 428 473 END
START -16868 -984 -2044 -1598 -4018 2103 504 607 637 428 473 END
START -15060 3124 232 -1258 -5040 2418 504 607 637 429 474 END
START -14080 -1460 296 -1035 -4874 1552 505 607 637 429 474 END
START -14160 2300 3440 -826 -1141 2087 505 608 638 429 473 END
START -12736 312 296 -275 2926 1027 505 609 638 429 474 END
START -15080 2976 3216 -665 3126 1354 505 607 638 429 474 END
START -14068 2244 276 -163 2725 383 505 606 637 428 474 END
START -15880 1244 2600 -630 551 393 505 607 637 430 471 END
START -14124 2360 232 -155 914 -261 504 606 636 428 477 END
START -15952 648 2312 -742 -293 -260 505 606 637 429 475 END
START -14100 2452 -308 -231 1019 -700 505 607 636 430 475 END
START -16368 396 1664 -784 622 -742 506 606 632 430 475 END
START -15512 2836 -416 -550 1880 -460 505 606 637 429 475 END
START -17732 -840 4 -895 788 -732 506 606 637 429 475 END
START -16972 3104 -312 -764 687 -38 507 605 636 430 475 END
START -18104 -644 636 -974 -808 -343 506 605 636 430 475 END
START -16452 3524 264 -937 -148 454 507 605 636 432 476 END
START -17336 -1012 148 -853 -586 -89 506 604 635 430 476 END
START -17168 3192 1524 -939 -471 958 506 598 636 430 476 END
START -16320 -660 -1072 -625 -1010 504 506 605 635 422 477 END
START -17784 1600 2164 -930 -2254 1397 506 605 635 430 475 END