START -7388 12852 4988 -1908 3042 179 482 535 598 478 488 END
START -7396 12876 5168 -1943 2943 157 482 535 594 477 488 END
START -7688 12924 5144 -1904 2554 298 482 535 597 478 488 END
START -8044 12648 5120 -1880 1916 239 481 535 598 478 488 END
START -8052 12880 5048 -1770 1447 -291 482 535 599 478 488 END
START -8100 13044 5024 -1567 1273 -176 482 536 599 478 488 END
START -8176 12708 5012 -1565 768 171 482 537 600 478 488 END
START -6876 12924 4624 -1104 918 44 481 538 600 478 487 END
START -7788 12432 5632 -900 435 -139 482 538 601 479 487 END
START -8496 13384 6980 -564 -21 267 481 540 602 478 488 END
START -7508 14108 7148 -178 -1135 70 481 541 602 478 488 END
START -7960 14056 5988 910 -3312 384 479 541 601 477 487 END
START -8792 13612 5160 1619 -6366 1638 480 542 602 477 487 END
START -7264 13028 4108 2273 -8491 3298 481 543 602 478 487 END
START -8400 13752 6700 3502 -7707 4037 481 543 603 478 487 END
START -5140 15172 5888 4123 -5656 3675 480 544 603 478 486 END
START -2944 15372 4708 4284 -3762 2926 479 544 603 477 487 END
START -3592 15116 4364 4874 -1395 3333 479 545 603 477 485 END
START -6740 14908 5080 4763 -1650 3900 479 544 602 478 485 END
START -7712 14412 5052 4241 -3108 4633 479 544 604 477 485 END
START -5912 14044 4632 3533 -4577 4220 479 545 602 477 485 END
START -4136 13480 4296 2861 -4807 3097 479 544 602 477 485 END
START -4436 13604 4392 2156 -2921 1760 478 544 603 477 484 END
START -3384 11868 2364 897 -1444 295 480 543 602 476 485 END
START -3336 11968 1240 -1005 -577 -1255 480 543 601 476 484 END
START -2580 12592 348 -3166 1847 -3873 480 541 600 475 485 END
START -1448 11340 -44 -5128 5811 -6885 481 542 600 477 485 END
START -220 11444 -880 -7111 9229 -9479 482 541 600 475 486 END
START -4160 12220 1880 -8254 11225 -11098 481 541 599 475 486 END
START -3536 13036 2356 -9440 9293 -12886 482 540 600 474 487 END
START -4564 13184 1088 -11271 2884 -14912 482 539 599 471 487 END
START 2836 8012 -3932 -11990 2866 -14092 480 542 604 471 487 END
START -16852 6448 13748 -1188 23845 -4730 482 538 603 474 485 END
START -26456 19512 15716 -2498 20465 -6036 482 534 605 474 485 END
START -22748 15620 8792 -2032 14361 442 482 536 605 474 486 END
START -26232 11912 12492 -258 4082 4842 482 537 607 474 485 END
START -17380 13048 9324 -245 -5859 5586 481 536 608 473 486 END
START -8488 10320 5400 -166 -8791 5104 482 537 609 474 486 END
START -4436 7904 2104 749 -7871 4658 481 536 606 474 486 END
START -3556 7720 1684 1828 -6656 3116 480 536 599 474 487 END
START -3728 8472 224 1748 -6278 2814 481 535 600 474 487 END
START -5284 9204 1232 1948 -6959 2696 481 536 600 474 489 END
START -9472 10028 4308 2727 -7445 4306 481 537 600 475 487 END
START -10752 11556 5844 3146 -7984 4175 481 538 600 475 486 END
START -7912 13524 4540 2648 -7601 4266 481 538 600 475 485 END
START -7484 13660 3480 2803 -4749 4657 482 539 600 476 485 END
START -6248 14276 2068 2508 -3243 4199 482 540 600 475 485 END
START -5288 14292 380 2174 -2010 4929 481 540 600 475 484 END
START -5308 13920 488 1681 -1828 5296 483 540 601 475 482 END
START -4696 15088 1248 1069 -2337 4854 481 540 600 474 483 END
START -3152 14460 904 327 -1331 3913 481 540 601 475 484 END
START 1324 14716 -812 -689 531 1949 481 540 602 474 484 END
START 2804 14936 -988 -1762 2144 -674 482 540 601 475 484 END
START 1140 14640 -1484 -3180 4982 -2822 482 539 600 474 484 END
START -2292 14052 1176 -4368 5471 -4924 482 538 600 474 484 END
START -1628 14316 2688 -6175 1613 -8657 483 538 601 475 485 END
START -1444 15200 3700 -7724 1147 -11196 483 538 601 474 487 END
START -3924 11092 2928 -9328 92 -11606 481 538 599 472 486 END
START -7216 9552 -2416 -11721 -6900 -13164 480 534 594 471 486 END
START -9380 3860 7072 -6218 -3555 -7435 483 537 598 472 485 END
START -19628 7216 16712 -828 10197 -7629 477 528 596 474 484 END
START -20276 15120 12976 -1079 8317 -4110 471 526 594 475 483 END
START -24072 13180 12064 1222 8619 2085 474 526 595 475 483 END
START -15632 13592 6316 912 -1131 4533 472 527 594 475 484 END
START -7528 14232 3308 975 -5676 4924 473 527 592 476 484 END
START -2284 13320 76 851 -4281 4811 473 528 592 474 485 END
START -1040 13188 -528 417 -1425 3394 473 528 592 474 485 END
START 384 13116 -996 -80 1105 1755 474 529 591 474 485 END
START -948 13256 48 -366 2858 525 475 530 594 474 486 END
START -6236 13992 3280 -602 3094 -338 476 529 594 475 486 END