START -14284 4120 2000 -148 -150 12877 507 623 629 429 478 END
START -13688 4284 1900 -203 -68 12812 506 626 629 429 478 END
START -11760 4208 1744 -390 19 12039 505 627 630 428 477 END
START -9868 4104 1788 -528 85 10642 505 627 631 428 477 END
START -8636 4240 1944 -717 22 8828 501 626 631 428 476 END
START -7420 3984 1652 -922 50 6790 502 629 631 427 476 END
START -7280 4236 1820 -1089 272 4737 502 628 632 427 475 END
START -6688 4252 2016 -1561 -52 2042 501 628 632 426 475 END
START -5828 4796 1560 -2075 -87 -604 501 628 632 427 475 END
START -5536 4164 1044 -2430 -203 -3795 499 626 632 426 474 END
START -6788 2596 1044 -2874 -388 -6626 499 628 633 426 474 END
START -8168 2540 1256 -3474 299 -8815 499 628 633 426 474 END
START -9532 2876 1628 -4225 1223 -10592 497 628 634 426 472 END
START -12000 2696 1308 -4793 1205 -12010 498 628 633 426 472 END
START -14004 2128 1340 -4875 -190 -13265 497 628 634 426 472 END
START -15336 1940 1464 -5011 -2081 -13990 496 628 633 426 473 END
START -16312 3076 2348 -5117 -3438 -13697 496 628 633 427 473 END
START -18440 3884 3776 -5331 -4474 -12220 495 629 633 427 472 END
START -19488 828 3520 -5026 -3233 -10881 494 629 633 427 473 END
START -19068 12 2032 -4502 501 -9175 495 632 633 427 473 END
START -31300 276 6684 -2395 6464 388 496 632 633 428 471 END
START -29400 3744 7820 -1500 5105 -510 495 632 635 428 474 END
START -27352 -80 2604 -191 2542 2774 495 632 635 428 473 END
START -22644 3004 1592 -402 1414 6658 495 632 636 428 473 END
START -23424 1512 2884 -517 1196 9284 496 633 636 429 474 END
START -20352 1472 1480 -266 2428 10574 496 633 635 430 474 END
START -19572 3904 2392 -1189 2446 12740 495 632 634 428 474 END
START -16948 988 352 -675 3058 12980 496 632 634 429 474 END
START -15436 5316 3012 -1341 2053 14021 496 632 634 429 474 END
START -12748 476 844 -847 1262 12477 497 633 635 429 474 END
START -10648 5164 2952 -1133 724 12176 497 632 634 429 475 END
START -8604 680 956 -746 656 9597 498 633 635 429 475 END
START -7012 5336 2008 -713 914 8018 498 633 634 429 476 END
START -6700 1576 1348 -1203 79 5191 498 633 635 429 475 END
START -4784 5168 1552 -831 304 2228 498 633 635 429 475 END
START -5500 2524 1820 -1729 -1363 -934 499 633 634 428 475 END
START -3708 3552 276 -899 -1101 -4780 499 633 635 429 475 END
START -5480 940 1552 -1487 -1998 -7792 501 633 636 429 475 END
START -6156 4624 1924 -1044 -1288 -10606 499 633 635 429 475 END
START -7696 -328 208 -1161 -1098 -13582 499 633 635 429 475 END
START -10300 3528 2680 -1797 836 -14641 499 633 635 429 476 END
START -13044 176 -328 -1198 2214 -16053 500 633 634 429 474 END
START -18624 312 2108 -1905 75 -15150 499 633 635 429 475 END
START -16952 1772 512 -1365 -15 -15325 499 632 636 429 477 END
START -15980 -3664 -1176 -1095 106 -12134 501 631 630 427 475 END
START -32768 3192 7648 280 9360 -6760 501 630 631 428 475 END
START -26784 -464 636 1016 9708 -4874 502 630 632 428 475 END
START -26072 2356 360 490 3722 -1706 502 630 633 427 473 END
START -20300 2404 -1784 551 559 -846 502 630 630 429 475 END
START -18148 776 60 -740 -3006 295 502 631 630 429 477 END
START -14892 2460 -612 -826 -1721 413 502 630 632 428 474 END
START -16060 -1180 1484 -1209 -1438 206 503 630 631 428 477 END
START -15360 3092 3544 -897 6 849 504 631 631 429 477 END
START -14872 -1720 1252 -188 885 -124 503 631 631 429 478 END
START -15836 3348 3956 -485 1286 693 502 630 631 429 477 END
START -14644 -696 340 323 1687 -521 503 631 631 429 477 END
START -16056 2060 2376 -582 710 286 504 630 632 429 477 END
START -14852 1056 -1000 157 1178 -245 503 630 632 429 478 END
START -16684 -1008 368 -721 -190 34 504 630 632 430 478 END
START -15688 3376 972 -309 386 295 503 630 631 431 478 END
START -16508 -1352 544 -612 -188 -183 504 630 632 429 477 END
START -16376 3440 2328 -536 148 626 505 630 632 430 477 END
START -15484 -324 -1164 -155 368 -272 505 631 631 430 477 END
START -16728 1676 2048 -741 -281 536 505 630 633 430 478 END
START -14704 2052 -852 -175 678 149 507 629 631 430 479 END
START -16528 -860 1056 -611 -124 -67 505 629 631 430 478 END
START -16036 3184 916 -490 547 522 505 628 630 432 479 END
START -15860 -1488 -656 -398 387 -365 506 628 632 430 479 END
START -17000 1524 1784 -849 -251 405 506 628 630 431 479 END
START -14720 1472 -956 -424 327 -135 505 627 630 431 479 END