START -8740 3968 472 548 -1098 7200 512 608 626 443 474 END
START -8304 4092 144 370 -1110 6564 511 609 626 443 474 END
START -7512 4364 308 -72 -905 4635 510 608 626 443 474 END
START -6648 4588 1216 -468 -1050 2228 510 608 626 443 473 END
START -5532 4932 316 -1300 -751 -591 509 607 624 442 472 END
START -5160 4320 -720 -2008 196 -3704 508 607 624 442 472 END
START -6500 3912 -188 -2394 501 -6329 508 607 625 442 471 END
START -8104 3484 64 -2989 525 -8787 506 605 625 442 471 END
START -9156 3860 76 -3501 1301 -10608 506 607 624 442 471 END
START -10996 3556 772 -4158 2006 -12061 506 606 624 442 470 END
START -13096 2696 1276 -4828 1348 -13234 506 601 625 442 469 END
START -13584 2788 2072 -5041 75 -14476 505 607 624 441 469 END
START -14184 2768 2628 -5145 233 -15274 505 608 625 441 469 END
START -15476 2436 2724 -5442 995 -15129 504 608 626 441 469 END
START -18520 1036 2624 -5401 1601 -14324 504 610 627 440 469 END
START -22020 -532 1668 -5203 1708 -12648 503 611 627 440 469 END
START -32768 -148 4464 -3129 2735 -66 503 611 630 441 469 END
START -32556 5620 11412 -1101 257 -4546 504 611 630 441 468 END
START -28188 612 4140 -396 -1088 1291 503 610 629 442 467 END
START -23776 -176 1652 551 -1896 3775 500 610 629 442 467 END
START -23276 3180 3732 959 -1857 7850 502 610 630 442 468 END
START -22600 1496 4392 1175 -3120 9158 502 611 630 442 468 END
START -20452 564 1892 2320 -2780 10529 499 614 630 442 468 END
START -19280 2620 3984 2492 -3018 12518 503 612 628 442 468 END
START -16980 356 916 3218 -1989 12819 504 611 630 443 469 END
START -16556 4204 2752 2921 -1463 14298 502 611 630 443 468 END
START -15336 568 -20 2910 -1089 13887 504 610 630 443 469 END
START -14784 4572 2004 2037 -1265 14804 504 610 630 443 469 END
START -12508 2076 -1396 1832 -875 13608 502 610 629 442 468 END
START -12328 3020 1156 683 -1540 13404 504 611 629 443 469 END
START -9196 5384 -620 455 -443 11949 504 610 629 443 469 END
START -9372 2376 332 -520 -1274 10334 504 610 629 442 469 END
START -6748 5964 -1196 -601 -22 8479 504 610 629 443 469 END
START -6660 2240 -792 -1074 -385 5552 505 610 628 442 469 END
START -6216 6776 896 -1716 234 3872 505 610 628 443 469 END
START -5480 2772 -708 -1769 -170 180 505 609 628 443 469 END
START -6332 6092 2356 -2470 -1393 -1981 505 609 628 443 469 END
START -4704 5024 -212 -2121 -1152 -5757 505 608 629 443 469 END
START -6248 1392 1136 -2510 -2075 -8871 505 609 628 442 470 END
START -6940 5336 3244 -2820 -927 -10705 504 609 628 442 470 END
START -6928 4320 652 -2532 1269 -13431 504 609 629 443 470 END
START -10840 892 2424 -2925 1013 -15451 504 609 630 444 470 END
START -13596 4372 4496 -3209 824 -16085 504 610 629 443 470 END
START -14024 3832 2028 -2847 33 -17589 504 610 629 443 470 END
START -15468 -676 1416 -3192 -1218 -18265 504 609 629 443 470 END
START -17428 1924 2952 -3927 -125 -16883 505 610 629 441 471 END
START -14460 1712 1360 -3923 965 -15932 504 609 627 439 470 END
START -32768 -5460 4216 -463 6900 -4218 506 606 627 441 471 END
START -28704 2776 7920 -769 8609 -6134 506 606 627 440 471 END
START -27808 4108 2664 -91 4885 -1976 505 607 626 436 471 END
START -18928 3900 -996 -40 1163 -1432 506 608 626 441 471 END
START -17208 -468 -196 -1438 -2044 -286 507 609 626 441 472 END
START -16488 2076 2844 -2204 -3278 832 507 609 626 443 472 END
START -15216 3440 2556 -1698 -3273 300 507 608 626 442 472 END
START -13660 -596 1372 -1148 -2295 -411 508 610 627 442 472 END
START -14600 -1228 3328 -1156 -217 -3 508 609 626 442 471 END
START -15680 3696 4176 -970 1952 573 508 609 627 442 472 END
START -14600 1004 620 -438 1995 -436 508 609 627 443 472 END
START -16460 -808 2676 -807 -191 -495 508 608 627 443 473 END
START -16172 2856 3120 -762 -562 422 508 610 627 443 473 END
START -14476 1916 -36 -355 502 6 509 608 626 442 474 END
START -16644 -672 3036 -600 -472 -67 508 609 626 442 473 END
START -16156 2880 3708 -377 51 641 507 608 626 443 473 END
START -14848 296 -48 207 760 -122 508 607 626 444 473 END
START -16660 -1136 2248 -232 -304 0 508 607 625 443 473 END
START -15924 3592 2084 -101 368 610 508 606 624 442 474 END
START -14612 748 -1304 229 773 -222 509 602 624 440 474 END
START -16360 -1872 908 -413 -33 40 509 606 623 443 474 END
START -16140 3796 2056 -519 396 770 509 606 624 443 473 END
START -15080 140 -256 -151 543 -171 509 607 625 442 473 END