START -10608 11068 5324 -749 -1057 536 485 547 606 477 495 END
START -10708 11124 5476 -713 -1242 603 485 547 606 476 495 END
START -10852 10888 5384 -633 -1871 846 485 547 607 477 495 END
START -11256 10944 5848 -505 -2537 1126 485 547 607 477 495 END
START -11088 10980 5444 -530 -3427 1533 484 547 607 477 496 END
START -10328 10664 5248 -463 -4146 1371 486 547 606 476 495 END
START -9460 11380 5556 -574 -3618 1779 485 547 606 476 495 END
START -8780 11112 4796 -348 -2207 1286 485 547 604 476 494 END
START -8992 10500 4908 -483 -1052 1209 485 547 606 477 496 END
START -11268 9668 5772 -607 -1184 1187 485 547 605 476 495 END
START -12116 9840 6068 -466 -1809 1919 486 543 604 476 496 END
START -10908 11132 7040 -202 -2855 2903 485 546 603 476 495 END
START -10872 11060 7348 -351 -4161 3755 485 544 600 476 495 END
START -10028 11060 6508 -126 -5151 4925 485 543 600 476 494 END
START -10800 10688 6192 518 -4591 5640 486 543 601 476 494 END
START -13136 9304 7632 1248 -1586 5954 487 544 600 476 494 END
START -9720 10836 6168 1527 1547 5342 486 543 600 478 492 END
START -9144 11216 5232 1770 3760 5260 487 544 600 477 492 END
START -8732 10740 4316 1704 4033 5337 486 544 600 477 493 END
START -9216 11140 4508 1376 2476 5123 486 544 600 477 492 END
START -7500 11020 3884 1011 1319 4197 487 543 600 477 492 END
START -4052 11496 2460 378 1182 2767 486 544 600 477 492 END
START -3384 11324 1860 -120 1951 1335 487 540 600 478 493 END
START -2460 11488 788 -1233 1138 -762 487 543 599 477 494 END
START -3436 12344 2224 -2592 26 -3005 487 543 600 477 494 END
START -1192 12348 620 -3993 172 -5322 487 544 601 478 494 END
START -3584 12748 1964 -5304 -144 -7833 487 544 602 477 493 END
START -1348 11936 1088 -5727 -353 -9915 486 544 602 477 493 END
START -3952 12416 3396 -6058 -2596 -11320 485 544 602 469 492 END
START 620 9716 -724 -8496 -5033 -13343 486 539 602 473 492 END
START -14884 8152 7484 -623 8076 5232 486 546 606 476 492 END
START -22148 14508 15732 2135 15250 -3854 483 543 606 476 491 END
START -15792 17236 10448 -2230 6452 -4234 483 543 607 475 491 END
START -14904 12616 8624 -1661 2959 -1153 484 545 609 477 492 END
START -12452 8560 5884 -1063 -2732 1235 487 545 609 475 492 END
START -12096 7564 5808 -1140 -7082 1313 485 545 609 475 493 END
START -11372 7348 5748 -1125 -6287 803 485 544 608 475 493 END
START -8036 7304 3584 -757 -2875 467 486 544 608 475 493 END
START -11296 7820 5588 -607 -85 612 486 544 607 475 493 END
START -12956 8624 6752 -581 -849 745 485 544 606 475 493 END
START -10668 9884 4556 -326 -2994 1386 484 543 604 475 494 END
START -12384 10792 5744 111 -6310 2652 484 541 600 475 493 END
START -11192 10592 5660 539 -8481 3805 485 539 598 476 493 END
START -11976 10708 6468 1022 -9566 4769 485 540 598 476 493 END
START -8860 10408 4924 2009 -7907 5465 485 541 597 476 493 END
START -6740 11624 4480 2500 -3813 5665 487 541 598 476 492 END
START -8140 12844 5812 2692 481 5026 487 542 597 476 492 END
START -7880 12640 5496 2795 3344 4032 486 541 597 476 491 END
START -7852 12352 4668 2281 3205 3558 487 541 598 476 491 END
START -6864 12320 3540 1660 965 3243 485 541 598 477 491 END
START -4772 12156 2752 906 -1266 2652 487 542 598 476 491 END
START -3608 12676 2252 168 -1469 1284 486 541 598 477 491 END
START -2096 13128 1440 -614 -680 -457 486 541 598 476 493 END
START -4520 14304 3388 -1858 -298 -2917 487 541 599 477 491 END
START -892 14512 1064 -3229 1374 -5307 487 541 598 477 492 END
START -2432 13916 2420 -4186 2808 -6760 487 541 598 476 492 END
START -5152 13188 3928 -4756 1480 -7838 487 542 599 476 492 END
START -5676 13332 5684 -5453 -1959 -9661 487 541 600 476 492 END
START -3440 9896 676 -8564 -6711 -13167 485 540 601 472 493 END
START -8396 6152 6096 -2638 4897 316 487 547 605 476 493 END
START -20292 8296 15700 2454 18942 -3804 485 542 603 476 491 END
START -22584 15268 12924 -1023 11004 -4813 483 538 602 475 492 END
START -14388 11672 4864 -1578 4526 -3398 484 540 604 475 491 END
START -14276 9096 5132 -811 -1109 515 484 540 605 474 492 END
START -11416 9180 3976 -619 -5686 1115 485 540 604 474 492 END
START -7096 9996 1496 -1030 -5558 1157 485 539 605 474 492 END
START -6844 10564 1844 -1066 -1785 951 486 539 605 474 492 END
START -6120 10940 1452 -905 2570 439 486 539 605 475 492 END
START -8328 11980 2976 -1027 3350 -5 486 540 606 474 493 END
START -9548 12012 4260 -1077 1485 -149 486 540 606 475 492 END