START -18440 3288 852 -239 -2098 9516 516 598 615 444 482 END
START -18408 3320 840 -242 -2374 9834 515 598 616 444 483 END
START -17496 3340 792 -36 -3231 10436 518 599 616 442 483 END
START -16244 3392 792 119 -3686 10896 515 599 617 443 482 END
START -15244 3884 868 215 -3919 11099 517 599 617 443 482 END
START -14072 3820 776 265 -3935 11015 515 599 618 444 483 END
START -12764 4172 1076 329 -3895 10465 515 599 617 443 482 END
START -11024 4372 524 159 -3028 9633 515 599 617 443 482 END
START -10308 4972 384 2 -1566 8666 516 600 618 441 482 END
START -10228 4524 252 -34 -745 7262 516 600 619 443 482 END
START -10460 3980 192 -420 -552 5917 516 599 619 443 482 END
START -10740 4260 148 -776 -676 4580 516 599 619 443 483 END
START -10128 5152 212 -1099 -1090 3050 517 600 618 444 482 END
START -9380 4868 476 -1432 -1591 1107 516 600 620 443 483 END
START -8644 4612 248 -1825 -1680 -1032 516 600 619 443 482 END
START -7668 4120 -764 -2129 -1070 -3508 516 600 619 444 481 END
START -7304 5288 -876 -2474 83 -5371 515 599 618 443 481 END
START -8864 6280 488 -3207 321 -6678 516 600 619 443 482 END
START -10804 3936 1108 -3797 -98 -8413 515 600 620 443 481 END
START -10624 3140 164 -3893 3 -10386 515 600 619 443 482 END
START -11820 5776 1572 -4203 -342 -11262 516 600 619 443 482 END
START -14104 2360 2148 -4688 -1237 -12979 516 600 619 435 476 END
START -13440 4884 488 -4970 544 -13628 515 600 619 443 482 END
START -16916 2232 2252 -6032 79 -14019 515 599 618 441 481 END
START -17180 3804 264 -6108 930 -13712 512 598 617 441 481 END
START -18216 -1292 1260 -7081 -1438 -12669 514 597 620 438 480 END
START -30620 720 4776 -1454 3064 2326 515 600 625 440 481 END
START -29396 4896 11596 -1229 5129 -4551 517 600 625 440 481 END
START -28436 5088 6424 -809 5197 1168 515 600 625 441 483 END
START -23672 2636 -140 711 1169 2759 514 599 622 441 482 END
START -20996 1524 1740 735 -2938 6285 515 601 622 442 482 END
START -19480 4812 1736 1887 -1176 9712 516 601 621 441 482 END
START -17740 1172 1932 1552 -56 9535 514 602 621 441 482 END
START -17764 5360 3376 1196 792 10990 515 603 622 441 483 END
START -14188 4180 -584 1672 2469 10676 515 603 622 442 482 END
START -13904 512 -616 1298 2470 10548 515 603 622 442 482 END
START -12960 5488 2048 777 2986 10879 515 605 622 441 481 END
START -10004 3900 -1696 708 4181 9175 516 603 622 442 482 END
START -9832 1344 -484 -233 3455 7489 515 604 622 442 482 END
START -11608 6144 2836 -1223 2802 6400 516 603 622 441 482 END
START -12772 4084 2260 -1558 2234 3039 516 604 623 442 481 END
START -2180 2076 -3660 -2437 1856 250 516 604 623 442 481 END
START -8308 6832 2388 -2882 64 -2522 516 604 624 441 481 END
START -7744 1756 1164 -2963 -896 -6924 516 605 624 442 481 END
START -7852 3740 3064 -3481 -1858 -9549 515 604 624 441 481 END
START -3916 4980 -1436 -3247 408 -12511 515 604 624 440 481 END
START -9340 584 -180 -3320 729 -15891 515 605 625 440 481 END
START -13096 868 2448 -3857 1275 -16882 516 606 626 440 481 END
START -13352 3676 1024 -3718 2912 -17341 515 607 626 439 481 END
START -16584 1148 -2264 -3674 2530 -17251 515 608 627 439 481 END
START -22772 -1884 -6436 -3828 1318 -7833 515 606 625 436 479 END
START -32768 -1452 7228 -510 6021 -9484 515 603 624 439 481 END
START -27312 4752 2096 -1972 8893 -4632 514 603 625 439 480 END
START -23672 3976 -2840 -1017 5253 -2417 514 604 624 439 480 END
START -18460 1776 -4508 -1416 1233 -1429 515 605 625 439 480 END
START -17012 -1624 -2956 -1889 -2841 -810 515 606 625 438 481 END
START -15780 -1588 -1104 -2742 -4767 -926 514 604 626 439 481 END
START -16140 -1632 720 -2627 -5017 -704 515 607 626 439 480 END
START -15644 1528 2576 -2301 -3437 -133 514 605 626 439 481 END
START -14032 4028 1276 -1812 -193 -329 515 606 626 439 481 END
START -13920 916 -1888 -1409 1496 -1088 517 606 626 440 482 END
START -15332 -1724 -1496 -1269 564 -1541 515 607 623 439 481 END
START -16084 -2040 -1176 -1358 -689 -1253 514 607 627 440 481 END
START -17052 -1428 728 -1394 -1479 -679 515 607 628 440 481 END
START -17116 1172 2428 -1301 -1389 32 515 607 626 440 475 END
START -16416 3440 2068 -823 -5 333 515 607 626 440 481 END
START -15168 1172 -1588 -169 769 -251 516 607 627 440 481 END
START -13172 -1744 -2476 -96 583 -555 515 608 627 441 481 END
START -15240 -576 -692 -241 -175 189 515 607 627 440 481 END
START -20596 3952 3412 -245 -984 908 515 606 626 440 481 END