START -19184 3132 2260 355 -5997 8805 489 636 642 419 468 END
START -18784 3252 2368 489 -5684 9214 489 637 642 418 468 END
START -17348 3536 2416 844 -4380 10172 489 638 643 420 467 END
START -16736 3332 2356 1259 -3183 10897 490 638 642 418 468 END
START -16500 3620 2660 1430 -2815 11498 489 636 643 419 468 END
START -15676 3384 2204 1591 -3231 11762 490 635 643 418 468 END
START -14136 3716 1408 1733 -3458 11705 491 636 643 419 467 END
START -12552 4100 1344 1563 -3390 11093 489 636 642 419 468 END
START -10844 4464 1176 1143 -2521 10156 490 636 635 419 468 END
START -9272 5136 628 851 -1182 8790 489 636 643 419 468 END
START -9144 4544 216 429 -264 7127 490 637 642 422 467 END
START -9904 3936 676 -196 -301 5615 489 635 643 418 467 END
START -9692 4480 1188 -837 -453 4132 488 635 643 419 467 END
START -9176 4964 1084 -1467 -301 2461 488 635 643 420 464 END
START -8892 4932 1052 -1840 -374 453 488 633 643 420 466 END
START -8608 4072 696 -2122 -881 -1688 489 634 643 420 466 END
START -7784 4504 728 -2147 -1260 -3842 488 634 643 419 467 END
START -6964 4864 444 -2289 -191 -5943 489 635 643 420 465 END
START -7448 6544 1652 -2821 1752 -7570 489 634 643 419 466 END
START -8888 4936 1788 -3579 3038 -9408 488 634 642 420 465 END
START -9364 2872 660 -3616 4468 -11617 488 634 643 419 466 END
START -10628 4644 1292 -3461 4576 -12950 487 633 642 419 466 END
START -12728 4848 3364 -3987 2520 -13887 488 636 644 420 466 END
START -12632 2488 1368 -3951 1864 -15787 487 635 643 419 466 END
START -14488 4916 3004 -4760 2533 -15760 488 635 643 419 465 END
START -16496 -324 -188 -5361 2613 -15129 487 635 643 418 465 END
START -21760 3316 2544 -4846 2003 -12225 487 635 644 419 466 END
START -32768 -324 2556 -2443 1371 1266 488 637 646 419 466 END
START -32768 8596 12532 -623 3287 -4834 488 636 645 420 466 END
START -28524 104 2236 216 1820 1625 489 636 646 420 466 END
START -21116 4632 488 979 -173 3792 488 636 645 420 466 END
START -22136 1976 2008 1112 -586 8643 488 636 646 420 466 END
START -18476 5604 2816 1250 593 8991 489 637 645 420 466 END
START -19360 2164 2420 639 -278 9727 489 637 645 420 466 END
START -15748 4316 812 1204 129 10374 489 636 646 420 467 END
START -15156 2236 2296 878 -997 10285 489 636 645 420 467 END
START -11500 5780 1344 935 2 9946 490 636 645 420 466 END
START -11740 2496 1452 309 -454 8447 490 635 645 420 466 END
START -9652 6308 1124 40 221 7389 491 636 645 420 466 END
START -9524 2628 744 -886 -874 5183 491 633 645 421 467 END
START -7100 6704 328 -1433 54 3244 491 635 646 421 467 END
START -7616 2380 364 -2571 -1134 291 491 635 646 421 467 END
START -6444 6692 932 -3071 -1217 -2187 492 633 645 421 467 END
START -5992 2144 -872 -3637 -2031 -5996 491 633 645 421 467 END
START -7716 2872 1656 -4653 -2679 -8083 492 633 645 422 468 END
START -7096 5256 624 -4828 -1301 -10773 492 634 645 421 468 END
START -9772 -96 -168 -5499 -1563 -13428 494 634 645 421 468 END
START -13460 2144 2164 -6378 -2092 -14530 492 634 645 421 466 END
START -12804 2284 -564 -6430 -1809 -16479 492 636 646 421 469 END
START -21000 -2196 -5024 -4825 -3888 -4530 494 635 642 419 467 END
START -32768 2876 16888 -796 4367 -8508 494 633 644 421 469 END
START -25256 3180 5316 -213 9445 -2743 496 628 644 421 469 END
START -19896 672 -1464 1286 8467 -1822 495 635 643 421 469 END
START -17616 1244 -244 15 6196 595 494 636 642 421 469 END
START -14956 4976 -2336 -645 4601 1892 495 636 642 422 469 END
START -17116 -784 -1468 -558 1299 1871 495 636 641 422 469 END
START -17264 2340 3184 -659 -471 2763 495 636 640 422 470 END
START -15508 3908 2360 251 458 2463 496 634 638 423 470 END
START -14724 -328 1308 437 655 1664 496 634 640 424 470 END
START -14012 4540 3276 564 1946 2049 495 633 639 423 470 END
START -12652 1888 -312 888 2509 888 496 633 638 422 470 END
START -15216 1568 2628 472 1605 898 496 633 638 424 470 END
START -10724 4108 -1476 828 2351 469 496 631 636 423 470 END
START -20724 324 4900 506 -87 -81 496 629 637 423 470 END
START -18332 3352 3056 849 306 -27 496 630 637 423 470 END
START -15924 308 1192 448 447 -402 496 628 636 424 470 END
START -12828 3972 -1396 690 2413 -219 496 626 635 423 472 END
START -18792 -424 1912 389 1089 -802 496 625 635 421 470 END
START -16200 4396 1176 289 1620 130 495 624 635 424 471 END
START -15168 -504 -2412 455 1073 -662 497 623 635 423 471 END