START -9228 11308 4972 -538 -1024 261 487 559 620 470 482 END
START -9292 11264 5044 -510 -961 318 488 559 621 470 483 END
START -9480 11364 5048 -439 -901 221 487 559 621 470 483 END
START -9440 11384 4976 -419 -873 206 487 559 621 469 482 END
START -9316 11240 4820 -419 -906 220 488 559 621 470 482 END
START -9148 11504 4888 -285 -662 314 488 559 621 470 482 END
START -9256 11224 4992 -456 -522 165 487 558 621 470 482 END
START -8704 11732 4760 -203 541 -9 488 559 621 471 483 END
START -8784 10972 4572 -298 934 -652 487 559 620 469 482 END
START -9016 11144 5160 -193 2263 -479 486 558 620 469 483 END
START -9476 12264 5884 -19 3248 -499 487 558 619 469 482 END
START -9612 12668 5084 132 3389 -489 487 558 620 471 482 END
START -10028 12708 4864 458 2796 -461 487 558 619 466 482 END
START -10636 12312 4524 487 1682 -127 486 557 619 469 483 END
START -11952 12728 5512 532 662 365 486 558 619 467 483 END
START -10784 13228 4700 506 305 488 486 558 619 469 483 END
START -8116 12428 2324 499 126 603 486 558 618 469 483 END
START -10652 11680 3932 520 -535 763 485 557 613 469 483 END
START -6948 11288 1136 910 -922 1599 485 556 615 469 483 END
START -10848 12008 3436 967 -1238 2970 484 556 615 469 483 END
START -5788 11680 -304 952 -1400 4088 484 556 615 469 483 END
START -6912 11940 920 1211 -1996 5201 482 557 615 469 482 END
START -4456 12252 -696 1914 -877 6124 484 558 616 469 482 END
START -5208 12976 268 2095 1402 6370 484 559 616 470 482 END
START -4248 13992 984 1957 2295 5730 484 559 615 470 481 END
START -2492 13080 504 1885 3905 5077 480 559 615 470 481 END
START -3584 13376 972 1420 4732 4030 484 559 617 471 481 END
START -5044 12972 1052 471 4789 2689 486 554 617 472 480 END
START -4652 12500 668 -665 1577 738 485 559 617 471 481 END
START -2828 12632 608 -1998 -1577 -1579 484 560 618 471 480 END
START -3192 13008 2700 -2502 -2484 -3942 485 560 617 471 481 END
START -2232 14264 1656 -3358 -2521 -6459 486 559 614 471 482 END
START -296 13884 172 -4682 -2744 -8949 486 560 619 472 482 END
START -2188 13344 2012 -5966 -3497 -12695 486 560 618 471 483 END
START 5256 5672 -3116 -6899 -1118 -15335 485 556 613 469 483 END
START -14848 8200 8740 1302 17844 614 483 562 619 470 481 END
START -27040 14696 15196 2111 23886 -4962 483 558 622 470 482 END
START -27512 15092 11076 -2831 8644 -4527 483 559 621 470 482 END
START -11768 8648 936 -2210 2901 -1797 484 560 621 471 483 END
START -13684 7064 2344 -726 -2072 805 484 560 622 471 483 END
START -9864 9428 188 -1257 -6792 556 485 560 622 471 484 END
START -8476 8496 116 -1464 -6237 384 485 560 621 471 483 END
START -10048 8376 1612 -1114 -2483 617 485 561 623 472 484 END
START -13336 9644 3776 -984 153 861 485 561 621 471 483 END
START -14400 9744 4472 -1000 -249 1124 485 561 622 471 484 END
START -15848 11160 6396 -1133 -3114 1479 484 560 619 472 484 END
START -11364 10696 3184 -817 -5643 2461 483 558 618 473 484 END
START -6964 10192 -76 -321 -7276 3873 483 557 616 472 484 END
START -8760 10480 1712 -2 -7189 5296 483 557 616 472 483 END
START -6524 10364 988 542 -6083 5691 484 554 615 472 483 END
START -5920 10972 2028 943 -3709 5093 484 557 616 473 483 END
START -5440 11284 1936 1269 -275 5169 487 558 615 473 482 END
START -5268 11248 1136 1560 2057 5270 485 558 615 473 481 END
START -7696 11692 1900 1352 1408 5572 485 558 615 473 481 END
START -4744 11236 332 1034 -1365 5174 485 558 614 473 481 END
START -6340 11492 2380 712 -3519 4473 484 557 614 473 481 END
START -2468 11172 92 447 -3424 3595 485 558 615 474 481 END
START -1844 11328 -56 22 -2615 2027 485 557 614 473 480 END
START -1760 12036 200 -828 -1674 71 485 556 614 473 480 END
START -2596 12244 176 -1681 122 -1967 486 556 614 473 480 END
START -1148 12076 -2072 -2846 1514 -3853 486 556 615 473 480 END
START -6816 11996 2556 -3236 1697 -5431 485 555 615 473 481 END
START -6100 13052 2252 -3578 396 -7034 487 556 616 473 482 END
START -6000 13152 2808 -3594 -43 -7723 486 556 616 473 482 END
START -8132 13792 4492 -3854 -1555 -8230 485 556 616 472 482 END
START -8668 14476 4504 -4747 -2461 -8382 484 555 616 471 482 END
START -3332 9664 -2220 -7208 -5343 -8756 485 555 615 470 482 END
START -19020 7640 7104 489 2957 7348 486 558 619 471 483 END
START -18320 12504 11312 1597 7117 -2436 486 551 617 473 482 END
START -12628 17448 8640 -1807 1492 -1974 485 548 616 473 483 END