START -5584 11900 -2956 751 584 -3953 467 623 655 431 448 END
START -5580 12080 -2900 799 477 -4299 467 622 654 429 455 END
START -5392 11640 -3284 1079 814 -5334 468 623 654 430 445 END
START -5512 11304 -3312 1918 1122 -6485 463 626 652 428 443 END
START -5372 10916 -3248 2669 1826 -7617 468 623 655 429 445 END
START -6136 10300 -3584 3573 2082 -8363 467 623 653 430 446 END
START -9020 10016 -2620 3696 593 -8027 471 622 654 429 445 END
START -11020 10000 -3628 4326 -1186 -9705 468 621 654 426 448 END
START -10636 10608 -3824 3765 -1758 -10381 469 625 652 440 451 END
START -10196 10944 -3692 3695 -494 -9955 469 622 653 430 446 END
START -11052 11824 -3776 4234 2004 -8645 482 616 652 427 451 END
START -11096 13280 -7652 5380 9863 -5921 470 621 645 427 440 END
START -25452 29516 -7032 486 15357 14218 472 614 643 430 444 END
START -32544 11736 -5432 7509 3855 1940 468 615 645 429 443 END
START -14280 19192 -5952 -4609 -7580 -9966 476 615 646 431 439 END
START -8012 13268 -10824 -2659 -4519 -3728 475 615 641 432 441 END
START -7768 12812 -4036 -275 -5448 2041 468 616 649 430 443 END
START -10396 13072 -4124 -2653 -31 2371 468 608 647 429 448 END
START -13304 13628 -5048 -3911 2928 3696 468 623 650 429 444 END
START -15916 10876 -8572 -5124 2914 5136 469 618 651 430 442 END
START -16420 15108 -7012 -5197 4418 6521 469 619 651 431 444 END
START -15340 12252 -8044 -8120 2616 6936 471 620 651 424 437 END
START -13880 14492 -4224 -7864 1804 8606 467 620 650 430 444 END
START -10308 11696 -9268 -8562 1280 8585 471 619 651 428 445 END
START -10232 11852 -1960 -8616 -1582 9951 473 615 653 430 441 END
START -8216 12772 -3236 -7590 -631 10325 471 620 667 428 446 END
START -6060 8700 -6976 -7268 -1445 8351 470 619 651 427 446 END
START -6436 8500 -220 -6667 -3119 6927 472 620 652 429 445 END
START -4512 11416 -1348 -4775 -1159 5699 471 618 652 430 446 END
START -2172 9064 -6588 -3886 -780 3303 469 621 650 431 445 END
START -4136 7200 -100 -3086 -3030 1319 472 619 652 429 448 END
START -2320 11504 -288 -594 152 414 471 620 652 431 446 END
START -3264 7456 964 -366 -3437 -3110 471 620 650 430 448 END
START 1468 9624 -6720 1174 -1079 -4807 443 629 637 435 447 END
START 4940 10376 -5116 2637 300 -6524 475 622 651 430 449 END
START -10620 9020 808 2687 -1681 -8484 471 613 650 430 446 END
START 36 9568 -9020 4093 1527 -8915 479 622 651 424 458 END
START -11188 13348 -4284 5661 2661 -8309 460 622 655 431 449 END
START -14728 13000 1112 5724 564 -8345 480 622 653 436 448 END
START -17572 12204 -516 4596 481 -9426 471 601 653 434 444 END
START -6120 11264 -10816 5060 3331 -9870 473 624 669 438 449 END
START -6408 13372 -7484 5072 3551 -8929 472 621 655 428 445 END
START -9660 10520 -8700 3850 2643 -9546 473 617 652 428 500 END
START -9948 14368 -2960 4264 4186 -9343 478 617 626 429 451 END
START -11952 10596 -18688 -4662 9109 8849 462 618 644 432 444 END
START -25844 16412 -12296 12046 3603 12247 476 615 642 429 450 END
START -26244 17296 4520 -274 990 -2332 458 620 633 426 439 END
START -15108 14532 -5892 -3154 -6146 -6995 479 636 643 427 447 END
START -9156 10776 -2856 -1979 -5969 -8106 478 619 650 430 449 END
START -4384 12312 -6968 -240 -1836 -3057 478 620 649 428 449 END
START -4720 11732 -4468 -920 4054 2564 479 620 649 432 449 END
START -14764 9268 -3876 -1236 2868 2382 473 619 649 389 451 END
START -19444 10648 -1424 -110 -105 553 479 620 651 429 448 END
START -9616 12300 -5192 -1152 -1954 -1820 479 620 652 431 450 END
START -10532 9340 -7200 -1988 -2534 -2716 484 621 649 437 449 END
START -4504 11584 -8556 108 -511 -999 468 621 653 431 449 END
START -6972 9856 -8128 -670 -845 -90 495 623 654 432 441 END
START -10496 11552 -6648 652 1292 752 480 623 650 426 448 END
START -10516 10772 -5380 -755 -1051 185 479 621 651 432 452 END
START -10104 12364 -6972 239 816 -314 480 621 637 436 446 END
START -11448 10500 -6816 -1039 -1152 -770 506 618 646 450 452 END
START -3200 12136 -9124 781 2648 448 480 621 650 431 449 END
START -18824 10252 -1044 -1125 -1809 -384 481 621 635 424 450 END
START -13528 13920 -7148 -139 -1167 674 472 646 652 432 455 END
START -21324 11772 2460 -998 -1686 404 482 622 651 432 452 END
START -5636 9320 -11920 -996 966 130 473 623 673 428 463 END
START -15924 12764 -1000 -50 -1215 655 477 623 653 433 448 END
START -15408 9720 -4152 -1514 -1136 120 482 621 652 434 450 END
START -9188 12436 -6356 3 1104 687 480 611 658 435 443 END
START -12608 10492 -4520 -1475 -1910 402 482 622 651 432 454 END