START -3540 3980 -1332 -729 3061 2500 493 647 654 419 473 END
START -3060 4356 -1680 -1294 3392 1397 493 648 653 418 473 END
START -2504 4360 -1892 -2801 4191 -1776 495 647 654 417 472 END
START -3632 3928 -880 -4318 4157 -5011 491 647 655 417 472 END
START -4644 2820 332 -5067 3154 -8217 490 647 655 416 472 END
START -5636 2412 800 -5540 3255 -10856 489 647 654 416 471 END
START -6576 2460 1808 -5670 4525 -13093 489 648 655 416 471 END
START -8224 1888 2408 -5726 6596 -15002 489 647 655 416 471 END
START -11668 2336 3120 -5713 7450 -15719 488 647 655 415 470 END
START -14312 1840 3340 -5031 5895 -16544 488 647 655 416 470 END
START -16032 728 4140 -4429 3965 -17045 488 647 655 415 469 END
START -18420 32 4040 -3950 2412 -16229 486 648 655 415 470 END
START -20536 -96 4264 -3542 726 -15020 487 648 655 415 468 END
START -21712 -492 2892 -3503 1628 -13303 486 647 655 414 468 END
START -32768 -504 760 -3214 3696 434 487 648 656 414 469 END
START -31484 2964 8324 -752 2469 -6184 487 647 656 414 468 END
START -24764 764 1884 -728 4185 -1288 482 647 656 413 468 END
START -21476 2476 1576 -701 2831 1527 486 646 656 414 468 END
START -22504 1896 2428 -1083 -77 4534 486 647 656 413 468 END
START -22332 236 3040 -772 -2007 5400 486 646 657 413 468 END
START -19556 -216 1196 -397 -1715 6344 486 646 655 413 468 END
START -18392 1896 1448 -331 -991 8282 487 646 656 413 468 END
START -18408 672 2152 -462 -861 9186 486 645 655 414 469 END
START -16724 -832 76 -39 -182 9386 487 646 656 414 468 END
START -14936 2892 1132 109 76 10226 488 645 657 414 468 END
START -14696 1576 2312 -230 -242 10325 488 645 656 414 469 END
START -12292 396 64 226 324 9194 489 646 656 414 469 END
START -11700 4076 1792 79 85 8926 488 645 656 414 469 END
START -11116 2012 2112 -219 -910 7462 489 645 656 414 469 END
START -8300 1872 -296 258 -436 5457 490 646 656 414 469 END
START -8228 4652 2364 -222 -1131 3855 486 645 656 414 469 END
START -6236 2176 -456 40 38 883 489 645 655 414 469 END
START -6700 5520 1880 -382 483 -550 488 645 655 414 469 END
START -7356 1684 1264 -481 -348 -3744 490 644 655 414 469 END
START -6104 4364 692 -104 538 -6059 489 644 655 414 469 END
START -7888 1276 1252 -404 283 -8723 490 645 655 414 469 END
START -8368 2960 -372 -221 1691 -10448 489 644 655 413 469 END
START -12020 308 1404 -851 380 -12224 492 645 655 414 469 END
START -13344 3680 1352 -951 -1 -12807 489 645 656 414 470 END
START -15204 -1136 868 -1268 -1694 -14167 488 645 655 414 470 END
START -14916 1992 916 -1928 350 -13557 490 646 656 413 469 END
START -8472 -2768 -6300 -2583 1518 -12637 490 645 656 412 469 END
START -32768 -4244 10256 430 4863 -5578 491 642 657 414 471 END
START -26484 4900 5116 1419 6241 -1666 491 641 657 415 471 END
START -22792 -1736 -324 2326 4004 326 492 641 658 414 472 END
START -17440 4292 1884 1721 3064 1459 492 641 656 414 471 END
START -13040 1116 -1912 820 2184 1295 491 642 656 414 471 END
START -14348 704 592 -31 186 1074 492 643 656 414 472 END
START -13404 -136 -1760 344 1509 367 493 643 657 414 473 END
START -16248 -1620 1020 -161 1152 531 493 642 658 414 472 END
START -15892 2408 1024 348 2222 916 493 641 656 416 473 END
START -16952 -1864 128 151 1681 319 492 640 656 417 474 END
START -16796 3008 1880 -236 1200 1209 493 640 655 414 472 END
START -15548 968 -1028 -15 641 356 493 641 658 415 474 END
START -17160 1028 2236 -696 -1299 782 493 640 655 415 473 END
START -14748 2892 344 -233 -673 555 493 640 656 415 473 END
START -15812 -1808 -12 -501 -901 -57 493 640 655 415 473 END
START -16192 2792 2212 -440 -239 776 494 638 656 415 471 END
START -15008 -544 -1128 -126 616 -91 493 638 654 415 473 END
START -17060 816 2072 -725 547 579 496 639 656 415 475 END
START -15748 2328 -872 -229 1166 629 494 638 655 415 474 END
START -16888 -1128 60 -583 -312 265 494 639 655 415 475 END
START -15812 3540 460 -721 -62 1226 495 638 654 415 474 END
START -15804 -868 -2240 -431 26 376 495 638 654 415 474 END
START -17536 1400 1520 -1086 -1231 1064 495 638 654 415 474 END
START -15944 3212 -388 -765 -1290 1088 495 638 654 415 474 END
START -15584 -776 -1744 -631 -1927 309 495 637 654 416 475 END
START -16492 -608 1112 -1118 -1870 878 495 639 654 415 474 END
START -15176 3312 612 -799 -149 1244 495 638 654 415 474 END
START -15332 -504 -1272 -508 64 454 496 639 655 416 474 END