START -9800 3780 1548 -713 -324 5315 510 613 633 439 470 END
START -9352 3664 1488 -787 -74 4767 510 614 633 439 469 END
START -9176 3776 1516 -930 344 3137 510 613 633 438 463 END
START -8816 3780 1680 -1141 -832 785 509 614 633 438 469 END
START -7080 3656 1104 -1214 -2021 -1781 508 612 633 438 468 END
START -5792 3296 588 -1276 -1919 -4597 508 614 632 438 467 END
START -6776 3272 684 -1399 -814 -7227 507 613 632 438 468 END
START -8088 3088 1428 -1795 -137 -9997 506 612 632 439 468 END
START -9784 2912 1652 -2453 243 -11697 504 612 632 440 468 END
START -11352 3412 1624 -2967 -189 -13074 503 611 631 440 468 END
START -12720 2984 1880 -3276 28 -13571 502 611 630 440 466 END
START -14824 2188 1780 -3748 807 -13743 502 611 631 440 467 END
START -16408 2212 2376 -4274 1802 -13467 501 612 631 440 466 END
START -20228 1828 2332 -5063 2020 -12130 501 612 629 440 466 END
START -32644 -536 4764 -3990 3125 331 500 611 632 440 466 END
START -29604 4940 10076 -2722 -130 -5302 501 611 632 440 466 END
START -25912 844 3140 -2271 -737 -1022 500 611 632 441 466 END
START -21456 508 2064 -1780 -2649 917 502 608 632 440 465 END
START -21268 3132 4112 -1612 -4298 4287 500 611 632 442 465 END
START -21584 1224 5112 -1392 -4544 5491 499 611 631 441 466 END
START -19544 32 3144 -76 -3140 6770 500 610 632 439 465 END
START -19204 2960 4048 466 -2117 9214 501 612 632 441 466 END
START -18464 -488 2492 1032 -781 9989 502 612 632 440 466 END
START -16752 3164 1716 1653 1215 11566 501 613 632 442 466 END
START -17120 736 2108 1256 1136 12461 503 611 632 441 467 END
START -14468 3032 -144 1550 2188 12894 503 611 631 441 466 END
START -14260 1168 684 892 1161 12771 502 612 631 441 466 END
START -11296 4160 -684 924 1614 12386 503 611 632 440 466 END
START -10212 1144 -120 284 41 10967 503 612 632 440 467 END
START -7816 5448 -368 286 1208 9822 503 612 632 440 467 END
START -7312 1312 -512 -403 1284 7228 505 612 634 440 467 END
START -5904 6284 100 -713 2901 5381 503 611 632 440 466 END
START -5080 1960 -1532 -1368 3347 1874 503 611 632 439 466 END
START -6340 5352 2056 -2296 3047 -207 504 612 632 439 466 END
START -5768 4116 -728 -2088 2016 -4011 504 612 632 439 467 END
START -7120 944 904 -2532 -156 -7143 504 612 634 439 466 END
START -6912 5572 2376 -2681 412 -9023 505 612 632 439 467 END
START -7324 1132 172 -2536 1404 -12178 504 612 632 439 466 END
START -10928 1460 3140 -3109 1131 -13705 503 612 632 439 467 END
START -12704 4508 3304 -2900 1240 -14635 504 612 633 440 467 END
START -14216 2720 1532 -2592 959 -16213 504 613 633 441 467 END
START -15732 -1248 1276 -3280 -140 -16691 504 613 633 440 467 END
START -18424 -344 1888 -4259 408 -15235 504 613 633 440 469 END
START -16180 228 1868 -3979 656 -12984 505 611 633 438 467 END
START -32768 -2924 10072 343 6841 -5379 505 609 631 439 468 END
START -27348 -1372 3348 165 6015 -4828 505 609 632 441 468 END
START -25044 2500 1320 403 2849 -1230 506 611 631 439 468 END
START -17248 3944 -1528 -372 783 -55 505 610 630 439 468 END
START -16152 -660 -1384 -1354 -2176 14 505 610 630 442 469 END
START -17624 -636 2432 -2096 -3273 1256 506 611 630 440 468 END
START -16768 2776 4344 -1587 -3232 1543 506 611 630 440 469 END
START -13792 1556 1416 -740 -1048 997 506 611 630 440 470 END
START -13716 -1348 64 -874 958 582 506 610 629 440 469 END
START -16348 2208 3468 -1270 806 1344 506 611 629 440 468 END
START -14996 3524 1456 -895 775 837 506 611 631 440 469 END
START -14500 -1532 -396 -883 -820 -176 507 612 629 440 469 END
START -15584 -348 2928 -1220 -1695 18 506 612 630 440 469 END
START -14856 2936 3088 -1090 -539 310 507 612 629 440 469 END
START -14316 584 -200 -707 713 -519 507 611 630 440 469 END
START -15856 -2184 1428 -919 31 -960 507 611 630 441 470 END
START -15944 2588 3052 -1152 482 -181 507 610 630 440 470 END
START -15264 3268 616 -877 1231 -371 507 611 629 441 469 END
START -15624 -1568 -1112 -769 442 -1163 507 610 630 441 470 END
START -16948 -2092 976 -1087 -770 -880 503 611 630 441 470 END
START -17104 940 2680 -1210 -1027 -75 507 612 630 440 470 END
START -15260 3088 160 -944 -214 73 508 612 629 440 469 END
START -15076 -1532 -868 -724 -139 -792 507 612 629 441 471 END
START -16428 -2160 1296 -992 -783 -355 508 611 629 442 469 END
START -16256 2476 3260 -964 -502 350 507 611 631 441 470 END
START -14676 3560 1412 -523 747 237 508 611 630 441 470 END