START -29644 6252 -14136 9700 15380 10896 472 625 671 379 432 END
START -32768 15000 -7180 12503 8686 10159 468 626 672 409 431 END
START -27060 22632 1356 -423 165 -4338 469 624 670 410 432 END
START -17380 13092 -6312 -5289 -8126 -8076 467 626 671 410 435 END
START -8568 13556 -8976 -2357 -8703 -5700 466 622 672 408 432 END
START -7868 14240 -8836 -2309 -6152 5498 468 627 671 409 431 END
START -13448 13500 -8636 -3354 -2509 15847 472 639 671 367 427 END
START -17752 12992 -7060 -4062 428 15265 467 627 671 408 432 END
START -16868 13536 -4584 -6882 1212 12201 471 626 671 406 431 END
START -13096 12140 -5372 -7886 82 12397 471 626 676 409 434 END
START -10152 10240 -5800 -6913 -441 12384 464 623 672 403 437 END
START -7520 9220 -4860 -5631 -924 12668 469 626 672 412 439 END
START -6312 9284 -3008 -4716 -747 12510 471 626 671 410 431 END
START -6412 9752 -1232 -4854 -163 11390 469 627 668 441 436 END
START -6036 9044 -816 -5090 510 8852 472 626 670 415 432 END
START -5780 8104 -1404 -4540 1095 6629 470 629 670 410 431 END
START -4508 6992 -4136 -3749 2241 4287 435 622 673 356 432 END
START -3768 8492 -3840 -1850 3320 2187 455 634 672 412 433 END
START -4652 9296 -516 -907 638 394 461 617 671 411 431 END
START -4856 7668 -2348 -697 -562 -1619 471 624 672 408 429 END
START -3724 9704 -2892 1245 1058 -3905 469 625 669 413 430 END
START -4580 9248 0 933 -204 -6518 471 635 671 409 427 END
START -4108 8592 -5104 1991 2775 -8089 472 628 672 411 431 END
START -6156 10916 -600 3476 3194 -9058 471 630 670 411 432 END
START -6856 9200 -6984 4668 3098 -10352 447 646 674 405 432 END
START -9972 11624 -140 5103 -386 -9701 475 628 671 411 431 END
START -10312 11972 -6044 4731 -125 -10576 471 629 672 411 431 END
START -11880 10316 -3136 4353 -3059 -12085 475 618 675 412 425 END
START -9900 13388 -2072 5302 182 -11554 476 626 668 411 430 END
START -9492 11748 -9804 5115 3924 -10570 477 633 670 408 429 END
START -13504 9748 -4672 4303 606 -9663 462 629 671 410 426 END
START -14748 13384 -2156 4066 -1113 -9559 478 631 670 417 431 END
START -12388 11568 -7152 3387 -2730 -11540 470 630 672 413 433 END
START -8256 10356 -5384 1713 -5748 -12541 472 626 661 413 441 END
START -7796 1632 -23048 -5698 9274 7731 471 626 666 415 432 END
START -32768 16224 -2220 14104 363 13311 474 634 663 416 435 END
START -26860 18244 5068 -1899 -2194 -4032 475 627 667 415 455 END
START -18468 11016 -1740 -4215 -8600 -10999 469 626 664 415 432 END
START -8788 7992 -4772 -1502 -7597 -11223 472 629 665 416 433 END
START -7084 10204 1708 721 -1940 -1672 506 627 663 410 436 END
START -3144 9664 -12160 -119 6785 5050 480 626 663 414 431 END
START -15424 7812 -3800 653 4792 3975 475 628 666 415 433 END
START -19976 12396 -1932 1075 3563 1562 474 624 668 448 427 END
START -16844 9044 -8012 -1592 -354 -2225 475 627 665 356 432 END
START -12312 9664 -4076 -1482 -3227 -2940 475 628 666 415 433 END
START -10336 11388 -4312 -488 -918 -1007 469 673 673 416 430 END
START -8408 9228 -10900 -658 408 96 474 628 662 416 440 END
START -13868 8604 -2288 -1223 -2341 289 475 628 664 417 439 END
START -14200 11332 -2572 -657 -1339 268 470 637 664 417 438 END
START -11736 9496 -9272 -1215 -906 -806 471 623 644 418 435 END
START -11492 7552 -6316 -2069 -2194 -1257 475 627 664 421 435 END
START -12144 8772 -2160 -1398 -1019 -511 475 627 666 418 434 END
START -12060 11220 -3256 -459 1648 84 477 629 664 419 434 END
START -16660 9668 -5408 -1819 247 -320 475 630 665 417 435 END
START -4332 8352 -3924 -1556 -1808 -764 474 628 664 417 434 END
START -9692 9012 -9464 -1949 -211 -849 476 627 670 438 435 END
START -20736 10444 3412 -1510 -3101 -478 474 627 664 420 436 END
START -12440 8324 -6592 -1253 -1274 -302 481 627 665 420 434 END
START -19296 10460 2604 -1073 -2027 -246 452 615 688 419 439 END
START -12316 8564 -7528 -973 459 -240 473 626 663 417 434 END
START -9100 9864 -5288 -1069 -493 -365 473 629 665 417 434 END
START -16148 8012 -4032 -922 -57 -565 481 632 664 413 433 END
START -18924 9316 2452 -703 -2073 -406 474 628 666 413 435 END
START -15088 8600 -4936 -972 -502 -712 472 628 665 416 431 END
START -15160 10132 -1588 -785 -2326 -406 454 630 616 417 406 END
START -14040 8596 -6432 -571 -670 -582 471 626 666 413 434 END
START -12988 9668 -2988 -1240 -2759 -547 471 628 666 407 431 END
START -10000 9268 -7976 -523 -469 -570 475 630 674 414 430 END
START -12128 8240 -4380 -1644 -2582 -746 467 628 662 419 425 END
START -12920 10616 -3160 -178 327 33 470 627 666 418 430 END