START -16196 2972 1720 -2623 -3070 9485 508 620 639 432 480 END
START -15932 3044 1856 -2629 -2370 9638 508 621 638 432 480 END
START -15652 3356 2148 -2542 -459 10241 508 622 639 433 480 END
START -16260 3436 2584 -2517 340 10714 509 624 639 432 480 END
START -16532 3408 2500 -2377 350 10976 509 626 641 433 480 END
START -15824 3804 2432 -2305 -412 11168 508 626 641 432 480 END
START -15260 3988 2348 -2176 -1671 11246 508 627 642 432 479 END
START -13616 4336 2160 -2007 -1990 11037 507 629 641 432 478 END
START -12164 4024 2268 -1932 -1627 10421 506 629 641 431 478 END
START -11956 4612 2040 -2010 -1027 9896 506 630 642 431 477 END
START -10988 5208 2148 -1713 -896 9016 503 630 643 430 476 END
START -9628 5836 1528 -1544 -99 7618 504 632 642 430 474 END
START -8220 5868 1164 -1441 943 5895 503 630 644 429 473 END
START -7328 5628 504 -1613 2144 4278 502 630 642 428 472 END
START -6940 5660 312 -1768 2675 2189 501 630 642 428 471 END
START -6324 6100 800 -1824 1737 82 500 629 642 428 470 END
START -5524 6380 1136 -1931 487 -2573 501 624 642 427 469 END
START -3912 6324 1408 -2114 501 -5867 498 625 641 426 467 END
START -4036 3848 200 -2287 1335 -9546 497 625 640 425 466 END
START -4920 1824 -376 -2100 1755 -13156 496 625 639 425 465 END
START -6656 3344 788 -1854 1540 -15208 495 624 639 426 464 END
START -10480 4140 3332 -2330 724 -16478 493 622 639 426 464 END
START -13520 1500 1752 -2178 1031 -17820 493 623 632 425 463 END
START -15532 3552 2008 -1899 2006 -17469 491 623 637 426 462 END
START -20500 1692 2368 -2206 2783 -15918 489 622 637 425 460 END
START -22072 2620 1664 -1531 4033 -14060 488 620 636 425 461 END
START -26724 2764 3640 -1865 4047 -10196 488 621 636 426 461 END
START -32768 1412 384 -358 6776 2042 488 620 635 426 461 END
START -32768 7652 7984 370 2223 -2528 488 620 637 426 461 END
START -24016 1408 -1864 693 2853 3823 489 620 635 426 460 END
START -25032 4460 2740 448 1195 7972 487 620 635 426 460 END
START -21840 2060 720 470 -144 8353 489 620 636 426 461 END
START -19668 5304 1840 148 -1047 10756 489 620 636 427 461 END
START -16764 1500 -300 221 -947 10548 490 620 636 426 462 END
START -14940 4892 2192 -289 -620 11675 490 620 636 426 462 END
START -11980 2116 -692 0 503 10371 491 620 636 427 462 END
START -11292 5032 2044 -559 221 9995 492 621 636 427 463 END
START -8396 2168 -688 -331 1047 7645 493 619 636 427 463 END
START -8680 4120 1764 -1124 669 6397 494 619 631 427 465 END
START -6332 2760 -912 -891 1219 3224 495 618 636 427 464 END
START -7156 3956 1992 -1582 -768 845 495 618 637 426 465 END
START -4716 4428 -604 -1048 -796 -2708 496 618 638 426 466 END
START -5540 1360 936 -1348 -1907 -6207 497 619 638 426 466 END
START -5896 5264 1968 -1343 -1334 -8453 499 621 640 427 469 END
START -6536 1512 -536 -1054 -362 -11906 499 620 640 424 467 END
START -10560 1856 2028 -1471 113 -13368 499 620 640 426 468 END
START -11700 4212 380 -1069 2669 -14548 499 621 640 426 468 END
START -15460 -792 -1360 -856 3210 -14973 501 622 642 426 469 END
START -21044 1384 1620 -1238 1863 -13159 500 623 642 426 469 END
START -21916 3600 948 -944 430 -11527 500 622 642 426 469 END
START -30712 -948 -3140 -1111 1376 -1185 501 624 643 426 468 END
START -29644 4408 5688 240 2119 -4763 501 623 642 426 469 END
START -22000 3924 -1480 635 2191 -796 502 624 643 426 469 END
START -18596 -696 -1340 703 319 -517 502 624 643 427 470 END
START -17884 3848 2576 87 -1631 1148 502 626 644 427 470 END
START -14828 2448 -392 528 -1943 492 502 625 646 426 470 END
START -15444 -824 1092 -9 -3003 147 503 625 644 426 470 END
START -13792 3776 1008 -82 -152 552 502 624 644 427 470 END
START -14472 -932 -1480 -117 1948 -237 502 624 643 426 470 END
START -17920 120 1464 -479 1237 371 502 624 643 427 471 END
START -15788 3548 232 21 924 10 502 624 643 426 471 END
START -16852 444 1224 -431 -545 -26 503 624 642 428 471 END
START -15424 3896 480 -264 448 584 503 624 643 426 470 END
START -16340 -940 -444 -194 128 -126 502 624 643 427 470 END
START -17116 2880 2516 -394 -163 753 503 624 639 427 470 END
START -15376 1832 -760 227 615 393 502 624 643 427 471 END
START -17260 -616 600 -118 -458 293 503 624 642 427 471 END
START -16000 4120 684 -65 194 1036 503 623 643 425 471 END
START -15428 -104 -1492 184 44 253 503 623 643 427 471 END
START -16864 1412 1468 -296 -691 939 502 623 643 427 471 END