START -15068 2396 72 -1609 -773 3361 520 615 636 446 488 END
START -15292 2228 188 -1537 -572 3402 520 615 636 446 487 END
START -15904 2544 728 -1260 -868 3472 520 615 636 446 486 END
START -15800 2656 1208 -866 -2090 3302 520 615 636 446 487 END
START -14800 2528 828 -588 -3264 3083 521 617 636 445 487 END
START -13252 2552 812 -194 -3103 2387 520 615 635 446 487 END
START -11908 2800 584 -36 -923 1813 521 615 636 446 488 END
START -12448 2276 -72 90 856 1032 520 615 637 442 487 END
START -13740 2312 588 11 1259 383 520 615 637 447 487 END
START -14208 3088 368 -161 1313 -79 521 616 636 447 487 END
START -14296 3048 -60 -265 902 -752 520 615 636 446 487 END
START -15248 2244 -576 -452 319 -1103 521 612 636 447 487 END
START -15484 2500 -448 -595 -367 -1196 522 615 637 446 487 END
START -15300 3376 -664 -804 45 -1008 520 616 636 446 487 END
START -16512 4072 -60 -1029 789 -340 520 616 637 446 488 END
START -17560 4164 640 -1228 766 146 520 615 637 447 488 END
START -18632 2744 832 -1235 437 565 520 616 636 447 488 END
START -18380 1728 24 -853 -5 852 520 616 637 446 487 END
START -17324 3000 -412 -544 -72 1666 521 615 637 447 487 END
START -17148 5028 1308 -599 -508 2911 521 617 631 448 487 END
START -17644 1588 428 -427 -1269 2785 520 615 637 447 487 END
START -15184 4092 -860 -64 -525 3280 520 615 637 447 487 END
START -15628 3956 1312 -479 -583 3602 521 616 637 447 487 END
START -13384 2788 -1576 60 195 2725 520 615 636 446 488 END
START -12740 4248 724 -217 -205 2663 519 615 636 446 487 END
START -9020 1492 -3020 -108 896 243 520 614 636 446 487 END
START -7684 4832 -1068 -1303 2236 -1402 519 616 636 446 487 END
START -6596 2036 -3508 -2192 2969 -5509 520 615 637 446 488 END
START -8684 1268 -164 -3977 -236 -9031 521 615 637 446 487 END
START -7580 4236 -1076 -4845 -2908 -12424 520 615 637 448 487 END
START -8532 -1192 -1352 -5405 -3865 -15955 520 616 636 447 487 END
START -12260 -1568 -364 -6281 -3165 -16401 520 618 637 446 487 END
START -11020 -232 364 -6056 -984 -14393 520 617 638 441 486 END
START -32768 -5156 12836 -1694 3377 -1947 520 621 639 443 487 END
START -28748 -96 3644 1470 3634 -2094 520 619 638 444 487 END
START -26400 2848 1384 1973 3555 3403 519 618 639 445 487 END
START -21352 4692 -3788 1980 2670 8091 518 618 640 445 488 END
START -24756 136 228 2905 -584 10041 519 619 638 444 487 END
START -20428 1860 2476 2595 -2451 11530 520 620 638 446 487 END
START -17820 4548 684 2772 -2358 12884 520 619 639 446 487 END
START -13716 3140 -1672 3165 -889 12143 520 618 638 446 487 END
START -11288 -276 -2220 2699 133 10703 520 619 638 446 487 END
START -12100 28 -176 1540 362 9794 519 619 637 446 487 END
START -10616 4948 164 809 863 8609 520 618 637 445 487 END
START -8640 1120 -3300 516 587 5835 519 618 638 446 487 END
START -9320 492 -520 -624 -537 3397 518 618 638 446 487 END
START -8076 5468 48 -1501 -660 1317 520 619 637 446 487 END
START -5800 3644 -3052 -1673 -801 -2447 519 618 637 446 487 END
START -5428 328 -2916 -2230 -1256 -6209 520 618 637 446 487 END
START -7116 -1108 -1604 -3071 -541 -9166 520 618 638 446 487 END
START -9056 768 204 -3761 889 -11346 520 618 638 446 487 END
START -12928 2736 308 -4180 1820 -12263 520 619 639 446 487 END
START -14864 4084 -304 -3947 622 -13516 520 620 638 445 487 END
START -14688 2328 -1728 -3506 -1294 -14593 521 621 639 448 487 END
START -13936 -152 -3216 -3593 -1729 -14643 520 619 638 445 487 END
START -15916 -2472 -5968 -3406 214 -8370 520 622 638 443 484 END
START -30088 -5104 6020 -215 3119 -7692 519 619 636 444 485 END
START -28708 -1664 2768 20 7313 -4053 520 619 636 445 485 END
START -20312 -936 -3132 515 5268 -1436 520 619 636 445 486 END
START -22752 3376 1924 -150 2425 611 520 621 635 445 486 END
START -13996 1240 -5900 -644 1265 513 520 621 635 445 487 END
START -16300 -1964 -2824 -1454 -1722 572 520 620 635 445 486 END
START -18832 -892 1600 -1780 -3651 934 520 621 635 445 486 END
START -11720 2004 -2584 -1160 -2094 826 521 621 635 445 486 END
START -16152 -1356 208 -719 -1022 43 520 620 635 446 486 END
START -15336 -1556 544 -1093 839 239 520 620 635 446 487 END
START -17696 3344 2356 -1039 1416 740 520 619 635 443 486 END
START -13660 -72 -3200 -643 1277 -214 520 620 635 446 487 END
START -16552 -2368 -200 -854 -178 -515 519 620 635 446 486 END
START -16828 -920 1492 -1127 -87 148 517 620 635 446 486 END