START -7052 13140 4120 -522 3185 -2877 488 527 586 477 476 END
START -7280 13184 3744 -231 4069 -2747 488 527 586 477 477 END
START -5840 13080 1664 -202 3803 -2891 488 527 586 476 476 END
START -6588 13464 3132 -404 4059 -2522 488 526 585 477 477 END
START -8684 14016 4496 -1581 2449 -2407 488 527 587 476 477 END
START -8000 12632 4260 -2249 -953 -3221 489 527 586 477 477 END
START -8372 11680 6828 -2571 -3784 -4214 488 527 587 476 478 END
START -7236 11632 6808 -2166 -8213 -5122 488 527 587 477 478 END
START -4644 14128 2892 -1934 -8682 -6577 487 528 588 477 478 END
START -600 9324 -1716 1658 2572 -9553 487 528 588 477 478 END
START -4548 8168 0 3338 6530 -11339 487 528 588 477 479 END
START -7748 11260 2528 4506 3445 -12039 487 527 589 476 480 END
START -7620 7036 2428 5021 -1620 -12782 488 528 589 477 482 END
START -9736 10412 4596 6141 -8666 -13244 488 528 588 477 483 END
START -5236 10412 2304 6181 -12880 -14939 487 528 586 478 485 END
START -4636 10528 1972 6523 -15089 -16207 488 528 586 479 487 END
START -4676 11768 2368 7019 -16790 -17487 488 530 585 482 490 END
START -4424 11692 2612 7089 -19498 -19149 489 531 587 484 492 END
START -5888 12296 4108 6440 -21827 -20664 491 531 586 484 494 END
START -6548 11360 5888 6382 -21976 -23006 493 533 587 486 495 END
START -5756 10328 6196 6697 -21576 -24844 497 534 590 488 497 END
START -9860 8892 7568 6476 -17846 -25416 505 536 596 490 499 END
START -9780 6996 6892 5660 -18982 -27860 516 538 600 491 501 END
START -14644 6696 7092 6901 -13627 -29048 532 539 600 491 501 END
START -13472 4788 3304 7110 -12602 -31153 549 539 599 495 506 END
START -22488 5200 9852 8950 -18753 -24926 565 541 606 498 512 END
START -16876 4500 4312 8246 -27649 -22411 572 546 612 500 511 END
START -20152 6112 6452 6290 -32768 -21923 591 549 620 504 515 END
START -10520 5768 852 2941 -32768 -21893 606 554 622 513 523 END
START -8836 5628 2120 -597 -32768 -19511 619 566 624 529 535 END
START -8992 2640 3376 -4514 -28727 -17325 628 575 627 557 550 END
START -13744 1116 9900 -7507 -27201 -14621 636 581 631 571 559 END
START -11432 -2144 10992 -9943 -26208 -10941 641 587 636 574 561 END
START -16548 -3704 15280 -12440 -26160 -8066 646 593 640 577 565 END
START -15148 -5112 12220 -13498 -22479 -5578 649 598 645 581 569 END
START -6572 -4724 6064 -14673 -19954 -2867 652 602 648 586 572 END
START -12700 -4380 12580 -16053 -21011 -1655 653 604 649 593 576 END
START -6884 -5620 10820 -16358 -21179 -265 654 606 652 604 581 END
START -4996 -5816 11300 -16111 -20248 419 653 607 655 617 586 END
START -7176 -4600 14192 -16069 -19774 -160 654 609 657 629 591 END
START 140 -6448 11168 -15696 -17111 -74 655 611 659 639 596 END
START -1176 -8384 15048 -13661 -15292 729 655 611 660 642 597 END
START -3424 -8692 18588 -12388 -17313 489 656 612 661 647 597 END
START 2904 -8224 16024 -11313 -14820 797 658 611 661 652 601 END
START 3028 -6864 16068 -10949 -11558 1113 658 611 661 658 603 END
START 476 -9544 16516 -10121 -9054 1311 659 610 661 659 605 END
START 2736 -10320 13924 -10008 -9968 539 661 608 661 662 607 END
START 2232 -10084 15336 -9765 -10582 -757 664 606 660 665 611 END
START 3904 -12572 15084 -8678 -7350 -1461 667 600 658 666 611 END
START 3452 -11860 15248 -7289 -2309 -2004 669 600 657 668 612 END
START 176 -8876 16132 -6215 986 -1645 670 600 656 668 613 END
START -1656 -7672 15884 -6022 3081 -1969 672 603 656 671 613 END
START -64 -7580 14096 -5585 4873 -1473 673 603 656 675 614 END
START -1724 -7292 15180 -5413 2391 -259 674 603 655 675 615 END
START -4976 -7096 17604 -5033 -1021 -398 672 601 654 675 616 END
START 1536 -7376 12748 -4024 -922 -199 672 601 654 676 615 END
START -428 -7868 11568 -4213 -448 -693 671 600 654 676 616 END
START 4112 -7468 9240 -4111 1083 -136 670 599 651 676 616 END
START 2996 -7704 10560 -4343 330 -169 669 598 651 677 615 END
START 3560 -8492 10644 -3734 -649 -15 667 597 651 677 617 END
START 3556 -8500 11304 -3003 -1031 151 664 597 651 677 616 END
START -1056 -7540 14476 -2376 -784 518 663 596 651 677 617 END
START 2776 -8136 11912 -1928 10 702 661 595 650 676 617 END
START 4644 -8580 10264 -1662 1537 666 660 595 650 678 617 END
START 184 -7840 12968 -808 1458 941 659 594 650 678 618 END
START 3152 -7888 10392 -653 1073 715 660 594 651 678 618 END
START 2540 -8228 10876 -570 710 472 658 593 651 678 618 END
START -1256 -8036 13808 -508 615 301 658 595 650 678 619 END
START -4576 -7732 15592 -494 511 170 657 593 650 678 619 END
START -1472 -7724 13252 -550 362 35 657 593 649 678 619 END