START -8680 5532 2380 2606 -2967 7187 502 610 646 424 469 END
START -8328 5524 2440 2524 -2875 6642 501 611 647 422 468 END
START -7688 5748 1828 2083 -2263 5295 500 612 647 426 459 END
START -7744 6060 1692 1520 -1621 3625 499 613 646 422 465 END
START -7312 6532 1612 728 -637 1889 499 614 648 422 464 END
START -7132 6216 972 -120 495 30 498 616 648 422 464 END
START -7220 6552 1068 -976 1096 -1619 498 618 648 422 463 END
START -7460 6176 1320 -1894 955 -3755 498 621 648 422 463 END
START -8048 6260 1816 -2655 684 -5481 496 623 649 421 462 END
START -8156 5752 2964 -3138 477 -7671 496 625 649 421 461 END
START -8276 4936 2520 -3917 1826 -9338 495 625 650 421 460 END
START -9500 5328 2988 -4405 3081 -10479 495 627 650 421 460 END
START -11256 5824 3580 -4742 3257 -11385 494 626 650 421 460 END
START -11208 5424 3588 -4826 2714 -12789 494 628 650 420 459 END
START -11696 4840 3396 -4905 3431 -13952 493 628 650 420 458 END
START -13216 3940 3604 -5342 4964 -14597 493 628 650 420 459 END
START -16316 2064 2648 -5751 4921 -14728 493 630 652 419 458 END
START -16556 2464 3436 -5517 3325 -14397 492 631 651 419 458 END
START -17020 3556 4480 -5529 3651 -13160 491 632 652 418 458 END
START -17860 3404 4296 -5996 4572 -11744 491 632 651 418 457 END
START -18532 -876 3612 -5399 4997 -10754 491 632 650 418 457 END
START -32768 632 12572 -605 5720 -2469 492 635 652 420 459 END
START -24068 3476 10828 -463 3311 -1645 492 635 651 420 459 END
START -22068 948 3572 1144 3721 487 491 634 652 421 460 END
START -19264 3604 3332 1358 3478 3497 491 635 651 420 459 END
START -21556 1508 4660 1558 1081 5555 491 635 651 419 459 END
START -19028 2844 3324 1999 641 6015 493 635 652 420 460 END
START -19800 3308 4380 1659 -719 7751 493 635 651 420 460 END
START -18324 416 2052 2232 -882 7972 492 635 651 420 461 END
START -17896 4592 3856 1865 -1019 9727 493 636 651 421 461 END
START -17016 520 1148 1825 -650 9687 494 635 651 420 463 END
START -15752 5296 2612 1464 61 11077 494 635 652 420 462 END
START -14676 1436 600 1076 241 10524 494 634 652 421 464 END
START -12872 5848 1852 723 1180 10911 494 634 651 420 463 END
START -13096 1676 1016 287 219 9451 494 635 651 421 463 END
START -10400 6264 1792 -60 -344 8680 496 634 651 420 463 END
START -8820 2016 -88 -662 -1198 6211 495 634 651 421 464 END
START -7232 6564 1648 -1012 -638 4698 495 633 652 421 457 END
START -6168 2496 336 -1413 -363 1346 494 634 651 420 464 END
START -5596 6640 3008 -2153 -300 -792 496 634 650 421 464 END
START -4952 3108 -132 -2207 53 -4963 495 634 649 420 465 END
START -6296 5164 2664 -2919 -1294 -7447 495 634 651 420 464 END
START -5668 4676 188 -2679 -465 -10637 496 635 651 420 463 END
START -7920 1756 1192 -3453 84 -13181 496 635 651 420 464 END
START -10772 5740 1944 -3781 2246 -13610 496 635 651 420 464 END
START -13764 2484 96 -3978 1742 -15040 496 636 652 420 464 END
START -17572 1768 1956 -4587 -1988 -14649 496 638 652 421 464 END
START -16524 3792 1860 -4292 -2519 -13934 496 637 651 420 465 END
START -27508 384 -2040 -3559 -1536 550 497 637 649 422 466 END
START -30012 3904 15444 -599 1309 -8663 498 638 649 422 467 END
START -22448 3912 5884 -42 5385 -3381 498 639 651 422 467 END
START -15940 2100 464 1185 5367 -3715 498 640 651 423 466 END
START -17064 1364 1484 -23 3537 -1434 498 640 651 424 468 END
START -15708 4444 816 -357 2863 -725 498 640 651 422 467 END
START -16336 -720 -420 -975 1107 -1596 498 642 651 424 467 END
START -17968 828 3392 -1471 -219 -608 498 640 651 423 467 END
START -16508 2708 2368 -831 509 -347 498 640 651 423 467 END
START -17076 -1156 2824 -855 146 -722 498 639 651 423 468 END
START -16476 3232 4444 -1054 1095 254 498 639 651 423 467 END
START -15048 1648 560 -647 1905 -97 499 639 651 422 467 END
START -16816 -12 2804 -1152 684 49 499 640 651 426 468 END
START -15624 4116 2116 -1010 1235 706 499 639 650 423 469 END
START -15468 140 728 -774 509 -150 499 640 651 423 470 END
START -16864 2420 3944 -1133 -67 722 499 639 651 423 469 END
START -14760 2096 840 -500 1030 359 499 639 650 423 469 END
START -16196 -620 2336 -743 -27 9 499 639 650 423 469 END
START -14868 4028 2040 -628 686 736 500 640 650 423 468 END
START -14924 -448 -256 -478 496 -274 500 639 651 424 470 END
START -17004 1424 3120 -1062 -223 568 500 638 649 420 471 END
START -15628 3612 2060 -580 178 476 500 639 650 424 472 END