START -8648 5116 1692 -835 2660 8742 472 585 605 405 442 END
START -8336 5248 1560 -707 2790 8356 471 585 605 406 441 END
START -7400 5212 1532 -405 3239 6818 471 583 605 405 441 END
START -6200 5048 1040 -118 4037 4522 470 584 605 405 442 END
START -4528 5432 -60 -328 5735 1917 470 584 606 405 441 END
START -4544 5384 -308 -677 7042 -460 469 584 607 404 440 END
START -4936 5544 128 -947 6829 -3428 470 584 608 403 440 END
START -5060 4952 196 -1192 6111 -6540 468 583 609 404 441 END
START -5572 5148 344 -1382 5491 -9468 468 583 608 404 440 END
START -6360 4984 232 -1268 5552 -12160 467 582 608 403 440 END
START -7892 4080 -64 -1491 6057 -14493 467 582 610 403 440 END
START -10704 4200 632 -1780 6062 -16322 467 582 610 406 440 END
START -13200 4296 1764 -2022 5275 -17591 467 584 612 404 440 END
START -16268 4420 2440 -1899 3441 -18530 468 584 614 404 441 END
START -17748 3712 852 -1872 1322 -18149 467 587 615 404 442 END
START -19700 2168 -632 -1800 -40 -16739 468 589 618 405 442 END
START -21688 2464 -304 -1733 161 -14071 467 591 618 404 442 END
START -27108 5396 -24 -1783 954 -3634 468 590 623 406 443 END
START -32768 6440 8124 -136 2409 -5438 468 592 625 405 443 END
START -27824 3628 1400 233 -594 -553 469 593 625 405 443 END
START -22136 3004 -1276 262 -2703 2105 468 596 626 405 443 END
START -22460 6012 908 -186 -1757 6700 469 595 627 404 444 END
START -21948 5360 2628 -456 -3439 8096 470 598 627 405 443 END
START -19892 2544 284 -65 -3971 8609 470 600 628 406 445 END
START -17816 5448 1216 91 -3461 10356 472 601 628 405 445 END
START -17864 4180 2196 -308 -4257 11232 474 603 629 405 445 END
START -15452 3212 124 170 -3467 11165 473 604 630 406 445 END
START -14680 5384 1996 -309 -3224 11867 474 605 631 403 446 END
START -12596 2696 -544 -185 -2133 10980 475 606 631 405 444 END
START -11904 6028 1548 -682 -1861 11169 472 608 631 406 445 END
START -10148 2808 -984 -534 -2173 8903 476 607 632 406 446 END
START -8452 5956 1492 -804 -2528 7910 476 608 632 405 447 END
START -6652 2732 -276 -653 -2017 5056 476 608 632 405 445 END
START -5924 6612 2136 -1166 -1042 3579 477 609 633 406 446 END
START -4876 3048 100 -1087 -597 -265 478 609 633 406 446 END
START -5284 6524 2076 -1575 -228 -2335 478 609 632 405 447 END
START -5132 2432 -564 -1318 -189 -6427 478 610 634 406 447 END
START -6336 5320 1924 -1619 -225 -8531 479 610 634 406 447 END
START -6100 3740 -572 -1361 998 -11777 478 610 634 406 447 END
START -9112 3240 2416 -2135 1243 -13358 479 610 635 408 448 END
START -10792 5136 328 -2059 3311 -15113 479 611 635 407 448 END
START -14040 1196 288 -2749 2322 -16689 479 610 634 408 443 END
START -17208 4336 1580 -3374 1088 -16160 479 611 635 407 448 END
START -16588 1176 -948 -3669 -1472 -16524 480 612 636 404 449 END
START -17528 1056 1820 -4778 -3210 -15431 480 611 636 407 449 END
START -24760 5916 -440 -5515 -401 -5074 481 612 640 407 451 END
START -32740 -636 8816 -2183 172 -10476 482 612 641 408 451 END
START -25224 1588 6300 -1723 -350 -5555 483 614 644 408 451 END
START -19048 4304 2272 -1087 776 -4345 484 615 644 409 452 END
START -16936 344 -152 -1721 1507 -3635 483 617 645 409 451 END
START -17768 3184 2316 -2574 558 -1869 483 619 643 409 452 END
START -17040 2608 -424 -2514 174 -2216 483 618 644 408 453 END
START -17948 -1596 432 -2980 -1712 -2263 484 619 645 410 454 END
START -18428 1748 3132 -3152 -2656 -729 484 619 644 411 454 END
START -16688 2556 1496 -2414 -2220 -446 485 620 646 410 457 END
START -16324 -1624 1328 -2009 -2446 -633 485 620 645 410 454 END
START -16172 824 3792 -1975 -1706 385 485 620 646 410 455 END
START -14888 3236 1876 -1133 -59 880 484 621 646 410 455 END
START -15764 -1796 1408 -790 -550 417 486 621 646 409 456 END
START -15964 2760 3384 -632 -360 1552 488 621 646 410 457 END
START -14488 1392 136 245 86 1128 486 621 646 410 456 END
START -16248 276 3068 80 -779 1397 486 621 645 410 453 END
START -14108 3028 780 763 387 1696 486 621 645 409 457 END
START -15384 -1288 1188 861 -472 1157 487 620 644 410 458 END
START -15400 3712 2972 863 21 1820 488 621 644 409 459 END
START -14432 508 -148 1464 660 796 488 620 643 409 459 END
START -16140 748 2768 810 246 1053 488 620 644 410 458 END
START -14488 2636 144 1199 1191 761 488 621 642 411 458 END
START -16552 -444 1860 764 -105 358 488 618 641 409 460 END
START -15956 4324 2812 582 -80 1058 489 619 641 410 459 END