START -9940 3636 -1260 -626 -1173 6121 502 620 638 433 438 END
START -9884 3580 -1316 -741 -939 5567 502 620 638 433 438 END
START -9816 3800 -1252 -1144 -586 3906 503 620 637 433 438 END
START -9724 3892 -968 -1571 -697 2073 501 619 638 433 438 END
START -9156 3860 -1100 -1946 -915 94 502 620 638 433 435 END
START -9240 3104 -1404 -2049 -1127 -1892 502 619 637 433 439 END
START -8896 3340 -1072 -2268 -870 -3921 503 620 638 433 438 END
START -9136 2916 -928 -2512 267 -5849 503 620 637 433 439 END
START -10156 2500 -108 -2826 1241 -7687 503 621 638 434 439 END
START -11116 2352 132 -3148 1294 -9360 503 621 637 434 439 END
START -11092 2928 576 -3083 316 -11075 503 620 638 433 439 END
START -10852 2568 916 -2707 -810 -13094 503 620 638 433 439 END
START -12272 1388 504 -2563 -876 -14238 503 620 638 433 440 END
START -15288 192 232 -2586 315 -14932 503 620 638 433 439 END
START -17736 -468 536 -2456 862 -15111 503 620 638 433 439 END
START -19476 -24 -604 -2366 1336 -13994 502 620 638 434 440 END
START -18988 144 -1140 -2631 1881 -11180 502 621 638 432 440 END
START -32768 -2212 5308 -923 4331 -4131 502 622 633 435 441 END
START -27524 1544 1176 46 4854 -1937 502 620 639 434 441 END
START -25028 3892 1252 318 1298 1380 502 621 638 434 441 END
START -23060 -300 -756 63 -268 4504 504 620 638 434 441 END
START -21664 3036 656 676 6 6860 502 621 638 434 441 END
START -21304 3076 2524 225 -936 8188 502 621 637 434 442 END
START -19924 -524 -724 1003 -678 8685 502 621 637 435 442 END
START -18972 3108 2436 737 -901 10489 502 622 637 435 442 END
START -17112 -120 -1468 1156 125 10401 503 620 640 434 441 END
START -17520 2268 1208 568 -109 11603 503 621 637 435 442 END
START -14636 2720 -1984 815 768 11257 504 621 637 435 442 END
START -15428 1104 256 -132 334 11286 504 620 636 434 442 END
START -12832 4472 -1412 -410 1212 10900 503 621 636 435 442 END
START -12296 344 -2308 -920 490 9057 504 621 636 435 442 END
START -11652 3872 148 -1605 -643 8541 503 621 635 435 442 END
START -8400 3944 -2236 -1356 -147 6220 504 621 634 435 442 END
START -8312 1076 -1436 -1954 -893 3582 504 622 633 434 442 END
START -7932 4548 1076 -2202 -1168 1645 503 621 633 436 442 END
START -5288 4140 -1924 -1611 -1089 -2047 503 620 633 435 442 END
START -4816 1468 -1804 -1628 -1721 -6171 503 620 632 435 443 END
START -6712 1412 932 -2000 -1704 -8858 503 620 632 435 443 END
START -8164 4680 1424 -1741 -999 -11217 505 621 632 434 442 END
START -9120 2872 -1004 -1334 -639 -14054 504 620 632 435 442 END
START -11448 -960 -1816 -1623 -1155 -16152 503 621 633 434 443 END
START -13632 -1888 -1752 -2306 3 -16094 505 621 632 434 442 END
START -17584 1436 684 -2724 1461 -14791 504 621 633 434 443 END
START -18564 2652 -1528 -2813 2843 -14060 504 620 633 434 443 END
START -17008 -4204 -4872 -2673 3227 -12281 503 619 627 433 443 END
START -32768 -4056 3840 706 4420 -7118 504 616 626 435 444 END
START -25208 -2480 1424 326 4267 -4640 504 617 628 435 444 END
START -21556 2008 348 776 2575 -1681 504 618 629 434 444 END
START -18564 4136 -1224 655 2929 -89 504 619 628 434 444 END
START -16884 -132 -3748 250 1280 -429 504 620 629 434 444 END
START -17536 -2172 -1336 -549 -1026 -340 503 618 627 433 444 END
START -16900 -1748 0 -897 -1976 -146 504 619 628 433 444 END
START -16400 2456 1048 -791 -848 598 504 618 628 433 444 END
START -14916 1132 -2224 -471 696 226 504 619 628 434 443 END
START -16272 -2592 -2320 -588 820 -256 504 618 628 434 445 END
START -17784 -2036 -72 -936 -132 32 504 618 626 434 444 END
START -17252 2372 1420 -965 -699 763 503 619 628 434 444 END
START -15204 2588 -1552 -651 -321 595 504 618 628 434 444 END
START -14780 -280 -3064 -539 -331 -85 504 618 628 433 444 END
START -16288 -2864 -1216 -853 -323 -31 504 619 629 434 444 END
START -17344 -1428 588 -932 -549 488 504 619 629 434 445 END
START -16476 2904 824 -788 -89 982 504 619 629 434 445 END
START -15172 1860 -2692 -406 604 453 504 619 629 430 445 END
START -15684 -2500 -3360 -487 -280 -7 505 618 629 434 445 END
START -16584 -2820 -1648 -840 -1072 350 504 619 628 434 445 END
START -16708 -1260 216 -934 -1053 809 504 619 629 435 445 END
START -16060 2704 628 -777 -325 1103 504 619 628 435 445 END
START -14388 1764 -2608 -495 473 537 505 619 628 435 446 END
START -15224 -2396 -3116 -409 262 -130 504 620 629 434 444 END
START -15940 -3092 -1524 -693 -505 -258 504 619 629 434 445 END