START -16672 2276 -476 -1677 -1627 6716 501 562 569 425 408 END
START -17216 2488 -228 -1669 -883 7071 501 562 570 424 408 END
START -19280 3104 1052 -1735 -877 7846 499 561 569 425 408 END
START -19412 2456 584 -1597 -3163 8570 498 557 567 424 407 END
START -16920 2864 360 -1290 -4859 9032 495 553 567 424 407 END
START -14808 3168 816 -1055 -4158 9391 494 552 568 424 406 END
START -14060 3116 480 -1032 -2556 9604 492 551 569 423 405 END
START -13292 2952 260 -824 -1800 9104 490 550 569 423 404 END
START -12452 2800 956 -557 -1157 8649 488 551 571 422 406 END
START -11920 4044 1580 -522 -387 8011 487 553 571 422 408 END
START -11076 4480 888 -534 -84 6854 485 555 575 423 407 END
START -10392 4620 48 -525 -127 5490 485 548 573 421 407 END
START -10576 4804 180 -696 -678 3831 484 553 576 420 407 END
START -9484 5124 0 -870 -1907 2150 483 553 577 421 408 END
START -8712 4944 400 -1183 -2601 221 483 556 578 420 408 END
START -7556 3912 464 -1516 -2230 -2550 482 559 581 421 410 END
START -6724 2604 -248 -1876 -223 -5604 482 561 584 421 409 END
START -7312 4576 148 -2356 1009 -8057 481 564 587 421 410 END
START -9288 4788 1252 -2968 -90 -10101 482 565 589 420 410 END
START -10380 824 -248 -3110 -522 -12613 481 566 591 421 410 END
START -11100 3756 676 -3040 -525 -13512 482 568 594 421 411 END
START -13192 1412 1532 -3540 215 -14289 481 570 592 420 411 END
START -14520 2444 352 -3224 3498 -14314 482 571 594 421 412 END
START -19544 788 1268 -3702 4435 -13041 483 573 596 421 413 END
START -22620 1440 132 -2820 4379 -10492 483 576 599 422 413 END
START -32768 -532 6872 -1166 1120 -6364 479 577 602 423 413 END
START -22808 4372 2208 -414 1143 -3065 483 577 603 423 413 END
START -22084 320 -1340 -391 3018 -178 483 578 603 422 414 END
START -23700 4288 872 -590 3964 3734 483 579 603 422 414 END
START -24516 972 760 -35 1004 4682 483 579 603 426 415 END
START -22060 4584 2980 -279 -1680 7054 484 578 603 422 414 END
START -19104 2712 52 703 -1418 7922 484 578 603 423 415 END
START -19668 1632 2564 459 -2928 8943 484 577 603 423 414 END
START -15820 4784 988 1070 -733 9798 483 577 603 423 414 END
START -15364 528 -1144 1058 -160 9576 483 578 603 422 415 END
START -15628 4036 2504 768 -244 10518 483 576 603 423 415 END
START -12640 3780 -1360 927 1134 9809 484 575 602 423 414 END
START -12952 672 -1280 266 448 8789 483 576 602 421 415 END
START -12372 5352 1084 -317 77 8519 484 574 602 422 414 END
START -9684 3200 -2748 -80 286 6333 483 575 601 423 415 END
START -9720 1764 -560 -932 -1074 4785 483 573 602 423 414 END
START -7932 6584 368 -1285 -387 3036 483 575 601 423 414 END
START -6316 3736 -2856 -1284 -820 -428 483 576 601 423 415 END
START -6620 1796 -164 -1994 -1875 -3246 483 574 602 422 414 END
START -6268 5092 996 -2621 -631 -5493 484 576 602 423 414 END
START -6568 4944 -1696 -2412 1015 -8431 484 576 602 422 414 END
START -8624 984 -2620 -2616 272 -11288 484 578 603 423 415 END
START -11676 -28 372 -3385 -1885 -12775 484 578 603 424 415 END
START -13076 2536 2244 -3776 -1475 -13471 485 579 604 424 415 END
START -14564 4124 864 -3634 479 -13941 485 580 606 424 415 END
START -15764 428 -2856 -3450 2067 -13918 485 582 607 424 416 END
START -24096 -3104 -3444 -3666 2550 -8131 486 582 611 424 416 END
START -32768 -500 9636 -408 -842 -7873 485 582 613 425 415 END
START -22684 3136 3444 -31 1387 -2497 485 583 613 425 416 END
START -19200 4988 -168 369 4476 -709 485 584 613 426 417 END
START -18580 632 -3376 -34 4301 -311 485 584 613 425 417 END
START -19084 -832 -700 -811 936 361 486 585 613 425 417 END
START -17720 4028 1992 -1305 -760 1159 486 584 613 426 417 END
START -15072 4400 456 -1313 -495 925 486 584 613 425 417 END
START -14132 92 -2084 -1163 -133 178 487 585 614 425 417 END
START -15724 -1188 804 -1394 -396 -17 487 585 614 426 418 END
START -16804 1192 2780 -1546 -269 590 487 586 614 425 418 END
START -15844 4700 2168 -1225 -21 663 487 581 615 425 418 END
START -14668 3972 -268 -780 157 37 487 586 615 426 419 END
START -15164 -1892 -748 -825 -609 -531 487 586 615 426 419 END
START -16516 -1420 840 -978 -774 -239 487 586 615 427 419 END
START -16684 2876 2580 -1062 -658 368 488 586 615 426 420 END
START -16276 4168 1544 -767 120 632 487 587 614 426 419 END
START -15196 2436 -2212 -144 854 106 489 587 615 426 420 END
START -15788 -1576 -2508 -98 503 -201 488 586 614 426 419 END