START -18420 2828 2396 -823 -4974 6352 517 614 632 443 483 END
START -18388 2744 2128 -879 -5005 6682 517 615 632 443 484 END
START -18384 2768 2256 -771 -4823 7541 517 615 633 444 484 END
START -18424 2948 2548 -774 -4677 8470 517 614 633 443 484 END
START -17748 3144 2452 -777 -4634 9106 517 614 628 444 484 END
START -16984 2828 2184 -741 -4660 9595 518 615 632 444 485 END
START -16172 3008 2256 -738 -4902 10081 516 614 632 443 485 END
START -15224 2600 2484 -611 -5055 9973 517 615 633 444 484 END
START -13784 2944 2896 -693 -5292 9663 516 615 632 444 483 END
START -13124 3076 1984 -733 -5093 9446 516 616 634 444 484 END
START -12184 3468 2180 -479 -4761 8626 515 616 634 443 484 END
START -10124 4008 2704 -662 -3730 8025 517 617 633 445 484 END
START -10228 4380 2424 -945 -2751 7122 516 617 633 444 484 END
START -10268 3484 1744 -1266 -2027 5407 516 617 633 444 484 END
START -10260 2568 1680 -1791 -1904 3688 517 617 633 444 485 END
START -9052 2144 1164 -1999 -2295 1364 516 617 634 444 484 END
START -7600 3308 1028 -2246 -1790 -358 516 617 632 444 484 END
START -8248 4216 2700 -2862 -1394 -1910 515 618 633 444 485 END
START -8528 1308 2036 -3000 -133 -4407 516 619 633 444 484 END
START -8528 3564 1668 -3071 1885 -5747 516 617 634 444 485 END
START -10052 2992 3484 -3769 2563 -7305 516 618 634 444 484 END
START -9496 2004 944 -3514 4003 -9529 517 617 634 444 484 END
START -10644 4452 3436 -3932 3553 -10312 516 619 635 445 485 END
START -9704 940 1816 -3585 3845 -12902 516 620 634 443 486 END
START -11632 3692 4592 -3922 4678 -13564 516 620 635 444 485 END
START -12136 448 1828 -3363 6079 -15546 516 619 635 445 485 END
START -15476 1440 4392 -3845 5447 -15175 517 622 636 444 485 END
START -16424 2572 2184 -3792 6003 -14140 516 622 636 444 485 END
START -19984 -1912 2016 -3879 5196 -13173 516 623 637 444 485 END
START -32268 1760 4368 -3825 4516 -3185 515 623 637 443 485 END
START -31484 3864 6956 -1128 2073 -5089 516 624 637 444 486 END
START -26728 -1372 3168 -519 1682 -1129 516 624 638 444 485 END
START -24328 1540 4928 -101 503 3501 514 624 638 445 485 END
START -23348 2292 3104 997 514 6685 515 622 638 445 485 END
START -22372 -796 4560 1324 -1284 8150 515 624 639 445 485 END
START -19260 4276 4612 1834 -1045 10420 515 623 638 445 485 END
START -16100 980 1260 2581 -316 10355 516 624 638 446 485 END
START -14632 -896 2320 2156 -549 10328 515 624 638 441 485 END
START -14008 2604 3596 1441 -107 10623 515 624 638 444 484 END
START -10952 3308 296 1328 507 9033 516 624 638 445 486 END
START -10780 -808 1020 621 -139 6863 516 624 638 446 486 END
START -10308 2364 2532 -673 113 6046 517 623 639 446 486 END
START -8256 4616 -104 -1087 880 3569 516 624 638 445 485 END
START -7708 -40 -208 -1759 -359 373 516 623 638 444 485 END
START -11004 2480 5032 -2675 -2047 -1386 517 623 638 445 485 END
START -708 4504 -6956 -2655 276 -4165 516 623 638 443 485 END
START -5984 -488 -612 -3136 338 -7722 516 623 638 439 485 END
START -5488 2976 -264 -3814 2629 -9046 516 623 638 445 485 END
START -11428 1048 868 -3807 3010 -11570 516 624 638 445 485 END
START -11256 -1568 252 -4211 3129 -13190 516 623 638 445 486 END
START -14592 2520 2416 -4505 2903 -13089 516 624 638 445 485 END
START -13044 -760 -1920 -3949 3094 -14064 516 624 637 445 485 END
START -15952 -3440 -736 -4096 1546 -13820 516 624 638 445 485 END
START -27104 -1156 4 -4004 279 -4116 516 624 637 443 485 END
START -31200 340 9676 -196 -1259 -6767 517 622 635 445 486 END
START -23964 -3264 3208 450 1298 -3980 516 622 637 444 485 END
START -20640 -640 2424 374 2539 -819 517 624 636 444 485 END
START -16732 2016 -856 1 3912 615 517 624 636 444 485 END
START -17260 -3396 -1216 -240 1591 379 516 624 637 445 485 END
START -18040 -2308 2352 -968 -889 1196 515 624 636 445 486 END
START -15784 1800 2044 -875 -995 1281 517 624 636 445 486 END
START -14416 -148 384 -367 -218 738 517 623 637 445 485 END
START -15256 -3700 1776 -483 -84 434 513 620 635 445 486 END
START -15892 708 4196 -846 1527 1249 517 623 636 445 486 END
START -12268 2640 -3536 -485 3075 978 517 624 636 445 486 END
START -20120 -2036 4316 -492 1151 -328 517 624 636 445 487 END
START -19232 -2004 4644 -799 -797 9 519 623 636 444 486 END
START -13244 2676 1000 -848 -190 532 516 623 637 446 485 END
START -15688 -1112 532 -554 126 -393 517 623 635 444 486 END
START -18544 -2560 3088 -810 -430 -61 519 624 638 445 486 END