START -10392 2780 -2720 -1896 -1044 -5711 511 614 622 441 479 END
START -10152 2484 -2660 -2037 -735 -6248 511 613 621 440 478 END
START -11096 2512 -2484 -2395 53 -7854 511 614 622 440 478 END
START -13388 1948 -2076 -2572 -793 -9212 508 613 622 440 478 END
START -15028 1680 -1184 -2657 -2934 -10202 508 613 621 440 478 END
START -16192 1328 -1340 -2754 -4866 -10612 509 615 622 440 478 END
START -16332 1428 -1792 -2845 -4324 -10790 508 615 622 439 479 END
START -15784 -744 -2172 -2665 -4067 -10303 507 613 621 435 478 END
START -28640 -2108 1208 -1010 -918 -3976 507 613 624 439 479 END
START -25484 2140 2132 -321 2375 -1602 507 613 625 440 479 END
START -23392 2064 -1376 280 1446 745 506 614 626 440 478 END
START -21612 1664 -2568 409 736 2792 505 614 626 440 479 END
START -19944 1876 -2816 100 -420 4883 505 614 626 440 478 END
START -20940 2876 -1364 -109 -523 7236 505 614 627 440 479 END
START -19780 2832 -536 -271 -468 8013 505 616 627 440 479 END
START -19532 1920 -624 -297 -526 8775 506 614 627 440 479 END
START -18168 420 -2148 -104 -85 9335 506 614 627 438 479 END
START -17156 1840 -2504 112 249 9955 506 614 628 440 479 END
START -16176 4184 -1356 -287 151 10904 507 616 626 441 479 END
START -15880 1880 -1028 -802 -8 10610 507 615 626 441 479 END
START -14044 1820 -3612 -818 1053 10087 507 615 627 440 479 END
START -14188 4692 -1528 -1385 946 10349 507 616 627 440 479 END
START -13104 1700 -2520 -1534 251 8752 507 615 627 440 479 END
START -12232 5744 -1020 -2047 113 8768 507 615 627 440 479 END
START -11360 1984 -3024 -2307 -186 6705 507 611 626 440 478 END
START -10456 5888 -1272 -2386 301 5827 507 615 627 440 478 END
START -10000 2116 -2764 -2268 301 3212 508 615 626 439 478 END
START -9404 5980 92 -2381 -634 1846 507 613 626 441 479 END
START -8108 2320 -2308 -1857 -1405 -1209 508 615 628 440 479 END
START -8224 4796 1112 -1944 -2418 -3335 508 615 626 440 479 END
START -6272 4720 -1860 -1294 -1092 -6257 508 615 625 440 479 END
START -7840 840 -2500 -1372 -1025 -9225 508 615 626 440 479 END
START -9452 3636 556 -1584 -854 -10904 508 614 626 437 479 END
START -9556 2488 -2904 -1184 -81 -13599 507 615 628 440 480 END
START -12836 -92 -1504 -1677 -485 -15673 507 615 627 439 479 END
START -15172 2948 132 -1993 -388 -16095 506 617 627 439 479 END
START -15188 2588 -3544 -1730 -127 -16775 506 618 628 440 479 END
START -16048 -1540 -4756 -2568 -522 -17268 506 616 622 438 479 END
START -30984 -4100 -1952 -1681 -89 1531 507 613 623 438 479 END
START -27256 6268 3816 346 10972 -6594 506 608 620 438 479 END
START -29064 2872 -2508 369 12235 -3404 507 609 621 440 479 END
START -23700 -1052 -4636 690 5157 -1623 507 610 621 439 479 END
START -20500 1764 -2536 -326 1018 28 507 612 621 439 482 END
START -16628 3304 -4192 -818 -1566 579 507 611 620 439 479 END
START -14300 -836 -5212 -1446 -3830 -481 508 613 621 439 479 END
START -15124 -1756 -2144 -2080 -4055 -394 508 615 621 439 479 END
START -15184 1496 292 -1859 -2111 107 507 613 621 439 480 END
START -14616 3044 -1380 -1296 827 173 509 613 621 440 480 END
START -15408 -1552 -3092 -1001 1454 -840 510 613 621 440 480 END
START -15792 -2268 -2556 -1186 975 -841 509 613 621 439 480 END
START -16764 264 -516 -1298 662 -114 509 613 621 440 480 END
START -15536 3208 -2700 -1009 1331 23 508 615 621 439 481 END
START -15688 -1576 -4332 -866 1098 -748 509 613 621 440 480 END
START -16932 -2056 -2328 -1157 542 -559 509 613 621 440 480 END
START -17408 1184 -392 -1373 240 154 509 613 622 440 480 END
START -16384 3480 -1584 -1025 426 463 509 614 621 440 480 END
START -15104 568 -5080 -863 -277 -143 509 615 621 440 480 END
START -15844 -2516 -4236 -823 -1838 -377 509 613 621 440 480 END
START -16404 -1440 -2276 -1076 -1751 174 510 612 619 440 480 END
START -16040 1648 -1456 -1135 -1135 597 510 613 620 440 480 END
START -15268 3136 -2844 -969 -456 539 510 614 620 443 480 END
START -14744 1072 -4184 -781 -473 -156 510 614 621 440 481 END
START -15952 -2848 -3328 -886 -1316 -477 510 613 620 441 481 END
START -16168 -2980 -2416 -989 -1874 -247 511 613 623 440 480 END
START -15712 -740 -728 -998 -1173 124 510 614 619 442 480 END
START -15096 3452 -1680 -903 752 593 510 613 620 440 481 END
START -15208 2752 -3700 -577 1462 39 511 614 621 441 480 END
START -16000 -1768 -4372 -570 264 -499 512 613 620 441 480 END
START -17416 -1524 -888 -872 -908 -122 511 614 619 441 481 END
START -16956 1056 -292 -939 -1167 517 510 614 619 441 480 END