START -20536 2088 520 -449 -1340 2800 507 619 617 442 466 END
START -20700 1952 348 -351 -1302 3237 510 620 617 443 468 END
START -21352 2076 668 -182 -1290 4761 510 619 617 442 466 END
START -21328 2244 960 65 -1440 6397 509 619 618 442 466 END
START -20896 2124 648 386 -1598 8037 509 619 618 442 465 END
START -20052 2240 244 683 -1399 9528 510 620 619 442 466 END
START -19040 2192 -204 912 -858 10795 510 619 619 442 468 END
START -18100 2832 -12 1004 -629 11836 510 619 619 442 466 END
START -16488 2136 0 977 -1069 12104 510 618 619 441 467 END
START -14976 2472 -512 721 -1103 12502 510 619 619 441 466 END
START -12684 3372 -704 660 -1076 12081 510 619 620 441 466 END
START -10880 3684 -496 458 -752 11092 509 617 619 441 466 END
START -9156 3904 -704 186 -497 9245 511 617 619 441 467 END
START -7948 3780 -604 -138 -79 7183 510 617 620 442 467 END
START -7556 2984 -1048 -490 134 4500 510 616 619 440 466 END
START -6744 2356 -1836 -847 1 1396 510 616 619 441 466 END
START -4632 3728 -1932 -1163 400 -1695 509 616 620 440 466 END
START -4676 5452 -976 -2083 908 -4355 510 614 619 441 466 END
START -6336 2692 -1240 -2778 1341 -7989 510 614 619 441 466 END
START -6544 3608 -2144 -2975 3075 -10849 510 613 619 442 466 END
START -10444 3300 -128 -4014 2657 -12682 510 615 619 441 466 END
START -10944 3812 -2288 -3856 4104 -14681 509 614 619 441 467 END
START -14712 1328 -600 -4336 4406 -15543 510 614 621 441 466 END
START -16924 4504 -320 -4166 5748 -15401 509 616 620 441 467 END
START -20196 -88 -1064 -4155 3109 -15397 509 617 622 441 467 END
START -22528 1972 1532 -4216 -1125 -12806 508 617 622 442 466 END
START -21428 3256 444 -3159 -2438 -11062 506 618 622 441 466 END
START -32768 -1472 1156 -2219 900 1439 508 617 625 442 466 END
START -30800 3120 4464 -878 3994 -2859 508 618 625 441 466 END
START -26024 3672 -1672 -193 5845 2169 501 618 625 441 467 END
START -24428 -456 -2656 -11 2831 5130 507 619 627 442 467 END
START -27036 676 464 -774 -581 9045 507 617 626 442 466 END
START -22000 4784 -1024 -648 -770 10985 507 619 626 442 466 END
START -19928 2332 -3308 -693 -528 12239 507 620 627 442 466 END
START -18352 -484 -2924 -1351 -610 13548 508 620 626 442 466 END
START -17240 1816 -28 -1877 -781 14964 508 620 626 441 467 END
START -15068 4836 -124 -1888 -513 15155 508 620 627 442 467 END
START -11628 4612 -2056 -1705 -771 13889 509 620 626 442 468 END
START -9560 1608 -3252 -1835 -1566 12162 510 620 626 442 467 END
START -8728 -172 -1836 -2185 -2040 10155 508 620 626 442 467 END
START -8192 1700 -404 -2466 -1849 8027 509 620 626 443 467 END
START -6812 4756 564 -2252 -1376 5733 510 621 626 441 467 END
START -5600 6048 -56 -1578 -1661 2318 510 620 626 441 467 END
START -4008 1880 -1992 -936 -3108 -1959 510 620 626 442 467 END
START -3956 -48 -1368 -880 -3233 -5807 511 620 626 441 467 END
START -5164 164 512 -728 -2929 -8941 510 619 626 441 467 END
START -6300 4372 1040 -572 -1620 -11239 510 619 626 438 467 END
START -7896 4916 -408 -170 -1064 -13875 510 620 626 442 467 END
START -10768 2960 -980 174 -2839 -16441 509 620 626 442 467 END
START -12112 24 -1684 193 -4657 -18373 511 620 626 443 467 END
START -13260 -1688 -1208 -501 -2531 -19317 510 620 626 442 467 END
START -16472 -2608 -1896 -1119 -268 -19176 509 620 626 441 467 END
START -19696 -2048 -132 -1843 -257 -17498 510 621 624 442 467 END
START -32768 -424 -220 -1884 1962 -450 510 617 623 440 467 END
START -32768 2768 7156 200 6252 -7575 510 615 623 441 468 END
START -30004 4224 1592 928 6580 -3129 511 617 623 441 468 END
START -23128 4712 -1736 1375 1201 -292 510 618 621 441 468 END
START -17520 -168 -3896 1191 -1992 772 510 617 623 440 467 END
START -15460 -764 -1108 884 -2236 2325 510 617 623 441 468 END
START -15352 -2548 -480 594 -1100 1999 510 618 622 441 468 END
START -15964 -2356 384 327 1156 2552 511 618 623 442 468 END
START -18340 8 3168 517 1617 3780 510 617 622 441 468 END
START -16672 3616 1540 1343 1777 4269 511 618 622 441 468 END
START -16272 3164 440 2269 1727 4380 510 616 622 441 468 END
START -15600 -160 -1280 2997 1167 4148 511 617 621 441 468 END
START -15128 -1216 -952 3520 793 4385 511 616 621 441 468 END
START -16104 -2536 576 3904 889 4879 510 616 620 441 468 END
START -17504 -428 2592 4284 812 5420 510 614 618 442 467 END
START -18024 888 3132 5160 74 5896 511 614 617 442 468 END
START -15812 4952 1624 6423 -388 5756 510 613 614 442 468 END