START -9108 11640 -3268 4829 5663 -12681 485 628 653 428 446 END
START -9888 11952 -3168 4960 5393 -12477 485 615 653 427 445 END
START -11456 12764 -3908 4964 5217 -12111 485 616 653 432 447 END
START -13028 13012 -3936 5242 4149 -11168 487 613 652 427 450 END
START -13608 14112 -4160 5246 2776 -9531 489 613 653 425 449 END
START -14692 15612 -5340 3310 2621 -9230 484 613 652 427 440 END
START -20344 21704 -11708 -5974 -5486 11208 479 618 657 430 448 END
START -29952 17128 -5272 9561 1393 6273 479 614 653 429 447 END
START -20308 21692 252 -1809 -1029 -4812 484 614 654 431 448 END
START -14728 13968 -5208 -5098 -5032 -3710 485 616 653 417 447 END
START -9324 13456 -7332 -4335 -4375 -1426 486 613 645 433 457 END
START -10192 14072 -7972 -4832 -2940 8667 485 616 680 429 448 END
START -14480 12692 -7496 -4030 -3642 16372 486 617 655 426 448 END
START -15528 13548 -5044 -5946 -1204 10803 485 617 655 429 447 END
START -11024 13672 -4756 -7095 -2115 8749 484 609 658 427 447 END
START -8188 12564 -3584 -7186 -3319 10051 485 620 653 434 447 END
START -6468 10364 -5920 -6868 -3151 11060 485 617 654 427 448 END
START -5324 11560 -4804 -5377 -1833 11500 486 617 654 428 447 END
START -6004 9800 -1404 -5638 -3199 9547 472 625 646 431 442 END
START -4224 9272 -5260 -4426 -1864 7168 483 609 657 427 448 END
START -4004 11536 -116 -3442 -1390 5667 485 617 654 428 448 END
START -2820 9160 -4336 -3877 -800 3614 485 607 646 422 455 END
START -3044 12348 -1608 -1699 903 3067 483 625 654 430 447 END
START -2924 9816 -3888 -2140 -458 960 485 616 655 427 448 END
START -3220 12680 -1928 -176 1066 23 490 610 649 434 451 END
START -3340 9532 -1480 -317 -1444 -2636 485 617 655 429 451 END
START -3368 13116 -588 1352 -369 -3402 484 618 654 428 448 END
START -2652 10040 -4228 1318 -848 -5822 472 613 657 434 446 END
START -3860 11412 1480 2072 -549 -7034 483 621 659 431 447 END
START -2864 12604 -4772 3623 3152 -8151 481 616 656 428 448 END
START -3284 8676 -4624 3702 3115 -9737 481 598 657 423 451 END
START -6584 10828 -536 4934 5874 -9127 491 624 657 430 451 END
START -7948 12244 -5428 6156 6173 -9839 485 616 656 428 448 END
START -9804 9156 -6088 4725 3402 -12190 476 666 643 424 450 END
START -11132 9872 -1296 5391 1529 -12996 490 621 662 435 447 END
START -9472 13340 -3812 7357 2748 -13396 474 618 656 431 450 END
START -8632 11832 -8708 6596 3692 -12454 484 637 657 428 449 END
START -11120 8772 -8992 5426 3269 -12611 488 621 660 428 449 END
START -12728 8136 -3772 5464 1950 -13545 485 621 653 429 447 END
START -16412 32767 -4636 -2594 1830 -2556 484 615 652 429 446 END
START -11412 80 -32768 5554 17879 13666 495 623 657 433 443 END
START -27032 19184 1180 8624 -111 841 481 617 649 433 445 END
START -15752 15796 -5316 -1834 540 -8695 484 616 654 431 446 END
START -10140 8916 -7440 767 -6072 -7864 484 608 654 430 451 END
START -7472 11324 -944 2136 -198 -4966 484 625 657 430 447 END
START -7448 9520 -3572 909 1369 -858 484 619 656 430 450 END
START 6676 11352 -19948 1694 8722 2030 471 676 644 428 445 END
START -15180 9312 -3444 2060 2385 151 493 618 657 433 447 END
START -9948 9644 -11924 1391 3258 -751 483 618 657 437 447 END
START -7940 12220 -11428 1748 1110 -1732 496 607 656 442 441 END
START -13208 10676 -4780 164 -2968 -3218 454 613 656 431 448 END
START -13040 11904 -7428 731 -684 -2157 486 617 656 432 446 END
START -10492 10360 -4072 -27 -1934 -1000 531 611 664 434 435 END
START -13320 12692 -6060 408 852 8 488 618 656 431 445 END
START -11372 9192 -5596 -727 -1890 -673 486 617 655 431 447 END
START -13464 12624 -5104 -83 -270 -350 489 619 648 410 449 END
START -10072 8532 -8672 -1031 -1801 -1394 496 617 635 443 443 END
START -11188 10248 -3160 -531 -1436 -485 487 620 654 435 447 END
START -6012 12980 -14568 -256 1564 417 486 616 655 432 447 END
START -8844 9336 -2276 -358 -1573 -117 486 616 656 438 449 END
START -12468 11208 -8924 -1305 147 -346 486 617 655 432 447 END
START -3436 10480 -9988 -211 -442 281 486 617 655 432 448 END
START -15652 9792 -4088 -1666 -3784 69 509 616 657 434 447 END
START -5268 10848 -12240 -634 134 126 486 617 655 432 449 END
START -7724 10548 -7096 -935 -2256 421 495 619 651 432 448 END
START -12584 9624 -8372 -1198 -677 206 488 617 656 430 448 END
START -9000 10964 -4936 -847 -957 514 486 616 654 431 445 END
START -8320 9988 -11484 -1158 543 178 494 620 659 459 460 END
START -13124 10600 -2084 -1159 -1501 626 487 618 602 431 447 END
START -12864 11840 -6028 -818 507 705 486 618 655 432 449 END