START -18520 1756 1424 -4292 -31 -973 519 582 622 441 482 END
START -18724 1984 1372 -4347 -120 -790 518 583 623 441 481 END
START -19332 2272 2204 -4472 -301 -213 519 582 623 440 480 END
START -18644 2236 1512 -4914 -278 879 516 582 624 441 480 END
START -19376 1680 916 -4652 -683 1661 517 584 624 440 479 END
START -18736 1612 548 -4561 -979 2900 515 586 625 440 479 END
START -19196 1448 1044 -4206 -1268 4102 513 592 626 440 479 END
START -18088 2128 2004 -3603 -1514 4898 512 593 629 440 479 END
START -18616 1480 2284 -3270 -1400 5803 512 596 631 439 479 END
START -19268 1284 1640 -3038 -1426 6751 509 598 631 439 478 END
START -19144 1752 1368 -2441 -2037 8065 509 601 632 439 477 END
START -19272 1980 1812 -1937 -3013 9271 508 604 634 439 478 END
START -18604 2108 1860 -1504 -4173 10329 507 605 634 440 478 END
START -17600 1712 1776 -967 -4163 11034 507 605 635 440 479 END
START -16964 976 2084 -316 -3638 11289 506 607 636 441 478 END
START -15524 1008 1072 139 -3060 11451 506 607 639 439 478 END
START -13508 2740 504 408 -2347 11522 506 607 639 439 477 END
START -12492 4048 1012 362 -2466 11785 506 604 638 439 476 END
START -12116 1900 1196 339 -2552 10648 506 604 637 440 476 END
START -9844 2572 -100 782 -1454 9191 505 601 637 440 476 END
START -9752 5544 1660 423 -1274 8465 505 600 637 439 476 END
START -9844 2828 1104 -151 -1395 6594 505 599 637 439 475 END
START -7720 4456 -396 -45 -255 4421 505 598 637 439 474 END
START -7952 5616 1432 -799 -526 2843 503 598 637 439 474 END
START -6180 2744 -256 -955 -991 -519 504 600 637 438 474 END
START -5392 6568 1328 -1243 -695 -2839 503 598 638 438 474 END
START -5848 2344 660 -1909 -950 -6522 503 599 637 439 475 END
START -5916 6004 1384 -2264 288 -8762 502 598 637 439 474 END
START -7280 1784 808 -2888 317 -12064 502 598 637 439 474 END
START -7488 5688 1876 -3062 966 -13924 503 600 637 438 473 END
START -8924 896 1076 -3423 1638 -16811 501 601 638 438 474 END
START -12360 3792 3600 -3748 3128 -17494 502 602 638 438 474 END
START -13892 1504 276 -3626 3738 -18901 500 604 638 437 474 END
START -19116 -1116 1688 -4062 1855 -17167 500 607 637 437 474 END
START -23184 2116 2584 -3827 706 -14137 500 608 635 439 475 END
START -32768 -4632 4556 -1163 3424 1692 501 610 637 439 476 END
START -32768 1556 6520 -707 4451 -3544 500 609 636 439 476 END
START -26980 4908 756 108 4604 2105 500 609 636 439 476 END
START -22244 -228 -328 775 1657 4617 499 608 636 439 475 END
START -22620 3468 4112 429 883 8924 499 609 635 440 476 END
START -19516 2820 1508 1054 1244 9351 500 608 636 439 476 END
START -19548 -468 1484 874 -543 10210 500 609 636 440 476 END
START -18164 3968 3272 853 -842 11753 501 609 636 440 476 END
START -14536 3736 452 1342 299 11550 502 609 636 439 476 END
START -13592 152 556 911 -136 10927 501 609 636 439 476 END
START -12812 4836 2404 456 309 11286 501 609 635 440 477 END
START -10196 2844 -984 494 1118 9561 502 609 636 440 477 END
START -10980 1264 1108 -403 311 8133 502 608 635 439 477 END
START -10068 5664 2232 -1102 597 6946 502 607 635 439 478 END
START -7660 4160 -1084 -1215 835 3955 502 608 634 438 476 END
START -6832 1204 -592 -2002 -609 764 503 607 634 438 476 END
START -6876 4408 2080 -2573 -1596 -1498 503 607 634 438 477 END
START -5468 6032 880 -2315 -1432 -5006 503 608 634 438 477 END
START -4972 3020 -1244 -2495 -1332 -8872 503 607 634 439 477 END
START -8056 -72 -396 -3151 -1069 -11808 504 608 634 438 477 END
START -11228 2188 2328 -3926 -780 -13283 503 609 635 437 477 END
START -13156 4700 2328 -4009 -183 -14208 503 610 635 437 477 END
START -14484 3048 -424 -3861 71 -14971 503 611 635 436 477 END
START -15628 -528 -1220 -3926 -1320 -15631 503 612 636 437 478 END
START -21068 -3040 -2628 -2603 -4138 -5299 505 611 636 437 477 END
START -32208 2156 12544 -22 4660 -7703 505 610 636 438 478 END
START -27368 2412 3872 -821 9568 -2998 506 610 635 437 479 END
START -22904 5156 -736 371 6632 -1063 505 611 634 438 478 END
START -17528 2348 -3260 -146 2647 -140 505 611 634 437 479 END
START -16432 -1684 -2644 -1177 -1555 710 506 613 631 439 479 END
START -16316 -2032 -120 -1810 -3103 1605 505 611 631 437 479 END
START -17064 376 3780 -1688 -3609 1884 506 611 632 438 479 END
START -13932 3632 4280 -1140 -902 2114 507 612 632 434 480 END
START -18472 148 4192 -831 -351 480 506 612 632 438 479 END
START -19216 568 5736 -1154 274 746 506 611 631 438 480 END