START -10184 5644 3944 200 243 5392 504 629 644 425 479 END
START -10176 5552 3920 250 218 5058 505 629 645 426 479 END
START -10104 5628 3724 439 24 4201 504 629 644 425 479 END
START -10108 5952 3788 639 -350 3208 503 629 644 425 479 END
START -9572 5936 3320 735 -342 2068 504 629 645 424 479 END
START -9620 6252 3228 689 131 1079 503 629 644 424 478 END
START -9464 6168 2988 613 423 -50 504 627 645 424 478 END
START -9804 6464 3024 327 865 -901 503 627 644 424 478 END
START -9352 6832 2836 204 976 -2176 505 626 645 424 478 END
START -9344 6096 2636 -36 1400 -3376 503 625 644 424 477 END
START -9220 6516 2192 -372 2309 -4467 505 625 645 424 476 END
START -7976 7128 1132 -892 4022 -5638 503 623 644 423 476 END
START -6524 7308 -136 -1771 6074 -7673 503 623 644 423 476 END
START -5900 6948 -308 -3508 8560 -9947 502 622 644 424 476 END
START -9996 5532 940 -4929 8925 -11163 505 622 645 423 476 END
START -12592 6000 3944 -5837 5914 -12208 502 623 644 423 476 END
START -13192 5296 5200 -6116 2060 -13667 502 622 644 422 477 END
START -12040 2576 4320 -5635 911 -15378 502 624 644 423 476 END
START -14300 1584 4076 -5109 2667 -15815 502 625 646 423 477 END
START -16652 4304 6704 -4579 2133 -14067 501 626 646 425 477 END
START -20204 2896 7232 -4066 1594 -12915 501 628 646 423 477 END
START -20004 1720 4832 -2772 3754 -12106 501 631 646 423 477 END
START -31828 3096 6796 -913 6121 1714 502 632 649 424 477 END
START -32768 4808 10624 502 5120 -3888 501 634 649 424 478 END
START -25480 3240 3320 1593 6352 1342 501 633 649 424 477 END
START -21796 5548 3644 1062 2680 4864 501 634 649 424 477 END
START -22244 1592 3100 1452 865 7304 501 633 649 422 477 END
START -18640 5652 3680 1270 667 8641 501 634 649 423 478 END
START -18676 2676 3360 629 995 9302 502 634 643 423 478 END
START -16436 3500 1608 835 1973 9970 501 633 649 423 477 END
START -16148 3284 3152 65 938 10662 501 634 649 423 477 END
START -13532 3252 808 418 1125 10006 502 634 649 423 477 END
START -13580 4336 2992 -324 55 10124 503 635 649 423 477 END
START -11020 2472 108 -7 327 8606 502 632 649 422 477 END
START -9996 6192 2304 -681 -119 8069 502 634 649 424 479 END
START -8328 2612 -424 -698 230 5576 505 635 651 425 478 END
START -8532 5964 1992 -1188 63 4399 503 633 649 424 478 END
START -6804 2916 -288 -1143 -342 1355 502 634 649 424 478 END
START -6600 6228 2824 -1596 -1087 -639 503 634 649 424 478 END
START -5204 4244 72 -1146 -842 -4327 503 635 649 424 478 END
START -6960 3892 2724 -1718 -2228 -6744 503 634 650 423 478 END
START -5580 5608 724 -1517 -699 -9486 503 633 648 425 478 END
START -9240 1216 1168 -1929 166 -11861 503 634 649 424 478 END
START -12628 5448 2892 -2113 697 -12478 503 635 649 427 479 END
START -14052 2080 272 -2043 355 -14004 503 635 649 424 478 END
START -15676 1756 2384 -2925 -558 -13928 503 636 649 424 478 END
START -16348 4564 1540 -3069 279 -13103 502 636 649 423 478 END
START -11528 -964 -1628 -2897 -2394 -12498 504 637 651 422 477 END
START -32768 -2252 10436 119 -491 -4945 500 637 651 424 478 END
START -25528 5604 6436 316 2271 -3228 504 636 650 424 479 END
START -20516 1996 -40 1322 2080 -2139 505 637 650 424 479 END
START -17036 1252 1252 -19 1354 -1166 503 636 650 424 479 END
START -14120 4672 844 -971 721 240 504 637 651 424 479 END
START -14044 -736 -272 -1168 -14 -361 504 637 650 425 479 END
START -16168 984 4136 -1523 -775 42 504 638 650 424 479 END
START -14488 3068 2732 -666 889 -340 505 636 649 424 479 END
START -15912 -628 2516 -861 1126 -799 505 636 651 424 479 END
START -15892 4300 3936 -849 1152 -263 506 637 650 425 479 END
START -14412 2924 664 -401 1307 -963 505 637 650 425 480 END
START -16268 36 1928 -878 -363 -963 505 636 650 424 480 END
START -15224 4904 2644 -731 -364 -205 505 636 651 425 480 END
START -15008 260 368 -425 95 -826 506 636 651 425 480 END
START -17096 2096 4064 -862 -23 60 505 636 650 424 480 END
START -15380 2432 928 -212 941 -195 506 637 652 424 480 END
START -16920 88 3080 -441 -609 -349 507 636 651 425 480 END
START -16044 4544 2760 -213 -538 628 505 635 650 424 479 END
START -15140 1648 200 196 -386 73 506 635 651 425 480 END
START -16704 2084 3480 -243 -1443 830 505 636 650 425 479 END
START -15508 4592 2520 187 -711 1017 506 636 651 425 479 END
START -16064 -228 1020 -50 -889 309 507 636 651 425 480 END