START -11088 6436 3972 -96 690 2172 502 629 640 421 476 END
START -11284 6632 3996 -167 782 2081 501 630 641 420 477 END
START -11380 6596 4204 -324 682 1717 501 630 640 419 476 END
START -11100 6796 4004 -571 527 1261 501 630 642 420 476 END
START -9988 6768 3356 -842 1238 646 501 629 641 419 476 END
START -8760 6936 3116 -1188 2661 -224 501 630 641 420 477 END
START -7980 6908 2736 -1680 4711 -1398 502 630 641 420 476 END
START -9540 6072 2932 -2113 5501 -2498 502 631 641 416 476 END
START -12260 6500 3880 -2464 3927 -2989 501 630 642 420 476 END
START -12912 5836 4336 -2404 1313 -3851 502 631 642 420 477 END
START -13392 5596 4312 -2510 1310 -3784 501 631 642 421 477 END
START -14340 6660 4556 -2497 2451 -3127 499 631 642 420 476 END
START -14924 7348 4820 -2253 3579 -2473 496 632 643 420 476 END
START -15236 7528 5000 -1907 3415 -1864 501 632 642 420 476 END
START -14568 7308 4552 -1633 2876 -1583 501 632 642 421 477 END
START -12640 7044 3716 -1709 3128 -1953 501 633 643 421 476 END
START -10436 5904 3064 -1873 3931 -3440 501 633 643 421 476 END
START -8372 4548 2476 -2078 4475 -5977 501 631 643 420 476 END
START -6508 5408 3412 -2500 3494 -8734 500 633 643 421 476 END
START -5896 6120 4356 -3342 1569 -11598 500 634 644 421 476 END
START -8848 2364 4624 -4021 1365 -14555 500 635 643 421 476 END
START -10892 364 2040 -3983 1842 -16507 499 636 643 420 476 END
START -14720 3084 5048 -3844 2413 -14507 497 637 644 421 475 END
START -22348 236 5372 -4139 4771 -11764 497 637 640 420 473 END
START -32768 540 9616 -1603 4711 4147 499 639 642 421 472 END
START -30124 6544 10228 869 -1264 -2604 499 643 643 421 473 END
START -18332 5144 2952 1742 4241 2016 498 640 644 421 474 END
START -19852 7252 4224 688 6929 7855 498 639 644 421 474 END
START -24216 3424 5504 1097 4163 8287 500 640 644 421 475 END
START -19660 7180 5124 1008 466 9829 499 638 644 420 474 END
START -18656 2608 3292 808 -2385 10045 495 639 645 421 475 END
START -15564 6412 4060 734 -2813 10875 499 640 645 421 475 END
START -12756 2480 1828 473 -2675 10013 499 641 645 421 476 END
START -11704 6612 2792 -74 -1171 10260 499 640 645 421 475 END
START -9964 2748 532 -212 61 8326 499 640 645 421 475 END
START -9576 6336 2228 -945 821 8012 499 640 645 421 475 END
START -8924 2128 240 -1086 974 5622 499 639 644 420 475 END
START -8220 6560 2160 -1524 610 4479 499 639 645 420 474 END
START -6228 2836 -652 -1558 23 1238 499 640 645 421 474 END
START -6436 5876 2836 -2103 -1301 -477 500 640 645 424 475 END
START -3996 3628 260 -1740 -731 -4138 499 640 645 421 474 END
START -6356 2928 2524 -2457 -788 -6434 499 641 645 421 474 END
START -6868 5848 1944 -1979 273 -8769 497 640 645 421 473 END
START -8236 1080 912 -1851 27 -11474 499 639 645 420 473 END
START -9596 5660 3304 -1892 819 -12023 499 639 645 420 473 END
START -10560 2752 564 -1474 1803 -13918 492 639 645 419 471 END
START -14060 1804 3824 -1987 659 -14507 498 639 646 420 470 END
START -14236 4912 2712 -1796 -474 -14727 497 639 645 420 469 END
START -14388 316 -668 -1355 92 -15036 497 639 645 422 468 END
START -15680 364 2088 -2713 1268 -14218 498 637 645 418 466 END
START -32768 764 7404 -1578 4813 1084 498 636 645 419 468 END
START -30232 2480 5908 926 1964 -6439 497 633 647 419 468 END
START -24488 2624 4328 895 2267 -1502 498 635 647 420 468 END
START -18292 5084 928 765 3646 254 500 635 647 420 468 END
START -17300 720 964 -174 2353 883 498 636 647 420 468 END
START -17012 5020 3076 -796 617 2066 499 636 647 423 468 END
START -15588 1376 1156 -633 -1151 1039 500 637 648 419 468 END
START -16100 0 3784 -1045 -3037 1321 499 637 647 420 469 END
START -13760 4748 4036 -637 -1455 1390 499 636 639 420 468 END
START -13036 268 1892 -545 -118 161 499 637 647 420 467 END
START -14368 3000 4576 -980 90 288 499 637 647 420 469 END
START -13688 3232 764 -479 1120 -461 498 637 647 421 470 END
START -13124 264 1496 -946 17 -805 499 637 644 421 469 END
START -17612 3780 4384 -742 219 -244 500 638 647 421 470 END
START -16360 -624 1940 -783 25 -843 499 637 647 420 470 END
START -12100 4008 -32 -641 276 -53 502 636 647 420 470 END
START -18652 -500 3052 -565 -210 -755 499 635 647 420 470 END
START -16004 4024 3080 -780 945 274 500 636 646 420 470 END
START -13708 444 -1080 -412 731 -474 499 636 647 419 471 END
START -16100 1588 2820 -768 -1137 -94 500 635 646 420 471 END