START -11776 4056 528 -202 -1785 10619 489 620 625 436 467 END
START -11436 4200 792 -173 -1914 10214 487 621 626 436 468 END
START -9612 4244 248 -441 -1508 8760 486 620 626 436 467 END
START -8392 4596 -8 -752 -133 6946 484 619 625 435 468 END
START -8248 4696 16 -1113 1076 5119 484 619 625 434 467 END
START -8264 4904 176 -1588 1337 2960 484 619 624 433 467 END
START -7616 5020 76 -2026 1192 503 482 617 624 432 467 END
START -7696 4596 120 -2507 278 -2046 482 617 625 433 466 END
START -6340 5172 -212 -2943 39 -4611 482 617 625 431 466 END
START -5796 4532 -432 -3326 791 -7450 481 617 625 431 466 END
START -7592 3104 -396 -3850 1754 -9952 480 617 625 424 466 END
START -8968 2816 448 -4417 1996 -12225 481 616 624 431 466 END
START -11056 2476 660 -4780 1931 -13902 480 617 625 430 466 END
START -12216 1908 216 -4792 1678 -15299 479 617 624 429 465 END
START -13416 1796 888 -4621 2124 -16453 479 616 624 429 465 END
START -15788 2380 908 -4452 2649 -16362 478 616 624 429 465 END
START -19004 3592 2112 -4652 1999 -15594 479 618 628 429 466 END
START -21040 1484 2360 -4673 -420 -13861 479 617 624 429 465 END
START -26088 -608 -524 -2929 -225 -3023 479 616 625 429 465 END
START -31840 4452 9208 -425 4520 -6808 480 617 625 429 465 END
START -27432 1016 3176 202 5650 -1713 482 616 625 428 465 END
START -22128 1920 -1544 1066 4563 337 481 616 624 429 465 END
START -23264 2916 856 502 1762 4506 481 615 624 429 461 END
START -23884 292 1400 682 -766 5960 480 617 623 430 465 END
START -20256 4112 1284 932 -1640 7280 481 618 625 430 465 END
START -19280 512 1228 895 -2354 8168 481 617 625 430 467 END
START -16620 3944 336 1379 -359 9314 481 615 625 430 465 END
START -17160 1436 1772 1001 -224 9702 482 615 624 430 466 END
START -15416 4228 -120 1237 840 10096 482 615 624 431 467 END
START -15900 956 160 804 -518 9670 483 615 624 430 466 END
START -13492 5584 264 762 -303 9931 483 615 623 430 467 END
START -12504 1044 -516 266 -1080 8446 484 614 625 430 466 END
START -11172 5576 448 -48 -245 8136 484 614 625 430 466 END
START -10032 1264 -2012 -138 53 5912 485 614 623 431 467 END
START -10016 5296 844 -816 -663 5037 486 613 620 431 467 END
START -7624 3816 -1828 -547 -238 2343 487 612 624 432 467 END
START -7592 2516 344 -1536 -1767 -76 488 613 623 431 468 END
START -6560 6236 408 -1294 -1535 -2487 488 613 623 431 468 END
START -5412 2944 -2184 -1154 -915 -6315 489 614 624 431 468 END
START -6772 940 -440 -1697 -1143 -8914 489 614 624 432 468 END
START -7316 4704 1100 -2041 1232 -10847 490 614 624 432 465 END
START -9064 3952 -1168 -2160 2974 -13316 492 614 624 431 468 END
START -12924 -756 -1284 -2685 2037 -15002 491 615 625 430 468 END
START -15680 324 1088 -3285 1056 -14979 491 615 624 432 468 END
START -16020 3688 92 -3300 1556 -14399 491 615 626 432 469 END
START -16492 -736 -3556 -2917 1320 -12190 494 615 621 431 470 END
START -32252 -3628 4152 -7 4021 -6857 496 613 621 433 470 END
START -29460 1752 5572 -343 6426 -3161 497 614 623 433 470 END
START -24668 4316 920 553 4352 -1210 494 614 621 433 470 END
START -19236 1588 -3636 602 3159 -402 496 615 623 433 470 END
START -16964 -620 -3120 -578 -14 541 498 616 623 433 471 END
START -16116 2732 492 -1335 -1468 1617 498 616 623 433 470 END
START -13788 3544 -1560 -1591 115 944 499 616 623 434 471 END
START -14932 -576 -2116 -1431 94 159 496 616 624 434 471 END
START -16644 -776 1584 -1596 -658 442 498 616 624 433 471 END
START -16460 3068 2692 -1385 310 1011 498 616 624 433 471 END
START -14996 2764 -948 -863 877 427 498 616 624 437 471 END
START -15848 -1644 -1184 -949 -132 -123 497 616 625 434 471 END
START -17068 -476 980 -1358 -934 532 498 616 623 434 472 END
START -15800 4008 452 -1221 -232 1115 498 610 624 434 471 END
START -14976 2712 -1640 -804 392 467 500 617 624 434 471 END
START -15848 -1860 -1364 -812 -421 -72 499 616 624 434 474 END
START -16840 -924 568 -966 -733 433 499 617 624 435 472 END
START -16112 4056 912 -743 330 883 498 615 624 434 471 END
START -15604 -384 -2836 -383 233 -47 498 614 624 433 472 END
START -16144 -1928 -1680 -727 -1081 -40 499 615 624 434 472 END
START -16600 -216 508 -874 -1054 461 499 616 624 435 472 END
START -15880 3952 496 -766 86 711 499 616 624 435 472 END
START -15532 -1292 -2728 -458 -143 -286 499 615 623 435 472 END
START -16136 -2148 -716 -744 -742 -302 499 616 623 435 471 END