START -9076 11228 5052 -846 -356 61 483 557 620 465 479 END
START -9124 11180 5116 -851 -274 44 484 557 622 465 481 END
START -9300 11084 5408 -781 -172 142 484 557 620 465 478 END
START -9804 11320 5796 -646 -182 234 483 557 620 466 480 END
START -10680 11368 6396 -425 -328 441 483 557 620 465 479 END
START -12252 11280 6716 -552 -1074 1048 483 558 621 465 481 END
START -13488 11144 6744 195 -3122 1961 484 559 620 466 479 END
START -13828 10524 6816 1009 -7731 3313 482 558 619 466 479 END
START -12064 11408 6164 1016 -10744 5838 482 559 618 465 479 END
START -9044 11792 6028 2339 -11126 6192 479 559 617 465 480 END
START -7784 11780 6088 3664 -9831 7001 480 560 617 465 479 END
START -6132 11968 5692 4321 -7079 7673 480 561 619 466 479 END
START -7120 12856 6456 4657 -2436 8814 481 563 621 466 478 END
START -6816 12868 5256 4648 972 8287 480 565 621 466 477 END
START -8168 12432 5464 4354 2349 8064 482 566 622 466 477 END
START -6728 11968 4120 4027 1307 7856 476 567 622 466 476 END
START -8300 12064 5776 3948 -766 8019 480 568 623 465 477 END
START -8024 12084 6640 3761 -3048 7560 480 569 623 465 477 END
START -5560 12988 4876 3428 -4237 7118 479 569 623 464 477 END
START -448 13100 1264 3089 -3668 6262 479 570 624 464 477 END
START -976 13860 1708 2396 -2397 4737 479 570 624 465 477 END
START 2008 14060 -184 1517 175 2812 478 570 625 464 477 END
START 1756 14348 -564 569 2291 888 479 570 625 464 476 END
START 996 14324 -1112 -968 2446 -1091 480 571 625 464 477 END
START 1840 14060 -1528 -2502 2901 -3319 480 571 625 464 477 END
START 824 14400 68 -3498 3760 -5123 480 571 625 464 477 END
START -264 14148 1092 -4337 3614 -7003 480 569 626 464 478 END
START -3776 13844 2448 -5293 3245 -8081 480 571 624 464 478 END
START -4120 14728 2500 -6198 3071 -8964 480 571 624 464 478 END
START -1924 14980 388 -7834 2961 -10103 481 571 626 465 479 END
START -3788 13864 3068 -8880 4295 -11893 481 570 625 464 479 END
START -2548 13004 4552 -8903 8826 -14031 482 570 625 464 478 END
START -5392 11916 7136 -8824 11218 -15588 482 569 625 464 478 END
START -9252 11024 8140 -9342 7838 -16628 480 569 616 463 478 END
START -5048 444 8008 -6557 3379 -13967 480 568 619 460 478 END
START -30604 3776 15860 3019 24826 1450 481 569 621 463 477 END
START -32768 17644 18312 -500 10096 -7434 479 565 623 462 478 END
START -19132 12484 6828 -1708 1481 -3134 482 567 623 463 479 END
START -11712 9388 1576 -1471 -4699 402 482 567 624 464 479 END
START -9896 8256 1020 -1491 -6629 1505 483 567 624 464 480 END
START -8260 9640 1760 -1203 -4890 1234 482 567 624 464 480 END
START -8004 10360 3348 -906 -1005 2249 482 568 624 465 481 END
START -9316 10708 3232 -505 431 3118 482 567 623 466 481 END
START -12524 11752 5420 165 -527 3792 482 565 623 465 481 END
START -10116 12368 3768 472 -3037 4062 481 565 623 465 481 END
START -12436 13504 7216 1046 -5142 4853 481 565 624 465 480 END
START -9732 14324 6372 2111 -3274 6858 481 566 624 466 480 END
START -5660 14184 4100 2650 -831 7596 481 567 624 466 480 END
START -6600 14068 4744 2794 -184 7472 482 567 624 466 480 END
START -5408 12640 3380 2895 121 7216 483 568 624 466 479 END
START -5020 12352 2644 2790 -710 7159 481 567 624 466 478 END
START -5868 11788 3432 2290 -2219 6574 481 568 624 466 478 END
START -4420 11904 3132 1801 -2841 5241 482 568 621 466 478 END
START -3216 11768 3084 991 -2376 3162 483 567 624 466 479 END
START -436 11568 1444 -103 -657 685 482 567 625 466 478 END
START 1328 11992 400 -1284 1200 -1596 482 566 624 465 478 END
START -324 12572 1384 -2786 2215 -4119 482 566 625 465 477 END
START -44 11928 1764 -3877 4133 -6763 481 566 624 465 479 END
START -4528 12140 4376 -4864 4760 -9391 483 565 625 464 478 END
START -6180 11820 4640 -6612 3122 -12446 484 566 624 463 479 END
START -6684 11364 4500 -8602 -14 -15315 483 565 624 463 478 END
START 1652 1864 -4792 -9854 -3825 -19860 480 560 612 460 479 END
START -7316 3356 8676 1743 15010 -1981 481 565 620 464 478 END
START -31056 12504 18096 2364 31023 -9920 481 560 620 462 475 END
START -26788 13408 9264 -2263 17937 -7570 482 560 621 462 475 END
START -22208 8984 5188 -1143 8781 -2203 482 560 622 463 475 END
START -20748 8024 2244 -726 -1896 565 482 563 623 462 475 END
START -13700 8776 -680 -936 -9557 832 483 562 624 462 475 END
START -7532 9488 -2956 -1120 -8545 2072 484 563 624 462 476 END
START -8464 11124 456 -1006 -1867 2945 484 564 626 463 476 END