START -11820 3896 1388 889 -241 10794 520 615 640 446 484 END
START -11688 3980 1492 810 -106 10530 521 609 639 445 484 END
START -10908 4392 1208 660 -144 9543 520 615 639 446 483 END
START -9444 4504 820 419 84 8175 520 615 640 446 484 END
START -8280 4628 416 54 937 6590 520 614 640 446 484 END
START -7324 4604 -368 -358 1819 4668 520 615 640 446 484 END
START -6612 4948 16 -765 2034 2392 520 615 639 445 484 END
START -6212 4632 440 -1106 1663 -246 520 615 639 445 484 END
START -6292 4628 1000 -1653 888 -2951 519 614 640 445 484 END
START -5428 4980 388 -2071 833 -5900 520 614 639 446 484 END
START -5480 4740 16 -2390 1444 -8650 520 616 639 446 485 END
START -6948 3932 -364 -2779 1853 -11342 520 614 639 446 484 END
START -9660 3176 -44 -3314 1578 -13115 515 615 640 446 484 END
START -11480 3744 1296 -3923 227 -14620 519 616 639 445 484 END
START -11964 4552 2960 -4664 -392 -15715 519 616 640 447 484 END
START -13384 1760 2304 -5363 303 -17115 520 616 640 447 484 END
START -16172 252 1436 -5490 1622 -17518 519 617 640 446 484 END
START -18508 3004 2652 -5614 1701 -16372 519 619 640 446 487 END
START -21896 1472 4368 -5962 115 -14534 519 620 640 446 485 END
START -23744 -644 2528 -5338 67 -12290 519 621 641 446 484 END
START -29488 2440 3056 -4445 147 -3313 519 623 640 445 484 END
START -32768 -460 11576 -1566 -727 -5192 519 623 640 445 485 END
START -26044 2764 4892 -442 -12 1474 518 622 641 446 485 END
START -24256 -860 2020 384 -1720 4800 518 622 640 446 485 END
START -23244 2868 4168 1729 -257 8699 518 622 640 446 485 END
START -21968 -1136 3744 2215 -1179 9958 517 623 640 447 486 END
START -19564 3080 4384 2889 -941 12308 519 623 640 446 483 END
START -16232 556 872 3554 5 12222 518 623 641 446 485 END
START -15912 2792 3128 3068 287 13361 519 622 640 447 485 END
START -13076 756 -1004 3174 1569 12686 519 622 640 446 485 END
START -12872 336 928 2169 1068 12051 519 622 640 447 485 END
START -10428 4840 -392 1519 2618 11494 519 621 639 446 484 END
START -8836 1228 -2280 834 2956 9073 519 622 639 447 485 END
START -9320 3636 548 -684 2674 7828 518 621 639 447 485 END
START -6528 4900 -2216 -1035 3832 5297 519 620 639 447 485 END
START -6616 1168 -2308 -1981 3093 1914 519 620 639 447 485 END
START -7296 3148 948 -3106 1452 -465 519 620 640 445 485 END
START -5644 5960 -492 -2953 841 -3549 519 620 639 446 483 END
START -5864 504 -1160 -2880 -815 -7603 520 620 639 446 485 END
START -8608 1028 2272 -3288 -2931 -9728 519 620 639 446 484 END
START -8664 4240 2532 -3063 -3695 -11604 519 621 639 446 485 END
START -8892 3288 600 -2502 -3544 -13773 519 620 639 446 485 END
START -11112 -1092 724 -2153 -3746 -15983 519 621 639 446 485 END
START -12880 -2420 1916 -2370 -2667 -16882 519 620 639 447 485 END
START -15088 -2292 2540 -2664 -478 -16800 519 621 639 444 485 END
START -18408 -752 2972 -2759 1413 -15594 519 620 638 445 485 END
START -17688 -380 -2500 -1392 1700 -11047 519 621 641 442 483 END
START -32768 1224 9676 1652 9943 -7637 519 615 637 444 485 END
START -25248 2220 2424 1412 12789 -4917 519 615 635 443 485 END
START -24728 -1860 -1564 2014 7624 -2715 519 615 635 444 485 END
START -22220 -2604 -1048 1622 2762 -872 519 614 633 443 485 END
START -19524 -756 2732 1501 -2494 -579 519 615 634 443 485 END
START -16712 1816 2908 719 -4933 538 519 616 634 443 485 END
START -13804 2820 -68 554 -3376 -29 520 616 634 444 485 END
START -13032 -1092 -2116 132 -438 -917 519 616 634 443 485 END
START -14720 -2600 -1936 -788 1884 -748 518 616 634 444 485 END
START -17080 -2572 956 -971 1754 -413 520 616 633 443 484 END
START -17764 1632 3624 -1270 607 149 520 616 634 444 485 END
START -17436 3252 3516 -1062 -215 410 520 616 634 443 485 END
START -14880 2608 588 -653 -675 -47 520 616 634 444 485 END
START -14072 -1640 -1212 -457 -786 -685 518 615 634 444 484 END
START -14996 -2772 -440 -412 -124 -612 520 614 635 443 485 END
START -16712 -2940 540 -624 408 -155 520 615 634 444 485 END
START -17600 -84 2252 -744 1017 684 520 616 634 444 485 END
START -17220 3412 1660 -576 1757 1223 520 616 634 444 486 END
START -16704 2572 -900 -325 1027 1148 520 615 634 444 485 END
START -15552 1008 -1744 -108 -285 690 519 616 631 444 485 END
START -15324 -2856 -1856 -146 -970 498 520 615 634 445 486 END
START -15392 -3672 -1148 -339 -1272 411 520 616 634 445 486 END
START -15476 -3620 -276 -538 -1216 360 520 615 633 444 486 END