START -19328 2868 1440 -691 -2108 9680 520 592 622 447 486 END
START -19260 2828 1504 -610 -2398 9992 517 592 622 447 486 END
START -18852 3112 1572 -564 -3303 11059 520 593 622 447 487 END
START -17828 3160 1488 -465 -4013 11862 516 593 622 447 486 END
START -15988 3672 2008 -260 -4207 12276 520 593 622 447 486 END
START -14932 3692 1808 -103 -3842 12535 522 593 622 448 487 END
START -13752 3784 1932 120 -3999 12175 520 593 622 447 486 END
START -12080 3804 1364 457 -4287 11631 519 593 623 447 486 END
START -11692 3148 1356 782 -4423 10888 519 593 622 447 486 END
START -9696 4760 1136 859 -3743 10037 517 594 622 447 486 END
START -8116 5288 476 911 -1940 8619 520 592 622 447 486 END
START -7500 4780 -404 695 77 6892 519 592 621 448 486 END
START -7360 4924 -780 281 1199 4902 519 592 622 447 486 END
START -7052 5280 -1176 -500 1843 2855 519 593 622 450 486 END
START -6864 5912 -748 -1336 1457 655 519 592 621 447 486 END
START -5976 6460 -236 -2261 780 -2035 519 592 622 446 485 END
START -5272 4992 -224 -3322 719 -5304 519 591 622 445 485 END
START -4288 2868 -1924 -3837 1943 -8746 519 592 622 446 486 END
START -4360 4608 -1324 -4047 3909 -11511 519 592 622 446 485 END
START -8420 3552 964 -5422 4637 -13905 519 592 622 446 485 END
START -10804 1880 -412 -5788 4822 -16264 518 592 622 446 485 END
START -14668 4256 3064 -6503 2700 -16697 518 593 622 447 486 END
START -16436 884 1704 -6257 381 -17702 519 595 622 446 486 END
START -19308 3760 4540 -6108 -1315 -16252 518 597 623 446 485 END
START -19812 776 2908 -4941 -1238 -16003 518 599 624 446 486 END
START -22772 2540 5344 -4586 201 -12854 516 601 624 447 485 END
START -22960 1548 1808 -3569 3356 -9719 517 604 626 446 486 END
START -32768 -1944 6348 -1586 6440 -216 517 607 628 447 486 END
START -30900 5232 5752 -69 4898 -228 517 607 628 447 486 END
START -25312 884 16 632 3160 4585 516 607 628 448 486 END
START -25552 4148 1864 540 621 9530 516 607 627 446 485 END
START -21996 1268 668 1432 -548 9919 516 608 628 447 487 END
START -19872 2352 2708 1145 -1697 12258 517 608 627 447 486 END
START -16056 4896 1164 1468 -150 13193 517 607 627 447 486 END
START -13468 776 -1056 1505 707 12468 518 608 626 448 486 END
START -12908 556 1016 724 301 12150 517 608 626 447 486 END
START -10052 4616 -280 768 1267 11113 517 608 626 447 486 END
START -8660 772 -1828 563 888 8407 518 608 627 447 485 END
START -9196 2504 1652 -382 -86 7037 518 608 627 446 486 END
START -6632 5664 -164 -483 392 4435 518 608 627 447 485 END
START -5804 868 -1292 -1041 -571 735 518 607 626 447 486 END
START -6424 3608 1884 -1983 -1420 -1762 518 607 626 446 485 END
START -5180 5744 172 -1907 -1010 -5302 518 608 627 447 485 END
START -4592 3536 -1996 -1811 -826 -9164 517 608 627 447 486 END
START -7104 -92 -1068 -2415 -1005 -12165 518 607 627 447 486 END
START -10556 904 2228 -3016 -1373 -14115 518 608 628 446 486 END
START -12640 3832 2784 -3064 -533 -15355 518 610 628 447 486 END
START -13416 3948 524 -2890 305 -16158 518 610 628 446 485 END
START -15984 -436 -2424 -2834 -231 -16381 518 610 629 447 485 END
START -17884 -2240 -2204 -3001 -1512 -15396 517 611 629 446 485 END
START -28320 -1984 -1680 -2399 146 -2202 518 610 630 444 485 END
START -31108 -324 9096 33 3915 -8102 517 607 629 446 485 END
START -26068 3016 3320 278 6538 -3250 518 607 628 446 485 END
START -20332 4332 -524 803 5583 -1382 519 608 629 445 485 END
START -17520 172 -2920 198 3750 -850 518 608 628 446 485 END
START -18232 -2956 -652 -679 317 -212 519 608 628 445 483 END
START -17844 -1164 1824 -1107 -1733 567 518 607 628 446 483 END
START -17024 1120 2756 -1048 -1443 721 518 604 628 446 479 END
START -16008 3256 1848 -753 346 986 519 605 627 445 480 END
START -15156 1856 -1216 -535 1610 419 518 604 628 446 481 END
START -16008 -1820 -1356 -595 525 -38 519 605 628 445 482 END
START -16988 -1412 1556 -889 -1298 109 518 604 627 446 482 END
START -16072 460 2516 -1032 -1961 307 519 605 628 446 483 END
START -15520 2256 3032 -887 -1526 615 519 605 628 446 483 END
START -13584 3480 44 -531 0 239 519 605 628 446 483 END
START -14108 -1960 -1856 -213 614 -847 519 605 628 446 482 END
START -15704 -2712 -600 -392 60 -1007 519 605 628 447 483 END
START -16776 -1540 1604 -628 -975 -695 519 604 627 445 484 END
START -17232 -28 1948 -788 -1212 -385 515 604 628 445 483 END
START -17188 1656 2180 -895 -730 57 519 604 628 446 483 END