START -4416 14780 -4424 555 -678 -520 585 534 536 555 546 END
START -4312 14708 -4980 714 -257 -468 585 535 536 556 547 END
START -4492 14560 -5824 1186 1512 -699 583 535 536 556 547 END
START -4740 15064 -5848 885 1903 -732 582 535 531 555 546 END
START -3844 15416 -6112 552 3116 -440 579 534 535 555 545 END
START -4888 15080 -5544 377 3625 -621 580 534 535 555 546 END
START -5304 14988 -5268 400 3178 -603 580 534 535 554 546 END
START -3700 14728 -7488 440 2882 -555 580 534 535 554 546 END
START -4124 14596 -7432 298 6284 -809 579 534 535 553 545 END
START -3476 16140 -5236 -209 8635 502 578 534 534 551 544 END
START -6564 15764 -4252 -774 6756 165 576 533 532 550 542 END
START -2492 14612 -6124 -596 6915 1063 574 533 532 549 542 END
START -3112 16648 -5840 -750 7563 579 573 534 531 549 541 END
START -4912 16236 -5356 -1511 6982 513 572 532 530 548 540 END
START -6844 16196 -3324 -1480 3983 -287 572 530 530 548 540 END
START -6972 16464 -3836 -1129 953 -248 571 530 528 548 540 END
START -6356 16176 -3192 -935 -2101 114 572 531 529 548 541 END
START -9048 17440 432 -552 -7478 527 568 531 530 547 541 END
START -4688 17468 -3692 -1076 -12619 649 572 533 531 546 540 END
START 1868 16096 -5476 -1139 -3442 2306 572 533 532 542 539 END
START -8340 13000 -2280 -1007 -2537 -1029 573 533 533 531 536 END
START -14632 15720 -808 -2347 -24268 -4789 573 534 533 517 530 END
START -5944 16840 -8432 -90 -25856 -4871 572 535 533 496 518 END
START 1276 15412 -9396 -52 -16940 -4433 571 537 531 478 502 END
START -4560 12644 -5592 -1105 -18449 -5398 565 537 530 461 482 END
START -6856 12188 -4840 -3050 -23958 -6350 548 535 530 446 460 END
START -7752 13568 -6224 -4795 -24860 -7681 524 532 535 437 445 END
START -7072 11688 -6608 -6400 -23432 -9495 506 525 544 434 442 END
START -3176 10220 -9500 -7640 -15535 -11131 491 527 557 431 442 END
START -7976 11752 -5288 -8830 -8376 -10919 478 531 570 430 443 END
START -6796 12620 -5916 -9577 -5827 -10719 470 537 581 430 443 END
START -6484 14472 -6232 -9509 -4286 -9842 464 545 599 430 445 END
START -7700 15112 -3628 -8884 -3677 -8143 458 550 606 430 447 END
START -7932 15764 -1324 -8352 -4489 -6709 456 553 613 431 449 END
START -11128 14692 2128 -6868 -6508 -5069 455 554 618 431 450 END
START -9520 14836 2728 -5164 -8727 -4032 452 557 619 432 451 END
START -7972 14576 3076 -3481 -9660 -2997 452 561 620 434 453 END
START -11320 15000 5552 -1993 -9347 -1983 449 564 624 436 454 END
START -8916 13940 3296 -1487 -7452 -1167 448 563 626 436 456 END
START -11796 11020 2992 -789 -5961 -1426 448 571 628 435 457 END
START -8808 10568 860 -441 -3212 -2065 448 574 629 436 458 END
START -8848 11160 656 -267 -1222 -2299 447 576 631 437 459 END
START -11964 11424 1980 -287 -715 -2565 448 580 633 434 459 END
START -12716 11552 2320 -354 -1316 -2583 448 582 634 436 460 END
START -10580 10944 1008 -239 -1313 -2704 448 584 635 436 461 END
START -8384 11352 -1488 -624 -1526 -2793 448 586 636 436 461 END
START -9864 11552 -804 -648 -3029 -2627 448 588 636 435 461 END
START -7620 11912 -1144 -156 -3861 -2686 448 590 638 436 462 END
START -6032 12604 -2080 306 -4155 -2236 449 591 638 436 462 END
START -8184 14144 224 277 -4699 -2075 449 591 638 436 462 END
START -5808 12820 -2252 -53 -4606 -1939 449 591 632 436 463 END
START -9068 13872 532 -524 -5055 -1930 450 589 641 435 463 END
START -12764 14032 3004 -914 -5514 -2105 451 589 641 435 463 END
START -4540 13116 -1188 -1030 -4591 -2554 453 590 643 436 463 END
START -8112 13620 2172 -1343 -4524 -2914 453 588 643 437 463 END
START -11460 13056 4480 -1600 -3486 -2830 455 587 646 438 463 END
START -6492 11940 740 -1848 -2460 -3256 455 586 645 439 464 END
START -10604 11592 3236 -1348 -3877 -3807 456 585 644 440 464 END
START -9992 12384 2228 -1226 -2196 704 457 586 646 440 464 END
START -15816 12488 7336 -78 5155 -2005 458 586 646 441 465 END
START -12900 12280 3196 -649 4493 -563 458 585 646 441 466 END
START -11720 9040 576 -1110 263 306 458 586 646 441 467 END
START -10300 9336 572 -1415 -3402 761 458 586 646 442 466 END
START -8828 8424 224 -1689 -4049 695 458 585 647 442 467 END
START -7608 9328 768 -1861 -3045 174 459 588 647 443 466 END
START -9012 10044 2688 -1871 -1322 -361 459 587 647 443 467 END
START -8904 9172 1984 -1679 23 -933 459 587 648 444 467 END
START -9860 9996 2384 -1476 746 -1002 460 587 648 444 468 END
START -11544 9140 2352 -1257 1083 -1087 460 587 648 445 469 END
START -15948 9040 4872 -1013 349 -1265 461 588 648 446 469 END