START -8844 4892 6836 4930 3721 6719 490 645 657 414 464 END
START -8692 4988 6720 4760 4382 6606 490 645 658 414 464 END
START -9296 5240 6496 4212 5620 6196 489 645 657 414 464 END
START -9300 5380 6172 3544 5885 5670 488 646 657 414 464 END
START -8688 5612 5196 2842 6236 4895 488 646 657 413 463 END
START -7456 5840 4532 1986 7398 3696 487 646 658 413 463 END
START -6504 6120 3560 825 9947 2421 487 646 657 414 462 END
START -7240 5992 3880 -291 11182 939 488 646 658 414 463 END
START -6384 6696 3436 -1514 12091 -727 486 646 656 414 463 END
START -5928 5796 3056 -2517 12956 -3131 485 648 657 413 461 END
START -7272 5336 3500 -3706 13378 -5270 484 647 658 409 462 END
START -7368 5732 3236 -4640 13014 -7372 484 647 658 413 461 END
START -7736 5168 3192 -5194 13283 -9474 483 648 658 414 460 END
START -9048 5124 3548 -5706 13449 -11052 483 648 658 414 461 END
START -10844 4680 3580 -6015 12838 -12433 482 648 659 413 460 END
START -11200 3996 3420 -6327 13149 -13920 482 649 658 414 460 END
START -13784 1952 3328 -6336 13680 -15022 482 651 658 414 460 END
START -17684 520 4088 -5592 11862 -15315 481 650 659 413 459 END
START -19060 3288 4648 -4810 8009 -14126 480 646 658 413 459 END
START -21556 3384 5356 -4552 5443 -11518 481 649 659 413 459 END
START -21396 736 4584 -4001 3887 -10061 481 651 659 413 459 END
START -32768 -576 8760 -962 1558 -2194 481 652 660 415 460 END
START -22956 5776 8060 -365 2018 -910 480 652 659 415 460 END
START -20160 3548 4412 -208 4093 1936 481 651 660 413 459 END
START -21220 3616 3160 657 4526 4535 481 651 660 414 459 END
START -22036 5000 5360 1000 1454 6762 482 651 661 414 458 END
START -19928 1468 3052 1522 -68 7268 480 650 659 415 458 END
START -18020 4272 2772 1902 713 9053 480 650 661 414 459 END
START -18468 2864 3856 1706 35 10045 480 650 660 414 458 END
START -15704 1904 1384 2360 586 10271 480 651 660 414 459 END
START -15292 4192 3808 2047 6 11235 481 650 660 414 458 END
START -12448 1932 488 2220 201 10360 481 650 660 414 457 END
START -11488 5716 1912 2182 605 10453 481 650 662 414 458 END
START -10312 2212 780 1881 322 8481 481 649 661 406 457 END
START -8624 5648 572 1999 1215 7477 480 648 660 413 456 END
START -8548 3476 1280 1397 309 5411 480 646 659 412 455 END
START -6120 5332 -456 1470 1052 3236 481 644 659 412 455 END
START -6624 4576 1476 508 -494 626 481 642 659 411 454 END
START -4744 4452 -1340 710 -318 -2604 481 642 659 411 453 END
START -6008 2936 1104 -138 -1396 -5718 480 639 659 411 453 END
START -4328 4784 -1704 -420 827 -8822 480 638 658 411 453 END
START -6468 1284 -716 -1450 2039 -11958 481 638 659 411 453 END
START -8108 5240 576 -2054 3808 -13659 480 638 658 411 453 END
START -11144 924 -1168 -2358 3792 -16224 480 639 658 410 453 END
START -14732 2804 2932 -3238 1544 -16674 480 639 658 409 454 END
START -14904 2840 720 -2994 929 -17460 480 639 658 411 454 END
START -15948 -940 -148 -3665 420 -17752 481 640 659 410 454 END
START -11136 -224 -180 -4348 1036 -16923 482 639 656 409 453 END
START -32768 -7512 5688 -375 1461 -4339 483 636 656 411 456 END
START -30152 2624 9400 1049 435 -4159 481 633 656 412 456 END
START -22604 4012 1952 2032 3700 -1529 483 634 657 412 456 END
START -17652 -104 -508 1974 3812 -766 482 636 656 411 456 END
START -16388 3072 648 424 2284 1192 483 636 658 411 457 END
START -14616 1992 -2276 179 1227 446 483 635 656 415 457 END
START -16436 12 640 -949 -330 438 483 636 656 411 457 END
START -15940 1828 -396 -491 123 612 483 637 657 411 458 END
START -18184 -940 2604 -696 -1774 521 485 636 657 412 459 END
START -16776 3744 3284 -306 -1263 1171 484 636 657 412 459 END
START -15248 776 136 165 -683 318 486 636 657 412 459 END
START -16284 2104 3280 -387 -231 1146 485 636 656 412 459 END
START -14928 1616 -336 -19 1283 875 485 639 650 413 460 END
START -16908 -456 2072 -383 91 707 485 636 656 413 461 END
START -15708 3572 924 -242 496 1324 486 637 656 413 460 END
START -16756 -1552 344 -114 -701 503 486 633 656 412 461 END
START -17532 3000 2424 -258 -1366 1756 486 635 656 414 461 END
START -15928 2096 -432 458 -1411 1477 487 636 656 414 462 END
START -16708 -524 1444 401 -2214 1393 487 633 655 414 462 END
START -15956 3528 1908 597 -1104 2551 487 632 654 414 462 END
START -14972 316 -644 1354 -139 1868 488 630 653 413 463 END
START -16716 -452 2008 1125 -928 2265 489 626 652 414 463 END