START -16404 4148 2704 -715 -2357 11957 502 600 630 433 478 END
START -16096 4212 3004 -549 -2319 12195 499 600 630 435 478 END
START -15212 3812 2636 -126 -2261 12671 501 602 631 435 478 END
START -13668 3744 2532 466 -2507 12546 502 602 632 435 478 END
START -12116 3992 1888 972 -2367 12047 501 603 631 434 479 END
START -10596 4012 1612 1326 -2041 10959 501 603 631 434 478 END
START -9504 3888 1284 1755 -1699 9209 500 604 632 435 478 END
START -8228 4224 1060 1567 -1690 7210 500 603 631 435 478 END
START -6408 4752 156 1345 -1520 4784 499 604 632 435 478 END
START -5252 4204 40 1125 -1127 2075 497 605 632 435 478 END
START -4024 4920 64 204 -228 -719 497 605 632 434 477 END
START -3576 5040 -248 -817 1744 -3347 497 605 632 434 477 END
START -4956 5440 104 -1711 3880 -6221 496 605 632 435 476 END
START -7492 4988 368 -2558 4279 -8754 496 606 633 435 476 END
START -9400 4616 768 -3227 3602 -11009 495 605 633 434 476 END
START -11120 3844 1424 -3713 2468 -12682 495 606 632 436 476 END
START -12324 2960 2044 -3903 1299 -14135 494 606 632 435 476 END
START -13048 3012 1872 -3657 1048 -14870 494 606 633 434 476 END
START -15352 4924 3232 -3817 1783 -14436 493 607 633 435 476 END
START -18572 2748 3332 -3982 2377 -13632 492 607 633 435 476 END
START -20652 1284 1596 -3366 3802 -12254 492 607 633 436 476 END
START -21372 3844 2536 -3256 4624 -8745 493 609 631 435 476 END
START -32768 1152 5776 -1591 6540 -322 493 609 633 436 475 END
START -25136 4528 2356 -943 5261 -1873 492 609 633 435 476 END
START -24060 5384 1556 -1028 3358 2370 492 608 634 435 476 END
START -21320 1772 -368 -962 1726 4787 491 609 634 435 475 END
START -21088 5568 1920 -720 613 6951 492 610 633 435 475 END
START -19400 3124 1860 -959 -1080 7714 492 609 633 436 475 END
START -17260 4016 -204 -475 -305 8742 493 609 633 436 475 END
START -17192 3876 1852 -859 -507 9572 493 609 633 435 476 END
START -13856 3856 -456 -522 635 9482 492 609 635 437 476 END
START -14092 4920 1348 -1177 573 9765 493 609 633 435 476 END
START -10744 3932 -940 -869 1415 8247 495 609 634 435 476 END
START -10908 5228 1712 -1484 1002 7869 494 608 633 435 475 END
START -8748 4112 -1204 -1154 1614 5614 494 608 632 435 476 END
START -9604 3804 1716 -1669 559 4059 495 608 634 435 476 END
START -6804 5272 -164 -1446 629 1318 495 606 633 435 473 END
START -7924 4388 2132 -1982 -971 -836 495 605 632 435 476 END
START -5808 4936 -956 -1465 -730 -4029 496 607 632 434 476 END
START -7988 2044 1020 -1441 -1998 -6637 496 606 632 435 476 END
START -7048 5428 572 -1205 -1424 -8558 496 606 633 434 476 END
START -9012 852 40 -1285 -1307 -11240 499 608 633 434 477 END
START -11268 4616 2620 -1435 -753 -11822 496 606 633 435 477 END
START -12164 2236 -580 -1266 -118 -13689 497 606 632 435 477 END
START -14912 872 1380 -1791 89 -14032 496 608 633 434 477 END
START -14948 3476 -604 -1638 2063 -13846 496 608 633 435 475 END
START -17456 -40 -3788 -1650 1540 -9633 497 601 628 433 478 END
START -32768 1072 6172 146 6188 -4517 497 599 628 433 476 END
START -26032 3628 1360 560 7937 -4231 498 598 629 434 478 END
START -24216 1080 -300 311 4087 -1336 497 599 630 434 477 END
START -17828 4572 -2344 389 2625 -302 498 602 631 434 478 END
START -16948 192 -2120 -533 -248 160 498 602 630 434 477 END
START -15712 4156 272 -1009 -1564 1129 498 602 630 435 478 END
START -14524 964 -1604 -681 -1482 188 498 602 631 433 478 END
START -16132 1404 1692 -990 -561 847 499 602 631 434 479 END
START -14596 2660 -584 -249 2324 759 500 602 632 435 479 END
START -16816 -324 1092 -376 1500 334 499 602 631 435 480 END
START -15728 4452 1384 -139 1084 837 499 603 631 434 478 END
START -15548 -244 -1056 -182 477 128 499 602 630 433 479 END
START -16424 3632 1396 -530 268 1004 500 602 631 434 479 END
START -15060 1048 -1880 -145 894 321 502 601 631 433 478 END
START -16736 544 760 -603 267 637 500 601 631 434 479 END
START -15264 3248 -1372 -165 1570 598 500 601 631 434 479 END
START -16892 -384 -552 -424 345 297 500 601 631 435 478 END
START -16892 4420 812 -326 273 1187 500 601 631 432 479 END
START -16332 -184 -1496 -183 -179 351 500 600 632 434 479 END
START -17024 2928 960 -566 -469 1298 500 601 631 434 479 END
START -15336 2268 -2356 -151 326 820 500 600 630 434 476 END
START -17124 632 304 -541 -1019 808 500 600 629 435 478 END
START -15328 4004 -888 -343 -618 1228 500 601 631 435 479 END