START -6976 6420 2432 -1778 -4038 -2764 501 621 631 440 470 END
START -6364 6736 2108 -2042 -3349 -3360 500 620 631 440 469 END
START -6964 5744 1356 -2717 -885 -5245 500 620 632 441 469 END
START -8792 5440 1676 -3099 -53 -6933 499 621 631 439 468 END
START -9668 5384 2216 -3511 -854 -8542 499 621 631 439 467 END
START -9344 5072 2520 -3749 -1006 -9885 498 620 629 439 467 END
START -9556 5272 2912 -4011 187 -11293 498 620 629 440 465 END
START -10392 4532 2924 -4312 1063 -12597 496 619 628 438 462 END
START -13044 3852 2688 -4420 1163 -13145 494 618 628 436 459 END
START -12076 4652 2704 -4390 1332 -13655 492 617 627 437 458 END
START -13432 4292 4148 -4337 2628 -13859 491 615 627 436 456 END
START -15332 3820 3604 -4298 3694 -13590 492 614 626 436 455 END
START -17448 3884 3640 -3879 3435 -13387 490 614 627 436 453 END
START -19340 3488 3844 -3883 2730 -11797 490 615 626 435 453 END
START -27104 2380 6252 -2152 4254 1238 491 615 631 434 453 END
START -30416 4436 10940 -504 4439 -5781 491 615 632 435 453 END
START -24516 1228 2876 396 5179 -1311 491 615 632 435 452 END
START -20572 3556 2000 789 2647 854 491 616 631 434 451 END
START -21148 4448 4012 794 601 4314 491 616 631 435 452 END
START -21768 2180 4280 586 -909 5779 490 615 632 437 453 END
START -20256 1540 2616 1056 -1179 6488 492 615 631 436 453 END
START -18932 4988 4160 1036 -1184 8712 492 616 631 435 453 END
START -18048 1304 2044 1057 -583 9255 492 617 632 435 453 END
START -16628 4724 2504 1426 474 10611 493 616 632 435 452 END
START -16772 2404 3080 824 528 11215 493 617 632 435 455 END
START -14812 4240 1552 1129 1915 11532 492 617 631 435 455 END
START -15236 3296 2660 197 729 12021 495 617 632 435 455 END
START -12628 4432 80 346 1221 11420 493 617 631 434 455 END
START -13024 4088 2224 -484 -275 11158 493 617 631 434 455 END
START -10024 4436 -420 -214 95 9809 494 616 632 434 455 END
START -9896 4576 2216 -1013 -917 8534 495 616 633 434 455 END
START -6800 6184 240 -770 770 6569 494 617 631 434 457 END
START -7640 3172 1308 -1420 687 4390 495 617 631 434 456 END
START -5912 7168 1304 -1434 1702 2007 495 617 633 433 457 END
START -6180 2824 508 -2149 635 -1355 495 618 631 433 456 END
START -6256 6336 2044 -2377 150 -3652 496 617 631 433 457 END
START -5944 2508 -352 -2200 -408 -7433 496 619 632 433 456 END
START -8092 3244 2876 -3076 -2069 -9580 496 618 631 434 456 END
START -7348 6368 2536 -2957 -806 -11845 496 617 632 434 457 END
START -9088 1996 580 -3198 103 -14419 496 618 632 435 456 END
START -12404 4224 4420 -3739 -841 -15438 495 617 632 435 457 END
START -12656 5308 2636 -3503 -192 -16840 495 617 631 434 457 END
START -13388 256 -372 -3279 360 -18085 495 617 631 435 447 END
START -15128 -1320 1396 -4211 1427 -16975 495 612 628 433 427 END
START -31996 1292 8596 -75 5079 1095 496 614 630 433 436 END
START -29864 4924 5144 288 11923 -6011 496 611 628 432 440 END
START -29316 2204 1668 116 10353 -3790 497 613 627 434 444 END
START -22936 5340 432 -157 5991 -422 497 611 625 435 446 END
START -18456 2252 -2204 -358 1429 -427 497 611 624 434 447 END
START -16184 128 -380 -1680 -3443 714 497 613 622 435 448 END
START -16168 3628 2940 -1664 -4475 1610 497 612 623 435 448 END
START -13896 2980 1528 -943 -3273 879 497 613 624 434 450 END
START -13672 -696 1092 -874 -1232 141 498 613 625 435 450 END
START -15112 2224 4368 -1217 1090 746 498 613 624 436 450 END
START -15264 4976 3320 -940 2158 639 498 612 624 435 449 END
START -14828 44 -140 -752 1006 -345 498 612 624 435 451 END
START -16244 1096 3328 -1139 -656 224 499 613 623 436 451 END
START -14752 4156 1304 -779 73 492 499 612 624 435 451 END
START -14836 -344 -540 -557 195 -560 499 611 624 435 451 END
START -16532 1440 3120 -982 -358 110 499 611 623 436 452 END
START -14912 4604 1696 -539 744 338 499 611 623 435 452 END
START -15440 -436 -476 -312 864 -570 499 610 623 435 452 END
START -16696 -48 1904 -672 -253 -64 500 612 623 435 452 END
START -15748 4496 2120 -392 347 381 499 610 623 436 452 END
START -14516 1284 -1388 -114 795 -549 500 609 623 435 452 END
START -16244 -652 812 -537 110 -399 500 609 622 435 451 END
START -16396 4152 2548 -663 663 473 500 609 621 436 450 END
START -14928 2292 -668 -307 737 -293 501 609 622 435 450 END
START -15956 -1260 632 -631 -390 -545 501 609 622 436 449 END
START -15916 1480 2864 -1005 -494 215 501 608 621 435 449 END