START -13552 8276 -2484 -721 335 232 495 621 627 421 455 END
START -13820 8292 -2680 -727 315 272 494 620 624 420 456 END
START -14156 8264 -2612 -803 1 341 494 621 627 421 456 END
START -14084 8288 -2312 -826 -591 372 492 621 628 423 455 END
START -13712 8344 -2404 -858 -895 375 495 621 627 421 456 END
START -13304 8004 -2792 -847 -788 85 496 625 627 421 455 END
START -13436 8420 -2640 -862 -494 162 493 620 628 423 457 END
START -12956 8756 -3220 -739 -289 -2 494 621 627 421 456 END
START -13620 7540 -3280 -743 -390 -270 495 623 627 421 456 END
START -13560 7152 -3576 -865 -479 -266 492 620 625 421 457 END
START -13376 7696 -3932 -865 -574 -285 494 621 628 421 456 END
START -12904 9360 -3092 -890 -249 3 495 621 627 421 455 END
START -13808 10080 -1700 -1271 -494 439 492 622 628 422 459 END
START -15148 7164 -2720 -1557 -1288 165 495 623 628 422 456 END
START -14536 8844 -4660 -1023 207 445 493 625 629 424 457 END
START -16764 10920 -284 -1877 -525 1505 493 625 630 419 456 END
START -17320 10348 -4328 -1196 1345 1795 494 627 631 422 456 END
START -19880 10064 456 -2428 924 3512 495 628 633 421 456 END
START -18364 12332 -3980 -2201 2736 5256 495 626 632 424 456 END
START -19040 7512 -3824 -3226 1480 6999 495 630 635 422 456 END
START -16852 10124 -2720 -4361 -709 9682 495 632 636 419 455 END
START -11968 12916 -9540 -3838 -1282 10983 496 637 639 426 457 END
START -8200 7548 -7824 -4100 -3506 10871 495 635 640 422 457 END
START -12616 9200 348 -4809 -4573 11519 494 637 642 423 457 END
START -8636 12776 -7076 -4010 -3429 10591 492 639 643 419 457 END
START -10880 6524 -4 -4832 -543 8234 496 638 646 425 461 END
START -5156 9820 -6332 -4118 2611 6664 493 641 648 424 457 END
START 2292 7952 -7056 -4436 2795 4808 492 641 649 425 459 END
START -2684 6344 -5648 -3506 207 2586 493 644 652 422 459 END
START 8096 9560 -9072 -2378 -815 1904 493 645 655 426 459 END
START -3212 6552 -2232 -1597 -2675 -872 493 646 658 426 459 END
START -12452 7564 4296 -255 -8 -3171 492 646 657 426 459 END
START -11520 8656 5980 215 4039 -4497 486 644 659 426 455 END
START -15680 5668 4384 1737 4440 -7326 491 648 657 428 461 END
START 1008 9380 -5668 2420 6971 -7896 492 647 659 427 460 END
START -11252 5684 -1296 3380 6405 -10747 492 648 661 428 458 END
START -7252 9932 -2680 4189 9850 -11045 492 649 660 431 461 END
START -4256 5308 -9364 4480 8541 -13440 492 648 661 428 460 END
START -11160 8928 -2100 5296 7167 -13614 494 649 660 430 460 END
START -12300 4256 -4208 5631 5170 -15505 493 649 659 428 463 END
START -14124 8232 -3200 5826 6551 -14498 493 647 661 432 459 END
START -12312 5028 -8272 5642 4934 -15343 493 649 662 428 460 END
START -25816 18492 -7296 -445 6510 2236 494 649 658 431 464 END
START -32768 -1280 -5108 5035 11629 -8902 491 649 661 432 462 END
START -20152 19540 -7644 1337 -11096 -956 494 650 657 430 460 END
START -8636 10676 -14548 551 -9617 1660 492 650 658 429 461 END
START -14704 10508 -2804 -1484 -4598 3123 496 654 659 428 457 END
START -19648 14064 -6648 -3135 -316 6758 495 655 660 428 460 END
START -23904 6100 -6144 -4136 537 8140 495 651 661 430 461 END
START -24624 11408 -1412 -4886 -3746 11227 495 652 662 429 461 END
START -23740 6924 -3240 -4614 -7575 12865 496 650 660 428 458 END
START -18992 6292 -1492 -4970 -9353 14574 495 651 661 430 462 END
START -12100 10012 -924 -4570 -6445 16291 495 651 661 430 462 END
START -6276 5256 -6108 -4458 -7002 14294 494 652 662 429 458 END
START -1672 7024 -5712 -4867 -6375 13299 493 649 657 432 462 END
START -4416 8588 -5324 -3672 -3830 10688 494 649 661 430 462 END
START -3388 6184 -1892 -3403 -3922 8245 493 653 660 431 464 END
START 2628 8024 -8132 -1371 -2453 5575 491 647 660 431 461 END
START 8396 7640 -7232 -984 -2207 2778 494 650 660 430 463 END
START -6428 5760 1740 85 -3279 -1686 497 649 658 431 462 END
START 17424 8840 -13852 1557 3965 -4573 498 650 658 432 463 END
START -13688 7052 9104 1774 284 -9391 494 650 659 430 463 END
START 4504 4128 -7764 2663 5786 -13516 495 649 658 429 463 END
START -1644 7568 -6608 3880 7664 -16180 495 653 660 429 467 END
START -10436 5488 540 3582 7353 -18835 494 650 659 430 462 END
START -7496 3984 -5588 4048 8813 -21184 494 649 659 431 463 END
START -8836 7092 -6604 4842 7420 -22414 495 651 661 432 462 END
START -7144 6768 -4800 3617 7116 -23509 494 648 656 429 461 END
START -32768 1328 -20656 1888 11523 20251 495 652 664 429 450 END
START -32768 12736 6388 5604 1400 -2207 492 646 653 427 452 END