START -14984 5556 1652 -2874 -1609 -5019 512 606 625 443 477 END
START -15084 5800 1928 -2929 -2338 -4986 513 606 624 444 477 END
START -13956 5744 2160 -3117 -4090 -5233 513 606 624 444 477 END
START -11532 5864 2440 -3205 -3548 -5595 513 606 624 445 476 END
START -10204 5920 2420 -3315 -1515 -6581 513 606 624 444 476 END
START -10840 5260 2728 -3419 973 -7472 513 606 625 444 477 END
START -12100 5648 3232 -3684 1645 -8397 513 607 625 444 477 END
START -12168 4592 2912 -4036 215 -9523 512 607 625 444 477 END
START -12928 3892 2620 -4423 -882 -9800 514 609 625 444 476 END
START -12912 4604 3280 -4745 -1246 -10258 511 608 625 444 476 END
START -13340 4556 3720 -5146 -460 -10603 512 608 625 444 476 END
START -14028 4548 4324 -5227 -219 -11145 512 609 625 444 477 END
START -15044 3656 4456 -5114 136 -11361 513 609 626 444 476 END
START -16360 3224 4516 -5273 513 -10450 513 610 628 443 476 END
START -28416 -248 8260 -1855 2995 -1072 513 611 630 443 477 END
START -24480 3348 10804 -1045 3790 -4742 512 612 632 444 475 END
START -24268 568 3368 -91 4316 -1757 513 612 632 444 476 END
START -21660 3012 1368 460 2751 1472 513 612 629 443 476 END
START -23904 2288 3440 806 1434 5533 513 613 630 443 476 END
START -22320 1444 3108 843 1164 6434 512 613 630 443 475 END
START -19808 3336 2088 1252 1672 8191 512 614 630 444 476 END
START -19868 2972 3808 1175 1008 10081 512 613 629 445 476 END
START -17876 784 1600 1915 1099 10366 513 613 629 444 476 END
START -16860 4564 3304 1905 729 11882 512 615 629 445 477 END
START -15404 1092 1624 1933 853 11395 513 613 629 444 476 END
START -13132 5380 2228 1537 2383 11826 513 612 628 444 476 END
START -12860 1312 924 1235 2715 10896 513 611 629 443 475 END
START -11396 6000 1988 701 3315 10714 513 611 628 445 477 END
START -10956 1780 672 294 2498 8685 514 612 627 444 477 END
START -9952 6796 1788 -484 1902 7911 516 613 627 445 477 END
START -8372 2800 -292 -774 842 4996 514 612 629 444 476 END
START -7868 6704 1940 -1472 2 3662 514 611 628 445 479 END
START -5872 2780 -320 -1417 -361 53 513 611 627 444 477 END
START -5840 6032 2760 -2130 -1303 -2144 513 611 627 444 477 END
START -3624 4864 -308 -1817 -626 -6102 514 613 628 444 472 END
START -5376 944 520 -2473 -779 -9322 514 611 627 444 477 END
START -6896 5704 2244 -2764 221 -11237 514 612 628 446 477 END
START -8664 2384 72 -2705 -102 -14644 513 612 627 444 477 END
START -12380 1856 2956 -3422 -1827 -16170 514 612 627 444 477 END
START -14188 4608 3304 -3514 -2201 -17479 514 612 627 444 477 END
START -15512 1696 16 -3518 -2736 -18666 513 612 628 444 477 END
START -17972 -1540 476 -4387 -6125 -18931 513 613 627 443 477 END
START -15112 -5836 -1416 -3941 -11335 -15581 513 609 626 439 476 END
START -32768 308 11436 -179 -4304 -3646 512 603 625 442 477 END
START -24952 5560 8984 -193 2418 -4442 513 600 623 442 477 END
START -23384 -292 1576 382 3203 -3717 513 603 624 441 477 END
START -19988 1148 2744 368 1304 -1655 513 605 624 442 478 END
START -16956 4480 2592 -144 621 -145 515 605 621 442 477 END
START -14280 128 -1120 -616 18 -224 514 605 620 442 477 END
START -15676 -1744 2276 -1403 -1990 438 514 606 620 443 478 END
START -15992 2148 4976 -1049 -2429 913 514 606 620 442 478 END
START -14680 2640 3552 -506 -1283 553 514 606 620 442 478 END
START -14876 -2028 1768 -446 -298 -198 514 608 621 444 478 END
START -15736 -1228 4280 -769 -422 41 514 607 620 443 478 END
START -14592 3608 4992 -696 327 659 515 607 621 443 479 END
START -13548 768 1400 -235 1286 -132 515 607 622 441 478 END
START -15612 -1752 3444 -639 437 -325 514 608 621 443 478 END
START -16056 1132 5268 -808 214 370 514 608 621 443 478 END
START -15072 3904 3552 -348 1629 107 515 609 622 443 479 END
START -15332 -760 1132 -352 1539 -665 515 607 622 443 479 END
START -17036 -384 4072 -899 167 -346 514 608 622 443 478 END
START -16804 2692 4584 -937 319 252 514 607 621 443 479 END
START -14800 3284 1612 -541 1350 -199 514 607 623 444 479 END
START -15748 -1524 592 -651 419 -676 515 607 622 443 478 END
START -17372 -488 3756 -1122 -1325 -145 515 607 622 443 478 END
START -16320 2628 4364 -1027 -1433 220 514 606 622 443 479 END
START -14752 3588 2996 -670 -191 323 515 607 622 443 478 END
START -14292 -376 444 -427 320 -294 514 607 622 443 478 END
START -15844 -2096 3008 -734 -752 -389 515 608 622 442 478 END
START -16484 144 4856 -907 -1441 120 514 607 622 442 479 END