START -8228 11640 6020 -775 -283 70 484 539 600 478 493 END
START -8156 11696 6064 -778 -263 50 484 539 601 479 494 END
START -8392 11684 5928 -725 -248 75 485 539 599 478 494 END
START -8488 11736 5788 -766 -288 130 484 540 600 478 494 END
START -8444 11796 5820 -666 -350 157 485 539 600 477 493 END
START -8820 11720 6168 -729 -667 138 485 540 600 479 494 END
START -8132 11752 5640 -547 -437 158 486 540 600 478 494 END
START -8952 11292 6328 -643 -904 74 484 541 601 479 493 END
START -8532 12076 6724 -574 -633 634 485 540 600 479 494 END
START -8492 12564 6700 -263 -529 699 484 539 600 479 494 END
START -8284 11720 5724 -204 -1108 205 485 540 600 478 493 END
START -8540 11632 5764 -27 -2322 526 485 540 600 478 494 END
START -10480 11512 7100 165 -3993 943 484 538 598 478 494 END
START -10236 11376 6572 329 -6166 1348 484 540 596 478 494 END
START -9016 11624 6288 1010 -7660 1958 483 538 594 478 492 END
START -5208 11956 3280 1523 -6939 3077 483 542 595 478 492 END
START -6552 12908 4164 2175 -4709 4089 483 540 596 478 492 END
START -8720 14208 6820 2458 -1990 4615 483 541 596 478 491 END
START -7564 14964 6168 2231 890 4444 483 541 596 477 490 END
START -6836 14624 5552 2411 3080 4365 482 541 597 477 489 END
START -6624 14288 4804 2119 3787 4692 481 541 597 478 489 END
START -6512 13188 4912 1775 2370 4736 482 541 597 477 490 END
START -6128 13076 4596 1257 791 4627 482 541 598 477 489 END
START -5324 13032 5052 782 -96 4110 483 541 598 477 489 END
START -4752 13360 5276 206 -290 3099 483 541 598 477 489 END
START -2616 12992 4480 -526 258 1698 483 541 597 478 489 END
START -3144 13196 5076 -1255 782 468 482 541 596 475 490 END
START -4436 13708 5248 -2328 803 -701 483 539 596 477 489 END
START -2492 13028 3704 -3359 702 -2032 484 539 596 476 490 END
START -3820 12828 4592 -3828 750 -3119 483 537 596 478 490 END
START -5360 12956 5832 -4484 -478 -4155 484 539 596 476 490 END
START -6176 12668 6664 -5315 -1722 -5476 483 538 595 475 491 END
START -7132 12100 6060 -6101 -3002 -7060 484 538 594 475 486 END
START -4336 9316 3356 -7087 -3679 -8787 485 537 593 473 491 END
START 592 4760 216 -8720 -3976 -11585 483 538 596 472 493 END
START -10248 6028 9268 -64 11860 -847 484 540 596 474 495 END
START -19108 13148 14784 1086 21029 -5666 482 535 593 474 492 END
START -18204 16852 9788 -2672 12556 -4392 483 536 596 474 493 END
START -12808 12376 5752 -2248 7341 -2241 484 536 598 474 493 END
START -11256 11688 5728 -722 2132 1021 484 537 596 475 493 END
START -11932 12716 6436 -709 -3438 1853 480 537 598 474 493 END
START -5564 11944 2636 -1142 -4562 2232 485 538 597 475 494 END
START -5032 11428 3260 -786 -2050 2131 485 538 597 474 494 END
START -9588 11840 7120 -735 531 1857 485 538 598 475 494 END
START -9680 11892 7528 -499 1060 1481 484 538 596 474 494 END
START -10760 12208 8324 -41 -1044 1921 486 538 596 474 493 END
START -8824 11740 7132 216 -5092 2963 484 538 592 475 494 END
START -7984 11904 6396 468 -9798 4597 483 536 592 475 493 END
START -9156 11856 7612 975 -12241 5421 484 536 591 475 493 END
START -6616 12104 6724 1384 -12011 5636 485 537 591 475 492 END
START -9188 12900 9740 1808 -7278 5744 485 537 590 476 491 END
START -8432 12356 9032 2087 -1108 4684 485 537 590 476 491 END
START -7664 11340 7444 2466 2370 3316 486 537 591 476 491 END
START -8632 10924 7080 2613 3702 2946 487 537 590 477 491 END
START -8548 10888 6352 2482 3169 3188 486 537 591 476 491 END
START -8016 9112 5124 1982 1052 3051 486 537 590 476 491 END
START -5884 9048 4192 1295 -1311 2280 486 537 591 477 492 END
START -3060 8944 2884 774 -1949 1051 486 537 590 476 491 END
START -3516 10716 3096 142 -895 -401 486 536 591 476 492 END
START -720 10444 476 -822 186 -2058 488 536 590 476 492 END
START -368 10228 100 -2167 873 -3884 486 536 590 476 492 END
START -2884 9548 1220 -3117 2408 -5291 485 535 589 477 492 END
START -6176 11276 3568 -3667 2315 -6071 485 536 590 476 492 END
START -5512 12292 3448 -4272 1053 -6723 485 535 590 476 493 END
START -7652 12860 6036 -4976 -2187 -7890 484 535 590 475 492 END
START -7020 12236 2652 -5844 -4958 -9067 485 536 587 473 493 END
START -4552 9868 3604 -5325 -1619 -4624 484 543 599 476 493 END
START -15308 9716 11160 492 10929 -269 485 542 597 477 487 END
START -19892 16948 14296 437 11658 -732 481 534 592 475 492 END
START -13948 15764 8252 -1158 6123 -1562 480 534 593 476 492 END