START -4860 10972 -3720 798 -3100 -5850 483 616 650 431 451 END
START -4748 10716 -3872 925 -2907 -6499 487 618 653 435 456 END
START -4520 10328 -4468 1348 -1566 -7888 482 620 677 427 452 END
START -5692 10456 -4576 2082 362 -8324 481 616 651 431 451 END
START -7488 11432 -3772 2201 1803 -9711 483 657 650 407 440 END
START -8176 11056 -3840 2720 2845 -10405 479 615 666 435 453 END
START -9408 10800 -4340 2875 3513 -10608 482 617 651 429 452 END
START -10732 10580 -5424 3737 3143 -11108 479 613 631 465 452 END
START -11584 9972 -5500 4295 1883 -11401 481 617 650 434 451 END
START -11404 17248 -2080 2000 -3017 -8048 488 612 643 429 454 END
START -16616 4696 -21136 -1134 -353 12104 485 612 647 432 450 END
START -28620 18040 -984 7572 -2231 3241 550 612 637 425 448 END
START -20744 15696 504 -2502 -5299 -7340 476 617 647 435 450 END
START -10236 12556 -4900 -2590 -11510 -7199 481 611 646 434 451 END
START -3096 11624 -8252 -592 -4647 -5657 482 611 646 433 451 END
START -3980 14036 -4040 770 1127 -198 482 613 683 442 462 END
START -9564 12244 -4204 -779 4803 4271 485 615 648 430 453 END
START -14372 11336 -7628 148 6345 3301 483 613 647 433 452 END
START -16580 14648 -2704 -401 5218 1510 484 611 647 435 453 END
START -15548 12092 -5112 -2928 1449 80 480 615 653 433 449 END
START -11908 14032 -7252 -2656 2451 679 482 615 647 428 451 END
START -10736 10944 -5520 -2993 569 2070 480 614 649 432 437 END
START -10036 15356 -5904 -2860 -87 6484 482 609 647 433 458 END
START -11516 11020 -7884 -4779 -1274 9020 484 612 647 431 452 END
START -13092 13728 -1816 -3984 -1766 9251 478 615 612 440 449 END
START -9800 14544 -7056 -5392 251 7620 483 610 647 432 453 END
START -8616 10164 -6648 -6558 -1327 8026 482 610 647 433 453 END
START -8928 12376 -2180 -5242 -785 8700 479 611 647 433 452 END
START -8516 12256 -7340 -4767 -150 7517 482 610 656 430 452 END
START -9128 9444 -604 -4352 -3592 6117 480 611 649 432 453 END
START -7648 11772 -5140 -4223 -3009 4746 481 612 648 431 453 END
START 4100 10220 -14008 -3307 -2503 3650 478 595 654 409 497 END
START 5548 8212 -11532 -3597 -1910 925 478 616 648 428 453 END
START -9256 10252 -424 -1414 -745 -637 481 613 649 431 453 END
START -8184 10404 2520 76 243 -1749 459 614 699 424 454 END
START -7644 10096 868 552 1109 -3119 481 613 650 414 457 END
START 24 9748 -6816 600 1262 -4800 455 614 650 432 452 END
START -12672 9212 -148 1005 1123 -5829 483 619 649 446 455 END
START -14308 10404 -148 2612 1068 -6802 482 614 652 431 453 END
START -8036 12704 -2920 3443 2855 -7440 480 614 622 423 456 END
START -3468 11096 -7216 3616 2713 -7313 478 613 653 432 460 END
START -7280 10976 -8328 4170 4771 -6764 480 613 652 440 453 END
START -13232 13248 -1504 4690 2402 -6895 513 611 651 431 452 END
START -10632 10280 -6996 3306 1058 -8397 483 615 650 433 452 END
START -12340 12624 -1160 4301 1089 -9204 482 612 665 436 451 END
START -9080 9280 -5400 3018 846 -11487 483 613 641 431 446 END
START -14784 22376 -9808 -5180 7632 6705 466 611 641 401 450 END
START -20916 3364 -17380 11407 7738 9260 451 610 641 425 398 END
START -22564 21052 5300 2584 4176 -4377 484 611 640 432 446 END
START -10464 11080 -12352 -3418 -2230 -7667 498 610 636 432 451 END
START -5612 11128 -6644 -493 -6950 -4905 481 611 641 434 445 END
START 2208 12696 -15404 -1027 -2674 -1174 484 613 645 431 457 END
START -1664 11176 -9600 -830 -104 1956 484 613 642 434 448 END
START -32104 9748 6248 -910 -2575 1048 474 612 646 437 451 END
START -16096 12124 -1808 346 -385 452 485 613 642 451 445 END
START -3736 11936 -8368 -1474 1369 -2116 484 613 642 434 450 END
START -5020 10128 -11684 -1280 2740 -992 470 617 648 438 443 END
START -13680 12764 -1392 -85 1554 992 480 612 640 437 449 END
START -14116 10176 -6184 -1331 1112 283 484 611 641 435 450 END
START -11452 12576 -3476 -637 -895 230 490 610 640 448 431 END
START -7656 10292 -10592 -1767 -1458 -938 484 618 637 445 454 END
START -10356 11120 -3328 -1549 -2927 -386 484 614 637 434 451 END
START -8584 12312 -5436 -402 150 89 487 622 642 435 452 END
START -10516 8948 -7316 -1473 -600 -607 484 612 648 446 452 END
START -13160 11764 1068 -103 1085 196 484 612 642 437 451 END
START -10312 10084 -9568 -1512 696 -309 489 614 647 433 456 END
START -14768 12172 2608 -301 -1273 97 478 609 641 438 469 END
START 2200 9828 -15876 -2004 1021 -403 484 613 642 425 453 END
START -7920 11244 -8824 -1099 -1014 -296 486 612 637 427 449 END
START -18808 11592 1896 -1584 -3068 -177 484 612 640 439 457 END