START -16284 5524 -3908 -2544 2831 1722 581 538 562 609 576 END
START -16772 5412 -3700 -2625 3205 2024 576 541 553 612 577 END
START -17532 5336 -3872 -2947 2809 2545 574 540 555 615 584 END
START -18108 5468 -4528 -3416 2567 3685 575 542 559 621 581 END
START -18880 5648 -5416 -3982 2163 4560 572 544 562 623 583 END
START -17804 5716 -6364 -4866 1741 5063 574 540 563 628 585 END
START -17252 6024 -7532 -5975 2501 5786 574 543 562 632 586 END
START -17680 5884 -7704 -7754 3260 6641 575 546 567 636 587 END
START -17468 6976 -7860 -9708 4679 7539 575 546 569 639 589 END
START -17212 7660 -7556 -11652 5385 8470 573 549 571 641 585 END
START -17148 7960 -7584 -13577 5598 9263 578 549 574 645 594 END
START -16820 7572 -6988 -15229 5219 9712 576 550 577 645 593 END
START -16720 7116 -6096 -16555 4487 10129 576 549 574 648 588 END
START -15360 5956 -6112 -17510 3689 10014 580 551 588 649 596 END
START -13620 7512 -5656 -18162 3689 10506 581 551 581 649 596 END
START -14376 7828 -2252 -18783 2225 10820 584 547 582 646 596 END
START -11852 6404 -3040 -18312 1660 9928 578 553 574 651 598 END
START -11644 8944 -520 -18066 1730 10403 584 554 584 652 598 END
START -10396 5596 -2812 -17236 3154 9204 581 553 585 651 600 END
START -11156 9360 268 -17071 4071 9279 582 554 586 651 601 END
START -10532 6944 -2476 -16074 5901 7976 580 554 589 653 598 END
START -13076 6236 552 -16085 4546 7794 584 554 588 652 600 END
START -12080 10396 120 -15322 4289 7906 583 553 589 654 600 END
START -10844 6220 -1832 -14547 3103 6662 584 561 586 655 601 END
START -11072 6152 188 -14538 2744 6576 585 555 589 653 601 END
START -10104 11580 916 -14083 5113 6466 586 554 588 652 600 END
START -9760 9032 -1596 -13306 6642 5426 584 555 587 653 599 END
START -11388 6000 -644 -12755 5191 4491 584 556 589 653 601 END
START -12160 7468 2576 -12661 3388 4370 594 554 588 655 604 END
START -11852 11160 3256 -12369 3046 4435 573 556 589 653 602 END
START -11152 12076 3424 -11584 3331 4012 585 556 591 654 602 END
START -10160 12512 2148 -10642 3649 3300 583 553 590 653 601 END
START -9420 10724 420 -9653 3746 2616 581 556 592 652 601 END
START -9456 8648 -592 -8955 2973 1642 581 556 592 654 602 END
START -10388 6400 512 -8722 1856 1146 582 558 594 654 603 END
START -11416 6848 2096 -8525 802 1109 580 555 596 655 605 END
START -11928 9876 4200 -8174 810 1113 579 558 598 655 605 END
START -12060 10964 4800 -7620 1222 1038 578 557 599 655 607 END
START -11884 11792 4864 -7088 2000 835 580 562 601 661 605 END
START -11988 12872 4744 -6772 2458 757 581 559 603 658 605 END
START -10984 13484 2232 -6307 2568 616 581 561 608 658 607 END
START -10904 13312 2140 -5868 2395 291 580 561 608 657 608 END
START -10680 13592 2416 -5327 2533 21 582 563 609 661 608 END
START -9824 13812 2272 -5004 3304 -340 582 560 611 658 608 END
START -8608 12808 -988 -4988 4914 -625 578 565 609 663 604 END
START -9272 12960 -808 -5176 6437 -756 581 565 615 664 610 END
START -10216 13560 -304 -5418 7350 -846 584 567 621 665 613 END
START -10984 13932 488 -5424 7811 -567 587 567 624 665 612 END
START -12364 14208 1784 -5961 7452 -162 581 568 616 666 612 END
START -12424 14528 2308 -6503 6727 -18 582 564 617 666 610 END
START -11244 14264 1752 -6561 7131 101 590 569 619 666 612 END
START -11676 14132 3640 -6554 7362 -59 579 568 618 665 612 END
START -8788 8680 5600 -4973 9010 -1200 582 569 620 667 609 END
START -15980 10652 14568 657 11050 -72 580 572 625 669 616 END
START -14584 13648 11408 247 5035 -519 583 570 625 670 617 END
START -17352 10900 5836 1173 1877 46 585 571 626 671 616 END
START -16220 12304 3132 878 -474 402 583 574 625 674 619 END
START -15332 10568 2680 327 -1086 636 581 571 627 669 620 END
START -13932 10764 3688 -109 -545 522 583 566 624 671 619 END
START -12832 7912 2628 -240 32 232 585 572 626 672 619 END
START -13128 10976 4980 -274 -56 360 585 580 623 670 619 END
START -13260 9080 4304 -222 -884 97 584 576 625 672 620 END
START -13324 10344 3932 -333 -863 168 585 575 626 671 619 END
START -13556 11768 3608 -481 -649 161 587 574 627 672 618 END
START -14372 10604 3320 -727 -772 308 589 573 626 672 621 END
START -13812 12284 3900 -778 -1136 388 587 574 627 671 624 END
START -13160 11548 3480 -836 -1333 425 587 573 625 669 620 END
START -13252 10564 3664 -920 -1418 423 584 575 625 671 620 END
START -13368 9252 2888 -993 -1190 373 587 571 624 671 620 END
START -13488 10908 3588 -1065 -1182 442 589 574 619 671 623 END