START -14824 6516 -4628 -1779 -647 767 561 535 578 626 602 END
START -14816 6496 -4500 -1854 -588 835 560 535 577 628 603 END
START -14456 6264 -4692 -1947 -177 924 561 535 577 622 603 END
START -14632 6336 -4588 -1989 72 1078 563 535 577 625 602 END
START -14740 6440 -4180 -2023 27 1225 572 533 579 626 603 END
START -14800 6384 -4076 -2078 -104 1327 561 534 577 625 602 END
START -14660 6908 -4304 -2176 218 1577 561 536 578 625 602 END
START -14432 6420 -4744 -2186 432 1544 561 535 578 624 602 END
START -15164 6444 -4700 -2620 570 1825 560 536 578 626 603 END
START -15604 6968 -4716 -2939 993 2474 561 538 578 625 602 END
START -16100 7592 -4896 -3229 1205 3119 555 535 572 627 602 END
START -17156 7624 -4620 -3705 1122 3923 561 536 578 628 603 END
START -17360 7616 -5076 -4359 591 4504 564 538 581 630 601 END
START -16800 6636 -5864 -4982 287 4909 564 538 584 628 605 END
START -15456 7400 -6644 -5434 441 5564 561 537 583 628 604 END
START -14776 9672 -4948 -6082 313 6553 561 537 581 627 605 END
START -14820 6876 -4712 -6645 -283 6618 559 537 586 628 611 END
START -12824 8148 -5828 -6511 818 6393 560 539 581 629 603 END
START -14364 8812 -2476 -7054 -309 6975 562 540 582 631 603 END
START -12552 6844 -5604 -6624 -180 6309 563 540 583 629 607 END
START -13612 8148 -1568 -7007 -1499 6716 560 536 580 631 599 END
START -11780 10048 -3716 -6506 20 6433 560 537 582 631 605 END
START -12832 6188 -3348 -6784 -575 5780 554 535 577 629 605 END
START -13140 10992 -1136 -7011 -146 6531 560 527 582 630 607 END
START -11912 11436 -3832 -6623 1093 6208 563 535 583 629 606 END
START -11928 7500 -5348 -6728 685 5672 563 529 581 631 600 END
START -13276 8128 -1968 -7392 -287 6155 563 531 584 624 607 END
START -12752 12288 -904 -7639 588 6690 563 537 583 631 606 END
START -10980 13056 -3608 -7585 2086 6354 559 542 587 632 606 END
START -9644 10476 -5828 -7870 2721 5747 561 534 580 630 598 END
START -10296 7856 -5532 -8322 2321 5273 565 537 586 628 607 END
START -10884 7508 -3272 -8994 1627 5138 564 539 586 631 607 END
START -11448 9064 -704 -9616 1317 5136 561 539 588 633 607 END
START -11296 11132 196 -9856 1500 5219 560 539 586 631 607 END
START -11556 12684 748 -9882 1713 4884 559 540 588 631 608 END
START -9720 14164 -2272 -9856 1743 4437 559 540 588 630 607 END
START -9380 13672 -3092 -9882 1652 3915 560 539 588 631 607 END
START -9104 13340 -3652 -10089 1705 3365 559 538 589 631 610 END
START -9444 14628 -1220 -10358 1931 3135 557 540 588 635 609 END
START -9216 14580 -1824 -10638 2929 3034 555 546 589 630 610 END
START -9576 14392 -2044 -10918 4249 2868 555 539 590 630 608 END
START -10920 14444 1144 -11180 5205 2924 548 539 587 631 609 END
START -10328 14180 1780 -11359 6456 2788 552 528 590 631 608 END
START -10240 13576 2200 -11573 8508 2634 551 539 592 631 608 END
START -10944 13032 2644 -11520 10339 2269 550 539 593 631 609 END
START -12028 9956 3196 -11443 10784 1694 551 542 594 631 608 END
START -11280 8792 2800 -11288 11129 906 555 543 599 632 610 END
START -10880 7420 1188 -10949 11781 173 554 544 598 634 609 END
START -10148 6532 -380 -10675 12278 -648 556 547 596 638 611 END
START -7864 9300 -4028 -10187 13153 -1480 559 542 600 639 608 END
START -8232 8840 -2444 -8691 14467 -1371 559 548 608 649 609 END
START -10844 12624 3524 -5744 11681 -1810 566 558 618 659 615 END
START -11184 13600 11348 -4388 11848 -1419 571 560 628 663 617 END
START -17772 9260 10260 -2718 8561 -919 567 566 615 666 620 END
START -18524 8488 5936 -1494 2035 -744 572 567 626 668 623 END
START -16728 8288 1824 -1215 -2850 -39 575 566 628 673 625 END
START -14204 8960 844 -1162 -4871 286 571 569 630 669 629 END
START -11592 7680 -1956 -1228 -4577 717 576 570 629 671 626 END
START -9644 7584 -3856 -1173 -3706 437 578 571 632 670 627 END
START -7592 7468 -4356 -1019 -2544 -116 578 574 632 677 625 END
START -6856 7784 -4164 -785 -489 -613 579 572 632 673 625 END
START -8388 7068 -2432 -752 608 -1023 579 572 634 671 625 END
START -9872 7340 -2756 -726 703 -1256 579 572 635 672 630 END
START -11252 7260 -1672 -675 657 -1285 581 573 632 673 626 END
START -11552 7588 -2224 -548 686 -1148 581 572 633 672 622 END
START -11116 8880 -2712 -430 571 -908 588 573 635 672 627 END
START -11556 8268 -2412 -235 -14 -687 580 573 634 673 625 END
START -9976 10376 -3196 -155 -388 -571 579 583 633 672 627 END
START -9844 9528 -3524 -66 -564 -402 580 573 636 673 626 END
START -8892 11328 -4232 2 -552 -497 579 571 633 671 626 END