START -12216 6900 -9604 -323 -854 32 637 582 598 644 637 END
START -12160 6948 -9540 -361 -855 -27 636 581 598 644 637 END
START -12076 7144 -9532 -547 -600 -76 637 582 598 644 637 END
START -12028 7116 -9224 -621 -233 -46 637 582 598 644 637 END
START -12324 7012 -8976 -605 -135 30 639 582 598 644 637 END
START -12360 7196 -8812 -634 -350 222 638 582 598 645 637 END
START -12380 6504 -9408 -625 -866 143 637 582 598 644 637 END
START -12368 7156 -9016 -785 -755 305 635 583 598 644 636 END
START -11460 7604 -9264 -636 -447 329 637 582 598 644 637 END
START -11056 7272 -10096 -403 -402 -26 639 582 598 644 637 END
START -10832 6964 -9864 -431 -197 -201 637 582 595 644 636 END
START -10784 7032 -10248 -500 -125 -290 637 581 598 645 637 END
START -11812 7160 -10264 -459 -436 -180 637 583 598 644 638 END
START -13964 7688 -8260 -391 -710 -30 637 582 598 644 637 END
START -9176 8908 -11504 -443 -309 80 638 581 598 644 637 END
START -9880 8956 -10640 -535 -5 251 638 581 598 644 637 END
START -11128 9036 -9764 -621 151 399 637 582 598 644 638 END
START -12320 8936 -9072 -724 122 690 637 582 598 646 637 END
START -12532 8680 -9588 -974 8 948 637 582 598 644 637 END
START -12124 8204 -10504 -1253 68 1224 637 582 598 644 637 END
START -12764 7996 -9368 -1661 -160 1341 637 582 598 644 637 END
START -13180 7564 -9064 -2228 -334 1473 638 582 599 645 637 END
START -13424 7064 -9120 -2862 -619 1598 637 582 598 644 637 END
START -14248 5756 -9500 -3697 -664 1809 636 582 598 644 637 END
START -16432 6128 -9476 -4476 -1710 2207 637 582 599 644 637 END
START -13336 5780 -12372 -5277 -1537 2683 638 583 599 644 637 END
START -13216 8032 -11416 -6258 -1781 3416 637 582 598 645 637 END
START -12480 9292 -10836 -6936 -1669 4174 638 582 598 644 637 END
START -10712 10024 -10592 -7740 -1268 4873 637 582 599 645 637 END
START -11392 8836 -9344 -8391 -1142 5054 637 582 598 645 637 END
START -11548 8588 -7948 -8943 -1145 4996 637 582 599 645 637 END
START -12944 6900 -6332 -9427 -1354 4426 638 578 597 644 637 END
START -12368 6984 -7552 -9683 -673 3758 638 582 599 645 637 END
START -11460 6552 -8312 -9742 105 3129 638 582 599 645 637 END
START -11300 8032 -8360 -9919 1167 2738 640 583 600 645 637 END
START -9780 9008 -8764 -10235 1901 2465 640 583 599 645 637 END
START -9444 9724 -7912 -10249 3116 2236 639 583 600 645 638 END
START -8908 11000 -8036 -10237 4273 2283 639 583 599 645 638 END
START -10252 11764 -6216 -10179 4541 2448 640 583 600 644 637 END
START -10512 11072 -5484 -10079 4943 2510 640 583 599 645 638 END
START -10540 10656 -4868 -10114 4512 2103 640 584 600 644 638 END
START -13092 9492 -3040 -9962 3699 1838 641 584 600 645 639 END
START -11532 9252 -4608 -9801 3199 1394 642 581 601 645 639 END
START -11968 8640 -4892 -9298 3125 905 641 584 601 646 639 END
START -10500 9788 -6044 -8758 3375 634 642 584 601 646 639 END
START -10972 10560 -4860 -8178 3113 418 643 585 602 647 640 END
START -9524 11068 -6320 -7733 2716 716 644 586 603 647 640 END
START -10024 10572 -5644 -7042 1781 689 645 586 604 648 640 END
START -9284 11548 -5788 -6005 2661 566 645 588 606 650 640 END
START -10548 11988 -3240 -4866 1960 895 646 589 609 652 641 END
START -9664 11520 -4136 -3557 750 1314 645 591 612 655 642 END
START -11436 11952 -2152 -2886 -1332 1256 650 593 616 658 643 END
START -8636 11620 -4148 -2899 -1340 899 650 594 619 660 645 END
START -9688 9592 -4596 -3265 -4 -460 652 596 622 662 645 END
START -8968 9056 -5532 -3495 2221 -1742 654 599 624 664 646 END
START -9000 9488 -5440 -3296 4207 -3103 657 599 627 667 645 END
START -9216 10560 -4928 -2817 6076 -3887 657 601 630 669 648 END
START -10224 11736 -4872 -2204 6613 -3504 657 601 633 671 649 END
START -12056 13080 -5604 -1827 5103 -2152 658 602 635 672 650 END
START -13088 12584 -4972 -1853 -353 166 659 603 636 673 651 END
START -4320 12044 -7424 -2622 -830 544 659 603 636 673 651 END
START -8392 10052 -4760 -1739 -1322 760 659 603 636 673 650 END
START -8184 10540 -3628 -1230 3579 -664 660 603 636 674 651 END
START -11072 9272 -4600 -1197 3997 -2358 659 603 636 674 652 END
START -11124 8808 -6800 -854 5244 -3200 659 602 636 674 651 END
START -12016 9676 -6728 -671 4643 -2696 659 602 635 674 651 END
START -17208 12096 -3824 -528 1115 -317 659 603 636 674 652 END
START -10904 12164 -7612 -675 -2293 907 658 603 636 674 651 END
START -10908 9980 -5576 198 -2956 1114 658 602 636 674 651 END
START -5960 12788 -7564 -404 -917 587 658 603 635 674 651 END