START -15696 4216 -4828 -888 780 -556 618 570 620 669 625 END
START -15632 4136 -4816 -893 719 -464 616 575 622 671 626 END
START -15300 3884 -4772 -869 442 -432 614 574 624 670 627 END
START -15040 3732 -4896 -884 699 -459 618 565 620 670 626 END
START -14900 3656 -5148 -922 1165 -451 616 573 621 669 628 END
START -15384 3608 -5352 -998 1892 -322 617 577 621 671 627 END
START -16228 3112 -5576 -1091 1808 -175 615 575 623 670 626 END
START -16760 3516 -5664 -1436 1111 310 615 576 622 671 627 END
START -16076 3904 -6528 -1673 815 744 617 576 624 671 629 END
START -15284 3168 -6996 -1940 864 762 616 575 621 671 628 END
START -14976 2960 -7620 -2327 1170 795 620 578 623 670 627 END
START -14556 3020 -7932 -2803 2000 914 609 575 620 671 628 END
START -15124 3732 -8264 -3477 2667 1297 617 577 623 671 627 END
START -16512 4580 -7872 -4428 2091 2030 616 578 625 671 627 END
START -18132 3996 -7540 -5654 469 2569 616 575 624 670 625 END
START -18548 2168 -9056 -6503 -1273 2819 616 576 625 669 626 END
START -17468 5432 -8596 -7176 -2553 4324 615 578 625 671 626 END
START -17300 2628 -8164 -8272 -3267 4780 606 576 625 671 627 END
START -15324 6444 -8360 -9065 -849 5753 605 576 624 671 627 END
START -16560 3004 -8028 -10233 759 5976 614 575 623 671 631 END
START -17076 7284 -7616 -11270 2515 7388 612 574 624 669 625 END
START -16412 3696 -9900 -11956 3099 7217 614 574 622 671 626 END
START -18040 4856 -7152 -13435 2488 8328 615 573 625 670 628 END
START -17084 8232 -6472 -14739 3278 9488 614 575 628 670 626 END
START -15232 7580 -7856 -15552 3231 9405 616 575 628 672 627 END
START -15596 3944 -7080 -16264 1568 9516 617 574 629 670 629 END
START -14960 4380 -4128 -16894 -264 10090 617 574 627 671 626 END
START -14472 7568 -1868 -17094 -664 10549 616 577 627 670 627 END
START -13376 8848 -716 -16879 205 10549 615 575 627 670 627 END
START -12196 10508 -724 -16268 1026 10082 620 575 626 670 627 END
START -11012 9636 -2040 -15518 824 9351 618 576 627 669 627 END
START -9800 7432 -2888 -14564 377 8370 620 579 630 669 627 END
START -10164 5264 -2972 -13675 65 7764 622 576 637 670 628 END
START -10148 4840 -2536 -13141 -552 7263 621 579 628 671 628 END
START -10016 4928 -1416 -12483 -225 6571 621 582 630 672 628 END
START -10300 5280 -280 -11878 369 5834 623 582 628 672 628 END
START -10976 5576 888 -11146 -196 5291 623 584 626 673 627 END
START -11580 6200 2080 -10300 -879 4897 626 585 631 672 628 END
START -11464 6968 2324 -9548 -1563 4360 627 595 633 675 628 END
START -11248 7204 2312 -8620 -2113 3826 628 589 633 675 627 END
START -11384 7264 2312 -7760 -2429 3295 630 591 633 675 627 END
START -10892 7164 2052 -7067 -2392 2606 629 592 633 677 627 END
START -10892 7124 1404 -6366 -2166 2081 631 593 637 676 630 END
START -11576 6788 596 -5749 -2798 1554 634 594 634 677 629 END
START -10700 6640 -316 -5331 -3949 1095 640 597 635 677 629 END
START -8404 6552 -1640 -4949 -2566 336 632 596 634 677 627 END
START -8080 7044 -2972 -4866 425 -221 633 601 635 677 630 END
START -10588 5652 -1588 -4151 2062 -395 635 597 634 680 629 END
START -13008 6980 -44 -2742 -442 -431 636 599 634 680 631 END
START -11024 8188 400 -1537 -3054 -535 640 601 634 682 632 END
START -8584 8612 296 -404 -2755 -498 639 607 637 687 632 END
START -8516 11064 220 10 -416 -26 640 602 637 683 632 END
START -9792 7976 -1344 238 637 -317 640 601 635 682 634 END
START -10508 7692 -1528 178 94 -420 635 602 638 682 632 END
START -10692 7228 -1488 -179 -764 -513 643 603 637 685 633 END
START -9308 8208 -2144 -285 -508 -604 638 603 640 683 634 END
START -9904 7184 -808 -356 -9 -829 641 605 636 683 633 END
START -11036 7420 616 -584 373 -646 640 605 637 685 634 END
START -12240 8524 1848 -748 215 -299 649 605 637 684 635 END
START -12892 10252 3096 -760 -280 -109 640 606 638 683 635 END
START -12192 9184 2304 -739 -318 -116 642 596 638 683 634 END
START -12088 8180 1668 -775 -479 -95 642 607 639 683 634 END
START -12872 9120 2440 -865 -594 81 642 605 634 682 634 END
START -13056 10276 3172 -908 -831 341 641 605 637 686 635 END
START -13092 11232 3412 -940 -1037 338 641 604 638 683 633 END
START -12440 9152 2508 -929 -1172 165 643 607 637 683 631 END
START -11552 7624 592 -921 -1105 71 647 607 639 684 634 END
START -12080 8448 1480 -1151 -1051 216 643 604 636 683 634 END
START -12576 9388 2416 -1166 -971 31 641 605 635 683 633 END
START -12276 8332 1320 -1225 -729 146 643 604 636 683 633 END