START -14508 6528 -5568 -1850 -603 1040 562 551 593 639 606 END
START -14676 6488 -5740 -1923 -465 1115 562 548 593 636 605 END
START -15276 6916 -5952 -2262 -173 1451 562 547 595 636 605 END
START -15916 7224 -6308 -2804 -29 2024 561 548 593 638 605 END
START -16144 7452 -6944 -3594 220 2749 562 553 594 637 601 END
START -16440 7548 -7288 -4463 27 3370 561 549 594 637 605 END
START -15920 8308 -7656 -5307 74 4113 561 550 594 637 606 END
START -15120 7540 -7504 -6131 76 4407 563 551 594 637 605 END
START -15308 7880 -6292 -7018 -74 4957 563 549 588 637 605 END
START -14588 8112 -5632 -7585 -125 5509 563 548 592 635 605 END
START -14160 8100 -5060 -7988 -134 5767 561 548 594 634 606 END
START -14060 7692 -3984 -8149 -463 5737 570 547 593 634 609 END
START -13788 6636 -4440 -8213 -452 5572 562 545 590 634 606 END
START -13048 6460 -4856 -8051 -236 5263 561 545 591 632 606 END
START -12824 8628 -4012 -7823 -205 5621 564 546 589 632 607 END
START -13004 8340 -2684 -8028 -667 5537 562 543 591 633 607 END
START -10972 6944 -5164 -7666 1428 4628 564 544 590 634 608 END
START -11368 10496 -2792 -7831 3628 5082 567 541 588 631 607 END
START -12208 7692 -4692 -7707 4676 4172 564 542 588 632 611 END
START -13560 11016 -1656 -8036 4324 5018 565 543 588 632 607 END
START -11900 9060 -5416 -7671 4187 4200 564 542 589 632 606 END
START -13244 9004 -1588 -8228 2882 4654 569 543 594 632 609 END
START -11568 12440 -2984 -8006 3860 4781 566 543 591 632 609 END
START -10952 7800 -4664 -7785 3512 3884 566 541 591 631 606 END
START -12232 8636 -992 -8114 2950 4161 566 540 590 631 610 END
START -11252 12844 -1216 -7867 3948 4421 564 543 592 631 608 END
START -10068 10996 -4320 -7352 4508 3649 566 542 588 628 606 END
START -9844 8816 -5228 -7160 3652 2694 566 542 588 631 607 END
START -11596 7708 -1528 -7416 2253 2612 571 542 590 631 607 END
START -11620 11108 200 -7567 2044 2797 568 539 589 631 606 END
START -11004 13624 -860 -7384 2679 2784 568 541 587 631 606 END
START -9660 13828 -3164 -7133 3493 2221 567 543 588 632 607 END
START -9004 12388 -4920 -7081 4150 1445 567 540 589 632 606 END
START -9256 10440 -5432 -7049 3939 732 569 543 589 630 606 END
START -9464 8724 -5656 -7134 2969 235 568 543 588 633 606 END
START -10888 7500 -2624 -7472 1922 11 567 540 588 630 606 END
START -11396 7888 -1536 -7785 1561 170 566 541 587 632 606 END
START -11612 8408 -804 -7923 1426 311 564 540 588 631 606 END
START -12420 11360 908 -8042 1622 501 564 548 588 632 605 END
START -12300 11560 960 -8020 2094 618 562 541 588 632 606 END
START -11452 13964 444 -7970 2970 625 560 541 590 631 607 END
START -12036 14072 640 -7932 3848 560 564 541 589 632 606 END
START -11372 14924 -668 -7868 4174 400 562 543 590 633 607 END
START -11620 14656 -396 -7868 4216 202 564 541 589 634 607 END
START -11568 14296 88 -7963 4574 112 565 542 589 633 606 END
START -11408 14812 -1048 -8157 5520 -11 564 535 589 633 606 END
START -12188 14300 -388 -8538 5919 -45 566 545 592 633 607 END
START -13272 13472 256 -9033 5787 -59 569 545 592 635 606 END
START -13424 14340 -484 -9506 5206 161 570 547 594 635 606 END
START -13564 13504 456 -10141 4705 282 569 548 596 639 607 END
START -13600 10740 1832 -10119 3813 246 570 547 595 643 609 END
START -17544 8908 3068 -8802 1204 2130 574 562 607 657 613 END
START -14096 7828 9164 -6158 -4626 585 576 560 615 662 615 END
START -6216 9224 13584 -2445 1729 -832 576 564 620 664 617 END
START -15092 9936 10028 -962 3862 444 569 565 616 664 618 END
START -16684 9032 3852 -657 -1353 337 579 568 619 667 617 END
START -15988 10764 1100 -1068 -4962 559 584 564 625 667 618 END
START -13716 9408 -876 -1446 -5806 564 590 569 629 670 619 END
START -10740 7728 -2420 -1451 -4330 457 581 571 626 669 619 END
START -8520 6824 -3320 -1226 -1401 122 584 570 626 671 620 END
START -8848 6632 -3700 -947 231 -298 584 575 627 671 621 END
START -9720 6592 -1600 -870 273 -707 584 571 628 672 621 END
START -10004 6856 -632 -839 191 -965 587 576 630 672 624 END
START -11520 7596 304 -839 418 -1007 585 578 630 677 623 END
START -12072 7300 -716 -1000 200 -854 587 573 630 673 621 END
START -13288 7760 828 -1058 -365 -646 585 573 630 670 623 END
START -12728 7084 -392 -1065 -956 -343 586 569 630 673 622 END
START -12720 7604 356 -875 -1400 -340 586 573 630 674 622 END
START -11480 6904 -1200 -779 -1708 -313 587 578 631 674 625 END
START -10596 7092 -2816 -486 -1421 -543 585 576 630 675 623 END