START -15876 6236 -7196 -5721 -190 4209 592 550 579 633 602 END
START -15844 6156 -7296 -5887 -310 4313 593 551 583 633 607 END
START -15500 6560 -7472 -6575 -164 4544 593 554 585 636 606 END
START -14800 6720 -7496 -7483 453 4834 592 552 587 634 606 END
START -14444 7264 -7216 -8448 1800 5155 593 550 588 634 606 END
START -14748 7072 -6508 -9274 2949 5360 595 555 588 640 608 END
START -15620 7484 -6292 -9925 2937 5727 596 550 590 635 607 END
START -15160 7416 -6148 -10196 2144 5953 595 551 589 635 604 END
START -14900 7008 -6000 -10629 1154 6028 595 555 590 636 607 END
START -14676 7608 -5640 -11172 415 6269 596 551 590 637 607 END
START -14120 8080 -4920 -11544 -151 6419 598 552 590 636 607 END
START -13544 8060 -4352 -11814 -394 6330 596 551 591 637 608 END
START -13016 7168 -4256 -11817 -589 6071 597 559 591 636 606 END
START -11880 7628 -4556 -11503 -606 5930 598 551 589 637 608 END
START -11904 9744 -3656 -11403 -443 6357 597 550 589 636 607 END
START -12488 8364 -2564 -11545 -741 6196 601 550 597 636 610 END
START -10548 8316 -4508 -10961 902 5645 595 549 590 635 610 END
START -11256 10544 -1436 -10994 2056 6138 598 550 589 635 607 END
START -11036 7540 -4180 -10537 3408 5129 602 549 589 635 609 END
START -12628 10512 -500 -10603 2875 5650 596 550 590 631 608 END
START -11040 9472 -4108 -9997 2960 4849 597 548 591 635 608 END
START -12864 8804 -1012 -10367 1143 4881 596 550 591 635 610 END
START -11348 12312 -1440 -10001 1426 4983 598 550 593 634 609 END
START -10216 9248 -4108 -9461 1472 4019 599 550 591 636 608 END
START -11364 7584 -1528 -9681 696 3960 597 552 592 634 609 END
START -11776 11756 644 -9375 1521 4441 602 551 592 637 608 END
START -10304 10300 -3588 -8596 2305 3818 598 551 592 637 610 END
START -10072 8204 -3908 -8330 1425 3103 596 552 591 635 608 END
START -11916 6704 -1660 -8389 5 3134 598 542 593 632 606 END
START -12248 11240 1268 -8056 -192 3645 598 551 595 636 607 END
START -10384 12800 -636 -7502 1519 3414 596 553 594 636 609 END
START -9456 12212 -2520 -7120 3127 2969 598 558 597 643 608 END
START -9356 10200 -3848 -6953 3698 2394 598 556 596 638 609 END
START -8724 8120 -4064 -6989 3859 1825 600 556 598 639 609 END
START -9224 7248 -3196 -7245 3908 1477 595 556 591 638 607 END
START -10184 6964 -1596 -7403 3950 1145 598 556 601 639 609 END
START -10668 7784 -40 -7404 4047 822 598 558 600 641 611 END
START -11516 11144 2532 -7475 4305 979 599 558 603 639 609 END
START -11480 11900 2800 -7395 4926 750 601 558 605 642 610 END
START -10996 14156 1888 -7225 5535 494 597 562 609 643 610 END
START -10668 14632 1460 -6970 6620 62 606 561 606 644 611 END
START -10252 14204 1524 -7116 7314 -690 598 563 613 644 611 END
START -9300 10340 2720 -4388 9149 -1019 600 566 616 656 615 END
START -12052 15260 10152 -1581 9399 -1974 602 575 622 661 617 END
START -16272 14444 11052 -1227 5431 -192 603 576 622 664 619 END
START -17804 10840 6576 -419 1013 21 603 578 624 667 620 END
START -16704 13348 3352 -354 -2119 701 609 580 624 669 621 END
START -15016 12576 1904 -926 -3341 1125 604 576 624 668 619 END
START -13056 11164 756 -1596 -3558 912 606 581 622 668 623 END
START -11700 12564 1736 -1956 -2413 665 605 583 627 670 623 END
START -11360 11508 2204 -2117 -1800 219 604 585 627 673 623 END
START -11180 10240 2324 -2008 -1913 -254 605 585 627 670 623 END
START -10248 7348 -1196 -1776 -1508 -813 608 582 629 671 621 END
START -10336 7268 -2992 -1450 -528 -1152 606 578 627 666 623 END
START -10736 7836 -4380 -1042 454 -936 606 583 627 672 622 END
START -9796 9920 -4784 -906 772 -607 606 583 629 669 624 END
START -9736 9128 -4100 -747 677 -457 609 584 623 671 624 END
START -9000 11220 -3636 -575 470 -384 606 585 629 670 624 END
START -9052 10176 -4140 -371 385 -320 605 591 629 671 623 END
START -9072 11524 -3988 -218 373 -265 606 585 629 671 623 END
START -9648 9840 -4760 -111 458 -199 607 586 631 671 625 END
START -10372 8240 -4632 -133 285 -172 608 589 629 671 626 END
START -9612 9236 -4956 -88 277 -159 606 584 628 672 623 END
START -10072 8064 -3932 -209 67 -240 609 582 627 671 622 END
START -10220 7540 -2848 -206 -111 -376 606 583 630 670 624 END
START -9660 8436 -4008 -67 230 -520 609 584 628 671 626 END
START -10432 7736 -3780 -159 146 -561 611 584 632 672 625 END
START -11024 7724 -3140 -178 388 -569 614 584 628 666 624 END
START -10944 8648 -3980 -107 393 -499 608 586 629 672 624 END
START -11416 8020 -2652 -133 49 -327 608 584 628 672 626 END