START -15316 4428 -4656 -1647 1666 1049 580 568 611 660 610 END
START -15104 4428 -4616 -1635 1758 1012 584 571 617 661 609 END
START -15476 4608 -5120 -1665 2408 1060 588 571 614 662 610 END
START -16156 4472 -5648 -1751 3015 1338 582 569 613 662 610 END
START -17512 4832 -6448 -2161 3513 1985 579 560 616 663 608 END
START -19152 4808 -7036 -2752 3517 2829 583 571 616 665 612 END
START -20344 5880 -8448 -3574 3331 4001 583 569 615 665 611 END
START -20484 6060 -9068 -4511 3011 5019 583 571 618 665 610 END
START -19960 6604 -8784 -5832 3069 5864 585 575 618 670 612 END
START -19260 7568 -8688 -7102 2898 6628 584 574 620 665 613 END
START -18244 7388 -7984 -8225 1988 7133 584 574 620 667 615 END
START -16720 6980 -7396 -9171 1832 7309 584 574 622 666 617 END
START -16660 6168 -6888 -9919 1619 7590 586 573 620 668 614 END
START -14976 6736 -6652 -10219 680 7932 585 573 623 667 616 END
START -12980 9256 -5680 -10673 401 8412 588 571 621 670 614 END
START -12300 7600 -5156 -11330 1266 8321 590 575 622 667 615 END
START -10560 6752 -7408 -11403 3642 7825 587 575 621 667 615 END
START -11924 9644 -3912 -12247 4523 8433 583 576 621 667 614 END
START -10832 7684 -6404 -12120 4880 7022 588 576 623 668 616 END
START -12344 8428 -4324 -12836 3347 7419 587 573 621 666 616 END
START -9896 9704 -6364 -12812 3756 6528 590 575 622 667 616 END
START -10940 6540 -5476 -13448 2936 5463 595 575 623 664 616 END
START -12080 9744 -3040 -14139 2360 5858 589 574 618 661 616 END
START -10484 11240 -4488 -14047 1908 5121 591 577 616 663 616 END
START -9784 7080 -5996 -14115 1237 4184 590 572 614 659 615 END
START -10300 7168 -3388 -14556 1000 3833 589 572 619 661 615 END
START -11288 9440 -1408 -14989 2041 3850 590 575 616 662 616 END
START -11632 12296 -768 -14974 2226 3798 589 576 615 664 617 END
START -10484 11420 -2516 -14520 1485 3264 591 565 618 662 616 END
START -9124 10544 -3064 -14053 532 2772 591 575 621 662 617 END
START -8228 7864 -4196 -13740 709 2004 591 573 615 663 616 END
START -9324 6076 -2884 -13478 445 1776 591 564 616 663 615 END
START -11304 7540 1380 -13233 27 1910 591 582 615 663 616 END
START -11064 9260 2384 -12974 575 2165 592 571 617 663 617 END
START -11852 10560 2768 -12052 993 2163 590 574 616 661 618 END
START -11700 11816 2972 -11048 949 1715 590 574 613 664 617 END
START -10196 12524 2612 -10092 1907 1307 592 574 619 664 618 END
START -9948 12668 2820 -9387 2815 1072 591 574 618 666 616 END
START -10860 12924 2776 -8537 3352 818 592 575 621 664 620 END
START -10704 12924 2252 -7653 3446 439 590 575 619 666 617 END
START -9112 12500 -480 -6877 4169 -51 591 577 619 664 618 END
START -8876 12516 -1228 -6424 5761 -545 582 575 621 666 618 END
START -9528 12988 -1932 -6419 7225 -894 591 572 620 666 618 END
START -11304 13336 -1880 -6741 7551 -885 588 572 620 666 617 END
START -11556 13800 -1844 -7386 6951 -919 589 573 622 667 617 END
START -11892 13612 -588 -7931 7553 -818 590 570 620 667 618 END
START -23332 9732 9112 -3642 1090 1403 593 568 622 669 621 END
START -9544 11188 17320 744 -3404 -2332 603 571 624 670 621 END
START -15264 13124 8584 1796 2623 2038 594 571 622 669 618 END
START -18092 12760 2220 1970 -1838 1563 597 568 621 667 621 END
START -17128 13332 376 507 -6637 1441 586 569 619 667 619 END
START -11744 11084 1064 -496 -6802 866 593 569 620 667 620 END
START -9564 12244 3412 -758 -2741 454 593 567 618 667 618 END
START -12692 9900 3872 -838 -1057 208 594 572 620 666 619 END
START -13224 10804 3344 -956 -2209 -497 594 569 619 666 620 END
START -13160 8468 1916 -930 -1976 -1058 594 571 618 664 619 END
START -13224 7124 228 -770 -1313 -1113 593 566 618 665 618 END
START -12580 6768 -944 -532 -1267 -971 594 569 619 664 620 END
START -11556 6788 -2128 -291 -1176 -890 592 572 618 665 620 END
START -10184 7680 -2892 -81 -506 -888 593 573 620 665 621 END
START -10652 6832 -1904 -163 -165 -990 592 572 620 664 621 END
START -10748 7464 -2508 -85 301 -967 593 567 621 664 619 END
START -11924 6624 -1552 -155 -222 -842 598 571 620 665 621 END
START -11164 7064 -2776 -34 -290 -606 592 571 620 664 620 END
START -10108 8472 -3484 71 -108 -464 589 573 613 665 621 END
START -10436 7648 -2872 80 -42 -434 591 572 620 665 622 END
START -10724 7228 -2604 -50 -60 -488 590 570 619 665 621 END
START -11244 6720 -1840 -163 -131 -461 591 574 620 670 620 END
START -10956 7432 -2820 -69 356 -501 591 571 620 665 621 END
START -11684 6752 -1832 -158 40 -408 592 572 621 666 617 END