START -14140 6128 -4988 -1155 -547 -721 561 543 582 630 606 END
START -14144 6376 -4800 -1165 -506 -715 559 543 576 632 604 END
START -14556 6516 -4904 -1213 -169 -614 563 543 583 630 605 END
START -15148 6488 -5108 -1332 86 -371 563 543 588 629 605 END
START -15716 6476 -5388 -1411 141 85 563 538 583 627 602 END
START -15892 6704 -5152 -1622 -19 499 563 543 582 631 605 END
START -15600 6948 -5472 -1770 23 967 564 551 582 632 604 END
START -15700 6420 -5192 -2067 -53 1398 564 542 583 631 605 END
START -15464 7284 -5488 -2322 100 1963 564 541 582 632 605 END
START -14984 7360 -5452 -2437 172 2362 563 543 582 628 604 END
START -14864 7196 -5636 -2628 254 2667 562 544 581 630 604 END
START -15180 7308 -5792 -2940 319 3058 564 541 583 631 603 END
START -15448 7548 -5724 -3411 172 3617 567 544 582 633 605 END
START -16044 7436 -5496 -4143 -72 4088 561 545 585 630 605 END
START -16240 6028 -6304 -4692 -342 4151 562 543 582 631 604 END
START -15300 7308 -7268 -4972 -272 4735 561 547 582 628 605 END
START -15752 8952 -4800 -5689 -1707 5714 563 543 581 632 606 END
START -14256 5972 -6260 -5715 -2014 5201 559 544 584 630 605 END
START -14080 9392 -4312 -6219 -1565 6208 562 543 582 629 607 END
START -12920 5924 -6432 -6072 -948 5437 564 540 584 630 601 END
START -14236 9096 -2960 -6699 -688 6478 563 542 582 630 605 END
START -12776 8256 -6352 -6412 415 5913 561 542 584 628 607 END
START -14252 6368 -4216 -7141 -529 6147 569 541 586 630 605 END
START -13228 11056 -3668 -7560 640 6819 563 543 583 629 605 END
START -11804 8944 -6672 -7500 1377 6018 562 542 587 629 602 END
START -12732 6144 -4948 -8216 537 5854 563 543 585 630 604 END
START -13440 9344 -2200 -8867 290 6532 563 543 584 630 604 END
START -11592 11988 -4344 -8712 1628 6535 564 542 585 630 602 END
START -10928 11324 -5436 -8793 2075 5918 564 540 585 629 603 END
START -10416 8248 -6464 -9099 1842 5369 561 538 584 627 604 END
START -11372 6676 -4468 -9561 886 5096 563 541 580 626 603 END
START -12596 7688 -1736 -10177 -264 5374 559 541 585 626 603 END
START -13160 9392 -76 -10481 -1147 5525 564 542 589 625 609 END
START -12536 11776 352 -10624 -1690 5658 558 542 584 624 605 END
START -12008 13072 -112 -10844 -1739 5678 557 539 584 623 605 END
START -11968 12252 632 -11076 -1610 5530 556 536 584 621 604 END
START -10808 13460 660 -11076 -948 5179 555 538 584 622 604 END
START -10364 13944 244 -11160 348 4895 554 539 584 621 606 END
START -10184 13856 396 -11036 1596 4353 550 542 586 618 607 END
START -9768 14100 520 -11017 2593 3944 550 537 587 619 604 END
START -9720 13756 1064 -10888 3911 3404 549 538 582 621 600 END
START -9708 13908 1520 -10880 5797 2899 550 538 580 621 605 END
START -9568 13560 1324 -10885 7840 2414 548 531 586 619 606 END
START -9976 13200 2088 -10622 10180 1857 550 542 586 621 604 END
START -11328 12984 3116 -10618 11676 1425 547 543 583 623 608 END
START -12212 8984 2244 -10720 12081 691 553 545 591 631 606 END
START -11448 7592 948 -10592 12527 88 554 546 592 627 606 END
START -12368 7808 1516 -10541 11559 -687 565 545 590 630 606 END
START -10880 7304 -2832 -10224 10824 -1058 564 548 594 631 607 END
START -9436 9584 -3956 -9729 10144 -1048 560 549 595 633 607 END
START -12384 11648 672 -8175 7831 -169 563 558 604 647 609 END
START -11264 13896 7104 -5572 3830 -1427 568 552 613 655 611 END
START -9724 12776 11896 -3631 8291 -862 570 562 616 660 614 END
START -17452 11988 10684 -2099 5817 -237 571 565 617 664 616 END
START -18480 9980 6440 -1164 -109 -427 567 566 620 663 618 END
START -16384 8828 2096 -1087 -4064 59 572 566 617 664 615 END
START -15328 9172 984 -1278 -5800 504 574 566 622 664 620 END
START -10604 7352 -2168 -1164 -4790 450 576 570 630 665 619 END
START -8524 7756 -4908 -818 -2343 69 577 569 623 665 621 END
START -8056 7236 -4312 -763 -854 -269 576 570 623 665 620 END
START -7444 8584 -4372 -615 399 -677 578 570 622 669 621 END
START -8720 7820 -3476 -556 773 -997 578 572 624 665 624 END
START -10184 7080 -2500 -536 586 -1196 574 569 624 667 621 END
START -10640 7792 -2992 -446 849 -1080 577 571 622 667 621 END
START -10884 8760 -2840 -357 794 -934 579 571 623 668 622 END
START -11764 7500 -1552 -345 240 -780 580 572 622 668 620 END
START -11240 7828 -2168 -347 -549 -685 576 570 619 668 621 END
START -10400 8560 -2940 -224 -904 -635 579 570 625 668 622 END
START -10560 7592 -2804 -139 -999 -638 582 571 623 668 623 END
START -9772 8532 -4028 -98 -606 -526 581 571 630 668 622 END