START -14804 9820 -6296 -4037 1602 1019 578 542 572 623 608 END
START -15040 9816 -6684 -4305 1382 1162 579 535 571 624 607 END
START -15172 10408 -6808 -5030 851 1688 578 544 573 625 611 END
START -14796 10872 -6588 -5779 898 2343 577 544 571 623 609 END
START -14640 11240 -6436 -6416 1039 3141 578 542 572 623 608 END
START -14648 11060 -6368 -6945 1064 3901 577 542 569 623 607 END
START -14308 11456 -6028 -7468 1322 4850 578 541 572 621 608 END
START -13208 11328 -5744 -7757 1708 5469 580 543 571 622 607 END
START -13352 10252 -5568 -8170 1827 5951 579 542 573 624 607 END
START -12628 10016 -5436 -8553 1868 6489 575 544 566 623 601 END
START -12116 9956 -5724 -8797 2442 6870 578 542 572 623 609 END
START -11304 10604 -5476 -9066 3322 7204 584 545 571 625 606 END
START -11684 11140 -4672 -9390 3799 7627 577 531 570 619 607 END
START -12156 8868 -4104 -9718 3730 7373 577 539 572 622 606 END
START -10852 7096 -5500 -9578 4548 6457 578 541 571 621 608 END
START -10548 9432 -4396 -9568 5408 6443 576 540 570 622 609 END
START -11416 5916 -3232 -9775 4267 5688 576 535 572 621 608 END
START -9584 8360 -4532 -9353 4701 4966 576 538 570 623 607 END
START -10516 7476 -1832 -9673 3345 4207 577 543 568 622 609 END
START -8200 8968 -5240 -9264 4799 3053 576 535 568 621 608 END
START -9924 7284 -3168 -9589 4030 1624 576 537 569 621 607 END
START -9676 13380 -2416 -9767 5180 1523 578 526 570 621 606 END
START -9572 11344 -5156 -9657 5515 209 577 529 569 621 606 END
START -11256 11096 -2460 -10235 4546 203 576 538 570 622 607 END
START -11040 16152 -1324 -10435 5547 920 575 537 570 621 607 END
START -9580 16456 -4288 -10269 7008 690 579 538 568 621 605 END
START -9912 12180 -4788 -10393 6820 604 578 540 572 624 603 END
START -11112 10752 -2368 -11082 5872 1228 580 543 574 625 607 END
START -12036 10312 -1892 -11705 5438 2253 581 546 572 627 599 END
START -12272 12576 -932 -12338 4616 3082 581 547 578 628 607 END
START -11108 12484 -592 -12809 4494 3511 584 549 579 630 608 END
START -10044 13660 -1084 -13206 4878 3282 589 548 584 631 607 END
START -9636 13196 -624 -13672 5989 2571 589 552 582 633 609 END
START -9524 13688 -1376 -13672 6564 1752 592 554 586 635 608 END
START -10780 14068 -1552 -13759 4737 1291 595 558 589 637 609 END
START -9128 14748 -444 -13664 3245 346 595 559 592 638 610 END
START -7560 13724 -2372 -13537 3892 -424 598 560 591 641 604 END
START -11284 13240 684 -12627 5100 771 600 562 605 655 616 END
START -15184 8624 16528 -5897 -2936 1001 606 566 608 660 615 END
START -256 14752 20608 718 4231 -2372 608 567 613 660 622 END
START -14800 15596 5220 1536 4676 1259 611 568 613 661 618 END
START -16352 15064 -1384 620 -3988 604 614 571 615 665 619 END
START -13520 15516 -2996 -618 -10060 991 617 568 614 662 619 END
START -7164 15212 -2896 -1149 -10393 1110 615 569 616 664 617 END
START -3880 15608 -1040 -1086 -3213 827 615 571 615 663 619 END
START -7236 14656 980 -1258 1849 1080 616 570 616 661 620 END
START -8792 15248 1236 -1203 1781 602 616 570 618 665 618 END
START -10444 13772 3116 -1196 80 155 615 573 618 665 619 END
START -10200 14680 2828 -522 -257 -788 617 573 617 669 619 END
START -11264 12396 3888 -1123 529 -100 616 572 618 664 620 END
START -12088 12960 4164 -1065 233 -316 612 568 618 664 619 END
START -12220 10680 3584 -1084 -108 -534 615 571 611 665 621 END
START -11152 9036 2516 -1008 -531 -776 616 571 619 664 620 END
START -10088 8100 484 -886 -629 -857 620 575 618 665 616 END
START -10368 8024 744 -884 -858 -817 617 572 618 664 626 END
START -10628 8420 880 -821 -688 -764 620 570 619 665 619 END
START -9880 7676 -312 -854 -327 -734 614 570 615 664 615 END
START -10668 8320 1188 -878 0 -780 616 571 616 664 620 END
START -11220 9828 2420 -970 289 -499 619 565 616 664 619 END
START -11868 11800 3268 -901 608 -303 616 571 616 665 620 END
START -12312 13796 3652 -701 357 -130 618 570 617 666 619 END
START -12844 13196 4536 -436 -434 -22 624 570 615 664 620 END
START -12268 14752 4404 -146 -1170 99 614 570 613 663 615 END
START -12516 13492 4876 170 -1982 155 618 569 613 662 617 END
START -12656 14332 5004 568 -2986 317 615 569 610 659 617 END
START -13232 12220 5768 1131 -4539 414 616 564 605 659 616 END
START -13492 9828 5648 1920 -6339 362 614 557 602 660 614 END
START -12748 10656 6564 2939 -7782 299 610 558 594 654 607 END
START -12032 8560 6168 4250 -9007 72 614 558 593 651 613 END
START -11408 9644 6492 5617 -9707 -91 615 554 592 649 607 END