START -10956 7392 -9920 -340 -1099 -220 644 591 606 663 638 END
START -11168 7496 -9896 -352 -1075 -210 644 590 605 661 639 END
START -10948 7280 -9916 -303 -976 -233 644 591 606 661 639 END
START -11404 7316 -10324 -406 -642 -264 645 591 606 662 639 END
START -11572 7488 -10080 -424 -512 -167 645 591 605 661 638 END
START -11872 7248 -10276 -451 -512 -53 644 590 606 661 638 END
START -11764 7656 -10220 -600 -338 121 645 590 606 661 638 END
START -11384 7344 -10500 -576 -527 -87 644 590 606 661 638 END
START -12420 6636 -9420 -722 -581 -76 644 590 605 661 638 END
START -12312 7404 -9780 -832 -495 436 644 590 606 662 638 END
START -11632 8100 -9548 -963 -581 818 645 590 605 662 638 END
START -12116 8492 -9316 -1052 -757 1102 645 590 605 661 638 END
START -13456 8300 -8656 -1094 -794 1358 644 590 604 661 638 END
START -9836 7752 -10804 -1340 -279 1329 644 589 604 661 638 END
START -10500 7688 -9852 -1502 -185 1248 644 589 604 661 639 END
START -14888 7092 -6468 -1594 -1361 1135 645 588 603 660 637 END
START -12108 5428 -8972 -1567 -1338 700 644 588 604 660 639 END
START -13396 5720 -8528 -1414 -1856 453 644 588 603 660 638 END
START -11504 5404 -10632 -1309 -1179 204 645 587 603 659 638 END
START -13868 7640 -8052 -1375 -1339 244 643 587 602 659 638 END
START -9300 7552 -11856 -1463 -843 330 645 587 603 660 638 END
START -9528 7672 -11708 -1499 -137 260 644 587 603 661 638 END
START -9924 7852 -12072 -1655 50 501 644 587 602 660 638 END
START -10588 7912 -11664 -1868 -30 576 644 587 603 660 638 END
START -12244 9068 -10756 -2254 222 1023 644 589 602 658 634 END
START -9112 9920 -12652 -2840 -73 1716 644 587 603 660 637 END
START -12676 10140 -9712 -3270 -1098 2171 644 587 603 660 638 END
START -11304 9224 -10472 -3747 -1752 2548 643 587 603 660 638 END
START -12692 9056 -9132 -4467 -2853 2664 643 588 603 660 637 END
START -10436 8596 -10204 -5085 -3057 2677 645 587 602 660 638 END
START -11908 6816 -9760 -5771 -2970 2477 644 588 603 660 638 END
START -13504 7180 -9012 -6162 -3411 2474 645 588 603 660 638 END
START -9884 7856 -11980 -6622 -2298 2363 644 590 603 660 637 END
START -13156 8964 -8844 -7310 -2079 2465 645 589 603 661 639 END
START -9420 9020 -11492 -7814 -852 2494 645 588 604 661 638 END
START -10328 9372 -10120 -8037 -893 2637 645 588 603 661 639 END
START -8732 11100 -10460 -8346 -304 3055 645 589 605 661 639 END
START -11332 11560 -7564 -8622 -721 3421 646 590 604 661 639 END
START -8424 10276 -9460 -8696 193 3323 646 591 605 662 639 END
START -10628 10568 -6564 -8784 121 3286 647 590 606 661 639 END
START -10928 10404 -5552 -8938 114 3222 646 591 605 661 640 END
START -9004 10064 -6608 -9000 169 2837 646 590 606 662 640 END
START -12312 9604 -3804 -9006 168 2431 646 592 605 662 640 END
START -10584 8228 -5836 -8978 963 1839 648 592 606 661 641 END
START -12700 8620 -5232 -8716 1121 1446 648 592 606 661 641 END
START -10984 8660 -6828 -8356 726 1142 647 592 606 661 642 END
START -10448 8732 -7288 -7937 938 992 648 592 606 661 640 END
START -10116 10056 -7136 -7856 891 841 648 593 607 662 641 END
START -10588 11176 -6160 -7853 1186 726 649 593 607 662 642 END
START -7720 10820 -7916 -7576 2261 587 649 594 607 663 642 END
START -7172 10848 -8564 -7385 3136 446 650 593 607 662 642 END
START -10384 11240 -6944 -7167 4876 395 649 594 607 662 642 END
START -9020 12988 -7852 -7005 6528 577 651 597 609 663 643 END
START -11628 13620 -7348 -8233 5496 1417 650 599 613 666 644 END
START -9276 12380 -8568 -9184 4183 2251 653 601 616 669 645 END
START -7164 10728 -5496 -9213 3462 1408 654 604 622 672 647 END
START -9416 10144 2140 -6580 3675 10 654 607 629 677 649 END
START -8992 11764 4696 -3764 3613 -804 656 609 632 679 650 END
START -9744 11248 3100 -1217 2831 -1646 656 610 633 680 651 END
START -10856 8968 -5104 -815 3738 -2018 656 610 634 682 652 END
START -13708 10084 -7348 -1452 2969 -2020 656 610 634 682 652 END
START -11912 10084 -7852 -1803 1297 -1579 657 611 635 683 653 END
START -11268 12296 -4276 -1646 135 -910 657 611 636 683 653 END
START -7024 11952 -6112 -914 1026 -570 657 611 636 683 653 END
START -8896 12796 -5748 -440 1054 -249 658 612 636 684 653 END
START -9600 12616 -6320 -453 1125 -1 658 611 637 684 654 END
START -7228 13340 -7952 -640 1094 111 655 613 638 684 655 END
START -7384 13456 -7336 -747 683 273 658 611 637 684 654 END
START -7420 13500 -6984 -719 176 395 658 611 637 684 654 END
START -10608 13516 -4620 -685 -317 451 656 612 633 685 654 END