START -16816 4036 -3808 -1586 898 1313 610 567 618 671 622 END
START -16564 4216 -3840 -1600 820 1412 608 569 621 668 624 END
START -15972 4580 -3592 -1748 873 1614 605 569 614 669 622 END
START -15832 4536 -3288 -1843 951 1684 605 568 618 667 622 END
START -15980 4708 -2872 -1883 657 1820 605 570 618 668 620 END
START -15904 4296 -3172 -1897 268 1799 603 567 618 668 620 END
START -16036 4624 -3280 -1958 476 2081 606 566 619 662 620 END
START -16004 4452 -3372 -2117 776 2189 604 571 619 668 620 END
START -16916 3808 -3604 -2599 806 2583 605 568 615 668 622 END
START -17708 4284 -3604 -3015 1140 3114 604 566 616 667 622 END
START -17948 4088 -4144 -3374 1860 3732 603 568 616 667 620 END
START -18608 3580 -5192 -3813 3259 4689 603 567 616 667 622 END
START -19856 3524 -5756 -4385 4199 6018 600 568 612 667 617 END
START -19124 5712 -6680 -5262 4370 7564 600 565 614 667 619 END
START -17748 7876 -6252 -6641 4736 9022 600 570 616 666 622 END
START -17296 6064 -5552 -8030 4622 9088 606 571 615 666 620 END
START -15176 6788 -6560 -8949 4933 9310 596 569 614 664 623 END
START -15672 7872 -3384 -10038 2510 9847 594 569 612 660 620 END
START -12800 6436 -5500 -9840 1894 8942 595 568 613 660 622 END
START -13612 6620 -2412 -10482 623 9080 596 565 612 659 620 END
START -11680 7788 -4792 -9914 1540 8367 590 566 612 657 622 END
START -11900 4984 -4344 -10449 715 7583 590 567 613 657 622 END
START -11656 9132 -2760 -10472 2434 7619 587 566 613 657 624 END
START -10236 7616 -6420 -10407 4420 6367 584 567 612 656 621 END
START -12692 4864 -5164 -11072 3992 5794 582 565 613 658 621 END
START -13612 7360 -2384 -11734 3688 6182 582 564 611 656 620 END
START -12668 10764 -2644 -11864 4194 6160 582 565 619 656 621 END
START -11084 9488 -5320 -11638 3933 5410 577 563 609 654 620 END
START -10468 7768 -5484 -11662 3089 4677 575 561 612 652 620 END
START -10512 5760 -4036 -11684 2549 4118 567 558 611 653 620 END
START -11536 6872 -328 -11687 2762 3848 571 549 609 652 618 END
START -12700 9208 2032 -11276 3130 4202 568 554 609 653 619 END
START -13240 11412 1976 -10328 3022 4272 566 552 606 651 615 END
START -13312 11732 2464 -9150 2474 4144 563 552 613 650 618 END
START -11784 12252 644 -7989 2603 3844 563 550 609 650 618 END
START -9488 10112 -3488 -7108 3718 3285 564 549 609 650 615 END
START -9072 8800 -4528 -6619 5160 2764 560 551 601 650 618 END
START -9620 8184 -5604 -6441 6151 2166 564 553 611 650 619 END
START -10592 7224 -5104 -6335 6109 1551 569 553 612 651 622 END
START -11792 7180 -4976 -6521 5245 1352 574 566 612 653 620 END
START -11584 6844 -4576 -6851 3802 1056 579 559 616 653 620 END
START -11064 6708 -5304 -7206 2753 797 582 561 616 656 619 END
START -10316 6948 -4872 -7598 2029 427 590 563 616 655 623 END
START -9800 6872 -4496 -7865 2230 -121 594 565 617 656 620 END
START -11068 6484 -2292 -8044 2659 -533 601 561 619 657 621 END
START -12876 2668 -1668 -5681 1944 -490 601 563 622 666 624 END
START -14404 4560 4544 -1618 -3570 -909 608 565 625 669 629 END
START -5548 6500 6152 638 1050 -1822 611 577 628 671 626 END
START -11840 7348 1300 1734 2991 -248 609 577 627 673 635 END
START -14476 6576 -2064 2119 1040 86 615 578 628 674 629 END
START -15236 7448 -3460 1608 -1843 238 614 574 631 673 632 END
START -13128 7548 -5432 992 -3348 128 614 579 629 674 629 END
START -9796 8056 -5804 602 -2897 -84 616 580 630 675 629 END
START -8824 7500 -3900 278 -1209 -305 616 585 630 674 630 END
START -9496 7084 -2412 324 669 -568 617 586 631 674 633 END
START -10984 6944 -1740 201 683 -754 616 586 630 673 629 END
START -11392 7552 -3632 65 34 -829 616 582 631 668 630 END
START -13648 7720 -1056 -311 -669 -529 616 586 632 674 630 END
START -13364 7148 -2160 -405 -1014 -395 616 592 630 674 630 END
START -12612 7212 -2644 -486 -1174 -288 617 586 630 673 630 END
START -11084 7672 -3504 -470 -1178 -334 618 587 630 677 631 END
START -9508 8392 -4464 -532 -437 -505 618 590 629 676 630 END
START -9228 9656 -5100 -681 36 -706 618 589 636 675 631 END
START -10016 8276 -5168 -907 -38 -882 617 587 630 675 631 END
START -11512 7456 -4564 -1009 4 -714 618 588 632 679 632 END
START -12016 7008 -3808 -983 -240 -611 617 588 631 676 631 END
START -11148 8136 -4780 -814 -268 -396 621 587 631 673 629 END
START -9716 9596 -5128 -676 -46 -209 619 593 630 675 632 END
START -9728 8220 -5096 -730 124 -324 620 586 631 675 629 END
START -10432 7144 -4528 -845 289 -499 616 586 628 675 631 END