START -14548 4860 -6172 -648 442 -595 623 577 617 674 628 END
START -14676 4804 -6092 -727 737 -567 622 577 614 675 623 END
START -14996 4784 -6436 -981 1413 -405 623 577 619 673 625 END
START -15452 4648 -6204 -1165 1542 -250 624 579 618 674 626 END
START -14584 4724 -6360 -1310 1581 -243 622 577 615 674 623 END
START -14324 4364 -6404 -1431 2255 -236 615 577 618 673 627 END
START -14040 4608 -6472 -1646 3336 -132 620 576 617 674 628 END
START -15116 3732 -6836 -1554 3730 -216 620 575 617 673 625 END
START -15480 3588 -6768 -1883 3110 3 622 573 615 672 624 END
START -15688 3804 -6980 -2136 2240 160 620 574 616 670 626 END
START -15256 3856 -7020 -2349 1776 255 620 569 613 670 626 END
START -14828 3928 -7196 -2592 1899 170 620 567 613 670 625 END
START -14304 3524 -7576 -2716 2301 -65 615 566 612 669 625 END
START -13740 3820 -8764 -2778 2959 -123 617 563 612 668 625 END
START -14524 5768 -8036 -3095 3040 426 619 567 612 668 628 END
START -16752 4648 -7620 -3774 1923 928 618 565 611 669 625 END
START -17004 3024 -9824 -4413 1429 900 618 564 613 669 627 END
START -16932 6692 -10012 -5566 1504 2418 614 567 616 668 626 END
START -17708 3664 -11244 -7268 1269 2860 615 568 615 668 626 END
START -17236 8432 -9448 -8769 1996 4437 611 567 617 668 626 END
START -15932 4912 -10804 -9902 1981 4239 613 563 615 667 625 END
START -15960 8984 -7048 -11493 2080 5553 612 567 614 666 624 END
START -13220 7592 -8704 -11127 3363 4970 612 565 613 666 625 END
START -12836 5020 -8016 -11522 3712 4591 613 562 613 663 625 END
START -14724 6584 -4128 -11947 3437 4896 603 564 611 662 626 END
START -14276 8952 -4564 -11577 3898 4906 610 560 610 661 624 END
START -12916 8796 -6116 -11072 4021 4362 608 560 609 660 627 END
START -13500 5384 -8704 -10960 2662 3814 608 558 608 656 623 END
START -15280 3560 -7892 -11247 481 4032 607 559 610 659 625 END
START -16588 5892 -5984 -12056 -1178 5002 607 563 609 659 624 END
START -15920 7092 -6228 -12689 -1357 5693 608 561 618 660 627 END
START -14680 10036 -6336 -13784 -472 6315 610 558 611 660 623 END
START -14456 10276 -5792 -14659 510 6654 608 566 611 659 625 END
START -13492 11584 -5592 -15244 434 6800 608 568 612 659 625 END
START -11500 11808 -6312 -15587 244 6822 608 566 614 655 624 END
START -11392 11756 -4460 -15868 185 6637 609 567 610 659 624 END
START -10440 11280 -4344 -15690 -70 6326 609 568 612 659 624 END
START -9884 11408 -3956 -15378 -193 6021 612 567 617 660 626 END
START -10736 11804 -1296 -14851 -488 5755 610 570 608 662 625 END
START -10648 11836 -1384 -13951 -1299 5465 611 569 617 663 624 END
START -10216 11784 1632 -12930 -2842 4996 610 570 619 665 625 END
START -10676 10180 3464 -12130 -2578 4788 613 569 619 667 626 END
START -10664 10532 3748 -11162 -1721 4078 609 572 620 666 624 END
START -10656 7548 2460 -10136 -609 3229 619 577 623 669 626 END
START -11268 7296 1660 -9263 -835 2396 621 577 623 667 624 END
START -12232 9056 2204 -8721 -2009 1900 622 580 626 668 626 END
START -12260 8328 1484 -8535 -4063 1105 623 583 627 675 627 END
START -8160 7532 -36 -8734 -3288 -113 625 585 627 677 627 END
START -9040 7568 -568 -9518 231 -701 624 586 633 683 627 END
START -12312 8592 1332 -10053 705 -1202 626 589 632 676 628 END
START -19296 5624 4696 -8343 -3370 327 631 591 637 684 634 END
START -14480 3596 13824 -2281 -13752 -2407 627 596 640 681 633 END
START -2700 7696 6508 555 1274 -17 631 595 642 686 632 END
START -14252 7108 -336 1022 2488 1023 626 595 641 685 634 END
START -13596 7412 -3260 886 -1336 571 632 598 645 683 636 END
START -10912 8968 -5432 162 -4027 94 631 596 642 686 635 END
START -8272 7948 -4056 -257 -3493 -412 630 597 642 683 635 END
START -6612 8848 -2772 -75 -650 -694 628 598 641 685 635 END
START -9020 7740 -2256 -41 1060 -654 632 598 641 685 634 END
START -11692 7024 -1176 -41 -22 -691 630 598 642 679 634 END
START -12204 7184 -332 -55 -908 -630 631 598 641 684 634 END
START -11964 6992 -964 -95 -1262 -370 628 599 641 685 632 END
START -12020 7268 208 44 -1134 -284 631 599 644 685 637 END
START -12312 7840 1192 -82 -1353 -93 632 599 642 685 635 END
START -11864 8860 1788 -57 -1184 -176 627 599 639 684 635 END
START -11332 7608 476 -189 -778 -256 631 600 641 688 634 END
START -12352 8204 1456 -317 -1007 -233 631 597 641 686 637 END
START -11444 7232 -268 -197 -1099 -386 633 596 641 682 636 END
START -12028 7848 360 -112 -887 -378 632 598 641 685 634 END
START -11244 7344 -868 -272 -845 -303 632 600 641 684 636 END