START -11392 7632 -9768 -484 -1193 12 634 587 606 658 639 END
START -11564 7752 -9724 -467 -1318 53 634 588 602 659 639 END
START -11408 7652 -9788 -489 -1461 168 633 588 606 659 639 END
START -11464 7788 -9992 -537 -1259 188 633 588 606 659 639 END
START -11364 7704 -10024 -544 -1206 277 633 587 607 659 639 END
START -11172 7956 -10360 -651 -796 253 633 587 606 658 639 END
START -11268 7388 -9928 -756 -809 42 633 587 606 659 639 END
START -11196 8136 -9692 -901 -196 281 633 587 606 658 639 END
START -10824 7896 -10620 -740 -283 185 633 587 606 659 639 END
START -11140 7428 -10044 -784 -1069 75 633 587 607 657 639 END
START -11668 6936 -9916 -838 -1393 -180 633 586 606 658 639 END
START -11648 6588 -9980 -851 -1232 -347 634 587 607 659 639 END
START -12972 7300 -8988 -914 -1307 -389 633 587 606 658 638 END
START -10720 7552 -10528 -885 -637 -363 633 587 606 658 639 END
START -8800 7664 -12116 -843 -30 -164 633 587 606 659 639 END
START -11840 8860 -9976 -796 -226 71 634 587 606 659 639 END
START -10576 8936 -11008 -857 14 220 633 587 606 659 639 END
START -9736 9164 -11392 -916 415 273 634 587 606 659 638 END
START -9352 9480 -11764 -1025 470 415 633 586 606 659 639 END
START -11128 9588 -10104 -1113 148 718 633 586 605 659 639 END
START -10656 8892 -11580 -1281 202 1108 634 587 606 658 639 END
START -12204 8528 -10124 -1798 -231 1442 634 587 606 659 639 END
START -12648 8196 -9668 -2435 -883 1782 633 587 606 659 638 END
START -12208 8256 -10496 -3271 -1373 2128 633 587 607 659 639 END
START -13096 6348 -10896 -4172 -1622 2192 634 588 606 658 639 END
START -15392 6688 -10192 -4839 -2532 2532 634 588 606 659 639 END
START -13832 8352 -10656 -5690 -2628 2950 634 587 606 659 639 END
START -10676 8772 -12224 -6586 -2195 3558 634 587 606 659 639 END
START -11512 10020 -11444 -7166 -2555 4169 634 587 606 658 639 END
START -10680 10568 -10364 -7881 -2081 4559 635 588 605 659 639 END
START -11164 9628 -8352 -8495 -1443 4317 636 587 606 658 639 END
START -8964 9156 -8064 -8880 -1042 3898 634 586 606 657 639 END
START -11064 8668 -6272 -9110 -1279 3563 634 588 605 657 639 END
START -11184 6960 -6684 -9210 -812 2615 634 586 605 657 640 END
START -11012 7592 -7780 -9262 -7 1826 634 586 605 657 639 END
START -10356 7976 -7968 -9356 1835 1049 634 586 605 653 639 END
START -9300 9196 -9060 -9595 4224 603 633 585 604 656 639 END
START -10384 9580 -8360 -9715 5196 245 634 585 604 656 639 END
START -10536 10160 -7660 -9775 5650 153 633 584 604 656 640 END
START -8788 10212 -9216 -9616 5407 336 633 585 604 656 640 END
START -11204 11300 -7004 -9303 4328 543 635 585 604 655 639 END
START -8324 12120 -7908 -9009 3459 735 634 585 604 655 639 END
START -10576 12604 -5452 -8693 2151 1070 633 585 604 654 640 END
START -7284 11348 -7820 -8396 2380 935 634 585 605 657 640 END
START -9832 11628 -4564 -8240 2413 595 634 586 605 656 640 END
START -8696 10824 -5272 -8059 3184 137 634 586 605 656 640 END
START -8808 10872 -5828 -7876 3338 -122 633 587 606 657 641 END
START -11972 9576 -4448 -7946 2926 -402 633 586 607 659 641 END
START -11904 9304 -5640 -7898 2680 -550 634 591 609 660 643 END
START -13524 8964 -5256 -7490 1384 -532 636 593 610 663 643 END
START -10616 9192 -6316 -6430 602 -560 637 596 616 666 645 END
START -10896 9244 -4548 -4847 -459 -312 638 599 622 671 647 END
START -12476 11396 -1000 -3056 -1652 179 639 601 625 673 649 END
START -8252 11952 -2392 -1295 -858 -84 640 602 626 674 649 END
START -6756 13008 -5992 -718 829 -345 641 603 626 675 650 END
START -7392 13384 -7840 -1133 1776 -521 641 603 626 676 650 END
START -10144 13388 -6368 -1729 1314 -469 642 604 628 676 651 END
START -8520 12748 -6268 -1826 1601 -400 643 605 628 677 650 END
START -9884 12108 -4804 -1719 879 -245 643 605 628 677 651 END
START -10484 11020 -4692 -1447 539 -132 643 605 629 677 651 END
START -9948 11076 -4852 -1221 241 -254 643 606 630 677 651 END
START -12612 9784 -4004 -1150 209 -536 643 605 629 678 652 END
START -11692 9432 -5808 -1011 227 -653 643 605 629 678 652 END
START -12884 9500 -5280 -862 -244 -639 643 605 629 678 651 END
START -12752 9612 -5300 -778 -202 -584 643 605 629 679 652 END
START -9360 10860 -6796 -683 -159 -463 643 605 629 678 652 END
START -11288 11972 -4740 -498 -621 -148 644 605 629 679 652 END
START -8064 11732 -7244 -344 -440 238 644 606 629 678 652 END
START -9408 12332 -6464 -414 -312 342 644 606 629 678 652 END
START -9632 12444 -6052 -491 -71 247 644 606 629 678 652 END