START -16012 4024 -7684 -2625 149 886 589 574 601 656 601 END
START -16188 3988 -7844 -2856 -31 1005 588 574 599 657 604 END
START -16800 3700 -8060 -3549 -1252 1502 588 574 595 656 596 END
START -17732 3800 -8464 -4272 -2690 2482 588 581 599 655 602 END
START -18024 3920 -8188 -5197 -2977 3395 587 572 599 656 604 END
START -18764 4104 -8624 -6221 -2488 4467 586 581 599 655 605 END
START -18908 4932 -9772 -7752 -1111 6019 585 576 594 657 599 END
START -18560 4912 -10500 -9418 469 7280 587 575 600 656 607 END
START -18980 5256 -10760 -11424 1476 8503 587 575 599 655 606 END
START -19024 5896 -11072 -13626 2220 9798 587 577 600 657 609 END
START -19040 6280 -9284 -15702 1627 10672 588 574 608 657 607 END
START -17480 5868 -7288 -17264 -565 11398 587 576 602 657 607 END
START -15500 6024 -6152 -18168 -2198 11795 590 575 604 655 608 END
START -13176 7156 -5532 -18730 -2895 12296 590 573 603 657 607 END
START -11612 7744 -2700 -19132 -2784 12426 589 566 604 656 610 END
START -9448 5160 -2896 -18625 -669 11195 588 561 601 653 608 END
START -8156 8652 -1096 -17794 2253 10666 580 562 602 657 607 END
START -9756 6400 684 -17393 3305 9458 584 557 611 654 609 END
START -8644 8000 -1344 -15910 5391 8392 584 556 601 654 608 END
START -10620 6556 852 -15395 4459 7332 585 556 601 653 609 END
START -9880 10088 -556 -13977 5882 6719 584 557 599 654 608 END
START -10492 6504 -1536 -13734 4810 5401 585 556 602 654 609 END
START -10936 10388 1132 -12951 5478 5441 582 555 602 652 608 END
START -9576 9596 -3364 -12369 7126 4327 582 547 603 654 608 END
START -10924 6944 -2180 -12075 6257 3399 579 559 596 653 605 END
START -12128 9004 276 -12531 5776 3630 584 560 605 652 609 END
START -10820 12240 -1168 -11863 6499 3478 588 560 605 655 610 END
START -9732 10984 -3204 -11534 6500 2728 586 560 605 655 608 END
START -10096 7524 -3244 -11272 6125 1991 589 561 605 655 610 END
START -10768 7084 -2104 -11246 5386 1766 590 560 604 655 611 END
START -11868 7656 704 -10982 4591 1741 587 561 602 655 610 END
START -11668 10096 1768 -10683 4909 1820 591 562 607 655 610 END
START -11456 12240 1888 -10102 5623 1455 594 563 607 656 609 END
START -10220 12756 584 -9579 6538 644 600 563 605 656 612 END
START -9988 12468 -1560 -9043 7481 25 587 563 610 655 611 END
START -9092 4288 -3188 -6370 8000 -1138 599 565 609 662 613 END
START -10464 6200 1136 -3097 7623 -2000 609 569 613 666 615 END
START -11892 6924 6256 -1217 5665 -1835 607 563 614 667 617 END
START -14744 5956 2604 -215 3541 -618 608 573 616 668 617 END
START -15424 6636 -584 512 -1 -299 610 577 616 668 618 END
START -15788 10036 812 136 -2092 649 610 574 617 669 619 END
START -14212 10692 -288 -534 -2474 998 613 577 616 669 620 END
START -12968 13192 536 -1113 -1910 825 609 574 618 671 619 END
START -12212 13384 1432 -1556 -1093 536 609 576 618 670 619 END
START -12508 12640 2260 -1670 -666 182 607 578 618 669 622 END
START -13720 11756 2876 -1578 -1186 133 607 581 616 669 619 END
START -14176 10768 2280 -1585 -1834 70 611 580 618 670 620 END
START -14624 9936 1756 -1665 -2342 190 611 579 616 670 619 END
START -13800 9028 1256 -1662 -2863 409 611 579 620 670 621 END
START -13156 10844 2264 -1553 -3157 513 610 577 619 668 618 END
START -12352 9956 2048 -1491 -3213 281 611 583 620 670 623 END
START -11376 8520 1500 -1357 -2784 -43 612 587 620 670 621 END
START -10920 7252 236 -1161 -1878 -340 613 580 620 670 620 END
START -11124 6200 -1472 -894 -1199 -497 611 581 622 671 620 END
START -10580 6600 -3100 -320 -728 -717 609 579 610 670 621 END
START -10796 6512 -2388 46 -396 -617 611 580 619 670 622 END
START -9920 7932 -3688 315 -177 -472 610 578 619 671 621 END
START -10236 7348 -2856 400 25 -385 611 580 619 669 621 END
START -11476 7048 -2128 399 12 -176 609 582 619 669 622 END
START -12412 7640 -556 338 -598 65 611 569 620 671 622 END
START -12440 8532 1704 202 -950 532 610 579 620 670 621 END
START -12896 9824 3524 344 -1350 911 608 577 615 670 621 END
START -12392 10948 4684 763 -1752 987 609 574 613 669 622 END
START -11108 11904 4772 1393 -1604 453 611 568 615 667 620 END
START -8648 9596 4544 2159 -76 -814 608 562 609 670 618 END
START -7548 9784 5200 3192 2405 -2137 608 559 607 661 617 END
START -9180 6056 5692 4803 3269 -3679 608 561 603 660 614 END
START -11776 7044 6304 6866 1396 -4957 600 556 602 657 614 END
START -12884 6044 4228 8626 -2513 -6320 606 556 605 657 614 END
START -12220 4904 3040 10016 -5839 -8051 605 558 603 657 613 END