START -15340 4696 -4564 -1478 845 353 624 590 632 675 629 END
START -15400 4828 -4396 -1500 783 387 625 594 633 675 629 END
START -15404 4652 -4872 -1590 650 414 623 591 631 675 626 END
START -15352 4336 -5088 -1705 661 533 622 594 632 676 629 END
START -15256 4376 -5372 -1957 1149 724 621 593 633 674 630 END
START -15724 4668 -5776 -2313 1743 1049 622 593 630 676 630 END
START -16588 4412 -5992 -2838 1901 1380 620 596 632 676 628 END
START -17116 5052 -6512 -3524 1574 2126 619 597 630 676 630 END
START -15776 5124 -7528 -4178 2195 2688 622 600 635 677 631 END
START -13996 6924 -8840 -6074 3995 3606 622 598 635 678 630 END
START -16256 4736 -8440 -6160 4277 3401 621 601 638 678 629 END
START -16564 5456 -8104 -7064 4073 4042 626 601 642 678 630 END
START -15548 5968 -7820 -7733 3256 4570 624 602 638 678 630 END
START -15052 7304 -6420 -8278 2526 5167 622 604 638 680 631 END
START -13772 7916 -5948 -9404 2013 5492 625 603 642 679 632 END
START -14164 4796 -6740 -8936 2044 4499 628 603 640 679 630 END
START -14328 7628 -4864 -8886 2064 5145 626 604 638 679 630 END
START -14928 5248 -4640 -9175 919 4765 623 606 638 678 633 END
START -13216 6352 -6296 -8950 1220 4454 625 605 640 679 631 END
START -14872 6876 -3936 -9463 -71 4729 626 607 639 680 632 END
START -13136 7236 -6168 -9429 725 4213 621 607 637 679 632 END
START -14836 5780 -4972 -10175 302 4244 627 608 639 681 630 END
START -14352 9352 -5340 -10480 1522 4643 631 606 639 679 631 END
START -14932 5528 -7752 -10988 1291 4267 627 606 637 680 630 END
START -16348 6048 -5840 -12003 -13 5182 634 607 637 679 630 END
START -15424 10248 -4664 -12888 288 5944 628 608 636 679 623 END
START -12712 9260 -7824 -13161 1303 5561 629 607 638 677 632 END
START -13368 5708 -7252 -13887 1088 5343 627 610 638 675 631 END
START -14624 6956 -3452 -14949 -310 5856 626 608 639 675 631 END
START -13644 8904 -2308 -15609 -196 6383 625 606 637 676 631 END
START -12248 11240 -2160 -15634 1005 6312 623 608 636 674 631 END
START -11996 11768 -1312 -15487 2275 5850 624 604 636 676 630 END
START -11860 11252 -2164 -15417 2495 5365 624 605 636 673 630 END
START -10740 10876 -1792 -14950 1074 4813 624 602 637 670 632 END
START -8496 8476 -3812 -14413 1363 4339 622 602 636 672 634 END
START -7196 6344 -4296 -14068 3160 3577 624 604 634 670 631 END
START -8284 5820 -3452 -13296 4619 2664 625 600 632 668 631 END
START -10196 5308 -1952 -12937 5211 2130 626 598 634 668 632 END
START -11204 5900 -2316 -11970 4525 1804 626 601 635 668 630 END
START -12016 5412 -1476 -11082 2862 1424 628 599 626 668 630 END
START -11884 5544 -988 -10046 1729 1158 626 600 632 668 630 END
START -10408 5840 -576 -9085 1764 858 630 602 627 668 629 END
START -9172 6480 -216 -8525 3711 777 626 602 634 669 631 END
START -11836 8920 2300 -8200 5766 830 631 602 634 668 629 END
START -13608 11532 3228 -7845 5928 706 628 604 639 669 637 END
START -13704 11064 2996 -7435 4951 717 627 607 635 670 630 END
START -15156 9192 3280 -4974 3164 1188 626 604 639 677 632 END
START -14820 11680 6036 -4044 -1564 662 630 607 644 681 635 END
START -11764 10832 6048 -2642 -592 865 632 613 650 682 636 END
START -13524 11004 7344 -1127 1049 1169 630 622 651 685 635 END
START -15616 10460 7368 264 -280 1164 633 622 656 689 638 END
START -15176 12632 5280 1281 -1618 1476 634 622 657 688 638 END
START -14860 12516 3304 1358 -3023 1652 635 624 659 689 641 END
START -13072 12164 2124 1001 -3349 1393 636 626 658 688 640 END
START -12244 11988 2356 726 -2491 963 635 626 658 688 640 END
START -12424 11088 2760 552 -1650 555 637 628 658 686 639 END
START -12096 13068 2532 599 -1311 252 641 628 657 689 639 END
START -13172 12020 2892 317 -1193 295 636 629 656 688 639 END
START -13600 13384 2968 203 -1747 261 643 628 663 690 640 END
START -14216 11708 2752 98 -2265 366 643 632 661 690 641 END
START -12748 12344 2508 39 -2149 467 637 631 658 688 641 END
START -11872 12672 2316 -102 -1245 495 639 634 657 689 640 END
START -12392 10812 1984 -262 -962 117 638 630 658 689 640 END
START -12648 11852 2464 -388 -792 -25 635 630 658 688 641 END
START -13192 10212 1784 -511 -808 -82 641 631 657 689 639 END
START -13244 11612 2028 -613 -640 100 637 631 656 689 641 END
START -13312 10612 1500 -722 -878 236 640 630 658 689 640 END
START -12940 12300 2232 -915 -888 401 637 633 658 692 641 END
START -13080 11332 2136 -1088 -886 483 637 630 657 689 640 END
START -13476 9796 1552 -1241 -1077 380 639 628 657 688 641 END