START -11648 8656 -8256 -791 375 -139 663 612 627 678 640 END
START -11664 8640 -8104 -785 305 -107 663 612 626 678 640 END
START -11752 8588 -8004 -775 -77 -64 664 612 628 678 640 END
START -11692 8648 -8136 -708 -475 -24 663 612 627 678 640 END
START -11556 8592 -8408 -683 -563 -13 664 612 627 679 640 END
START -11416 8680 -8400 -701 -482 -77 663 612 626 678 640 END
START -11324 8780 -8344 -663 -142 -130 663 612 627 677 640 END
START -11848 8512 -7968 -679 -436 -161 662 607 626 678 640 END
START -11480 9016 -8056 -701 -171 27 663 612 626 677 640 END
START -10940 8568 -9052 -595 -313 -131 663 612 626 677 639 END
START -11632 8028 -8492 -819 -304 -529 663 612 626 676 639 END
START -11728 7348 -8652 -953 -114 -812 663 611 625 676 640 END
START -12240 7024 -8632 -991 -131 -792 662 612 625 678 639 END
START -14088 7108 -7224 -970 -606 -764 663 612 626 677 640 END
START -12136 6712 -8416 -821 -589 -810 663 612 626 677 640 END
START -9292 6412 -10712 -726 -439 -890 663 612 625 677 639 END
START -12248 7888 -8500 -707 -487 -844 664 612 625 677 640 END
START -9664 7672 -10544 -861 -771 -752 663 611 625 677 640 END
START -15444 9008 -6064 -970 -691 -628 663 611 626 677 640 END
START -11780 9064 -8752 -1115 -116 -518 663 612 625 678 640 END
START -8208 8920 -11644 -1275 429 -233 663 613 625 677 640 END
START -13120 9820 -8168 -1545 -55 146 663 612 626 677 639 END
START -12864 9660 -8792 -2023 -142 314 662 612 625 677 640 END
START -12740 9900 -9800 -2703 249 574 663 612 626 677 639 END
START -7964 9964 -13292 -3437 399 780 663 612 626 677 639 END
START -8428 10248 -13032 -4377 -235 1220 663 613 626 677 639 END
START -11980 10904 -9992 -5381 -426 1654 663 614 627 678 641 END
START -8856 10080 -12176 -6499 933 1626 662 614 627 678 639 END
START -13696 9972 -8312 -7716 1092 1595 661 614 628 678 640 END
START -10712 9600 -9536 -8858 1723 1392 663 614 629 678 640 END
START -10956 9420 -8544 -9698 2024 1376 663 614 628 679 640 END
START -15300 9000 -5148 -10334 700 1474 662 614 628 679 640 END
START -11320 7504 -8004 -10751 774 1294 662 615 630 679 640 END
START -12252 8052 -7248 -10990 328 1038 662 615 630 680 641 END
START -13880 7740 -5852 -11080 925 861 662 615 629 680 641 END
START -9340 8340 -9352 -11210 1869 787 662 615 629 680 641 END
START -12972 9668 -6128 -11267 1794 881 662 616 628 680 641 END
START -11752 10104 -6600 -11456 1470 1048 662 616 630 680 641 END
START -8464 10184 -8596 -11263 2021 1431 663 616 630 680 641 END
START -9988 11596 -6316 -10648 1258 1941 663 616 630 681 641 END
START -9384 11884 -6244 -10183 1146 2541 663 616 630 680 641 END
START -12236 12412 -3292 -9733 388 2943 663 615 630 680 641 END
START -8064 11368 -6564 -9519 1092 2850 663 617 631 681 641 END
START -9504 11696 -4444 -9477 1206 2623 663 616 630 680 641 END
START -11644 11396 -2384 -9624 1898 2307 663 617 630 680 641 END
START -11940 11188 -2012 -9621 2319 2081 663 617 631 681 642 END
START -13056 9644 -1792 -9767 1020 1936 664 618 631 681 641 END
START -10772 9736 -4068 -9691 -168 1688 664 619 631 681 642 END
START -12448 9656 -2760 -9363 265 1048 664 619 631 682 643 END
START -9628 9288 -3936 -9144 3161 53 665 620 631 681 641 END
START -11200 9828 -3344 -9074 4366 -22 666 620 631 682 642 END
START -10320 10956 -5300 -9133 4464 160 667 620 631 682 642 END
START -12204 11480 -3036 -9259 4428 53 667 621 632 683 643 END
START -8780 11168 -4128 -8836 4827 -175 669 622 633 684 644 END
START -10892 11004 -1108 -7562 3945 -12 670 624 634 684 645 END
START -11804 11500 1016 -5188 1046 13 671 625 635 684 645 END
START -10972 12472 1096 -3336 -678 35 672 626 636 684 645 END
START -7832 13148 -3332 -2844 -285 -503 673 626 636 685 645 END
START -9828 13460 -3548 -3514 153 -449 673 626 636 684 645 END
START -9156 13588 -4224 -4193 483 -624 673 625 635 684 645 END
START -10724 13676 -2424 -4249 361 -774 674 626 635 684 645 END
START -6992 12680 -3592 -3872 -200 -751 675 627 635 684 645 END
START -10088 12656 -160 -3183 -285 -873 675 625 635 684 645 END
START -9264 11804 -1732 -2560 925 -1046 675 625 635 683 645 END
START -12676 11352 -864 -2182 725 -975 675 626 635 683 645 END
START -13440 11348 -624 -1833 144 -803 676 626 634 683 645 END
START -11120 9396 -2440 -1461 -73 -739 675 626 634 683 645 END
START -11576 10168 -2492 -1083 -353 -736 675 625 634 683 645 END
START -13328 10160 -1456 -800 -355 -699 675 625 634 683 645 END
START -10304 10228 -3376 -535 58 -520 675 626 634 683 645 END