START -7168 13116 -3856 -45 1513 3 637 553 553 584 589 END
START -7288 12568 -4536 431 2517 -201 637 553 553 585 590 END
START -8664 14928 -4496 230 2620 -109 638 552 553 585 589 END
START -6044 12972 -4520 655 3562 -14 636 553 553 584 589 END
START -8076 13864 -4964 334 3435 -57 635 553 553 584 589 END
START -6924 12752 -6044 385 5661 -620 635 555 553 584 589 END
START -6864 12516 -6484 170 7139 -901 635 553 553 583 588 END
START -9512 13036 -4184 -234 4672 -784 634 553 552 583 588 END
START -9516 12788 -3036 -297 2294 -45 634 553 552 582 586 END
START -9924 13340 -2232 -518 -413 351 633 553 551 581 587 END
START -9948 13576 -2440 -631 -1829 77 634 553 551 582 586 END
START -7920 13736 -4048 -770 -1345 -369 633 553 551 581 587 END
START -7016 14016 -5292 -709 1195 -640 633 554 552 582 588 END
START -7156 14300 -5772 -1206 1686 -822 631 554 552 582 587 END
START -7812 13688 -4500 -1438 1343 -962 633 554 554 582 587 END
START -10304 13800 -1916 -1407 378 -1051 632 554 552 582 587 END
START -11864 14368 -304 -1536 -1449 -1397 632 554 552 582 588 END
START -7004 13320 -3460 -1754 -3683 -2087 633 555 553 581 587 END
START -6864 12836 -3068 -1305 -4239 -2411 633 555 553 583 588 END
START -8492 12780 -2672 -834 -2097 -3041 632 554 554 585 589 END
START -7824 12028 -3548 -402 -506 -3154 632 555 554 586 589 END
START -7836 12060 -3740 292 386 -1901 633 555 556 585 589 END
START -9956 10916 -2144 858 648 -2231 633 557 557 587 587 END
START -8728 11144 -2980 1582 102 -2630 633 558 558 589 590 END
START -8068 10908 -4292 1781 785 -3902 634 558 560 591 589 END
START -10296 11088 -4564 2028 1866 -4938 635 559 561 592 590 END
START -12176 10932 -4320 1706 3507 -5488 635 561 564 594 591 END
START -9456 8400 -6556 1769 5796 -6080 635 561 563 596 591 END
START -5924 9684 -9284 1446 5924 -6316 636 563 566 600 592 END
START -9956 10744 -6880 1231 5709 -5887 636 565 567 603 591 END
START -15380 11872 -3500 409 4170 -5154 638 566 571 608 593 END
START -14456 11724 -4576 237 2908 -5258 638 567 574 613 594 END
START -7360 11276 -9996 -603 3739 -4605 639 569 576 617 595 END
START -3772 10924 -12980 -1241 4203 -4054 640 569 579 621 597 END
START -15328 12720 -4356 -1940 3073 -3325 641 571 581 624 598 END
START -6720 11824 -10280 -2422 5582 -3143 641 572 583 628 599 END
START -15844 13588 -3380 -2886 3963 -2512 641 574 584 631 600 END
START -16416 13632 -2776 -3232 3222 -1986 642 575 586 634 602 END
START -7208 11716 -8976 -3293 1946 -1725 642 573 588 636 603 END
START -17612 12060 -568 -3256 -728 -1431 642 576 590 639 603 END
START -2780 10208 -10056 -2925 -135 -1474 645 577 591 640 604 END
START -8672 10680 -5484 -2527 -1500 -1301 643 577 593 643 605 END
START -9916 8628 -4868 -1980 -1840 -1538 641 578 594 644 606 END
START -4436 7716 -9156 -1435 183 -1952 644 578 595 646 606 END
START -11936 9364 -4120 -1049 258 -2100 646 579 596 647 607 END
START -19844 9760 1072 -715 -951 -2184 645 580 596 649 607 END
START -14940 8796 -3048 -186 -882 -2230 644 580 597 650 607 END
START -5000 8640 -10604 210 -71 -2162 646 581 597 650 607 END
START -9956 8808 -7544 321 -288 -2063 645 582 599 652 608 END
START -5196 9172 -11300 289 -444 -1792 646 583 600 652 609 END
START -5552 8396 -11320 257 -391 -1433 645 583 600 654 610 END
START -8844 9384 -9012 130 -1628 -996 646 584 600 654 610 END
START -18736 10836 -1700 54 -2151 -742 646 584 601 655 609 END
START -16300 10864 -3128 -75 -2721 -464 646 584 601 655 612 END
START -5324 9912 -11004 -96 -1537 -378 645 584 600 655 610 END
START -11164 10496 -6640 -89 -926 -182 647 584 601 654 611 END
START -3156 9868 -12220 -32 -963 32 646 584 601 656 611 END
START -6008 10040 -9748 97 -878 75 646 584 601 656 610 END
START -11808 10864 -5312 300 -2150 189 648 584 601 656 611 END
START -3068 10128 -11304 549 -1015 261 646 583 601 656 612 END
START -6736 10412 -8756 676 -172 411 645 583 601 656 612 END
START -4316 10144 -10464 735 -67 397 646 583 601 653 612 END
START -3808 9920 -10812 780 17 428 646 583 601 656 612 END
START -6324 10116 -9064 827 -1044 333 646 584 601 656 614 END
START -10780 10564 -5912 923 -733 182 646 583 601 655 613 END
START -4092 9936 -11228 996 -459 36 646 583 601 655 613 END
START -5456 9880 -10436 963 -580 -313 645 582 601 654 614 END
START -8992 10412 -8092 884 555 -539 646 583 600 654 613 END
START -4700 9920 -11304 766 955 -683 646 581 600 654 613 END
START -5348 10136 -11020 736 1163 -677 646 582 600 652 613 END