START -15364 3988 -632 -631 3257 13 629 583 630 678 624 END
START -15268 4088 -608 -666 3519 17 630 586 631 678 625 END
START -15700 4044 -1172 -810 4085 215 628 585 630 678 625 END
START -17188 4224 -968 -1005 3210 624 629 584 630 679 624 END
START -17072 4460 -1312 -1084 1635 845 620 584 629 677 626 END
START -16268 4380 -1188 -1267 791 925 630 584 629 677 624 END
START -15900 4972 -1472 -1434 484 1277 628 583 631 675 623 END
START -15208 4408 -1736 -1623 677 1099 628 584 630 673 624 END
START -15172 4684 -1584 -1990 1814 1318 629 585 630 677 624 END
START -16060 5252 -1264 -2162 2785 1604 627 584 629 678 624 END
START -17076 5120 -872 -2140 2358 2038 628 590 629 681 624 END
START -17396 5384 -552 -2050 1096 2353 627 587 629 676 624 END
START -17832 4072 -1040 -2065 11 2750 629 584 627 676 624 END
START -17568 3088 -2616 -1923 -69 3332 629 584 628 679 625 END
START -16700 4680 -3584 -1859 1295 4323 626 583 629 676 624 END
START -17808 6616 -2112 -2487 2626 6016 624 583 628 679 625 END
START -17720 4336 -2824 -2974 2847 6162 621 582 631 675 631 END
START -17072 8064 -2404 -3333 2940 7344 617 583 628 674 624 END
START -17268 4676 -1756 -3910 456 7474 616 585 626 676 625 END
START -14752 8264 -2540 -4034 119 8036 611 583 627 675 621 END
START -14200 4776 -2080 -4467 -453 7378 609 582 626 675 625 END
START -13816 9416 -972 -4888 797 7928 606 583 623 677 623 END
START -13292 6032 -3864 -4836 1392 6816 596 580 619 674 623 END
START -14996 4872 -1592 -5691 464 7121 601 581 624 676 622 END
START -13428 10200 -1968 -6195 1472 7502 600 581 626 675 624 END
START -12648 9020 -4232 -6433 2855 6794 595 584 626 677 624 END
START -13676 5500 -4784 -7318 2764 6272 595 582 625 676 623 END
START -15380 5208 -3084 -8697 1540 6782 592 582 625 675 622 END
START -15548 8268 -1804 -9795 2128 7499 588 582 626 677 623 END
START -15016 11060 -2000 -10592 3414 7810 586 583 630 675 623 END
START -13716 11584 -3000 -11277 3847 7958 582 585 627 674 625 END
START -12404 11756 -3328 -11926 4318 7840 580 584 626 674 623 END
START -10868 11872 -2660 -12309 5490 7405 580 586 626 675 624 END
START -9552 11136 -3780 -12780 7747 7054 577 585 627 675 624 END
START -8228 9988 -3732 -12652 10124 6062 573 583 624 672 626 END
START -8960 11348 -2300 -12632 12696 5200 582 582 623 670 624 END
START -10180 10120 -2624 -12582 13179 4674 572 583 622 670 624 END
START -10828 11920 -1336 -12213 12179 4197 571 582 622 667 624 END
START -10508 12480 688 -11927 11367 3465 571 579 622 667 625 END
START -9440 12060 508 -11613 12069 2554 569 580 622 663 624 END
START -10176 11992 1680 -10942 12707 1558 567 586 623 670 625 END
START -12328 10364 3440 -10278 12126 1058 567 584 622 666 624 END
START -13116 9868 3532 -9614 11016 73 571 583 622 668 625 END
START -14256 9376 3120 -8944 9926 -125 576 586 625 667 629 END
START -13076 8620 1764 -8387 9334 -573 577 584 623 666 624 END
START -13572 10344 1380 -7832 9223 -676 583 586 627 666 624 END
START -14984 10128 1512 -7449 8107 -575 585 581 624 662 624 END
START -17092 7164 1936 -6746 5323 -242 591 588 625 669 626 END
START -20584 4784 2168 -4357 203 1187 596 588 629 673 625 END
START -15912 4928 6060 -1624 -7466 495 601 589 633 676 628 END
START -8132 4432 7452 1130 -951 126 606 591 635 677 625 END
START -15296 7468 5120 1408 -217 1327 609 595 639 677 630 END
START -15484 5672 -1248 1471 -2928 1226 608 595 639 678 636 END
START -16000 7064 -5196 933 -6029 986 609 595 636 678 630 END
START -12864 7132 -4560 326 -7116 507 619 596 634 678 628 END
START -10152 7480 -4000 -271 -4645 159 607 594 637 676 630 END
START -9924 7936 -3848 -523 -2410 -206 614 596 637 679 628 END
START -11040 6640 -2892 -489 -1937 -426 615 596 638 677 629 END
START -10768 7416 -3980 -531 -1744 -680 616 594 642 680 629 END
START -11332 8112 -4596 -671 -1635 -650 616 598 638 679 630 END
START -11012 9144 -4784 -779 -1025 -502 618 598 638 678 631 END
START -10908 10684 -4460 -921 -707 -191 615 597 640 680 628 END
START -11732 14240 -520 -1158 -666 82 617 598 639 679 631 END
START -11108 13700 -1352 -1232 -815 176 617 600 641 677 629 END
START -11300 14272 392 -1421 -1183 273 616 600 640 681 631 END
START -12000 13808 1040 -1497 -974 237 618 600 639 678 632 END
START -12828 12496 1372 -1518 -838 325 617 600 635 680 632 END
START -12636 13620 820 -1485 -674 410 621 598 638 680 631 END
START -13036 12680 1440 -1342 -511 568 617 601 640 680 629 END
START -13084 11444 1780 -1284 -445 583 618 603 641 679 630 END