START -15184 7132 -6512 -894 -171 -1749 613 590 637 681 624 END
START -15024 7128 -6460 -1025 -218 -1681 615 588 637 681 623 END
START -14528 7144 -6008 -1388 -250 -1352 616 582 638 681 623 END
START -14332 6952 -5532 -1633 -415 -1204 616 587 638 681 628 END
START -13976 7060 -5224 -1621 -345 -1101 616 587 637 676 623 END
START -14148 6896 -4468 -1488 -312 -1041 614 589 636 682 623 END
START -14148 7348 -4496 -1333 49 -821 614 587 636 680 622 END
START -14408 6404 -4476 -1113 -153 -868 615 588 636 681 622 END
START -14980 6344 -4188 -1017 -530 -688 618 585 634 680 621 END
START -14868 6892 -3936 -797 -646 -432 617 588 638 682 624 END
START -14540 6804 -3816 -705 -443 -252 616 586 636 681 623 END
START -14440 6872 -3796 -662 29 -252 613 588 635 681 624 END
START -14596 5852 -4132 -700 323 -270 618 588 636 682 621 END
START -14320 5300 -5032 -655 825 -494 616 596 636 681 622 END
START -13920 6544 -5716 -582 1588 -355 615 585 637 682 622 END
START -14632 8180 -4480 -870 1787 405 612 587 635 681 621 END
START -15772 5360 -4348 -1153 1092 172 614 590 635 680 622 END
START -14512 6620 -6892 -950 1374 172 613 592 633 679 622 END
START -15252 7628 -5084 -1607 980 915 613 596 634 680 623 END
START -14036 5276 -7556 -1642 1572 77 613 591 634 680 622 END
START -15768 7988 -5492 -2488 1399 1238 614 591 635 679 622 END
START -14840 5216 -8928 -2762 1408 840 614 597 635 682 623 END
START -17728 5212 -7192 -4233 -89 1978 614 596 635 680 623 END
START -17612 8132 -9168 -5184 -54 2948 615 598 635 680 622 END
START -18780 3468 -11076 -6767 -1726 3501 615 598 634 680 627 END
START -19144 5460 -10084 -9290 -2527 5358 616 600 636 681 624 END
START -18040 9084 -9728 -11842 -715 7074 616 601 635 678 623 END
START -15840 11000 -11332 -14112 2117 7805 616 598 637 680 624 END
START -14588 10032 -11824 -16635 3318 7969 616 601 633 681 618 END
START -14388 6920 -11004 -18858 3074 7994 618 602 636 681 623 END
START -14052 5824 -8664 -20525 1279 8082 619 598 634 679 623 END
START -14184 5180 -5080 -21595 -526 8339 620 603 635 679 623 END
START -12548 5136 -2884 -22167 -1748 8497 619 601 636 678 625 END
START -11884 6564 -192 -22322 -1688 8437 620 602 634 679 624 END
START -10776 8220 2624 -21878 -523 8044 619 601 634 677 628 END
START -11084 9588 4840 -20756 429 7850 620 597 634 675 624 END
START -10232 10600 5384 -19057 1550 7264 620 603 636 679 625 END
START -8816 10396 5840 -17492 3852 6198 619 601 639 677 626 END
START -8596 10816 5460 -15919 6554 5225 622 603 634 674 623 END
START -9772 11264 5160 -14467 8182 4273 622 604 636 679 625 END
START -11944 11784 5108 -12947 7326 3624 624 607 633 681 626 END
START -11448 12324 4032 -12123 5458 3058 626 601 635 680 625 END
START -9932 12488 3596 -11288 4986 2470 626 606 638 681 625 END
START -10012 12492 3832 -10471 5600 1863 629 606 637 680 624 END
START -10240 12372 3692 -9471 5960 1268 631 606 636 683 624 END
START -11916 12384 5832 -8343 6000 702 639 606 643 680 625 END
START -11304 13216 3788 -7483 5404 229 635 608 637 680 625 END
START -12272 13468 3340 -6929 4611 -2 638 610 636 683 623 END
START -12752 12820 2884 -6394 3888 -216 637 606 633 682 621 END
START -12972 12948 2660 -6219 3076 -469 638 607 637 681 624 END
START -12088 12480 2524 -6344 3349 -760 644 607 639 680 625 END
START -13376 11872 2396 -6717 4228 -536 638 609 639 682 628 END
START -13796 10748 1932 -7303 4563 -649 639 608 636 682 625 END
START -14180 8952 1232 -7860 4339 -823 638 606 636 682 625 END
START -14692 7752 2000 -7228 3892 -808 640 611 640 684 625 END
START -19392 6316 7144 -4671 -2053 -291 643 608 644 686 625 END
START -8796 4112 9528 -1093 -2577 -2629 641 609 643 685 626 END
START -11884 5004 5964 830 4184 -821 646 609 646 685 625 END
START -15552 6200 -108 1583 1289 -487 642 609 644 685 628 END
START -14900 6560 -2772 1266 -1466 -298 643 609 645 684 627 END
START -12656 7948 -3488 838 -2366 -212 643 608 644 686 626 END
START -9920 9036 -2824 504 -1815 -347 644 610 644 685 628 END
START -10540 6400 -1424 700 -416 -862 644 609 642 686 627 END
START -9716 8280 -1672 20 338 -592 646 609 644 686 629 END
START -11692 6528 -828 -212 -696 -680 644 609 643 686 627 END
START -12168 6288 100 -69 -1334 -740 644 613 646 686 628 END
START -12192 6420 388 1 -990 -620 644 610 645 686 630 END
START -13164 7088 1140 -381 -1040 -95 640 611 644 685 627 END
START -12868 7736 2032 -462 -823 -136 644 611 646 685 631 END
START -12196 6268 912 -438 -602 -256 645 608 645 686 626 END