START -16804 9124 -7616 -3766 334 2905 566 539 583 641 610 END
START -16612 9156 -7768 -4082 345 3267 562 540 583 640 611 END
START -15980 9276 -7952 -5078 553 4189 567 537 582 640 605 END
START -15336 9048 -7928 -6163 1228 4993 566 539 584 640 606 END
START -14692 8976 -7636 -7224 1613 5554 556 540 578 637 611 END
START -14056 8644 -7348 -8054 1602 5872 556 541 585 638 607 END
START -13544 8696 -6964 -8830 1670 6207 565 540 583 638 607 END
START -12924 7772 -6376 -9367 1149 6072 566 535 582 638 607 END
START -12572 8400 -5512 -9872 1038 6222 565 540 583 638 610 END
START -12100 9248 -4688 -10182 1117 6263 565 542 583 637 608 END
START -11616 9688 -3684 -10301 946 5946 564 534 586 634 606 END
START -11060 9964 -3192 -10200 1046 5616 566 543 582 634 607 END
START -10292 9520 -3004 -10145 1953 4906 564 539 582 634 608 END
START -9892 8108 -3804 -9983 3496 3858 567 537 584 636 608 END
START -10096 8628 -4088 -9453 5271 3370 564 538 579 635 603 END
START -11248 11488 -1920 -9195 5857 3640 565 537 585 635 608 END
START -11844 8916 -1788 -9018 5322 3122 564 535 583 632 607 END
START -10648 11248 -3136 -8312 5907 2970 563 539 583 633 608 END
START -11820 10280 -904 -8572 4487 2843 564 534 584 627 608 END
START -9916 11340 -3772 -7821 5405 2467 563 537 584 633 608 END
START -11392 9012 -1392 -7858 3985 2061 567 538 589 634 608 END
START -10344 12800 -1624 -7263 4590 2387 564 537 586 633 610 END
START -9716 10344 -4400 -6739 4214 1237 565 536 584 632 608 END
START -11188 8752 -1460 -6862 2789 1422 563 536 586 632 610 END
START -10892 13088 -352 -6479 3315 1604 562 536 585 631 610 END
START -9216 12180 -3916 -5792 3582 588 564 538 585 631 609 END
START -10376 8188 -3052 -5845 2362 -23 565 539 584 631 611 END
START -11824 10724 -444 -6175 1624 448 564 539 585 632 604 END
START -11200 13764 -804 -5925 2189 580 566 538 586 632 610 END
START -10028 14092 -3448 -5537 2813 29 564 538 588 632 608 END
START -9712 9624 -5528 -5471 2142 -732 564 534 585 627 610 END
START -10428 8128 -4216 -5748 1197 -1011 565 539 586 633 609 END
START -11152 8628 -2240 -6170 1077 -1007 561 542 589 634 610 END
START -11500 8384 -2888 -6599 1051 -874 564 540 588 633 611 END
START -12080 9416 -1560 -7040 899 -678 554 541 591 634 610 END
START -12048 10672 -852 -7480 1085 -487 566 539 589 635 611 END
START -12716 11612 -576 -7898 1885 -220 562 543 587 636 610 END
START -12876 12500 -472 -8469 2485 -111 564 548 592 637 610 END
START -12504 13144 -488 -9056 2937 61 564 544 593 638 610 END
START -11664 14860 -1524 -9505 3843 190 564 543 595 638 610 END
START -10968 14464 -1744 -9907 5022 109 565 546 599 638 610 END
START -10844 14448 -1108 -10102 7167 -97 565 548 599 644 612 END
START -10892 13988 -920 -10330 8185 -577 568 547 604 648 613 END
START -12224 9952 2148 -10092 9093 -1091 567 553 606 656 612 END
START -17304 8304 4036 -8620 7636 1005 571 559 621 667 621 END
START -15620 7228 11704 -5076 698 -787 575 568 624 671 623 END
START -11932 6440 12516 -1971 3675 -560 577 574 632 673 627 END
START -16468 7176 6324 -305 553 -40 576 572 632 674 627 END
START -15088 8896 1424 -558 -2936 465 577 573 632 675 629 END
START -14708 10692 -460 -1163 -4489 568 576 574 630 675 620 END
START -13040 9144 -2592 -1607 -4155 543 579 575 634 677 629 END
START -10796 8028 -3264 -1547 -3030 148 580 575 635 677 630 END
START -9336 7316 -3188 -1269 -1241 8 580 567 634 676 630 END
START -10344 7920 -624 -1169 -552 -96 580 576 635 677 629 END
START -9976 7068 -624 -996 -817 -459 587 578 635 677 629 END
START -10884 7460 60 -889 -926 -669 581 580 636 678 629 END
START -12276 8184 824 -898 -674 -625 580 576 637 677 629 END
START -13904 9104 1440 -962 -728 -508 581 575 637 677 630 END
START -13452 7820 -208 -994 -1088 -313 583 576 637 678 629 END
START -12576 6948 -1612 -903 -1431 -184 585 574 638 677 631 END
START -11484 7056 -2672 -632 -1765 -300 582 577 636 677 623 END
START -10552 7580 -3396 -326 -1683 -385 582 578 636 677 629 END
START -9288 8684 -4444 -124 -1165 -579 581 579 636 678 629 END
START -9900 7472 -4216 -122 -400 -662 582 575 635 675 630 END
START -9952 8684 -4644 -122 207 -629 581 578 635 679 629 END
START -10860 7636 -4040 -178 54 -654 580 577 634 679 630 END
START -11652 7212 -3008 -299 -300 -450 582 576 633 677 627 END
START -10804 8092 -3908 -151 -258 -247 582 579 637 677 629 END
START -10076 9940 -3644 20 -415 -62 574 578 635 678 630 END
START -10320 8560 -3720 167 -913 -173 585 578 636 678 629 END