START -15504 5216 -3620 -552 257 -600 586 560 600 658 618 END
START -15428 5084 -3684 -597 339 -565 587 561 605 657 617 END
START -15392 5036 -3464 -650 411 -465 588 555 602 654 618 END
START -15632 4912 -3108 -673 335 -355 585 561 603 658 618 END
START -16072 4836 -3336 -745 3 -184 587 560 603 659 618 END
START -16256 4708 -3188 -816 -499 -55 587 560 603 658 617 END
START -15792 4768 -3528 -827 -508 125 587 557 601 658 619 END
START -15792 4512 -3628 -1076 -310 316 585 558 602 657 617 END
START -15804 5204 -3632 -1196 457 728 587 558 603 658 617 END
START -16072 4568 -4260 -1303 683 878 587 563 605 657 619 END
START -16492 3904 -4384 -1685 676 1148 589 558 604 656 618 END
START -17100 3888 -5296 -2072 575 1666 586 560 604 658 618 END
START -17452 3992 -6104 -2614 671 2410 587 562 602 659 619 END
START -17372 4704 -6348 -3257 843 3396 586 558 604 653 619 END
START -16852 6868 -6076 -4421 1182 4550 587 562 604 658 617 END
START -16964 5852 -5876 -5774 1610 5079 588 566 605 661 618 END
START -16312 4188 -7756 -6720 2608 5017 590 565 603 659 620 END
START -17024 7684 -6080 -8012 3001 6417 590 566 607 659 617 END
START -18384 4660 -5424 -9414 1485 6789 592 567 608 659 619 END
START -17104 8484 -5576 -10191 682 8027 591 568 608 660 620 END
START -17804 4516 -4988 -10906 -1819 8283 592 569 608 659 619 END
START -17896 8180 -2576 -11391 -3421 9869 591 572 609 657 619 END
START -14192 6900 -5580 -11296 -3697 9692 593 570 614 659 618 END
START -13484 4712 -4132 -11979 -3589 9777 597 570 611 657 620 END
START -13936 8360 -252 -12647 -1942 10612 597 570 610 654 620 END
START -12972 10688 -364 -12163 473 10640 598 571 610 654 621 END
START -12172 8364 -3572 -12026 1600 9967 599 566 609 651 619 END
START -12620 5116 -3304 -12435 716 9381 599 572 609 656 619 END
START -14072 6180 488 -12717 -779 9493 601 571 609 653 621 END
START -13900 9788 2508 -12545 -1512 9912 603 572 611 653 621 END
START -12144 11460 1516 -12065 -1011 9883 603 572 613 647 619 END
START -11016 11908 1352 -11538 29 9320 612 571 607 652 621 END
START -9840 11512 -208 -11034 1515 8475 601 573 609 654 621 END
START -8628 10052 -1796 -10667 1866 7499 606 569 610 650 619 END
START -8060 8420 -2652 -10179 2838 6653 606 574 613 653 620 END
START -7936 7396 -2580 -9819 3767 5774 606 577 612 655 622 END
START -8304 6440 -2080 -9543 4117 4907 609 575 614 652 621 END
START -9188 6320 -1088 -9124 4077 4335 610 577 615 654 622 END
START -10340 7172 2252 -8826 3881 3814 608 578 611 655 620 END
START -10980 7668 3056 -8245 3430 3246 611 582 613 650 621 END
START -10996 8152 3576 -7565 2976 2720 612 579 615 656 621 END
START -10840 8688 3724 -6955 2987 2199 613 580 616 657 621 END
START -11520 11252 4712 -6551 2860 1800 616 573 617 657 622 END
START -10892 8372 2424 -6310 2488 1189 619 582 618 660 621 END
START -11556 10652 3292 -6326 2842 988 615 582 621 659 620 END
START -11668 10120 3120 -6397 3095 593 618 580 619 660 622 END
START -11604 9356 2756 -6506 3676 232 620 585 621 662 622 END
START -11356 9392 3724 -5812 4879 -204 621 588 623 665 622 END
START -12072 8232 5920 -4126 4752 -842 624 591 631 669 627 END
START -11836 7344 6260 -2924 6000 -965 626 594 631 672 619 END
START -14260 5480 2728 -1600 4732 -843 628 594 633 676 628 END
START -14952 6192 1916 -558 2387 -749 628 602 633 681 626 END
START -12856 6904 -820 -34 796 -667 627 598 634 680 627 END
START -12100 7552 -1004 -19 205 -417 629 598 635 678 629 END
START -11508 7376 -568 -97 140 -396 627 599 636 678 629 END
START -11604 7364 332 -299 408 -254 630 600 636 678 630 END
START -12188 7952 1552 -526 -94 -109 627 602 636 679 630 END
START -12604 9064 2848 -585 -667 -93 629 602 635 678 630 END
START -12676 7896 1628 -609 -1414 -59 628 601 637 678 628 END
START -12768 9660 2304 -683 -1621 -5 631 600 638 676 631 END
START -12384 11692 2984 -833 -1204 85 631 603 637 679 631 END
START -12956 10616 2756 -970 -653 161 630 600 638 675 630 END
START -13068 12296 3388 -1016 -869 210 629 602 635 679 629 END
START -13288 10908 3332 -981 -1213 128 628 605 639 679 632 END
START -13308 9048 2272 -927 -1507 114 631 602 638 674 632 END
START -13120 10248 2632 -877 -1595 97 629 596 638 679 631 END
START -12368 8308 1412 -868 -1624 0 630 603 639 678 631 END
START -12376 9060 1948 -979 -1349 156 630 612 637 679 633 END
START -12432 9972 2260 -972 -1069 12 630 602 637 680 631 END
START -12496 8352 1220 -1013 -941 95 630 604 638 682 632 END