START -10404 9300 -12316 1464 498 -1084 581 572 594 647 602 END
START -10432 9324 -12348 1305 570 -1016 593 560 593 644 614 END
START -10580 9188 -12152 1019 635 -739 589 560 593 645 615 END
START -11056 9256 -12016 831 370 -340 590 569 590 655 614 END
START -11324 9360 -11336 627 -232 -11 587 563 580 646 615 END
START -11108 9484 -11308 261 -788 219 586 562 590 646 616 END
START -10520 9340 -11352 23 -993 306 588 560 590 646 616 END
START -9984 9104 -11464 -286 -679 369 589 561 590 644 615 END
START -9352 9108 -11476 -293 74 277 591 561 594 645 616 END
START -10236 8324 -11224 -416 204 194 592 565 586 643 615 END
START -10140 8940 -10860 -510 -113 632 589 562 591 645 616 END
START -9952 9904 -10204 -493 -867 570 581 556 596 613 614 END
START -9360 9572 -11368 -255 -1201 221 590 561 602 646 616 END
START -8436 8920 -12652 -209 -1094 117 590 562 591 645 617 END
START -7976 9092 -13020 -403 -487 76 597 575 594 644 616 END
START -9520 9164 -12108 -683 -199 -79 592 563 550 647 618 END
START -8352 8996 -12836 -924 138 -56 590 562 591 645 616 END
START -8732 8664 -12576 -1064 -340 -44 592 561 588 645 616 END
START -9572 8780 -11792 -1141 -1083 88 593 562 588 645 616 END
START -9388 9536 -12060 -1132 -1122 363 575 561 591 645 616 END
START -9032 10444 -12508 -1406 -1305 762 593 545 591 647 616 END
START -9040 10492 -12452 -1871 -1283 1093 592 562 585 643 622 END
START -10072 9148 -12528 -2647 -1338 1282 592 561 591 646 616 END
START -10204 8928 -12488 -3713 -1010 1317 594 555 569 647 617 END
START -9996 8408 -12912 -4816 -197 1365 597 563 592 646 617 END
START -11160 7760 -12860 -5792 403 1388 592 564 591 647 617 END
START -11152 7900 -13160 -6654 856 1300 629 564 592 647 617 END
START -9796 7900 -14644 -7545 1538 1066 594 563 592 641 617 END
START -9216 6176 -14812 -8300 2243 361 595 563 593 647 614 END
START -9372 6380 -12716 -9019 3143 -338 593 566 594 649 613 END
START -9172 7508 -11772 -9475 3690 -1081 594 566 596 649 619 END
START -7040 7688 -12692 -9914 3879 -1784 597 568 595 649 616 END
START -9068 8184 -10684 -10210 2840 -2396 598 568 596 650 618 END
START -7088 8580 -11464 -10230 2092 -3117 585 569 548 643 619 END
START -8092 9324 -9868 -10223 1713 -3646 598 571 596 648 612 END
START -7196 10520 -9856 -10117 2426 -3936 597 570 594 645 613 END
START -7744 10220 -8548 -10197 3026 -4249 598 571 594 644 611 END
START -7696 10080 -8164 -9941 3658 -4645 595 584 588 641 607 END
START -8612 9948 -7212 -9598 4756 -4777 598 566 590 644 607 END
START -10020 10040 -6212 -9194 4773 -4847 603 573 594 639 607 END
START -12000 9380 -5540 -8785 4369 -4841 610 566 584 642 607 END
START -11628 9332 -7588 -8373 4576 -4699 604 574 594 655 607 END
START -11484 7656 -8248 -7655 4882 -5081 605 571 590 644 603 END
START -10952 8948 -8344 -6775 5712 -4706 609 574 593 644 607 END
START -11104 9240 -9388 -6091 6504 -4011 608 559 627 646 611 END
START -11904 10292 -8924 -5634 5777 -3193 609 576 596 646 609 END
START -11488 10644 -9064 -5246 4955 -2408 611 574 597 647 607 END
START -11368 11736 -8932 -4945 4380 -1674 612 577 599 648 609 END
START -10756 12276 -8816 -5046 3308 -881 612 579 607 650 611 END
START -9784 12196 -7960 -5098 2730 -177 612 576 606 658 611 END
START -10552 11676 -7284 -5036 1813 252 613 580 607 652 611 END
START -10984 11800 -6548 -5114 334 318 609 579 612 653 615 END
START -11428 11088 -6400 -4499 -1857 740 615 588 614 661 612 END
START -10824 11200 -5060 -3723 -5548 772 614 590 619 664 616 END
START -7888 8784 -4336 -2444 -6666 -109 620 595 619 668 618 END
START -2336 10132 -2632 -767 1071 -1527 627 601 630 672 618 END
START -9796 9600 -2740 -781 4702 -145 628 604 631 672 621 END
START -10052 9404 -8068 -404 2961 -1422 616 605 634 676 629 END
START -12364 8124 -10032 -67 1978 -1692 633 616 635 673 623 END
START -12744 8748 -10036 -208 1270 -1800 633 608 634 674 624 END
START -10760 10348 -10680 -424 2190 -1511 635 607 635 675 625 END
START -10464 10796 -8832 -544 2641 -1131 637 609 637 669 639 END
START -10060 10852 -8280 -346 1940 -793 657 610 635 666 622 END
START -9040 10856 -8908 -69 1391 -421 640 611 639 678 629 END
START -9680 10796 -9000 13 648 -149 641 625 639 674 631 END
START -9448 10968 -9476 -68 278 -5 640 609 639 680 630 END
START -10244 10912 -9180 -286 -312 136 649 614 649 678 631 END
START -8896 10920 -9588 -272 -600 99 640 613 640 679 631 END
START -8224 10740 -9388 -259 -191 30 639 612 640 683 632 END
START -8544 10836 -9756 -283 41 117 636 615 632 674 636 END