START -11392 7128 -10436 -678 -379 92 653 594 611 667 639 END
START -11332 7036 -10308 -673 -328 109 652 595 611 667 641 END
START -11284 7136 -10300 -753 -300 21 653 594 610 667 639 END
START -11368 7104 -10096 -743 -73 -90 653 594 611 666 640 END
START -11524 7072 -9884 -743 -133 -42 653 594 611 666 640 END
START -11672 7152 -9840 -721 -546 30 653 593 611 665 640 END
START -11756 7136 -10052 -625 -959 201 653 594 611 666 640 END
START -12128 7032 -9916 -755 -1727 313 653 594 610 666 640 END
START -11248 7760 -9820 -763 -1495 544 653 594 610 666 640 END
START -10400 7372 -10920 -610 -1239 175 653 594 611 666 640 END
START -10296 7036 -10048 -660 -691 -210 653 593 610 666 640 END
START -11936 6704 -9644 -642 -368 -485 653 593 611 666 639 END
START -13024 6760 -9116 -613 -461 -660 653 593 611 667 640 END
START -13080 7260 -9144 -584 -922 -512 653 594 611 666 640 END
START -8632 7056 -12464 -502 -833 -472 653 594 610 668 639 END
START -8820 6948 -12836 -466 -267 -354 654 593 610 666 639 END
START -10484 7468 -11524 -442 -659 -29 653 593 610 666 639 END
START -12268 8444 -10312 -550 -589 280 653 593 610 666 639 END
START -9168 8920 -12148 -735 191 421 653 593 610 666 640 END
START -9052 9044 -12016 -901 423 485 653 594 610 666 640 END
START -8824 9072 -12440 -1033 233 718 653 593 610 666 639 END
START -12896 9420 -9064 -1217 -72 990 652 593 610 666 640 END
START -12520 9428 -9812 -1485 -60 1180 653 594 610 667 639 END
START -10196 8424 -12604 -1913 375 1257 652 594 610 666 640 END
START -11452 8160 -11628 -2713 359 1357 653 594 611 667 639 END
START -13676 8228 -10596 -3780 -257 1661 653 594 611 666 640 END
START -11292 7836 -12100 -4903 -1203 2063 653 594 611 666 640 END
START -13640 6540 -10692 -6082 -2325 2199 654 594 611 666 639 END
START -15364 6320 -10336 -6928 -2953 2286 651 594 611 667 639 END
START -10364 6728 -13752 -7724 -2139 2381 653 595 611 666 639 END
START -12040 8596 -10716 -8659 -2260 2712 653 595 612 667 640 END
START -9040 8424 -12228 -9211 -1122 3091 652 595 611 667 640 END
START -8976 9968 -11812 -9603 -590 3480 652 595 611 668 640 END
START -10872 10388 -8848 -9997 -132 3935 654 596 611 668 640 END
START -10652 10208 -8632 -10042 -113 4220 653 595 611 667 640 END
START -8988 9640 -8968 -10146 252 4268 653 595 611 667 640 END
START -12096 9832 -5724 -10146 446 3997 653 596 611 667 640 END
START -8472 9268 -7384 -10115 1927 3473 652 596 611 667 640 END
START -10540 9116 -5596 -9968 2848 2844 653 595 611 667 641 END
START -12004 8328 -4956 -9813 3267 2240 653 596 611 667 641 END
START -11516 7720 -6360 -9425 2782 1825 653 597 612 668 641 END
START -13764 8076 -5328 -8826 2417 1439 653 597 612 668 640 END
START -11436 9636 -6732 -8481 2200 1360 653 598 612 668 642 END
START -10972 10300 -6932 -8224 1625 1475 653 599 612 668 642 END
START -7956 10328 -8568 -7948 2207 1468 653 599 612 668 641 END
START -10468 11092 -6260 -7614 2103 1397 654 599 613 668 642 END
START -7660 11748 -7712 -7320 2794 1374 653 600 612 668 642 END
START -9052 12208 -6600 -7129 2232 1420 653 600 613 668 642 END
START -9804 12448 -5944 -6959 2202 1395 652 600 613 669 643 END
START -6900 11628 -7476 -6945 1815 1125 652 602 615 669 643 END
START -9728 11620 -4572 -6938 1946 567 650 601 614 669 644 END
START -8416 11148 -5064 -6771 2810 -40 650 602 614 669 644 END
START -8336 11104 -4676 -6529 3191 -612 650 602 615 669 644 END
START -12120 10328 -2752 -6387 2345 -1050 650 604 616 670 645 END
START -12348 9492 -4988 -6166 1438 -1534 649 604 616 670 645 END
START -9748 9084 -6608 -5726 2195 -2286 650 606 618 671 645 END
START -7928 10320 -8180 -5483 5120 -3065 651 608 620 673 645 END
START -11700 11352 -5412 -5480 6481 -2962 652 610 622 673 646 END
START -10964 11248 -5204 -4974 6120 -2317 653 612 625 675 647 END
START -13472 11900 -3504 -3929 3860 -1309 654 614 627 677 648 END
START -13048 12932 -2376 -3007 1021 -162 654 616 629 679 649 END
START -11468 12960 -3116 -2152 -287 447 655 618 630 680 649 END
START -7288 12088 -6496 -1852 -363 486 657 619 632 680 650 END
START -11364 12112 -3968 -1916 -963 534 658 619 634 681 650 END
START -10540 11828 -4560 -2062 -1069 364 658 619 633 681 650 END
START -8340 11108 -6132 -2057 -1378 249 658 620 634 683 651 END
START -12612 10976 -3216 -1780 -1674 118 659 621 635 682 651 END
START -10224 8932 -5556 -1229 -1225 -208 659 620 635 683 651 END
START -12740 9656 -4392 -772 -1227 -289 659 621 635 683 651 END
START -10636 9708 -6468 -567 -387 -454 660 621 635 683 651 END