START -11236 9684 -9912 -3486 1336 633 560 549 568 618 607 END
START -11356 9700 -9928 -3636 1282 706 562 550 570 620 608 END
START -11452 10084 -9772 -4288 923 871 563 553 571 620 608 END
START -9992 11144 -10344 -6061 1102 1129 560 554 574 623 610 END
START -10208 9592 -10040 -5430 559 429 566 554 573 621 609 END
START -9100 9436 -9772 -6013 780 124 566 554 575 621 608 END
START -9592 9748 -8964 -5756 760 -69 564 555 575 620 610 END
START -9816 9120 -8500 -5677 197 -432 569 555 575 622 609 END
START -9836 9564 -7616 -5643 291 -494 569 552 575 624 610 END
START -9076 10044 -7132 -5370 1151 -652 571 555 574 621 607 END
START -9428 10184 -6868 -5047 1912 -897 572 555 576 623 610 END
START -9884 10264 -6300 -4769 2261 -1165 575 557 577 624 611 END
START -10292 8812 -6712 -4413 2299 -1785 575 559 579 624 610 END
START -9036 9172 -9648 -3821 3022 -2042 575 555 577 625 611 END
START -10040 11832 -7952 -3986 2563 -1275 576 557 578 628 614 END
START -10244 7936 -9256 -4298 1114 -2386 575 556 578 628 611 END
START -10176 12208 -8008 -4716 1779 -1695 578 558 580 631 613 END
START -8872 7836 -11704 -4643 2285 -2665 580 562 581 632 614 END
START -8956 8372 -8964 -5709 2984 -2650 582 569 586 634 615 END
START -6356 11768 -8188 -4958 8158 -3258 589 576 589 636 617 END
START -11984 7640 -4844 -4100 11613 -4243 590 586 597 642 618 END
START -20316 6032 840 -1128 4735 -1189 583 587 595 642 616 END
START -18176 12276 -2132 332 -1428 -667 591 587 600 642 616 END
START -15244 9352 -9008 -100 -1339 -849 593 592 600 644 615 END
START -6344 10212 -11088 -1064 -1464 520 591 594 602 646 616 END
START -9440 9592 -8004 -479 -1214 -905 594 591 602 645 615 END
START -8236 9664 -7400 -1267 -499 -316 595 594 600 644 616 END
START -12768 10036 -6972 -742 274 -1094 595 595 600 644 615 END
START -4036 8432 -12352 -1160 1188 -124 594 593 601 644 619 END
START -10552 11768 -11484 -490 -673 212 594 595 597 645 616 END
START -17664 8576 -2980 -933 -3285 457 594 595 600 643 615 END
START -2892 14156 -17044 29 335 902 595 597 599 644 617 END
START -12736 8332 -4908 -902 298 605 594 595 599 643 615 END
START -10328 9808 -9248 -478 781 27 596 595 601 644 614 END
START -13660 10676 -5476 -919 -835 1056 593 593 601 644 619 END
START -6096 9816 -13280 -345 647 619 595 596 599 643 615 END
START -7692 9680 -9280 -1090 340 1086 594 595 600 645 615 END
START -13224 10076 -7260 -677 391 -148 593 598 600 644 618 END
START -7680 9388 -10468 -1049 821 639 593 596 599 643 615 END
START -6076 10800 -12644 -602 -243 98 593 594 598 643 617 END
START -7064 10420 -9464 -1269 -118 611 594 595 594 640 611 END
START -11508 9544 -8288 -843 -618 -565 593 596 599 642 614 END
START -18428 9412 -1980 -1347 -1282 113 594 595 599 640 615 END
START -9700 12100 -11264 -363 -57 -113 593 594 597 643 615 END
START -10284 8008 -8396 -873 -1526 -203 593 597 599 642 614 END
START -9544 12476 -7008 -611 -87 595 591 596 599 641 615 END
START -8632 7128 -8780 -651 -405 -767 592 596 599 643 615 END
START -8144 12372 -8740 -399 706 580 596 596 599 642 613 END
START -16856 7936 -4716 -630 -2239 -274 595 597 597 641 610 END
START -9212 12392 -9256 -497 -64 702 591 596 598 642 613 END
START -15844 7988 -3380 -658 -1430 170 589 596 599 643 615 END
START -10432 13816 -10648 -23 419 725 592 595 601 641 612 END
START -9136 7152 -9356 -609 -1605 116 591 596 598 641 612 END
START -9708 11280 -9568 -271 -786 523 591 596 597 640 613 END
START -4068 7996 -12252 -785 -802 -60 591 598 601 641 612 END
START -7708 12752 -11112 -322 1060 302 590 596 597 641 613 END
START -13648 7088 -5732 -701 -237 -578 588 595 598 641 613 END
START -10856 12504 -7116 -630 98 935 591 594 596 640 609 END
START -15560 7948 -4924 -765 -2161 -209 590 596 598 641 613 END
START -9180 12628 -7664 -830 -59 537 590 594 598 642 614 END
START -5788 7484 -11468 -643 1084 -583 589 596 598 641 613 END
START -9296 12208 -8560 -993 513 611 589 595 597 641 613 END
START -12956 7268 -9392 -649 -279 -749 587 591 595 641 614 END
START -17688 11104 -2492 -1066 -885 1085 589 596 597 641 613 END
START -10232 7796 -7984 -722 -131 -500 589 596 597 642 613 END
START -8932 11424 -8020 -975 537 728 588 594 594 642 614 END
START -9100 7264 -10236 -660 -254 -620 590 596 598 641 613 END
START -13504 12160 -5796 -863 -673 650 589 594 593 642 614 END
START -8924 7392 -9756 -571 -43 -412 588 594 595 641 614 END
START -14196 12388 -4056 -929 -588 749 590 596 598 642 614 END