START -15148 4520 -7900 73 662 -741 614 582 647 681 625 END
START -15096 4496 -7952 -52 759 -658 611 584 639 682 627 END
START -15448 4508 -7476 -307 873 -458 610 582 639 680 626 END
START -15420 4352 -7372 -514 515 -198 611 585 645 682 626 END
START -15476 4528 -7276 -667 -211 -65 614 586 641 684 622 END
START -15004 4432 -6976 -753 -728 70 607 584 641 682 627 END
START -14508 4588 -7076 -866 -757 145 613 585 641 683 625 END
START -14284 4100 -7036 -886 -447 64 612 587 640 682 625 END
START -14692 4576 -6792 -1066 -277 138 614 583 643 684 624 END
START -14352 5100 -7160 -990 -300 187 606 584 641 682 626 END
START -14284 4500 -7204 -875 -475 93 612 586 642 683 629 END
START -14276 4000 -7536 -891 -698 11 613 587 642 684 627 END
START -14252 3872 -7652 -984 -651 80 611 586 643 684 625 END
START -13928 4608 -7864 -1113 -166 246 611 587 641 683 624 END
START -14420 5288 -7824 -1268 258 759 613 588 643 684 625 END
START -15484 5612 -6844 -1644 -70 1186 611 588 643 683 624 END
START -15572 3608 -7460 -1852 -223 986 612 586 643 684 626 END
START -14584 3976 -8808 -1679 670 1090 612 586 643 684 625 END
START -15552 6352 -6812 -2054 419 2149 614 586 642 684 627 END
START -15060 2800 -8984 -2218 360 1687 610 588 644 684 628 END
START -15204 6672 -7940 -2633 1191 2732 612 589 642 685 627 END
START -15408 2844 -9328 -3125 1066 2428 615 590 644 685 627 END
START -16552 6504 -7864 -3878 1513 3852 613 591 642 684 628 END
START -15576 4208 -11104 -4296 1917 3629 613 591 643 685 627 END
START -17044 3072 -9012 -5570 1048 4537 613 589 644 685 627 END
START -16472 7364 -9424 -6715 1759 5757 612 593 644 684 626 END
START -14740 5248 -12840 -7842 2187 5498 614 592 647 685 630 END
START -15212 2720 -12164 -9836 1556 5495 614 593 645 686 626 END
START -15784 3812 -10728 -12113 870 6060 614 598 647 685 624 END
START -14984 7620 -9840 -13983 1001 6378 616 595 648 687 628 END
START -13544 8804 -10452 -15428 1658 6120 612 596 648 685 626 END
START -13508 8736 -10084 -16579 1378 5797 612 595 648 685 627 END
START -12328 6264 -11140 -17297 441 5463 609 597 648 685 626 END
START -11452 6112 -10104 -17786 137 5234 609 599 648 687 628 END
START -11604 4264 -8072 -17954 -248 5128 610 601 650 686 626 END
START -12304 3520 -5864 -17772 -1072 5210 609 605 652 687 626 END
START -11192 3816 -6184 -17419 -1391 5272 610 604 652 686 628 END
START -11248 3860 -5072 -17130 -547 5126 611 603 650 685 628 END
START -10220 4120 -6112 -17045 942 4724 611 607 651 687 628 END
START -10600 4188 -4924 -17211 1965 4335 612 608 652 687 627 END
START -10792 4408 -4580 -17422 2718 3875 612 607 650 686 627 END
START -10860 4772 -4224 -17627 3292 3195 612 605 651 687 628 END
START -10804 4804 -3644 -17840 4044 2230 615 612 651 688 628 END
START -10528 3928 -3940 -17948 4527 1475 617 611 649 688 629 END
START -11280 3624 -2364 -17678 4140 831 617 611 648 688 623 END
START -10940 3876 -1992 -17110 3543 544 619 612 650 688 627 END
START -10500 3932 -2456 -16486 4618 181 619 612 649 687 630 END
START -9848 4508 -3452 -15904 6621 -308 620 603 646 688 626 END
START -9200 5040 -4388 -15448 8654 -781 622 610 644 687 628 END
START -11616 5480 -2596 -14956 9487 -633 622 610 642 687 628 END
START -12128 6024 -2152 -14186 8806 -708 622 607 645 686 628 END
START -10768 10008 -1920 -13195 9164 -754 622 611 646 686 628 END
START -10500 11096 -1280 -12662 10596 -530 625 610 645 686 627 END
START -12060 12388 1976 -12094 11835 -495 626 610 643 687 625 END
START -13716 8632 2836 -11866 12458 -956 624 608 637 685 623 END
START -14172 6700 572 -11646 12315 -1799 626 607 642 686 627 END
START -13636 5084 -2452 -11246 11998 -2632 630 604 642 685 628 END
START -11300 6748 -5656 -10583 11644 -3360 632 606 640 685 628 END
START -26328 6792 5164 -4141 3621 1241 624 598 642 684 631 END
START -8376 12032 15208 1836 -10213 -5856 625 599 644 685 634 END
START -5504 15456 9476 2411 7821 904 626 597 641 685 630 END
START -18844 13044 -672 3127 6535 781 626 595 642 685 631 END
START -16208 15268 -4280 2485 1395 751 626 591 640 683 630 END
START -17404 16140 -3856 832 -4217 1189 626 590 637 682 631 END
START -14276 14536 -1844 -486 -6542 1696 626 598 639 687 632 END
START -10408 12640 616 -959 -5935 1497 626 592 638 685 631 END
START -9876 10408 3128 -784 -3026 976 625 591 636 685 632 END
START -10880 11320 2648 -658 -731 731 627 591 639 684 630 END
START -12856 9448 1460 -660 -632 351 626 591 637 684 631 END
START -13884 10516 492 -622 -316 360 623 592 637 684 630 END