START -11508 6624 -10160 -591 -665 234 622 564 580 631 623 END
START -11636 6564 -10112 -608 -625 174 622 564 580 631 624 END
START -11784 6484 -10168 -669 -571 179 622 565 581 632 625 END
START -11584 6576 -10284 -746 -627 79 622 564 580 632 624 END
START -11580 6676 -10220 -788 -368 66 622 563 580 632 624 END
START -11816 6392 -10044 -820 -394 -32 622 564 580 631 624 END
START -11656 6936 -10056 -811 120 112 622 563 580 631 624 END
START -11820 6368 -10332 -715 -457 -34 622 564 581 631 624 END
START -12636 5708 -9492 -888 -619 -54 621 564 580 632 624 END
START -11868 6628 -9628 -986 -624 289 622 564 580 632 624 END
START -11532 6948 -9624 -1030 -233 437 622 564 580 632 625 END
START -11408 7280 -9032 -1018 -197 556 622 564 580 632 625 END
START -13764 7356 -8024 -885 -329 606 621 564 580 632 624 END
START -10276 6620 -10396 -861 -293 629 622 564 580 631 624 END
START -11332 6360 -9380 -899 -254 443 622 564 580 631 624 END
START -11964 6320 -9104 -987 -513 388 622 564 580 631 624 END
START -13208 4820 -8840 -1092 -638 293 622 564 580 631 623 END
START -12552 4628 -9744 -1200 -706 216 622 564 580 632 624 END
START -14712 4848 -9572 -1371 -1434 283 621 564 581 631 624 END
START -13512 4756 -11428 -1714 -946 412 623 564 581 631 624 END
START -12812 5816 -12756 -2495 -1100 843 622 565 581 631 624 END
START -10552 6856 -15052 -3592 -529 1466 622 565 582 632 624 END
START -14064 8004 -12484 -4670 -1215 2399 622 566 581 632 625 END
START -10276 9572 -13984 -5960 -1356 3544 623 566 582 632 625 END
START -11096 8940 -13408 -7234 -1778 4063 622 567 582 633 624 END
START -11584 8196 -11416 -8502 -2495 4239 623 566 582 633 625 END
START -12088 7932 -10388 -9565 -2676 4096 624 567 582 632 625 END
START -11976 6424 -9908 -10262 -2585 3604 625 567 582 632 625 END
START -13480 6292 -8220 -10490 -2487 3323 625 567 583 633 625 END
START -13416 8064 -7092 -10500 -2310 3378 625 567 583 633 626 END
START -10272 8016 -9100 -10334 -1922 3644 627 567 582 631 626 END
START -11124 9328 -7688 -9780 -2352 4136 627 567 582 632 626 END
START -10164 10272 -7536 -9451 -2911 4608 627 566 581 631 627 END
START -9060 9616 -7820 -8999 -2315 4631 629 567 581 632 626 END
START -11796 9372 -4832 -8661 -2132 4268 629 567 581 631 627 END
START -8288 9308 -6892 -8430 -1010 3616 629 566 581 631 626 END
START -11788 9076 -4280 -8265 -311 2888 629 566 581 631 627 END
START -11384 7896 -5228 -8048 913 2066 630 566 582 632 627 END
START -12008 8716 -5680 -7779 1300 1615 630 567 582 631 627 END
START -10776 8408 -7424 -7582 1843 1224 629 567 582 631 628 END
START -10400 9536 -7484 -7434 1590 909 629 568 583 632 629 END
START -10652 10548 -6368 -7484 1529 581 630 569 583 633 629 END
START -8460 10492 -7976 -7261 1655 511 632 570 584 635 629 END
START -10016 11444 -6780 -7280 1392 276 632 572 586 636 630 END
START -7332 12136 -8348 -7443 2487 33 632 575 587 638 631 END
START -7752 12492 -8080 -7748 3400 -163 633 578 587 640 632 END
START -10144 12536 -6544 -8252 4275 -185 635 579 591 643 634 END
START -9700 12104 -5852 -8680 5850 -284 637 581 593 645 634 END
START -12020 11236 -5024 -9172 5693 -304 640 583 595 649 636 END
START -11916 10720 -4700 -9384 3934 598 643 585 599 652 637 END
START -14884 10016 -92 -8580 960 724 644 586 603 656 640 END
START -14784 9068 2112 -6332 20 509 647 589 608 661 642 END
START -14948 9708 3948 -3699 -1938 687 648 590 612 666 645 END
START -12572 8876 1688 -1136 -3445 422 650 591 613 666 646 END
START -10308 9180 -2936 91 -2124 71 650 592 615 668 647 END
START -10868 8976 -5752 134 -653 -470 651 593 616 669 647 END
START -9664 10344 -8312 -484 -37 -847 651 593 617 670 648 END
START -10324 10780 -6760 -885 36 -965 652 593 618 672 648 END
START -9756 11428 -5936 -853 206 -850 651 593 619 672 649 END
START -8800 11324 -5944 -536 1085 -822 652 594 620 673 649 END
START -10132 11580 -5712 -251 1161 -517 652 593 621 673 650 END
START -9612 12680 -6264 -289 941 -141 652 594 621 675 651 END
START -9476 13108 -6156 -521 497 204 652 593 623 675 651 END
START -10168 13308 -5192 -703 -371 431 653 594 623 674 651 END
START -10192 13380 -4468 -890 -804 472 652 594 623 676 652 END
START -8520 12552 -5600 -913 42 141 654 594 624 677 652 END
START -7908 12484 -6028 -990 552 -53 652 594 624 676 652 END
START -8084 12080 -6256 -1024 687 -50 653 594 624 676 652 END
START -11884 11796 -3448 -1003 203 70 653 594 624 675 652 END
START -11456 10756 -4292 -806 -245 341 653 595 624 676 652 END