START -11480 7692 -9632 -432 -284 -21 639 583 606 659 640 END
START -11496 7788 -9584 -416 -397 -14 639 584 606 660 641 END
START -11524 7684 -9620 -460 -705 20 639 583 605 658 640 END
START -11536 7756 -9556 -453 -789 76 635 583 605 659 640 END
START -11552 7972 -9832 -538 -942 173 638 582 606 659 640 END
START -11416 7824 -9776 -575 -1007 93 639 583 606 659 640 END
START -11224 7944 -9468 -539 -702 171 639 583 606 659 640 END
START -11256 7500 -9704 -497 -910 -11 639 583 606 659 640 END
START -11756 7764 -9232 -551 -544 257 637 583 606 659 640 END
START -10884 8304 -9872 -359 -258 287 639 583 606 659 639 END
START -11108 7880 -10488 -163 -573 171 639 583 606 658 639 END
START -10896 7696 -10344 -228 -722 75 639 583 606 659 640 END
START -11120 7648 -10208 -295 -783 -106 638 583 605 659 638 END
START -9600 7704 -11608 -310 -496 -85 640 583 606 658 640 END
START -11052 7936 -10632 -330 -457 -56 639 583 605 659 640 END
START -10120 7968 -11372 -298 -602 212 640 583 605 659 640 END
START -12384 9168 -9576 -353 -199 378 639 583 605 658 640 END
START -9536 9708 -11044 -485 85 570 639 579 602 659 639 END
START -10348 9872 -10432 -594 12 661 640 582 604 659 641 END
START -10624 9680 -10320 -751 -8 781 639 583 605 658 639 END
START -10720 9648 -10348 -922 -209 891 639 582 605 659 639 END
START -10636 8948 -11148 -1202 343 1009 640 582 605 658 639 END
START -10556 8580 -10764 -1664 463 952 639 582 605 658 640 END
START -12912 8356 -9228 -2273 44 1192 639 582 605 658 639 END
START -12900 8596 -9880 -2914 -222 1486 640 583 605 659 640 END
START -11932 8136 -10624 -3776 -1267 1819 640 581 605 659 640 END
START -13380 6356 -10972 -4809 -1901 1869 639 582 605 658 640 END
START -12936 6600 -12264 -5641 -2987 2252 639 583 606 659 640 END
START -12360 8020 -12120 -6583 -2787 2691 639 581 605 659 640 END
START -9436 8716 -13640 -7441 -1545 3326 639 584 607 659 640 END
START -12376 9568 -10548 -7962 -1556 3835 640 584 606 660 640 END
START -10752 10760 -9404 -8653 -891 4494 642 584 607 661 640 END
START -8584 10100 -10988 -9113 -193 4630 640 584 606 660 640 END
START -10616 9412 -8064 -9719 -70 4165 640 585 607 660 640 END
START -9428 9308 -7748 -10247 688 3657 641 585 607 661 640 END
START -10344 8956 -6328 -10465 1006 3179 641 585 607 660 640 END
START -11784 7960 -5400 -10542 758 2500 641 585 607 660 640 END
START -11628 7744 -6328 -10339 494 2162 640 585 607 660 641 END
START -12172 7932 -6548 -10173 254 1773 641 585 607 660 640 END
START -8928 8784 -8832 -10050 611 1367 641 586 607 660 641 END
START -11140 10360 -6048 -9994 622 1108 641 586 607 660 642 END
START -8408 10348 -7736 -9752 1137 1141 641 586 608 660 641 END
START -10680 11048 -5792 -9164 766 1309 642 586 608 660 641 END
START -8036 12232 -6964 -8645 1796 1304 642 586 608 660 641 END
START -9428 12648 -5484 -8251 2101 1480 643 586 608 660 642 END
START -8364 12284 -6104 -7859 3020 1438 643 587 608 661 642 END
START -8464 11332 -5568 -7587 3320 1069 642 586 608 660 642 END
START -10232 11016 -3756 -7372 3953 703 642 587 608 660 642 END
START -8940 10920 -4896 -7183 3825 234 644 587 609 660 642 END
START -12848 10412 -3344 -7221 3556 17 643 588 609 661 642 END
START -12184 9704 -6056 -7688 2794 82 644 588 610 661 643 END
START -12628 9884 -6572 -8248 723 488 644 590 611 662 643 END
START -14080 9496 -5220 -8436 -1057 546 644 591 612 664 644 END
START -9816 9416 -6240 -7805 -1778 570 644 593 614 665 644 END
START -11700 10300 -1528 -6308 -3200 451 645 594 617 666 645 END
START -8380 10848 -2336 -4378 -3349 307 645 597 620 669 646 END
START -7964 12124 -1580 -2660 -2371 -30 645 599 621 669 646 END
START -5748 13352 -4024 -2190 754 -532 646 598 620 670 647 END
START -8940 13472 -4396 -2345 2458 -848 646 599 621 670 647 END
START -9080 12828 -5552 -2755 2737 -1082 648 600 623 671 647 END
START -11476 12844 -2920 -3081 1580 -1037 648 600 623 672 647 END
START -12792 11488 -1444 -2869 554 -790 649 601 625 673 649 END
START -11712 9560 -2464 -2082 441 -911 648 602 624 673 649 END
START -12704 9920 -2876 -1092 -9 -787 649 602 625 673 648 END
START -12264 9732 -3840 -620 -148 -573 649 602 625 673 649 END
START -9912 11132 -6380 -669 -126 -268 649 602 625 670 649 END
START -10940 12388 -4448 -771 -324 -83 649 602 625 674 649 END
START -7900 12240 -5828 -618 283 -68 650 602 625 674 649 END
START -8960 12088 -5244 -429 465 -46 650 603 625 674 649 END
START -10148 12484 -4860 -340 228 100 649 602 626 674 649 END