START -15296 3528 -6000 -2091 -463 952 618 574 630 678 625 END
START -15116 3708 -5908 -2139 -360 965 619 576 635 676 625 END
START -15344 3740 -5948 -2350 131 1081 618 575 632 676 626 END
START -16208 3576 -6420 -2588 344 1415 618 573 630 676 627 END
START -16456 3316 -7456 -3064 -80 2059 617 575 630 677 625 END
START -17904 3216 -8280 -3809 -846 3084 618 576 628 676 624 END
START -18844 3468 -9108 -4686 -2414 4312 617 572 628 676 625 END
START -18124 3156 -8204 -5423 -2354 5351 621 569 629 675 626 END
START -17712 4792 -7228 -6238 -817 6486 617 568 626 680 626 END
START -17324 5772 -8512 -7499 221 7512 617 563 623 675 626 END
START -17628 5896 -7864 -8602 287 8247 615 556 619 674 626 END
START -17000 5920 -7332 -9594 122 8698 618 554 622 673 625 END
START -16332 6212 -6184 -10538 -82 8929 618 553 620 671 623 END
START -15596 5344 -5844 -11240 -306 8785 617 553 615 672 625 END
START -13892 6764 -6296 -11508 80 8879 617 547 617 665 623 END
START -13668 8232 -4496 -11935 33 9407 617 550 613 671 623 END
START -14404 5424 -3772 -11978 -209 8756 615 550 612 669 623 END
START -13876 8960 -3056 -11821 -99 9015 616 543 611 669 622 END
START -13316 5744 -2756 -11933 -1831 8640 617 550 612 669 622 END
START -11108 9932 -2248 -11499 -246 8599 618 551 615 668 622 END
START -11200 5704 -2604 -10829 671 7341 618 551 613 662 622 END
START -12776 9700 -28 -10787 1023 7884 618 552 613 666 622 END
START -12108 9084 -3036 -9983 1017 7148 618 555 613 667 622 END
START -12648 6224 -2532 -10112 -1375 6542 621 554 610 668 616 END
START -11976 8488 -1084 -10435 -1616 6713 620 557 614 668 623 END
START -11052 12264 -1064 -10311 213 6646 621 556 615 668 625 END
START -10476 12040 -1980 -9860 1806 6020 623 556 619 668 625 END
START -10216 8984 -4088 -9577 2204 5119 621 560 616 668 622 END
START -10948 6928 -3852 -9709 1479 4673 623 560 617 664 622 END
START -11728 7556 -968 -10185 458 4628 624 559 617 667 622 END
START -11648 9912 1104 -10092 418 4796 622 566 619 672 623 END
START -10208 13192 412 -9777 1359 4479 624 570 618 667 623 END
START -9776 12784 -1116 -9185 2392 3866 626 571 617 670 624 END
START -9752 11856 -2300 -8797 2382 3247 619 571 617 668 623 END
START -9796 10356 -3212 -8179 1803 2491 627 578 616 673 623 END
START -8748 9044 -2780 -7272 1409 1651 627 577 617 669 623 END
START -8164 8512 -1644 -6588 1369 1082 634 580 618 670 623 END
START -9080 8116 -2396 -6186 1688 941 628 582 619 668 623 END
START -9460 6468 -1348 -5848 2126 352 632 594 616 672 624 END
START -10064 6320 -1880 -5561 2616 140 630 593 619 673 624 END
START -10892 6500 -2040 -5307 2502 166 633 596 622 674 625 END
START -12892 7144 148 -5125 1637 248 634 598 622 675 625 END
START -12168 7048 -804 -5198 625 474 635 605 625 673 624 END
START -12472 8664 500 -5282 500 713 637 601 625 676 624 END
START -12792 10520 1496 -5521 789 1186 633 600 626 676 624 END
START -12540 9796 1156 -5698 1162 1112 638 602 627 680 625 END
START -13628 11424 1452 -6117 1091 1386 638 601 627 678 626 END
START -12820 9520 580 -6374 869 825 639 603 631 678 624 END
START -10424 10408 1124 -6810 2938 546 637 602 630 678 621 END
START -11008 4104 3224 -4715 6699 586 640 601 635 682 627 END
START -10340 4732 14368 1420 3469 -1930 647 602 643 683 629 END
START -12648 7672 3060 1424 3612 732 643 605 639 684 630 END
START -15916 6744 -1352 1851 -476 453 642 603 639 684 631 END
START -13800 7996 -2596 1367 -3111 312 641 604 638 681 628 END
START -11064 8272 -3128 597 -2854 140 642 602 639 682 630 END
START -8656 9356 -3564 104 -940 91 642 603 640 683 629 END
START -10296 7392 -1136 -329 13 -110 642 605 641 679 630 END
START -9656 8064 -1940 -751 -322 -277 642 604 641 685 630 END
START -10832 7224 -824 -915 -1040 -790 643 604 639 685 631 END
START -10056 7636 -1968 -1070 -691 -1076 640 605 637 684 628 END
START -10368 8480 -3036 -1149 165 -1050 641 603 640 685 632 END
START -10868 9380 -3168 -1115 259 -903 643 610 640 684 631 END
START -10084 10552 -3144 -1068 175 -793 642 605 643 685 635 END
START -9992 11336 -2724 -1121 268 -552 643 604 643 685 623 END
START -9752 12124 -2316 -1086 193 -568 643 603 639 685 633 END
START -9440 10148 -2964 -958 279 -562 640 604 636 684 632 END
START -9948 11124 -2868 -824 237 -436 642 604 641 685 631 END
START -10032 9832 -3512 -631 325 -367 637 603 642 685 631 END
START -9764 11896 -2928 -501 600 -146 644 604 642 685 634 END
START -9488 10904 -3496 -383 792 -73 644 603 642 685 631 END