START -16368 3732 1496 -1289 -2161 1157 582 560 590 650 603 END
START -16492 3808 1448 -1403 -2431 1283 576 559 587 651 609 END
START -16172 3892 1300 -1722 -3274 1393 585 558 591 651 603 END
START -15404 3948 1308 -2007 -3433 1364 587 558 596 653 606 END
START -14876 3952 1532 -2195 -2491 1351 587 554 588 651 602 END
START -14784 4008 1324 -2342 -1360 1396 580 556 591 650 608 END
START -15284 3896 1708 -2532 -873 1339 581 560 590 651 604 END
START -14668 4328 1860 -2400 -438 1371 582 549 590 652 603 END
START -15332 3488 1528 -2339 -626 1521 584 558 590 650 603 END
START -16268 3248 1104 -2752 -1543 1594 584 556 592 650 603 END
START -16352 3312 884 -3132 -2260 2040 584 557 591 652 604 END
START -16160 2988 1180 -3248 -2755 2057 587 556 591 650 604 END
START -15600 3452 480 -3557 -2475 2462 585 555 589 651 603 END
START -15068 4444 352 -3735 -1686 2812 577 556 583 650 602 END
START -15608 5984 2052 -4280 -1274 3524 581 555 591 650 604 END
START -15400 3964 2064 -4919 -1186 3259 583 556 590 650 603 END
START -13212 4092 228 -4400 1396 2955 585 556 591 651 595 END
START -14852 5888 3780 -4545 2247 3579 581 557 590 651 604 END
START -14436 2380 2272 -4105 2600 2693 581 557 593 650 605 END
START -13244 5824 4472 -3534 4144 2914 581 558 593 648 604 END
START -13288 1440 1728 -2768 5377 1860 581 558 592 651 605 END
START -16000 5584 5356 -2639 5825 2866 581 560 591 648 606 END
START -15904 3252 632 -1608 5712 2306 582 556 591 648 604 END
START -17984 1860 3264 -1981 3301 2987 583 560 590 652 604 END
START -18020 6472 2984 -1640 4460 4230 584 558 589 649 605 END
START -18036 3564 -1804 -1753 5412 4535 586 559 592 651 604 END
START -20148 2360 -392 -2995 4694 5831 582 560 592 650 605 END
START -19968 6276 964 -4526 5415 7919 583 562 593 649 605 END
START -19284 9360 -740 -5392 7788 9515 584 560 593 650 604 END
START -17876 6480 -4772 -6172 8660 10113 584 559 592 650 604 END
START -17200 6216 -4980 -7465 8006 10965 584 565 592 649 604 END
START -16180 4496 -4368 -8934 7286 12041 585 559 591 652 602 END
START -15580 4032 -2708 -10208 7354 12557 586 561 592 650 605 END
START -15244 3716 -2476 -11320 8006 13045 585 563 590 649 604 END
START -15108 4364 -308 -12072 8013 13207 585 561 590 649 599 END
START -13732 3940 -1168 -12703 8271 13141 588 562 590 648 604 END
START -13028 4328 -456 -13498 8712 12605 589 560 591 647 604 END
START -12236 4216 412 -13686 9445 11735 587 562 591 650 603 END
START -11004 4360 908 -13925 11593 10646 594 562 598 648 604 END
START -9884 3356 -1732 -14145 14776 9199 590 564 592 646 604 END
START -9832 3892 -1544 -14369 16917 7826 593 563 592 645 604 END
START -11248 3284 -1280 -14296 17567 6688 592 564 590 641 605 END
START -10556 5044 -3060 -13851 16488 5496 594 564 591 643 606 END
START -9412 5984 -3252 -13084 15800 4461 595 563 592 642 605 END
START -10316 9848 -1352 -12544 15300 3800 597 561 592 643 605 END
START -10084 11404 56 -12169 14031 3082 598 567 592 644 607 END
START -7412 5452 7196 -8045 12599 -150 594 565 594 642 605 END
START -16360 5240 20500 1281 8491 250 593 566 599 645 606 END
START -14500 17488 10216 -32 -3700 -266 598 569 598 645 605 END
START -14284 11008 2036 170 -3786 954 595 571 599 646 605 END
START -13504 14472 -3228 -612 -3595 228 597 570 603 646 607 END
START -14764 13980 -1240 -1895 -3870 -72 597 573 609 647 608 END
START -14848 12432 1184 -2715 -2770 -291 597 577 604 646 608 END
START -14372 7572 1080 -2560 -2330 -388 600 574 603 647 607 END
START -12516 6216 -824 -1826 -2646 -436 595 574 607 647 607 END
START -11836 6496 -2576 -1270 -3355 -641 597 576 607 648 609 END
START -10532 7388 -4068 -976 -2746 -664 596 576 606 648 607 END
START -9580 8228 -5052 -967 -1481 -745 596 577 605 649 607 END
START -10452 9256 -4728 -1034 -924 -573 597 573 605 645 607 END
START -10136 10616 -4136 -911 -244 -445 593 577 604 648 607 END
START -9928 12088 -3204 -857 496 -291 594 576 607 649 606 END
START -9780 10992 -3864 -784 934 -280 594 574 607 648 606 END
START -10320 12768 -2904 -674 809 -229 595 578 604 649 607 END
START -11228 13892 -1624 -671 778 41 596 579 605 651 605 END
START -11408 13220 -2836 -511 864 87 596 577 606 651 607 END
START -11360 12288 -3864 -337 828 163 594 578 608 648 607 END
START -11452 13372 -2256 -223 862 291 594 576 606 647 607 END
START -10500 12372 -3404 -158 1278 374 593 578 608 648 607 END
START -11300 13472 -2104 -177 1413 471 596 578 608 649 607 END
START -12204 13928 -456 -191 1188 482 598 577 608 650 606 END