START -16820 4656 -6096 -4144 1648 2556 610 556 593 640 606 END
START -17004 4804 -6164 -4459 1794 2724 611 557 592 641 602 END
START -17440 5008 -6140 -5424 2154 3350 609 558 592 641 606 END
START -18068 5012 -6028 -6335 1921 4088 608 557 592 642 606 END
START -17880 5192 -5772 -7106 1475 4922 609 562 592 640 606 END
START -18020 5292 -5612 -7935 1253 5769 611 559 598 641 605 END
START -17752 6032 -5444 -8600 1389 6748 609 559 592 641 607 END
START -17120 5548 -5576 -9149 1654 7390 606 558 591 642 609 END
START -17556 5528 -5772 -9948 2518 8243 609 558 592 643 605 END
START -17116 6280 -5648 -10768 3728 9222 609 557 593 645 607 END
START -16904 6856 -5412 -11653 4504 9997 607 557 595 646 609 END
START -16260 7324 -4552 -12782 4763 10527 606 552 595 640 607 END
START -15756 6132 -4188 -13180 4381 10737 609 558 599 647 606 END
START -14620 6224 -4228 -13192 3280 10789 611 557 596 646 607 END
START -13428 8664 -2440 -13288 2176 11279 601 557 599 645 609 END
START -12520 7012 -1552 -13590 1770 10650 610 556 600 647 608 END
START -10368 8440 -2468 -12670 3629 10130 607 557 600 647 609 END
START -11868 8608 192 -12761 3722 10003 607 554 599 648 610 END
START -10124 8392 -2668 -12136 4626 8972 609 556 595 646 608 END
START -11672 7136 216 -12128 2568 8325 609 549 601 644 607 END
START -10196 10948 -780 -11209 2735 7716 610 558 603 647 609 END
START -9328 6620 -2584 -10962 1748 6135 610 557 605 647 609 END
START -10544 9616 888 -10762 1805 6069 610 556 603 648 609 END
START -8816 11244 -1024 -9821 3227 4942 609 556 603 647 610 END
START -9120 7164 -2804 -9523 2808 3612 610 555 604 648 610 END
START -10716 9528 1624 -9467 2139 3518 610 558 603 648 609 END
START -9828 12524 632 -8712 3575 3078 609 558 604 648 610 END
START -8968 10820 -3032 -7977 4570 1803 614 557 612 649 609 END
START -9700 7604 -3892 -7647 3623 917 610 567 605 647 610 END
START -11624 8060 84 -7734 2598 885 609 560 607 648 611 END
START -11620 12236 656 -7333 3228 1290 609 561 604 650 609 END
START -10716 13132 -1320 -6796 4216 856 610 561 607 650 606 END
START -9504 11960 -4068 -6503 4935 273 610 564 607 648 609 END
START -9904 10012 -5720 -6383 5346 -284 610 563 608 649 613 END
START -10284 8588 -5792 -6525 4781 -571 611 564 611 652 612 END
START -12792 5272 -3752 -5213 2395 58 611 565 609 656 613 END
START -14960 6188 2776 -3855 -3089 119 616 568 615 661 610 END
START -8212 6500 7336 -1221 -2049 -1022 617 569 615 664 616 END
START -12636 8340 8892 343 1814 555 616 573 616 664 618 END
START -16452 11492 6100 1030 -531 1389 617 583 616 666 619 END
START -15640 12532 2532 1356 -3073 1597 616 577 617 665 619 END
START -14384 13240 1176 826 -4406 1599 619 580 619 666 619 END
START -12388 13296 1076 213 -3958 1392 618 584 617 672 620 END
START -10608 14904 1176 -242 -2520 1016 618 580 619 666 620 END
START -10544 14060 2320 -605 -1157 568 619 581 615 666 621 END
START -11912 12740 2608 -687 -851 189 618 583 618 668 621 END
START -12860 11280 2356 -745 -1156 69 619 582 619 668 621 END
START -12896 12540 2056 -839 -1011 55 616 581 618 669 620 END
START -13316 11348 2228 -1039 -1028 124 619 582 618 664 621 END
START -13224 9620 1704 -1047 -1182 8 618 584 618 668 621 END
START -12600 11240 2368 -1066 -1209 135 621 582 621 667 622 END
START -12388 9644 1836 -1075 -1139 -143 617 583 619 668 626 END
START -12108 8380 584 -1008 -922 -271 619 584 620 667 621 END
START -12808 9936 1600 -996 -963 -135 621 579 617 666 622 END
START -12628 8716 616 -979 -965 39 621 582 621 667 630 END
START -13164 10428 1236 -1015 -827 663 619 583 618 667 620 END
START -12476 12368 1800 -1038 -830 741 620 582 619 668 620 END
START -12628 11324 2252 -1006 -756 652 616 583 612 668 621 END
START -12644 9796 1924 -1017 -824 638 622 582 619 667 622 END
START -12460 11152 2228 -969 -506 509 617 574 618 664 620 END
START -13508 9060 1408 -893 -539 428 621 582 621 667 627 END
START -13720 10040 1840 -875 -876 500 621 581 619 666 619 END
START -12820 8108 608 -766 -1084 412 618 582 617 669 619 END
START -12828 8984 1492 -646 -1001 410 619 582 618 668 613 END
START -13056 10256 2468 -582 -1009 316 619 572 616 667 618 END
START -12884 9096 2376 -389 -1265 250 618 580 616 667 621 END
START -12564 8076 1928 -248 -1435 273 616 573 615 666 621 END
START -12688 9236 2964 33 -1556 210 620 568 616 665 621 END
START -13432 10436 3980 465 -1811 305 616 566 610 661 619 END
START -13116 8524 3256 1050 -2261 10 614 562 610 662 616 END