START -16096 5620 -5624 -4295 1819 3138 604 574 615 650 614 END
START -16260 5704 -5548 -4489 1745 3291 602 575 613 653 609 END
START -17108 5716 -6332 -5109 1345 3893 606 577 615 651 613 END
START -18100 5220 -7416 -5904 953 4729 603 577 614 651 606 END
START -19248 5472 -7428 -6884 -227 5981 603 573 612 651 612 END
START -17452 6324 -7288 -8028 -969 6975 605 571 619 651 614 END
START -15704 7440 -7304 -9292 658 7914 607 571 614 651 612 END
START -14988 7344 -6872 -10245 2094 8481 603 570 614 652 612 END
START -15156 6956 -5876 -11030 2233 8746 603 566 612 649 613 END
START -15220 7052 -4580 -11513 1445 8987 603 568 613 649 612 END
START -14060 7152 -4252 -11692 239 9069 604 566 611 649 611 END
START -13172 7548 -3744 -11592 -326 9168 603 566 611 644 611 END
START -12100 8972 -3364 -11467 -268 9414 601 565 602 647 611 END
START -11928 9964 -1724 -11782 -13 9484 605 565 610 646 612 END
START -12556 7600 -2004 -11894 187 8778 606 563 612 648 615 END
START -10896 8952 -3156 -11524 1154 8425 605 563 607 647 607 END
START -12132 8884 -840 -11975 530 8565 605 564 609 646 613 END
START -10296 7924 -3264 -11471 1527 7533 604 562 611 647 610 END
START -11720 9476 -244 -11776 1432 7721 606 564 610 646 612 END
START -9576 10220 -2764 -11131 2546 6756 605 563 602 647 611 END
START -10608 8000 -788 -11417 1775 6359 606 565 610 646 611 END
START -9912 12060 124 -10938 3242 6287 603 563 609 645 610 END
START -8700 8940 -2872 -10567 3972 4937 604 556 611 644 612 END
START -10200 8028 -172 -10873 3609 4687 606 562 610 645 611 END
START -10228 12308 1424 -10509 5068 4702 605 563 610 643 612 END
START -8780 11744 -1652 -9758 6731 3678 609 563 609 645 613 END
START -9032 8236 -3092 -9349 6562 2607 603 564 610 644 612 END
START -10392 7452 -576 -9365 5453 2322 606 563 609 645 612 END
START -11328 10192 1476 -9131 5556 2357 608 566 608 645 613 END
START -11228 12732 2072 -8748 5965 2291 606 564 609 646 612 END
START -10712 13428 636 -8162 5886 1707 608 561 610 646 615 END
START -10208 9728 -2152 -7484 4865 883 610 570 612 647 613 END
START -10176 7924 -1616 -6858 3121 383 609 564 613 647 612 END
START -10284 7172 -1132 -6379 1866 267 611 564 610 648 613 END
START -10412 7536 164 -6280 1662 319 609 565 612 648 613 END
START -11272 10704 2764 -6226 1842 700 610 568 612 648 614 END
START -12216 12116 3708 -6041 2175 669 610 570 612 649 612 END
START -11460 14568 2440 -5837 1940 595 613 564 613 644 613 END
START -11204 14120 2008 -5396 1919 507 613 569 620 651 614 END
START -12664 13620 2704 -3557 942 697 608 569 615 656 615 END
START -9908 13368 2296 -2374 -294 135 611 571 607 660 615 END
START -8236 13024 4356 -537 2353 -138 616 573 619 661 617 END
START -10056 11740 1068 336 3893 -5 617 574 621 662 617 END
START -12500 9028 -1560 668 1209 -185 617 574 620 663 618 END
START -11456 10096 -4088 399 -1220 -49 619 570 620 665 618 END
START -9720 11472 -4336 -22 -1926 69 617 574 619 662 620 END
START -8696 9680 -3792 -348 -1678 -89 616 575 620 664 619 END
START -8372 8176 -2392 -474 -480 -366 620 579 620 662 620 END
START -8420 9008 -2396 -396 490 -567 619 571 618 664 619 END
START -10060 8084 -1784 -395 108 -765 617 577 622 663 620 END
START -10008 8832 -2412 -461 -425 -830 619 582 620 664 619 END
START -10768 7884 -1852 -451 -569 -748 619 577 623 665 621 END
START -10272 8448 -2416 -430 -325 -630 619 578 621 665 620 END
START -9800 9032 -2684 -449 -259 -586 618 578 622 664 621 END
START -10028 8000 -1744 -477 -506 -565 621 579 625 664 623 END
START -9200 8956 -3004 -409 -406 -510 618 577 622 665 620 END
START -8820 11044 -3604 -353 -221 -435 621 576 626 664 620 END
START -8884 10152 -3612 -339 225 -230 619 577 620 662 620 END
START -9076 12392 -3380 -479 324 -19 618 580 622 664 622 END
START -9168 11044 -3236 -447 203 -64 620 582 621 666 620 END
START -9188 9724 -3064 -448 -13 -121 620 579 622 665 620 END
START -8996 11044 -3144 -413 -88 -242 619 578 626 665 622 END
START -9264 9404 -3192 -426 -263 -310 619 575 621 666 620 END
START -8556 10584 -3524 -442 32 -409 619 579 620 665 620 END
START -9480 8960 -3260 -581 9 -500 623 579 623 666 620 END
START -9976 8048 -2316 -751 -391 -585 620 577 621 665 620 END
START -10836 7508 -1028 -678 -108 -481 618 578 618 665 621 END
START -10892 8360 -1696 -368 -297 -291 620 575 618 665 618 END
START -10436 10040 -2060 -15 -936 -64 624 575 619 665 619 END
START -10196 9044 -1596 210 -1635 136 617 576 616 665 621 END