START -15324 5648 -3792 -1556 372 720 620 585 628 670 621 END
START -15508 5580 -3952 -1652 413 808 617 584 628 669 623 END
START -16296 5256 -3860 -1969 460 1175 617 584 628 669 623 END
START -17160 4972 -4224 -2347 435 1866 615 584 630 668 624 END
START -17192 5348 -4572 -2803 637 2592 617 588 627 671 623 END
START -17480 5588 -4504 -3273 869 3316 616 584 627 666 623 END
START -17008 6004 -4568 -3823 819 3888 615 585 628 669 618 END
START -16212 6396 -4468 -4271 1024 4393 615 587 630 671 624 END
START -16244 5780 -4232 -4659 834 4618 618 586 631 669 623 END
START -16604 6352 -3456 -5000 209 4942 615 586 628 670 625 END
START -16132 6576 -3352 -5014 -677 5349 616 586 628 669 624 END
START -15792 6624 -3588 -5017 -1419 5578 617 586 627 669 622 END
START -15572 5960 -3516 -5009 -1491 5660 621 584 630 670 629 END
START -15032 5876 -4200 -4918 -1007 5767 618 584 627 670 625 END
START -14428 8008 -4180 -4898 -141 6536 614 584 628 668 625 END
START -15524 8120 -3068 -5317 -113 7301 619 585 625 670 617 END
START -15000 5968 -4672 -5523 -125 7008 618 585 628 669 624 END
START -13940 9220 -4552 -5687 678 7827 619 585 628 668 624 END
START -14040 7620 -3848 -6429 1099 7949 615 585 624 669 623 END
START -12616 8452 -5704 -6648 3331 8028 617 585 627 669 624 END
START -14756 7404 -3396 -7366 3024 8362 619 585 628 670 625 END
START -13284 10704 -4288 -7614 3534 8935 617 584 627 669 624 END
START -12372 6884 -5404 -7586 2469 8217 618 577 628 668 623 END
START -12764 8932 -1980 -8138 2075 9022 617 583 626 668 625 END
START -10868 12192 -2840 -7927 3206 8845 618 584 625 671 623 END
START -10264 8192 -4808 -7671 2517 7791 620 582 625 665 623 END
START -10912 7976 -2208 -8159 1395 7583 619 583 625 667 623 END
START -9976 12236 -880 -8435 2133 7653 611 583 627 667 623 END
START -8684 13020 -3420 -8335 3787 6845 618 584 620 666 619 END
START -7944 9736 -5272 -8425 4081 5557 621 584 624 667 620 END
START -8896 7388 -4460 -8992 3525 4871 618 582 624 666 623 END
START -10892 10572 -696 -9544 2820 4903 620 585 623 666 625 END
START -10300 11404 280 -9757 2737 4546 624 584 623 666 623 END
START -8740 14108 -1084 -9587 3914 4034 623 587 623 666 625 END
START -7720 13500 -2900 -9365 5144 3123 622 585 624 668 624 END
START -7436 11572 -4104 -9199 6171 2202 625 586 623 665 624 END
START -8164 10068 -4104 -9156 6807 1409 622 584 621 665 624 END
START -8840 8664 -3592 -8964 6247 732 621 584 620 663 622 END
START -9260 7996 -2132 -9037 5400 333 624 586 620 664 621 END
START -10792 8472 840 -8935 4746 114 624 588 622 665 624 END
START -10916 8792 1760 -8561 4591 171 630 586 625 666 625 END
START -11612 11740 3464 -7898 5559 416 627 587 620 665 622 END
START -11528 12220 3120 -7274 6541 121 630 590 618 665 622 END
START -12044 12224 2548 -6823 7279 67 626 587 618 664 622 END
START -11940 14152 1376 -6514 7625 140 630 589 620 664 623 END
START -11892 14152 1464 -6216 7742 39 632 592 625 665 624 END
START -10828 14824 -416 -5888 8611 5 632 597 621 669 621 END
START -13036 13228 1792 -4837 9100 441 632 598 620 665 627 END
START -16624 13408 4264 -2661 4236 1089 634 600 618 668 625 END
START -13048 13760 6556 -751 -1209 810 634 601 617 667 626 END
START -10936 14836 4628 541 -102 1290 636 600 618 670 625 END
START -12560 15236 1236 547 551 1576 634 600 618 672 627 END
START -12640 15660 -2168 25 -680 1336 635 601 619 669 627 END
START -10580 15056 -3484 -729 -1828 995 633 603 620 669 628 END
START -10108 15640 -1128 -1348 -2082 800 634 604 618 670 627 END
START -10976 13392 1968 -1726 -1856 403 634 605 618 670 628 END
START -11328 10820 2256 -1787 -1248 -261 633 606 619 668 627 END
START -12008 8720 732 -1504 -849 -1115 635 604 618 670 626 END
START -12048 7520 -1492 -1433 -760 -1214 633 605 620 670 627 END
START -11636 7352 -2876 -1045 -681 -1317 634 606 619 669 628 END
START -10500 7788 -3436 -607 -243 -1112 634 605 619 667 627 END
START -9500 8668 -3996 -295 267 -910 634 602 618 669 626 END
START -8988 9592 -4416 -143 191 -1020 634 606 617 671 627 END
START -9236 8272 -4224 53 236 -955 634 606 617 669 628 END
START -10484 7396 -3000 156 -335 -837 634 606 616 668 629 END
START -11220 7264 -1592 593 -445 -700 632 604 616 669 629 END
START -10892 7320 -2364 1270 -793 -346 632 606 615 668 630 END
START -9944 8556 -3028 2207 -1183 -86 634 603 612 666 631 END
START -9708 7636 -2564 3112 -1207 117 627 598 610 663 625 END
START -9144 8700 -2928 4186 -1348 192 629 594 606 662 623 END