START -15544 5668 -7272 -2629 793 1996 597 551 569 626 602 END
START -15632 5660 -7308 -2771 820 2115 599 547 570 625 601 END
START -16220 5540 -7688 -3399 754 2572 597 552 572 624 601 END
START -16944 5612 -8472 -4261 931 3346 607 550 572 627 601 END
START -17356 5884 -8524 -5379 1201 4258 596 554 575 627 600 END
START -16608 6520 -9056 -6857 1339 5202 597 552 577 630 602 END
START -16252 7068 -9664 -8409 2343 6175 597 558 584 630 603 END
START -16796 6772 -10812 -10448 2570 6585 595 558 577 630 604 END
START -16488 7040 -10540 -12754 2371 6994 595 560 580 630 606 END
START -16628 7296 -9312 -14367 1254 7346 595 552 579 629 604 END
START -16052 6884 -8472 -15736 -428 7750 597 558 581 630 606 END
START -14724 6164 -8112 -16608 -1320 7910 596 559 582 630 607 END
START -12364 6688 -7664 -16785 -431 8058 596 557 584 629 608 END
START -11276 8884 -5552 -17011 1338 8544 595 559 584 633 607 END
START -12056 8236 -2896 -17549 2511 8647 594 554 585 628 608 END
START -10344 6732 -4936 -16681 4534 7739 596 553 587 631 607 END
START -11616 9600 -1036 -16207 5182 8090 593 555 587 630 614 END
START -11212 6292 -2440 -15568 4812 6908 596 559 587 636 609 END
START -11436 10024 620 -14535 4685 7073 595 556 587 632 609 END
START -9364 7520 -3336 -13701 5285 5725 593 553 587 631 612 END
START -11184 9472 548 -13529 5123 5765 592 553 588 631 610 END
START -8960 9740 -3664 -12621 6823 4850 595 552 590 632 615 END
START -10780 7756 -2068 -12688 6184 3976 592 557 589 632 610 END
START -11600 10432 1156 -12386 5796 3979 592 560 590 635 611 END
START -10304 11968 -1368 -11584 6362 3418 593 562 590 633 612 END
START -9476 10336 -3736 -11136 6050 2552 592 557 590 633 611 END
START -10336 7584 -2712 -11139 5050 2100 591 556 593 633 609 END
START -12040 9144 1564 -11201 4152 2193 596 559 597 634 614 END
START -12376 12596 2348 -10795 3544 2402 592 562 594 636 612 END
START -10644 12576 -448 -10108 2617 2088 593 563 596 637 611 END
START -8444 11920 -1980 -9408 3041 1297 592 563 597 636 612 END
START -7416 9996 -3684 -8445 4952 147 593 565 602 638 618 END
START -8980 7112 -3808 -8035 6169 -693 595 567 603 641 612 END
START -11228 7468 -2236 -7966 6119 -1060 595 561 604 640 613 END
START -12424 8276 -908 -7980 5328 -1222 596 570 601 644 613 END
START -12372 9516 -540 -8246 5055 -1270 596 569 607 644 614 END
START -12136 8164 864 -7641 5494 -1516 600 568 612 648 615 END
START -12420 7632 3188 -4456 5939 -1467 607 582 621 661 617 END
START -9540 12068 7872 -2756 9081 -2797 609 588 625 664 621 END
START -16628 11476 9360 -623 8250 -1124 610 592 630 669 626 END
START -17120 12768 7064 998 4018 -563 612 585 633 671 626 END
START -16080 14496 4020 1710 821 45 613 597 633 672 627 END
START -13816 15864 424 1614 260 371 615 589 633 673 628 END
START -12220 15400 -2696 1442 149 340 615 600 635 673 630 END
START -10460 13228 -4748 855 -265 257 614 598 636 674 630 END
START -9312 13492 -4016 677 -473 118 616 598 628 675 629 END
START -8420 11028 -4640 405 -576 -185 616 602 635 674 631 END
START -9040 9368 -5200 145 -243 -422 619 602 632 674 625 END
START -8552 10444 -5568 -43 104 -569 621 603 637 676 632 END
START -10116 9120 -6316 -145 133 -638 619 604 637 675 632 END
START -10140 8456 -6488 -168 397 -664 619 603 639 676 629 END
START -8628 10904 -5672 -207 1128 -489 617 604 639 675 632 END
START -9616 13372 -3180 -335 1299 -306 620 603 636 676 631 END
START -11136 14748 -476 -459 801 -114 621 603 639 676 632 END
START -10756 14320 -1916 -452 633 14 621 604 638 676 632 END
START -10488 13736 -3360 -459 799 188 619 602 638 677 634 END
START -11040 14756 -2372 -559 753 359 621 604 636 676 632 END
START -10164 13736 -3556 -589 767 435 619 605 638 676 634 END
START -10500 14468 -2364 -560 721 453 620 602 638 675 633 END
START -9936 12840 -4088 -454 734 497 620 604 641 677 633 END
START -10596 13524 -3404 -360 609 416 618 605 639 677 632 END
START -9728 12020 -5208 -364 492 381 618 605 638 676 630 END
START -9624 10632 -5776 -302 713 316 621 604 637 676 632 END
START -10048 9668 -5808 -201 477 184 622 606 635 676 630 END
START -10004 11512 -4700 -171 -36 222 621 599 636 671 632 END
START -10416 10648 -3988 -113 -608 469 620 602 635 675 631 END
START -11400 12940 -2504 -216 -1584 907 621 594 632 676 631 END
START -12168 14404 -1132 -239 -2763 1344 623 599 635 674 638 END
START -12088 14900 504 -337 -3727 1696 620 598 631 672 629 END
START -12368 14864 1812 -207 -4150 1832 617 592 629 670 626 END