START -14400 5444 -5604 -1644 586 1157 617 600 629 675 630 END
START -14108 5500 -5672 -1610 777 1145 619 599 623 677 629 END
START -14356 5536 -5456 -1620 985 1052 616 597 630 677 630 END
START -14416 5520 -5368 -1639 924 923 618 603 628 678 631 END
START -14344 5332 -5344 -1665 936 867 619 596 629 677 632 END
START -14456 5228 -5612 -1679 1010 837 617 596 629 677 629 END
START -14752 5100 -5452 -1811 1025 915 617 597 637 677 630 END
START -14052 5580 -5876 -1901 1533 990 617 595 631 675 628 END
START -13268 5164 -5720 -2012 2617 914 617 594 630 677 629 END
START -13968 4552 -6360 -2522 3690 997 616 598 628 676 628 END
START -15240 4236 -7444 -3127 4251 1216 616 595 629 675 630 END
START -16156 3984 -7840 -3572 3060 1177 616 595 626 675 630 END
START -15488 4344 -7704 -3739 908 1175 613 597 627 673 629 END
START -13936 5716 -7556 -4079 318 1231 614 596 627 675 627 END
START -14028 6684 -6908 -4738 611 1555 615 598 627 675 631 END
START -14592 5716 -6940 -5641 916 1472 616 601 629 675 631 END
START -14428 4176 -8908 -6114 2237 1171 616 600 627 673 630 END
START -14820 7900 -7236 -6698 2985 2038 616 597 627 672 630 END
START -16308 4720 -7452 -7254 2851 1975 615 588 626 671 630 END
START -15248 8228 -7164 -7391 3047 2959 614 593 627 674 630 END
START -16372 4672 -8008 -7949 2418 2889 614 599 628 674 630 END
START -16872 8896 -6844 -8655 2130 4461 615 597 624 674 626 END
START -16256 5856 -9960 -9338 2411 4512 616 604 628 675 631 END
START -17584 6848 -7572 -10808 1947 5846 616 598 627 674 630 END
START -16728 10216 -7204 -12208 3639 7134 617 596 629 673 631 END
START -14952 8728 -9976 -13157 5095 7401 617 596 627 670 629 END
START -15332 6096 -8380 -14211 4802 7649 621 595 628 669 630 END
START -15500 7032 -5156 -15270 3585 8487 620 595 627 671 633 END
START -14096 10516 -2712 -15631 2929 8856 616 591 622 669 633 END
START -13884 10156 -1892 -15204 2867 8548 621 591 625 669 628 END
START -11036 10772 -3224 -14626 1681 7853 617 588 626 666 631 END
START -9504 10256 -4084 -14168 881 6871 617 583 625 667 631 END
START -8556 7536 -5716 -13676 1108 5629 620 583 625 666 629 END
START -9676 5976 -6132 -13549 760 4814 618 585 623 665 630 END
START -11080 5820 -2828 -13572 -519 4186 616 589 626 665 633 END
START -10676 5808 -3276 -13304 -577 3832 620 585 626 663 630 END
START -10852 7232 -1348 -12786 -158 3489 618 585 627 662 631 END
START -11664 8260 504 -12553 -34 3241 620 586 626 667 631 END
START -11760 9596 1608 -11560 -527 3304 615 585 626 665 630 END
START -11020 10768 2372 -10624 -170 3016 620 587 625 667 630 END
START -10832 11544 2344 -9882 657 2725 619 586 627 666 632 END
START -12072 12400 2844 -9078 817 2611 619 589 628 667 630 END
START -12636 12712 2768 -8176 -285 2494 617 585 629 665 631 END
START -11252 12944 2324 -7368 -994 2210 621 587 628 667 630 END
START -10288 13228 1960 -6815 -231 1889 618 588 631 668 632 END
START -10704 13472 1408 -6691 470 1536 620 591 631 671 631 END
START -10236 14252 120 -6596 1144 1384 620 594 631 670 631 END
START -11608 14396 912 -6754 991 1293 620 592 631 671 632 END
START -12124 14148 1464 -6758 777 1324 621 595 631 671 629 END
START -10676 13920 -844 -6603 1215 1206 623 596 632 673 632 END
START -11236 13936 1040 -6750 1590 1037 626 597 631 674 631 END
START -10832 13724 1092 -7078 2562 866 624 598 628 673 629 END
START -11624 11864 1120 -6321 2756 859 625 600 634 677 639 END
START -14500 11024 4356 -3812 -842 1167 627 602 638 681 636 END
START -10212 11004 9508 -1287 -3561 -770 628 606 641 683 639 END
START -7600 8920 8292 700 2328 -650 632 606 643 684 639 END
START -14572 9444 5852 1897 3954 31 634 609 642 686 639 END
START -17884 10276 2704 2830 88 148 635 608 641 685 638 END
START -16708 13060 984 2436 -3783 1023 634 607 641 684 640 END
START -13092 11468 1276 2314 -5486 709 634 608 640 684 638 END
START -8900 10784 2508 2232 -2224 553 639 606 642 684 641 END
START -11248 12204 4120 2140 497 749 633 607 638 684 638 END
START -12804 11112 2812 1831 -315 900 637 605 637 686 637 END
START -12924 13044 2300 1441 -958 768 636 607 636 682 640 END
START -13076 11740 1964 788 -1203 815 634 608 635 681 637 END
START -13344 13028 2508 176 -1152 846 636 606 637 681 639 END
START -13112 11240 1996 -314 -1311 769 636 606 634 683 637 END
START -13160 12032 2356 -669 -1585 501 638 607 635 681 639 END
START -13024 10084 1424 -1030 -1944 190 636 607 638 682 632 END
START -12124 8332 -160 -1162 -1789 -318 636 607 637 682 637 END