START -13720 7524 -5448 -5657 -2234 4208 570 540 582 635 608 END
START -13752 7572 -5064 -5744 -1935 4222 570 546 579 638 608 END
START -13820 7596 -5132 -6010 -1192 4326 571 542 581 639 608 END
START -13840 7376 -5036 -6275 -418 4438 568 541 573 637 608 END
START -13676 7772 -4872 -6550 492 4583 566 540 579 636 608 END
START -13272 7740 -4820 -6750 1335 4510 564 537 581 634 613 END
START -13216 8252 -4928 -7109 2632 4689 566 540 577 635 605 END
START -13208 8084 -5308 -7242 3545 4576 563 540 579 634 608 END
START -13300 7640 -5408 -7464 3878 4368 563 540 577 635 607 END
START -13372 7644 -5072 -7756 3926 4233 568 539 585 635 615 END
START -13144 7924 -5032 -7943 3572 4254 565 540 578 635 608 END
START -12720 8720 -4896 -8114 3294 4332 559 533 578 634 607 END
START -12864 9656 -4124 -8438 3391 4637 563 539 579 635 610 END
START -13588 9564 -2796 -8946 2726 4821 560 540 582 636 610 END
START -13332 7524 -4128 -8936 1821 4235 567 541 577 636 608 END
START -11716 10048 -3780 -8652 1416 4320 555 540 579 634 609 END
START -12504 8724 -2188 -8937 74 4147 565 538 579 635 607 END
START -10624 8152 -4480 -8294 1130 3348 566 538 577 634 610 END
START -11752 9072 -1176 -8582 900 3573 567 537 578 635 608 END
START -10220 9128 -4256 -7871 2400 2772 564 538 579 634 609 END
START -12044 8492 -644 -8068 1215 2569 562 542 577 635 609 END
START -10872 12156 -1836 -7574 2566 2628 564 541 574 635 611 END
START -11080 8012 -4076 -7232 2348 1649 563 539 580 639 611 END
START -12944 8972 -144 -7571 737 1765 563 539 577 635 610 END
START -11964 13056 -456 -7251 1471 2291 575 536 580 635 608 END
START -10356 11212 -4148 -6729 2257 1534 563 537 579 635 609 END
START -10860 7880 -4004 -6707 1896 1011 562 536 578 634 609 END
START -12152 7968 -1116 -7012 1409 1120 564 536 579 635 609 END
START -12920 10940 928 -7148 1833 1653 564 535 580 636 609 END
START -12240 13508 308 -7038 2679 1912 564 539 580 634 610 END
START -11636 13732 -1960 -6730 3428 1728 564 539 575 635 605 END
START -11092 12104 -4136 -6562 3134 1513 561 537 577 634 611 END
START -10476 10360 -5108 -6556 2911 1336 564 538 580 634 609 END
START -10164 11228 -4716 -6626 3101 1084 566 538 582 635 609 END
START -10116 9908 -5344 -6747 3503 972 566 538 583 636 611 END
START -9668 9112 -5468 -6888 3696 682 572 539 581 636 609 END
START -11012 7080 -3216 -7210 3627 576 565 544 581 636 611 END
START -11236 6988 -3232 -7326 3746 458 566 539 586 637 610 END
START -11208 6940 -2804 -7482 3262 419 564 541 584 637 609 END
START -12364 7832 -272 -7655 2597 436 563 543 584 640 610 END
START -12064 7624 -424 -7877 2246 497 563 543 580 639 604 END
START -12388 9168 904 -8115 2485 519 564 545 588 640 610 END
START -12232 8148 -252 -8502 3047 501 565 545 593 643 614 END
START -12960 9956 628 -8740 3538 431 564 546 594 645 616 END
START -12596 11608 1080 -9047 4099 496 567 552 600 649 610 END
START -12984 10608 1196 -9392 4508 409 567 553 606 654 611 END
START -13828 9476 620 -9833 4337 384 566 555 608 655 612 END
START -13948 11072 1048 -10321 3971 665 566 557 615 659 610 END
START -14316 10140 1340 -10777 2403 676 570 557 624 661 613 END
START -8364 6616 1680 -9632 2845 -1127 574 559 625 669 614 END
START -10848 2848 16008 -3855 10683 -1478 575 569 630 671 617 END
START -13020 8296 10588 -711 5897 -1183 577 565 632 673 618 END
START -15532 8864 1580 387 663 -779 578 571 634 674 618 END
START -14556 8692 -3188 157 -4357 -566 576 572 634 674 619 END
START -13684 8300 -4104 -509 -5982 110 582 572 637 674 618 END
START -9680 8944 -6028 -689 -4131 484 578 574 636 675 619 END
START -8124 10204 -6424 -602 -1058 546 578 574 635 676 619 END
START -8376 8596 -5744 -562 411 480 582 584 636 675 619 END
START -9068 7432 -3688 -540 307 -70 582 575 636 678 618 END
START -9016 6780 -1580 -548 -250 -657 581 577 639 676 625 END
START -8644 7440 -2264 -404 456 -1180 587 576 638 677 620 END
START -10928 6904 -2116 -396 1067 -1261 583 578 637 677 621 END
START -11964 7744 -3216 -354 1071 -991 583 581 637 676 620 END
START -11348 9648 -3412 -391 828 -563 583 579 638 680 620 END
START -11044 11720 -2468 -358 509 -61 583 576 638 676 620 END
START -10316 10360 -2636 -202 -256 124 582 574 637 676 619 END
START -9448 11712 -3136 -184 -305 235 584 575 637 677 616 END
START -9328 9996 -3780 -113 -490 -36 583 579 638 677 619 END
START -9132 11492 -3936 -140 -273 -168 585 576 646 678 620 END
START -9040 10068 -4192 -153 404 -159 583 576 639 678 620 END