START -14916 4656 448 -2188 -1587 815 574 569 586 654 601 END
START -15280 4756 352 -2316 -1373 999 575 570 586 653 600 END
START -15988 5028 248 -2483 -1586 1350 573 566 584 652 602 END
START -16088 4828 -240 -2614 -1759 1453 570 568 586 649 600 END
START -16940 4876 -620 -2772 -2084 2038 570 570 587 651 601 END
START -17864 4256 -76 -2746 -3832 2463 576 566 586 653 602 END
START -16900 5020 -292 -2727 -5003 3217 572 571 588 647 601 END
START -16636 4080 40 -2591 -6137 3515 570 567 589 651 601 END
START -16180 4220 -372 -3417 -5492 4439 571 568 591 652 602 END
START -16944 3932 -468 -4403 -4303 4909 568 568 588 654 606 END
START -16768 4112 -1680 -5437 -2989 5088 566 568 591 653 602 END
START -16944 3292 -2240 -6309 -2087 5292 563 570 592 652 603 END
START -16512 3456 -3096 -6937 -960 5895 563 575 593 653 604 END
START -17284 5292 -2472 -8131 558 7635 566 567 593 653 603 END
START -18220 5072 -644 -9538 2156 8722 563 569 594 653 603 END
START -17784 3936 -1296 -10566 4023 9304 563 570 589 654 605 END
START -16000 6992 -1152 -10702 6510 10563 565 578 591 652 605 END
START -17180 3952 84 -11390 5950 11345 566 565 591 651 606 END
START -15164 7992 -636 -10878 7795 12267 565 565 591 649 605 END
START -15748 5540 -336 -11356 7786 12389 570 569 594 651 606 END
START -14576 9628 1680 -11223 9091 13305 571 564 593 649 606 END
START -12568 8300 -936 -11004 9857 12863 576 560 591 648 606 END
START -13356 6808 1964 -11693 8984 13093 576 563 590 651 603 END
START -12604 10644 2784 -11552 10775 13523 569 561 586 647 606 END
START -10884 10392 -200 -11203 12313 12543 579 563 593 647 607 END
START -9956 8064 -1572 -10907 11888 11216 580 563 592 646 607 END
START -10704 5560 188 -10913 10799 10294 583 564 592 647 605 END
START -10664 6324 2032 -10954 10616 9354 584 562 592 646 607 END
START -9956 9760 2968 -10910 11723 8341 586 564 593 645 608 END
START -9824 11668 1312 -10330 13107 7106 586 563 593 647 608 END
START -10372 11196 -1000 -9969 12479 6007 592 565 595 642 608 END
START -9556 11140 -2148 -9910 11239 4672 593 566 590 644 608 END
START -9220 8680 -4144 -9958 11201 3187 598 568 596 645 607 END
START -8704 7148 -3864 -10380 10528 1605 597 562 595 645 608 END
START -8156 5608 -1628 -10367 10371 -138 596 570 596 646 609 END
START -4216 600 1488 -6540 16541 -3462 607 572 605 655 610 END
START -23864 5664 17880 -426 5001 90 611 576 611 658 609 END
START -11560 8864 9116 -610 -1170 -966 599 580 609 658 610 END
START -16308 10584 4448 541 240 -41 609 581 610 659 611 END
START -15800 13620 -1392 351 -895 379 608 577 613 660 613 END
START -14736 14216 -2156 -45 -1591 315 610 583 612 660 611 END
START -13168 14688 -1788 -759 -919 208 607 582 613 661 612 END
START -10808 13564 -3040 -846 -172 63 609 587 612 663 612 END
START -10100 13728 -1716 -709 384 -192 610 584 612 660 611 END
START -10356 13856 -748 -592 -298 -437 609 582 614 661 612 END
START -9792 11836 -3284 -626 -397 -577 605 584 614 660 613 END
START -10716 12112 -3832 -704 226 -727 611 584 613 661 616 END
START -12816 12564 -3544 -716 178 -411 610 586 612 662 614 END
START -12452 13592 -1840 -719 -253 -110 612 581 611 660 610 END
START -12220 14176 440 -833 -612 307 611 582 613 660 612 END
START -11644 13732 -376 -709 -826 302 613 582 613 662 611 END
START -10524 13544 -1264 -651 -1136 134 612 581 613 659 612 END
START -11224 13908 604 -694 -1472 202 612 583 614 661 613 END
START -11564 12960 1248 -668 -1100 38 611 579 612 660 613 END
START -12720 11128 1976 -662 -866 -13 614 581 607 662 612 END
START -12148 12256 2216 -559 -634 -56 610 583 614 660 613 END
START -12688 10992 2812 -355 -282 -76 615 582 614 663 613 END
START -12596 12564 2968 -204 30 19 612 582 613 661 613 END
START -12684 13900 2384 181 749 235 611 581 613 659 612 END
START -12300 14344 1356 642 1081 256 614 576 612 660 612 END
START -11712 13940 -124 1093 1081 256 610 576 609 659 612 END
START -10580 12752 -2112 1520 989 208 609 570 614 660 615 END
START -10484 13832 -724 1752 1499 6 607 568 601 658 605 END
START -9544 13176 -1324 2033 2342 -537 608 565 605 656 612 END
START -9936 13564 1024 2460 3082 -933 607 564 601 654 607 END
START -9852 12404 860 3295 3806 -1562 608 564 601 653 610 END
START -11168 12628 3052 4460 3047 -2344 608 564 602 653 611 END
START -11500 12452 3612 5463 2066 -2835 607 563 600 654 611 END
START -12272 11628 3716 6351 1040 -3642 608 567 604 652 611 END
START -12144 10788 3472 6872 264 -4536 608 563 600 652 611 END