START -11368 7908 -9064 -654 -28 -110 664 617 625 679 642 END
START -11332 8048 -9128 -648 -14 -141 664 616 625 678 642 END
START -11840 8120 -9084 -664 -298 -36 664 617 624 678 642 END
START -12036 7840 -8784 -577 -706 103 664 616 625 678 642 END
START -11988 7860 -8960 -469 -1470 282 665 616 625 678 642 END
START -11420 7712 -8908 -400 -1768 191 664 616 625 679 642 END
START -11072 8156 -9232 -419 -1213 87 664 616 625 678 641 END
START -11292 7376 -9264 -414 -666 -205 663 616 624 678 641 END
START -11948 7844 -8628 -585 -30 -31 663 616 625 678 642 END
START -11384 8808 -9084 -573 122 218 664 616 624 678 642 END
START -10952 8180 -10156 -330 -95 144 665 615 624 678 642 END
START -11652 8460 -9440 -282 -594 79 665 615 625 678 642 END
START -10492 8044 -10224 -292 -1204 -71 663 615 625 678 642 END
START -10956 8124 -9860 -231 -2156 33 663 615 625 678 642 END
START -13396 8488 -7772 -115 -3319 71 663 616 623 678 642 END
START -12720 8456 -8388 1 -4175 189 662 615 624 677 642 END
START -10852 8096 -9736 -25 -3823 18 663 614 623 677 641 END
START -8844 7988 -11100 -70 -2656 -198 664 614 623 677 641 END
START -13700 9008 -7724 -88 -1561 -109 663 614 623 676 642 END
START -9380 9224 -11172 -205 42 -61 663 615 624 678 642 END
START -10624 9584 -10520 -344 156 67 663 614 623 678 641 END
START -11096 9524 -10752 -690 227 350 663 614 623 678 642 END
START -10400 9748 -11292 -1260 349 655 663 614 623 677 641 END
START -12924 9912 -10044 -2023 630 1061 663 614 624 677 642 END
START -10416 9464 -12876 -2927 1568 1388 664 612 624 678 641 END
START -12892 8808 -10936 -4111 1890 1686 663 614 624 677 641 END
START -12900 9012 -10284 -5282 2150 2087 663 615 624 678 642 END
START -12072 8796 -10224 -6384 1768 2524 664 616 624 678 642 END
START -13048 7240 -9796 -7550 766 2622 663 615 625 678 641 END
START -12660 6860 -10064 -8577 106 2678 663 615 625 679 642 END
START -16140 7760 -7156 -9357 -1697 2850 663 616 626 679 642 END
START -11664 7040 -9848 -9760 -2063 2954 662 615 625 678 642 END
START -10400 8296 -9824 -10022 -2588 3305 662 616 626 679 642 END
START -8488 9112 -10012 -10255 -1854 3558 662 616 626 679 642 END
START -9176 9692 -9332 -10400 -561 3702 661 617 627 680 643 END
START -10384 10352 -8052 -10632 792 3514 662 617 627 680 643 END
START -10804 11220 -6280 -10757 1351 3508 661 617 627 680 643 END
START -8236 10776 -7932 -10643 1819 3411 662 618 628 680 643 END
START -12584 10228 -3480 -10393 813 3157 662 618 628 680 643 END
START -9000 10056 -5572 -10076 693 2921 662 618 629 681 644 END
START -10840 10020 -4032 -9775 232 2619 662 618 628 680 644 END
START -12192 8952 -3108 -9495 906 1845 662 618 628 680 643 END
START -9976 8560 -5044 -9204 2335 1214 662 618 628 680 643 END
START -12292 9200 -4724 -8889 2824 733 663 618 628 681 643 END
START -12920 9272 -4128 -8527 2711 474 663 618 628 681 643 END
START -11852 8948 -5132 -8186 2445 433 664 618 628 681 643 END
START -9540 9784 -7060 -7837 1895 309 663 618 629 681 643 END
START -8996 9784 -6952 -7696 1661 263 664 619 628 680 644 END
START -11748 11044 -4600 -7592 1592 175 663 618 629 681 643 END
START -9948 11468 -5292 -7349 1805 192 664 618 628 681 643 END
START -7956 11428 -6360 -6999 2458 54 665 618 629 681 644 END
START -8168 11608 -6500 -6757 2754 -103 662 619 628 681 644 END
START -11540 12228 -3884 -6397 2041 200 665 620 629 681 643 END
START -10928 12844 -4220 -6039 49 795 664 619 629 680 643 END
START -8724 13168 -5368 -5887 -2488 1188 664 619 629 681 644 END
START -11564 13640 -2876 -5891 -4670 1757 665 619 628 681 644 END
START -6808 12740 -4360 -6060 -3028 1376 664 619 629 680 643 END
START -9656 12692 -1956 -6468 -1268 1138 664 619 629 681 644 END
START -8612 11836 -2576 -6556 863 560 665 619 629 680 644 END
START -11352 11428 -1276 -6380 1866 105 666 620 630 681 644 END
START -12040 9564 -1268 -6058 1736 -290 666 620 629 680 644 END
START -11644 9376 -1992 -5408 844 -636 667 622 631 682 644 END
START -13976 9688 -1036 -4519 -285 -780 668 622 632 682 645 END
START -9804 9896 -4308 -3736 -120 -1048 669 623 632 682 645 END
START -10744 11132 -3172 -3381 395 -1033 669 624 633 682 644 END
START -10492 11744 -3552 -3179 1113 -928 670 624 634 683 646 END
START -8520 11724 -4948 -2929 1670 -726 670 620 634 683 646 END
START -11420 12524 -2236 -2587 1153 -455 670 624 634 683 646 END
START -10108 13780 -2220 -2571 809 93 670 625 635 683 646 END
START -10136 13640 -2200 -2178 57 266 670 626 636 683 646 END