START -19548 7304 -10264 -5320 -2256 5818 544 538 568 612 592 END
START -19408 7452 -10528 -5826 -2490 6254 545 545 566 620 595 END
START -18380 7524 -10572 -7479 -2786 7667 546 538 566 615 590 END
START -17048 7568 -10740 -8932 -2679 8803 546 540 565 616 596 END
START -15204 7164 -9760 -10245 -2324 9521 546 538 566 615 595 END
START -13776 7036 -9004 -11264 -1539 9904 543 541 568 615 598 END
START -13000 6760 -8020 -11919 -819 10066 544 539 567 616 598 END
START -12996 6352 -7252 -12359 -1116 10053 545 539 569 615 599 END
START -11496 7332 -5900 -12786 -1104 9882 547 539 571 616 599 END
START -10516 7532 -5812 -12745 -411 9400 545 539 572 618 601 END
START -10112 7648 -4888 -12650 -24 8653 546 539 574 618 601 END
START -10328 7796 -4532 -12290 318 8097 547 539 574 617 600 END
START -9944 9200 -3192 -12154 93 7541 546 538 574 619 593 END
START -10104 10144 -1684 -11698 -241 7114 540 539 576 621 601 END
START -10120 9588 -584 -11518 -575 6312 549 538 580 623 602 END
START -9972 7936 -2368 -10664 181 5392 551 542 579 624 603 END
START -9652 11224 -1272 -9827 584 5149 551 541 580 624 603 END
START -11160 9904 -4 -9668 -627 4828 550 541 582 623 601 END
START -9416 9972 -2804 -8680 145 4161 552 541 583 628 602 END
START -10056 12484 656 -8576 -85 4561 554 541 584 629 603 END
START -8864 9520 -3056 -7863 1217 3372 555 542 584 630 604 END
START -10500 11120 1404 -7995 1038 3824 554 545 585 632 605 END
START -9120 12604 -1444 -7067 2601 3220 555 544 592 631 606 END
START -10060 8412 -2068 -6886 1552 2418 553 543 584 632 604 END
START -10768 11612 2384 -6598 1074 2776 555 546 589 640 606 END
START -8732 13492 -188 -5697 2539 2244 556 545 588 634 605 END
START -8320 10236 -3268 -5268 2912 1080 555 546 589 635 605 END
START -10148 8636 -1284 -5343 1873 855 557 550 592 635 608 END
START -11200 13044 2172 -5303 1376 1119 557 546 591 637 606 END
START -9824 14700 4 -4852 2107 1036 559 543 592 636 605 END
START -8560 11496 -3944 -4416 2802 47 555 556 592 638 608 END
START -8876 8972 -3772 -4561 2404 -579 558 546 593 638 606 END
START -9884 8552 -1776 -4846 2146 -529 559 548 594 639 606 END
START -11020 9280 -220 -5260 2331 -212 555 548 594 640 609 END
START -11760 12780 1764 -5516 2656 104 555 549 595 641 607 END
START -12180 13736 1956 -5481 2816 249 555 547 595 635 607 END
START -11160 14556 1056 -5476 3114 232 559 548 605 642 607 END
START -10244 14928 708 -5416 3877 -5 552 550 597 642 608 END
START -9736 14920 -1776 -5291 4842 -388 555 550 599 644 607 END
START -9676 14972 -1864 -5358 5317 -588 552 553 598 647 607 END
START -10148 14828 -1476 -5361 5633 -662 553 551 598 646 608 END
START -11076 15296 -1148 -5690 4900 -508 552 553 598 647 608 END
START -11904 14860 792 -6064 4639 -396 552 544 599 646 607 END
START -11588 15652 -1100 -6504 4326 -340 553 553 600 648 607 END
START -11392 13564 236 -7227 4243 -438 553 551 601 649 607 END
START -10460 14748 -904 -7992 5685 -677 559 556 602 652 609 END
START -11604 12876 -404 -8862 6852 -1101 555 555 602 653 611 END
START -12568 5996 -1280 -8827 6694 -1635 558 556 610 657 613 END
START -13076 4308 1036 -6239 4449 -1527 562 560 620 671 617 END
START -6756 6872 5960 -3178 7842 -2681 567 566 621 667 620 END
START -13868 9804 6160 -1062 7924 -1149 566 568 627 670 622 END
START -15812 13024 1636 -190 2120 -409 557 569 626 670 624 END
START -14120 15408 -296 -428 -1978 315 569 576 628 673 626 END
START -11656 14240 -3024 -993 -3033 941 571 571 628 672 624 END
START -10284 14988 -2032 -1238 -2085 1286 572 570 628 673 625 END
START -9800 13360 116 -1520 -1036 1232 571 573 629 672 627 END
START -11228 10556 1088 -1460 -763 784 573 572 629 673 627 END
START -10788 11028 1488 -1256 -905 10 573 572 631 672 627 END
START -11552 8720 1088 -1079 -638 -442 575 572 634 673 628 END
START -11416 7424 -340 -847 12 -723 572 573 631 673 627 END
START -13352 8200 912 -954 -358 -429 572 569 631 673 625 END
START -13696 9628 1464 -1016 -703 -96 573 574 631 673 627 END
START -13784 11600 2300 -1126 -1084 206 574 571 630 673 625 END
START -13052 10696 2196 -1083 -1568 84 574 577 631 677 628 END
START -12684 9652 1488 -1007 -1694 -16 574 578 632 674 627 END
START -12244 8496 504 -924 -1771 -143 575 574 629 674 626 END
START -11496 7468 -772 -919 -1470 -196 576 569 631 673 625 END
START -12456 8468 204 -816 -1312 -363 575 573 631 674 621 END
START -11648 7352 -888 -833 -1080 -349 572 573 635 674 628 END
START -10948 6952 -2060 -659 -842 -518 576 573 631 678 628 END