START -9068 8488 -12448 -973 -212 100 594 566 587 650 619 END
START -9052 8464 -12216 -1025 -251 122 590 569 585 649 623 END
START -8992 8236 -12360 -1074 -392 177 594 567 590 651 620 END
START -8928 8248 -12452 -1080 -568 169 593 567 589 650 619 END
START -8720 8236 -12464 -1084 -635 180 594 566 593 650 586 END
START -8440 8228 -12468 -1090 -520 155 596 561 587 651 620 END
START -8532 8204 -12436 -1072 -223 98 593 566 590 650 619 END
START -8936 8136 -12172 -1232 -301 108 593 563 593 650 617 END
START -8644 8272 -12564 -1131 -352 161 593 565 590 651 616 END
START -8756 7652 -12988 -1022 -685 -67 593 565 590 650 619 END
START -9424 7092 -12832 -1317 -697 318 595 568 593 654 619 END
START -9196 8172 -13208 -1762 -727 639 594 565 591 649 620 END
START -8504 8672 -13272 -2135 -435 619 593 568 591 650 619 END
START -7932 9188 -13240 -2667 255 577 593 566 591 649 619 END
START -8244 9588 -12428 -3305 788 497 594 566 591 649 618 END
START -6800 10108 -13184 -3786 1433 430 598 567 587 650 592 END
START -7212 9156 -13052 -4057 1780 285 595 568 591 650 622 END
START -7528 8304 -13152 -4101 2039 137 594 566 589 645 620 END
START -8072 8040 -12920 -4313 1943 102 594 574 590 649 605 END
START -8144 8060 -13036 -4861 1916 -10 593 564 593 651 618 END
START -8124 7432 -13096 -5635 2102 -298 594 569 590 649 619 END
START -9156 7136 -12008 -6467 2261 -716 595 571 593 651 620 END
START -9248 7188 -12964 -6933 2564 -1088 595 566 562 651 620 END
START -8160 6572 -14700 -7178 3303 -1544 594 556 593 651 613 END
START -9124 5268 -14328 -7275 3394 -1970 594 572 592 650 620 END
START -7516 7824 -13976 -7361 3646 -2089 595 563 591 652 626 END
START -7280 8256 -13688 -7455 4265 -1999 598 562 592 650 621 END
START -9356 8984 -11884 -7528 4088 -2016 595 566 594 651 619 END
START -8372 9292 -12520 -7538 3947 -2028 598 570 585 652 614 END
START -8392 9756 -11948 -7497 3660 -2072 595 568 586 651 621 END
START -7532 11000 -12136 -7497 3810 -1987 597 567 594 654 620 END
START -7040 11184 -11128 -7620 4319 -1762 595 568 591 651 620 END
START -8296 10464 -10684 -7592 4286 -1705 596 571 585 656 616 END
START -8384 10464 -9524 -7803 3769 -1938 596 564 593 651 621 END
START -8720 10196 -8888 -7985 3603 -2267 600 567 592 648 620 END
START -9304 9716 -8180 -7889 3803 -2675 596 567 595 651 619 END
START -9504 9692 -8892 -7634 4442 -3057 596 570 597 633 622 END
START -9308 9072 -10784 -7172 4473 -3232 600 569 596 651 628 END
START -11652 8664 -8916 -6849 2689 -3435 598 563 593 653 621 END
START -9760 9928 -9628 -6559 1544 -3350 596 563 594 657 618 END
START -8636 10204 -10104 -6003 955 -3269 600 570 595 653 619 END
START -9164 10864 -9092 -5398 130 -3061 599 568 596 653 623 END
START -8740 11084 -9092 -4910 -293 -2745 595 574 596 658 624 END
START -7112 11100 -10184 -4324 -128 -2533 603 568 595 650 621 END
START -7944 11532 -9312 -3934 28 -2310 597 570 595 654 622 END
START -6840 12512 -9632 -3715 727 -2195 599 568 597 654 621 END
START -5548 13044 -9360 -3840 1587 -2090 598 568 597 654 620 END
START -5968 13024 -8420 -3937 2589 -2133 601 572 597 655 623 END
START -7236 11844 -8864 -3996 3013 -2256 606 571 599 655 621 END
START -7644 11412 -9352 -4346 3108 -2316 601 562 625 658 622 END
START -9100 11012 -9100 -4461 2477 -2086 625 569 599 652 634 END
START -11520 9904 -8876 -3758 580 -1129 599 571 601 658 623 END
START -10944 7808 -9564 -1601 -1612 -670 603 576 605 662 627 END
START -5516 7232 -7732 504 3123 -1957 601 575 615 663 629 END
START -8536 8536 -7732 983 6949 -955 601 577 614 666 632 END
START -14688 7348 -7128 615 4218 -1868 648 584 627 666 629 END
START -11504 9076 -10384 1296 1758 -2037 602 607 621 684 639 END
START -7436 9964 -12568 1503 857 -1506 600 586 623 664 643 END
START -6492 10568 -11696 1237 1383 -1323 582 572 627 673 645 END
START -8588 11140 -9192 1207 2035 -1054 605 593 628 673 646 END
START -9648 11792 -9016 1294 1863 -765 603 599 630 675 650 END
START -8528 11920 -11396 1313 1064 -469 603 598 631 677 652 END
START -8952 12144 -11600 993 -318 -156 604 600 634 677 638 END
START -7944 12584 -11416 452 -839 142 602 600 633 674 671 END
START -8436 12356 -10660 73 -777 305 605 600 633 677 653 END
START -8180 12028 -10824 -255 -1021 218 618 600 632 678 654 END
START -7828 12940 -10544 -762 -1117 61 604 603 633 678 655 END
START -6608 13296 -11384 -1193 -972 148 598 590 632 678 654 END
START -6836 13396 -10200 -1697 -1291 130 605 604 634 669 654 END
START -7660 10980 -9824 -2049 -1746 56 607 602 622 679 656 END