START -14548 6980 -9228 -4476 -549 2748 558 549 575 628 599 END
START -14220 6972 -9152 -4695 -517 2871 560 553 576 630 599 END
START -14392 6752 -9040 -5353 -409 3249 558 546 577 625 599 END
START -14692 6724 -8852 -5958 -975 3576 558 546 574 624 597 END
START -15072 6940 -8556 -6554 -2030 4020 560 547 570 623 591 END
START -14952 6864 -8368 -7073 -3137 4387 559 546 578 622 604 END
START -14444 7344 -7852 -7698 -3848 4862 559 545 575 621 597 END
START -13712 7952 -8128 -8157 -3447 5349 565 543 577 622 598 END
START -13072 7556 -8192 -8583 -2464 5419 564 543 571 621 597 END
START -13296 7828 -8152 -9125 -1070 5690 559 543 569 620 596 END
START -13544 7992 -7420 -9530 -251 6015 560 542 572 619 596 END
START -13028 8724 -6712 -9898 -134 6396 558 539 570 617 598 END
START -12092 9852 -5504 -10273 -227 6746 559 539 568 617 596 END
START -12168 9456 -4140 -10686 -659 6586 555 540 568 615 596 END
START -10816 7144 -5908 -10627 -220 5716 559 537 567 615 597 END
START -10020 9956 -4400 -10396 737 5741 560 544 566 614 596 END
START -10988 7776 -3364 -10614 425 5041 560 534 565 613 596 END
START -9484 10044 -4604 -9924 1528 4427 559 531 567 609 597 END
START -10968 8524 -2328 -10103 808 4110 559 534 565 612 600 END
START -9840 11484 -4008 -9458 2364 3770 559 533 559 611 596 END
START -11008 7644 -3780 -9432 1416 2886 557 535 565 613 597 END
START -11576 11964 -1128 -9416 1599 3520 560 534 562 612 591 END
START -9640 11352 -5104 -8786 2902 2721 558 533 564 612 595 END
START -10724 7916 -3940 -8910 2420 2048 563 531 564 611 595 END
START -12232 10884 -532 -9229 2163 2603 559 532 561 612 590 END
START -10984 13708 -2248 -9053 3376 2781 558 533 564 611 598 END
START -10076 13220 -4236 -8772 4166 2188 557 533 565 612 598 END
START -9968 9960 -5752 -8659 3968 1652 558 533 568 611 596 END
START -10872 7808 -4020 -8911 2648 1431 558 533 565 614 597 END
START -11856 8472 -768 -9073 1615 1669 557 535 566 612 597 END
START -11592 10740 792 -9027 1635 1929 557 532 566 614 600 END
START -10728 14296 -308 -8713 2304 1808 558 530 567 615 599 END
START -9348 14144 -2184 -8404 2984 1376 558 535 568 615 597 END
START -9328 13212 -3496 -8099 3557 1001 563 537 567 618 598 END
START -9652 12584 -4220 -7828 3552 587 558 533 571 617 599 END
START -8920 11632 -4672 -7701 3632 76 559 538 572 619 598 END
START -8372 11240 -5352 -7777 3923 -340 559 537 575 619 600 END
START -8420 10688 -5848 -8011 4431 -756 558 540 575 623 600 END
START -8688 10408 -6420 -8283 4738 -1057 560 542 578 623 600 END
START -8436 10424 -6460 -8400 5485 -1044 559 542 575 626 602 END
START -9168 10864 -6532 -8590 5860 -951 574 543 581 629 600 END
START -9188 11536 -6196 -8934 6172 -970 563 546 582 631 600 END
START -8832 12376 -5628 -9406 6857 -969 564 546 584 633 602 END
START -8776 12716 -5032 -9913 7639 -992 567 549 587 639 601 END
START -11176 11680 -3068 -8696 7544 -96 570 551 603 652 606 END
START -11736 13052 4236 -6263 4170 -1090 576 560 612 659 609 END
START -12344 11968 13972 -3785 8188 -78 580 565 618 662 613 END
START -18240 10544 11332 -2104 4069 -23 580 570 619 666 614 END
START -17400 8712 4916 -1153 -1931 -38 580 567 623 667 614 END
START -15444 9624 1896 -1119 -4737 186 584 570 626 667 617 END
START -12792 7880 -1952 -1175 -4849 243 580 571 625 669 617 END
START -10088 6928 -4432 -1010 -3038 76 584 572 626 670 617 END
START -8836 7556 -5944 -984 -1281 10 586 574 625 668 616 END
START -8808 6876 -3464 -941 -471 -224 586 569 629 666 618 END
START -8072 7628 -3144 -765 195 -749 587 575 630 671 618 END
START -9224 7168 -1876 -777 501 -1045 591 576 631 671 618 END
START -10172 7504 -2276 -743 721 -1197 587 577 630 671 619 END
START -12156 7396 -788 -726 515 -1139 591 580 632 672 617 END
START -12428 7432 -1140 -759 -12 -896 588 574 632 670 621 END
START -13172 7520 -120 -811 -768 -567 589 578 632 672 620 END
START -11664 7176 -1048 -742 -1394 -423 588 575 632 673 621 END
START -10672 7384 -2804 -457 -1370 -546 590 577 632 674 620 END
START -9388 8824 -4296 -205 -949 -629 591 576 631 672 621 END
START -9924 8072 -4456 -187 -253 -621 591 576 631 674 621 END
START -8896 10132 -4780 -174 363 -589 587 576 635 674 623 END
START -9528 9172 -4160 -232 800 -546 590 577 634 672 622 END
START -9220 10952 -3548 -234 782 -646 592 576 635 674 624 END
START -10208 9580 -3696 -245 569 -499 591 577 629 673 619 END
START -9864 10932 -3720 -218 234 -488 591 577 632 673 621 END
START -10368 9020 -3496 -162 8 -443 596 578 633 675 622 END