START -16540 5884 -4968 240 2506 -23 619 583 631 680 624 END
START -16576 6052 -4916 84 2468 72 620 580 631 679 621 END
START -16760 6108 -4748 -177 1957 527 619 584 632 680 622 END
START -16592 5968 -4368 -481 978 802 619 583 633 678 622 END
START -15932 5952 -4452 -664 17 862 620 584 632 681 622 END
START -14836 5928 -4304 -924 -284 881 621 583 630 680 624 END
START -14444 5656 -4572 -1241 -207 575 618 582 630 681 628 END
START -14040 6096 -4472 -1615 777 526 620 583 632 680 623 END
START -14292 5556 -4544 -1829 836 98 626 582 634 680 623 END
START -15072 4728 -4496 -2130 138 -138 622 582 631 682 627 END
START -15340 4492 -4500 -2363 -403 -117 619 582 632 680 624 END
START -15856 4268 -4720 -2632 -647 163 618 583 632 682 622 END
START -16132 3820 -5272 -2853 -801 468 619 579 630 678 625 END
START -16084 4544 -5964 -3070 -263 931 620 580 632 682 623 END
START -15892 5932 -5784 -3416 224 1729 621 582 630 684 624 END
START -16452 7048 -4520 -3957 -44 2775 620 580 632 679 625 END
START -16320 4640 -4772 -4355 -240 2887 620 583 632 682 623 END
START -14916 6120 -6828 -4492 1369 3344 620 581 633 684 624 END
START -16656 7036 -4288 -5442 1454 4375 627 584 632 682 625 END
START -15436 5816 -7348 -5870 2138 4074 616 584 634 681 623 END
START -17192 7468 -4260 -7009 1399 5209 611 586 630 684 625 END
START -15480 7376 -6380 -7196 1514 5127 615 591 634 684 625 END
START -17052 5152 -4496 -7925 -374 5630 615 589 632 683 625 END
START -15256 9492 -5052 -8429 272 6622 614 589 631 682 626 END
START -14048 6288 -7572 -8928 1187 5984 612 590 631 683 629 END
START -15424 5520 -5748 -10300 832 6480 615 592 633 683 625 END
START -14660 9752 -5392 -11602 1945 7141 616 592 634 683 624 END
START -13076 9684 -7656 -12760 3544 6748 611 595 626 683 626 END
START -12956 7820 -8048 -13744 3720 6103 614 600 636 685 627 END
START -13508 4972 -7404 -15091 2514 5979 616 597 634 683 626 END
START -13596 5436 -4720 -16402 2009 6131 616 599 635 683 623 END
START -13456 8440 -2604 -17485 2549 6500 615 597 634 682 624 END
START -13024 9272 -1340 -18147 4139 6554 614 600 633 683 626 END
START -12776 11164 -800 -18240 5532 6361 615 601 631 683 629 END
START -12172 11652 -960 -17961 5555 5963 611 600 634 685 624 END
START -12424 11396 376 -17557 5050 5616 610 598 632 680 627 END
START -10768 11332 -140 -16840 4886 5058 608 594 634 679 626 END
START -10168 10672 -536 -15982 4911 4703 602 592 632 678 626 END
START -9736 9452 -1320 -15135 4829 4024 606 587 633 677 619 END
START -8972 8396 -2376 -14405 4569 3324 604 585 630 674 624 END
START -9384 6600 -1928 -13406 4415 2337 603 584 630 675 626 END
START -9392 7272 -1080 -12335 3413 1669 603 585 628 676 625 END
START -9052 7080 -1200 -10929 2891 1039 606 586 633 674 628 END
START -8640 7236 -1488 -9626 3373 322 607 583 632 675 625 END
START -9444 7364 -1912 -8585 3683 -155 610 590 632 676 626 END
START -10068 8152 -2424 -7631 3437 -502 611 587 631 676 627 END
START -9648 8596 -3132 -6980 3106 -915 613 589 633 680 628 END
START -9568 3824 -3236 -5258 4237 -1057 613 591 635 680 632 END
START -11968 6548 -20 -3476 3317 -1464 620 592 641 683 628 END
START -10936 6156 472 -2676 4085 -1097 622 600 644 684 630 END
START -14324 7632 764 -1319 2706 -390 617 598 645 685 633 END
START -15132 6952 580 -249 -1178 140 624 607 648 686 634 END
START -13516 9436 -324 777 -4215 564 627 605 649 687 634 END
START -9508 9164 -2368 1092 -2997 600 627 608 649 687 632 END
START -9080 8724 -2904 1139 -779 588 626 609 651 686 634 END
START -9856 11496 -2448 875 -64 422 627 611 649 688 634 END
START -10028 10772 -2360 694 -710 50 634 610 650 687 636 END
START -10080 9784 -2232 707 -1383 -170 630 612 650 690 636 END
START -9328 11508 -1324 820 -1033 -290 629 613 654 688 639 END
START -9244 9728 -2592 907 328 -296 631 612 651 688 632 END
START -10192 8156 -3008 843 807 -567 626 615 652 686 635 END
START -10664 8852 -3024 874 587 -638 632 614 652 687 634 END
START -10972 7372 -2532 874 141 -716 632 613 653 688 637 END
START -11392 6464 -1624 990 -148 -725 631 610 653 688 635 END
START -10416 7312 -2536 973 -281 -690 630 613 653 688 639 END
START -10592 6832 -1980 961 282 -783 629 612 650 691 636 END
START -11200 6800 -1088 754 855 -809 630 614 643 688 637 END
START -11720 7280 -1848 560 536 -795 631 613 652 688 636 END
START -12260 6816 -1528 347 -64 -674 633 610 650 689 637 END
START -12772 6756 -912 150 -519 -423 629 614 655 688 639 END