START -16984 5168 -8608 1060 1747 25 598 578 640 681 626 END
START -16924 5096 -8380 913 1559 244 600 583 643 682 626 END
START -16320 5280 -7964 543 1057 652 600 573 643 683 626 END
START -15820 5288 -7716 273 595 1006 599 580 643 681 625 END
START -15316 5140 -7880 76 216 1213 600 575 645 682 625 END
START -14732 5248 -7536 -161 123 1329 603 582 644 682 626 END
START -14528 5112 -7736 -362 -18 1277 601 579 646 682 626 END
START -14440 5140 -7664 -699 -65 1331 601 576 643 682 627 END
START -14044 5116 -8112 -804 215 1226 601 579 645 681 630 END
START -14220 4008 -8344 -1205 149 1074 601 580 643 682 626 END
START -15184 4196 -8220 -1725 18 1193 602 580 645 682 624 END
START -15340 4728 -8276 -2282 -348 1391 601 581 645 682 626 END
START -15184 4816 -8388 -2834 -804 1531 598 581 645 683 626 END
START -14748 4328 -8072 -3219 -846 1402 601 578 642 684 626 END
START -13812 3688 -8712 -3256 -540 1181 608 579 645 683 627 END
START -12744 4760 -8752 -3180 223 1283 600 581 642 682 627 END
START -13564 6568 -7172 -3435 373 1780 603 579 645 683 625 END
START -14416 4112 -7044 -3509 -149 1324 602 578 649 683 627 END
START -12884 5000 -8304 -2976 393 1083 601 579 645 682 627 END
START -14676 5756 -6068 -3269 -191 1789 600 580 642 685 628 END
START -13432 4000 -9088 -2961 374 1134 607 580 644 683 626 END
START -14720 6752 -6768 -3438 169 2192 601 580 643 683 626 END
START -13640 3864 -9756 -3296 1195 1536 609 578 647 684 626 END
START -16084 5368 -7408 -4182 616 2525 602 575 644 679 626 END
START -14524 6748 -9896 -4220 1679 2787 599 580 646 682 627 END
START -14936 2920 -10748 -5133 1250 2723 596 582 645 683 627 END
START -16132 6708 -7872 -6455 1518 3876 605 578 652 682 626 END
START -14452 8468 -9968 -7042 2752 4209 597 580 643 681 626 END
START -13972 4396 -11700 -7692 2406 3634 597 580 645 681 627 END
START -14048 3736 -10152 -9026 1261 3742 595 579 644 681 627 END
START -14388 6512 -6496 -10005 817 4099 597 572 643 683 625 END
START -13516 9768 -5980 -10250 1118 4310 596 581 643 682 627 END
START -11784 8424 -8404 -9986 1459 3533 597 581 643 684 627 END
START -11136 5864 -10016 -10194 1538 2571 602 580 644 682 626 END
START -11052 5088 -10308 -10591 873 1801 594 581 651 680 627 END
START -11012 3908 -8680 -11334 449 1093 594 579 643 681 628 END
START -11784 4952 -5728 -12128 342 715 595 582 646 681 633 END
START -12000 7132 -3760 -12271 1176 544 594 580 644 681 627 END
START -12332 9124 -3448 -12153 1865 107 595 581 644 681 625 END
START -11636 10388 -4872 -12168 2415 -519 594 582 643 681 625 END
START -12508 9936 -3748 -12033 2543 -995 595 582 648 680 627 END
START -12672 10652 -4456 -11824 2338 -1217 594 580 641 678 626 END
START -12864 10748 -3256 -11719 1777 -1335 597 579 645 678 627 END
START -11684 10868 -4496 -11476 2054 -1404 594 581 644 678 628 END
START -12852 10892 -2448 -11324 2445 -1331 596 577 641 678 625 END
START -13544 10604 -1240 -11078 2408 -1464 593 579 642 676 628 END
START -14324 9300 -704 -10780 2099 -1578 595 579 642 677 625 END
START -14012 9648 -888 -10677 1860 -1754 596 577 641 675 626 END
START -13132 10236 -1368 -10469 2584 -1893 595 586 640 676 629 END
START -13668 8004 -1764 -10675 3411 -2434 592 579 643 675 627 END
START -13724 5608 -3564 -10935 4555 -2802 593 577 643 677 626 END
START -14552 5824 -2760 -10871 5060 -3009 591 577 641 674 627 END
START -13420 4456 -5984 -10660 5387 -3219 591 576 641 672 627 END
START -13228 4768 -6760 -10175 6373 -3057 592 576 642 675 626 END
START -12124 6524 -8284 -9639 7028 -2843 590 580 643 674 629 END
START -12344 7140 -8396 -9360 7406 -2626 592 579 635 674 626 END
START -11828 9864 -6048 -9076 7780 -2489 589 579 642 674 627 END
START -12268 10104 -5040 -9012 7869 -2301 590 579 641 674 627 END
START -13012 10760 -3644 -8733 6752 -1953 591 579 643 673 628 END
START -15028 10580 408 -8752 4767 -1965 590 576 640 669 628 END
START -15712 9524 1292 -8120 2717 -1907 591 578 639 672 626 END
START -15056 7960 332 -8229 1366 -2195 592 578 638 672 624 END
START -14104 5904 -1696 -7895 1184 -2414 589 570 635 672 625 END
START -14260 4380 -3292 -7049 1466 -2720 591 569 635 670 625 END
START -13904 3928 -5888 -5663 1994 -2809 588 575 633 669 626 END
START -12572 7092 -7376 -4398 2347 -2331 590 571 632 672 628 END
START -11876 7440 -5492 -2524 2954 -1703 591 575 632 671 629 END
START -14368 9656 -2284 -501 2404 -593 591 569 634 673 628 END
START -13516 10652 -872 484 2412 -414 591 574 635 674 627 END
START -13812 10348 -2868 794 2378 270 593 570 634 670 627 END