START -11192 7220 -10304 -44 -1081 574 629 555 572 611 611 END
START -11208 7208 -10232 -118 -1074 523 629 556 572 613 612 END
START -11368 7072 -10084 -294 -984 418 628 556 571 613 613 END
START -11292 7076 -10292 -438 -853 292 629 555 572 614 612 END
START -11232 7040 -10128 -537 -639 203 629 555 572 614 612 END
START -11548 6960 -9660 -612 -845 121 629 556 573 613 613 END
START -11084 7056 -10148 -624 -448 41 629 556 572 614 614 END
START -12012 6260 -9604 -649 -910 -282 624 556 572 615 614 END
START -11968 6580 -9612 -834 -695 -124 629 556 573 615 613 END
START -11772 7072 -9232 -960 -603 51 630 556 573 615 614 END
START -11824 8064 -9080 -912 -181 148 627 556 573 616 613 END
START -11728 8048 -8876 -904 216 203 629 556 573 615 614 END
START -10688 8112 -9884 -861 496 250 630 557 573 615 614 END
START -10152 8064 -10688 -811 373 387 630 556 573 616 614 END
START -14200 7560 -7192 -900 -210 338 629 556 573 615 614 END
START -13188 7460 -8136 -982 -404 393 628 557 573 617 614 END
START -11740 6980 -8776 -996 -550 316 630 556 574 616 614 END
START -12072 7000 -8708 -1050 -718 239 629 557 573 616 614 END
START -14004 5056 -8144 -1206 -460 -53 630 557 574 616 614 END
START -13172 5324 -9936 -1319 -325 -145 629 557 573 616 614 END
START -14296 4892 -10068 -1437 -721 -35 629 557 574 616 614 END
START -12100 6160 -12384 -1834 -278 209 629 557 575 617 611 END
START -14276 7232 -11512 -2745 -518 828 630 558 576 618 615 END
START -11268 7148 -14112 -3765 -230 1509 629 559 577 618 615 END
START -13704 8588 -12540 -4798 -933 2543 629 561 579 620 616 END
START -12756 9312 -12512 -6146 -1427 3693 631 559 580 622 616 END
START -11548 9784 -12676 -7521 -2058 4229 632 565 582 624 619 END
START -10984 8920 -11372 -8940 -2830 4659 633 567 584 627 620 END
START -12956 8316 -8736 -10225 -3451 4545 634 564 582 629 621 END
START -12628 6516 -9544 -10972 -2935 3959 634 569 586 630 622 END
START -11608 6444 -8988 -10934 -2288 3510 635 570 587 631 623 END
START -11104 8480 -8332 -10868 -1439 3480 636 571 588 633 624 END
START -11112 9136 -7836 -10530 440 3393 636 572 588 634 625 END
START -8780 10520 -9200 -10343 1551 3503 638 573 590 635 626 END
START -11360 10748 -6108 -10127 1663 3869 638 574 591 636 627 END
START -8560 10284 -8604 -9834 2426 3850 638 575 592 637 628 END
START -11404 10236 -5216 -9601 1915 3649 638 577 592 638 629 END
START -9832 9556 -5356 -9187 1793 3232 639 576 593 640 630 END
START -12888 8880 -3472 -8877 1326 2875 639 577 594 640 632 END
START -11272 8420 -5080 -8262 1195 2241 639 577 594 640 631 END
START -12636 7984 -4780 -7674 760 1800 639 577 595 640 632 END
START -12608 8392 -4924 -7095 273 1511 639 579 596 642 632 END
START -10600 8820 -6528 -6526 236 1389 640 578 596 642 632 END
START -10984 10180 -5808 -6012 133 1203 639 579 597 642 633 END
START -9192 10432 -6732 -5631 733 940 639 579 597 642 633 END
START -8532 10760 -7164 -5316 1384 634 638 579 598 643 634 END
START -8112 10784 -7252 -4836 1862 361 638 580 598 644 634 END
START -9920 11656 -5940 -4480 2614 47 639 581 600 645 635 END
START -8112 12076 -7256 -4172 3151 -21 639 582 601 646 636 END
START -8732 12020 -8832 -4483 3084 419 638 583 604 649 638 END
START -9328 12628 -10456 -6003 3738 297 639 586 608 653 639 END
START -8380 13112 -10092 -7816 5887 -351 640 588 615 659 642 END
START -8832 11040 -5556 -8429 7971 -1573 641 593 626 666 646 END
START -7276 10800 -1184 -7172 7658 -2701 644 599 641 674 650 END
START -9212 10504 4500 -3738 8437 -3312 646 602 645 680 654 END
START -15164 9892 3220 -723 4915 -2533 645 603 648 681 655 END
START -13968 9628 -5752 -179 2733 -1726 649 603 649 683 656 END
START -14936 9920 -8424 -1084 1173 -1235 651 604 649 684 656 END
START -11888 9504 -7860 -1734 144 -829 651 605 651 684 658 END
START -9320 10652 -6188 -1494 84 -680 652 605 652 685 658 END
START -8444 11468 -5980 -1038 437 -632 653 605 652 686 659 END
START -8132 11344 -7212 -786 984 -576 653 606 653 685 660 END
START -8448 11816 -7696 -829 1141 -416 654 606 654 687 659 END
START -10172 12112 -6584 -783 895 -113 655 606 653 686 659 END
START -8912 13004 -6820 -707 982 20 654 606 654 686 660 END
START -8964 13232 -6696 -615 862 14 655 606 654 687 660 END
START -8892 13372 -6844 -602 802 -53 655 606 654 686 661 END
START -8524 13320 -6900 -605 526 17 654 606 654 687 661 END
START -8248 13192 -7320 -543 626 38 654 606 654 686 660 END
START -8492 13372 -7832 -657 374 258 656 606 654 687 660 END