START -15808 4496 -6052 722 496 -2657 628 574 607 662 623 END
START -15868 4436 -6312 541 175 -2579 626 573 608 664 623 END
START -15912 4104 -6524 65 -555 -2407 626 568 607 666 621 END
START -15652 4016 -6968 -520 -322 -2174 625 567 607 664 619 END
START -15584 3952 -6900 -1152 648 -1787 625 565 603 664 622 END
START -16360 3884 -6732 -1760 1368 -1282 627 563 606 664 620 END
START -16364 4004 -6708 -2129 1610 -826 625 560 601 663 613 END
START -16564 3780 -5828 -2457 1527 -480 623 562 606 662 622 END
START -16420 4712 -5804 -2724 1415 180 622 560 604 663 622 END
START -16700 4548 -5288 -2585 1284 556 623 558 606 663 626 END
START -15496 5436 -5324 -2631 1165 929 623 556 600 663 621 END
START -15284 5356 -4888 -2566 1136 1082 623 556 599 662 620 END
START -15868 5140 -4312 -2526 998 1150 621 554 598 661 619 END
START -15568 4128 -4268 -2487 968 940 620 555 601 663 620 END
START -15300 3268 -5832 -2342 1381 648 621 554 596 663 620 END
START -14512 5260 -6172 -2243 2450 1009 620 556 599 661 619 END
START -16240 4280 -5240 -2742 2693 1523 621 564 600 660 621 END
START -16640 3116 -8008 -3170 3061 1400 618 557 602 658 621 END
START -18912 5688 -6168 -4208 2203 3102 617 561 610 660 622 END
START -17700 3276 -9156 -4894 1064 3034 619 563 603 661 623 END
START -18252 5628 -6784 -6070 157 4568 620 564 605 661 622 END
START -16332 4256 -10284 -6592 1191 4551 620 566 606 660 619 END
START -18176 3196 -9160 -7996 1051 5561 618 567 614 661 624 END
START -18300 7896 -7900 -9332 1966 7174 620 570 610 662 622 END
START -16916 7072 -10552 -10479 2423 7339 623 569 612 664 622 END
START -17496 3684 -10568 -12268 950 7989 619 571 613 660 622 END
START -17900 6124 -6984 -13797 -912 9099 624 573 611 665 621 END
START -16580 8180 -5544 -14961 -1227 10154 622 576 614 663 622 END
START -14656 10216 -5584 -15603 -1227 10551 623 580 614 666 624 END
START -13096 10404 -4056 -16020 -1083 10336 623 572 617 665 623 END
START -11436 10328 -3032 -16003 -691 9880 624 578 618 665 622 END
START -9916 9372 -3328 -15562 -326 9167 624 579 618 664 623 END
START -9728 7568 -3792 -14863 -593 8104 621 574 617 665 623 END
START -8784 5744 -3888 -14121 -1468 6923 622 589 620 665 624 END
START -8320 4452 -3808 -13395 -1962 5726 621 578 619 665 624 END
START -7348 5544 -4408 -12671 -1555 4690 620 584 621 666 624 END
START -8184 5132 -3824 -12037 -253 3709 623 586 621 666 627 END
START -9068 4992 -3620 -11756 1121 2952 624 586 620 665 624 END
START -10424 4960 -3280 -11553 2181 2452 622 587 620 665 624 END
START -12336 4884 -2388 -11043 2038 2390 623 591 620 666 626 END
START -12284 6160 -3624 -10547 1155 2511 622 588 623 667 632 END
START -11356 6272 -3740 -10145 758 2638 623 589 624 667 625 END
START -10584 6340 -3648 -9738 1139 2755 625 592 622 667 624 END
START -11136 6924 -3012 -9168 1438 2938 626 590 623 668 618 END
START -11064 7936 -2392 -8501 1187 3045 627 590 622 669 625 END
START -10340 9268 -2164 -7706 858 3148 627 589 622 668 625 END
START -9812 10256 -1584 -6920 684 3056 629 585 623 668 624 END
START -10376 11044 -1116 -6193 258 3027 630 591 625 671 623 END
START -10160 11856 -996 -5625 -846 2953 631 591 626 674 625 END
START -8936 12608 -296 -5217 327 2638 633 592 629 674 630 END
START -9404 11604 -1240 -4865 1252 2177 633 594 627 675 626 END
START -11308 13128 -272 -5006 1010 2433 633 594 627 675 626 END
START -11000 13796 592 -5020 -226 2148 634 591 628 676 626 END
START -12564 12620 2260 -4222 -963 2404 637 597 632 679 628 END
START -15532 12184 7808 -2714 -6678 2473 635 595 638 684 627 END
START -9036 10128 10268 -492 -7658 616 645 601 642 683 630 END
START -5940 8880 7936 831 1016 -105 642 602 639 683 630 END
START -15036 11208 5124 1075 2667 616 641 603 638 684 632 END
START -16076 13356 3248 698 -604 513 642 599 640 683 630 END
START -14168 12404 2976 320 -2552 503 643 603 641 684 629 END
START -12124 14004 3772 127 -2470 533 644 604 641 684 630 END
START -11396 12944 4192 165 -1343 362 644 604 643 683 634 END
START -11608 13688 4112 -118 -138 571 645 603 640 684 631 END
START -12624 12328 4056 -265 -499 374 643 604 639 682 633 END
START -12676 13216 4072 -504 -1048 310 645 604 640 684 634 END
START -13020 11016 3508 -589 -1201 234 641 604 641 683 631 END
START -12596 9164 2740 -658 -1326 168 643 606 640 682 632 END
START -12464 10504 3000 -712 -1054 83 644 599 640 685 631 END
START -12352 8908 2624 -939 -961 87 643 604 641 684 632 END
START -12456 10372 3084 -1033 -1006 324 643 607 640 686 632 END