START -11092 7524 -9964 -525 -1801 37 647 601 616 670 641 END
START -10952 7556 -9976 -475 -1820 52 646 601 616 670 642 END
START -10572 7436 -9952 -397 -1306 -7 643 601 616 670 642 END
START -10764 7452 -10332 -334 -639 -166 646 601 616 670 642 END
START -10956 7444 -10308 -305 -149 -206 646 601 616 670 642 END
START -11212 7448 -10388 -259 -99 -156 646 601 616 671 642 END
START -11484 7324 -10256 -248 -590 -22 646 601 616 670 642 END
START -10912 7944 -10780 -241 -421 12 645 600 616 669 642 END
START -11140 7212 -10488 -195 -794 -203 647 601 616 670 642 END
START -12312 6240 -10040 -377 -563 -203 646 601 616 671 643 END
START -11888 6508 -10340 -538 -559 -9 646 601 616 670 642 END
START -11636 7348 -9320 -686 -123 144 647 601 616 670 643 END
START -11840 7152 -8796 -830 236 105 646 601 616 670 642 END
START -11900 7232 -9008 -811 133 242 647 601 616 669 642 END
START -10440 7176 -10088 -848 -567 341 646 601 616 670 642 END
START -15104 7304 -6912 -943 -1518 315 646 601 616 670 643 END
START -12940 5848 -8628 -1038 -1404 22 647 601 616 670 642 END
START -14168 6148 -7856 -1176 -791 -188 647 601 616 670 641 END
START -14800 5824 -8768 -1282 -1056 -304 646 601 612 670 641 END
START -12744 5448 -11008 -1446 -1233 -242 647 601 616 670 643 END
START -9580 6252 -14004 -1857 -998 -121 646 601 616 670 642 END
START -14456 7804 -10296 -2422 -1461 274 647 601 616 670 642 END
START -8208 7780 -14884 -3096 -489 696 647 600 616 670 641 END
START -13304 8540 -11136 -3797 -952 1048 647 602 616 670 642 END
START -10360 9116 -13652 -4568 -1012 1762 647 601 617 670 642 END
START -9056 9736 -13416 -5620 -1414 2229 647 603 616 670 642 END
START -8508 9140 -13508 -6389 -1089 2543 647 601 616 671 642 END
START -9604 9072 -11308 -7127 -1443 2520 647 603 617 670 642 END
START -12492 9068 -8392 -7855 -1585 2282 648 603 618 671 638 END
START -11548 8460 -8372 -8318 -1834 2138 648 599 617 670 643 END
START -13528 7788 -7092 -8706 -2648 1928 647 602 617 670 642 END
START -9660 6552 -9864 -8913 -2037 1375 647 602 618 670 642 END
START -12584 7320 -7984 -9061 -1371 979 649 603 618 670 642 END
START -12216 7292 -8036 -9132 493 570 648 602 618 670 642 END
START -8120 7948 -10388 -9109 1989 174 648 603 618 670 642 END
START -11592 9248 -7244 -9010 3434 -194 649 603 618 670 642 END
START -10016 9368 -8796 -8895 4668 -322 650 604 618 671 643 END
START -8236 9468 -10456 -8719 5441 -364 651 604 618 670 643 END
START -12040 10260 -7672 -8487 4973 -189 652 604 618 670 644 END
START -8536 10924 -9704 -8338 5456 -37 652 605 619 671 644 END
START -8960 11348 -8780 -8130 5029 138 652 606 619 671 645 END
START -11760 11932 -6592 -7909 4078 350 653 607 619 671 644 END
START -8692 10528 -9352 -7623 3300 638 653 607 619 671 644 END
START -8560 10512 -9404 -7415 1644 782 653 607 620 671 644 END
START -9568 10300 -7424 -7238 -98 877 653 608 620 671 645 END
START -12036 10792 -4904 -7204 20 668 654 608 621 671 645 END
START -11132 10864 -5472 -7349 1364 327 653 608 621 671 646 END
START -8304 10540 -7680 -7791 3111 -258 654 609 622 671 645 END
START -9064 10552 -7628 -8196 3614 -663 654 610 622 671 646 END
START -13024 10440 -5600 -8682 3462 -1146 654 610 623 671 646 END
START -9776 8348 -9996 -9356 3343 -2338 655 611 624 673 646 END
START -11936 8448 -8880 -10292 3348 -3375 655 611 624 674 647 END
START -10700 10224 -8764 -11078 2176 -3362 655 613 625 675 648 END
START -13904 9912 -4376 -11014 1180 -2658 656 614 626 677 649 END
START -13528 9680 -1356 -9100 50 -903 658 616 629 679 648 END
START -16108 11084 2372 -6100 -2229 309 659 617 630 680 648 END
START -7320 11892 -2716 -3360 -2879 208 659 617 630 680 648 END
START -6900 12452 -4404 -2343 -357 -439 659 618 630 680 648 END
START -9912 12940 -5384 -2702 634 -735 660 618 631 680 648 END
START -10008 12604 -5768 -2878 705 -1359 660 618 630 680 648 END
START -11784 11560 -3528 -2550 -104 -1313 660 618 631 680 648 END
START -10100 10756 -4780 -1721 -40 -1100 662 620 631 681 648 END
START -14068 9932 -3160 -1039 -739 -605 660 618 631 680 648 END
START -10484 8452 -6756 -555 -734 -223 661 619 631 681 648 END
START -10892 8620 -6060 -162 -596 24 660 619 631 682 649 END
START -11648 8528 -6096 38 -685 277 661 619 632 681 648 END
START -11164 8880 -5976 246 -519 302 661 619 632 682 648 END
START -11348 8512 -5844 300 -299 145 661 619 632 679 648 END
START -11604 9232 -5688 231 -314 -33 661 619 632 681 649 END
START -14256 9576 -4348 198 -559 -251 661 618 632 677 649 END