START -11428 8276 -12100 -4775 2666 1937 599 573 600 656 625 END
START -11588 8332 -12084 -4821 2406 2037 596 573 595 655 628 END
START -11668 8644 -12072 -5203 1520 2370 602 574 600 654 626 END
START -11100 8776 -12384 -5850 1159 2557 600 573 600 656 625 END
START -10116 8780 -12724 -6561 1320 2501 599 574 598 655 621 END
START -9548 8480 -13380 -7190 2121 2413 600 573 612 656 625 END
START -9504 9064 -13376 -8040 2857 2453 600 575 601 657 626 END
START -9764 9176 -13200 -8903 3007 2211 600 575 601 656 626 END
START -9760 9592 -12296 -9984 2753 2310 599 582 602 657 641 END
START -8928 10244 -12268 -10477 2730 2145 600 575 602 657 625 END
START -8516 9820 -12092 -10704 3020 1638 601 577 604 657 625 END
START -7916 9728 -11912 -11269 3468 1423 597 577 613 655 617 END
START -8396 10204 -10752 -11653 3732 1284 601 576 601 659 625 END
START -9344 10632 -9428 -11885 3340 1126 601 576 602 658 626 END
START -8440 10264 -9788 -11558 2845 981 601 579 602 658 626 END
START -9236 11036 -7780 -11151 2206 848 602 577 603 657 626 END
START -7432 11296 -7924 -10563 2617 813 602 576 603 657 627 END
START -5072 12268 -8564 -10144 3731 431 603 577 610 658 626 END
START -5716 12644 -7200 -9764 4580 382 607 578 604 658 628 END
START -7656 12072 -5672 -9224 4844 322 603 574 598 661 628 END
START -8536 12108 -5444 -8494 4314 357 604 576 603 658 627 END
START -8688 12056 -5176 -7699 3066 259 605 577 610 658 626 END
START -7760 11760 -5376 -7120 2346 228 605 575 606 658 626 END
START -7504 11968 -4700 -6562 2369 44 606 575 605 659 627 END
START -7736 12008 -5096 -5896 3321 20 607 576 604 658 627 END
START -9016 12156 -5252 -5392 3628 -239 609 577 605 658 627 END
START -9728 11764 -5472 -5058 3462 -304 610 575 605 659 626 END
START -10040 12264 -6356 -4685 3041 -300 610 577 605 659 640 END
START -8492 11128 -7936 -4584 3580 -783 607 576 607 660 628 END
START -8688 9560 -8028 -4407 3886 -1407 604 576 608 659 627 END
START -7608 10296 -6332 -3582 5194 -3003 607 573 599 664 628 END
START -5024 10532 -8028 -2786 8504 -2675 600 576 605 661 625 END
START -9140 10944 -6624 -1240 9222 -2585 599 579 607 660 627 END
START -10764 10776 -7252 -284 7081 -1542 596 590 599 658 627 END
START -9396 12236 -8888 320 3701 -900 592 589 615 666 628 END
START -8132 12580 -9288 231 1515 -1537 590 593 621 668 629 END
START -6728 13448 -10060 -284 2321 -1747 591 599 625 668 630 END
START -8152 13752 -10984 -1267 3294 -790 588 604 625 672 631 END
START -10152 14812 -10792 -2303 1635 -340 592 610 631 679 633 END
START -11492 14604 -10316 -3564 -1977 353 586 617 634 680 640 END
START -9700 13752 -8440 -4893 -5972 851 575 621 640 682 677 END
START -7528 12320 3268 -3549 -6677 652 565 622 640 680 646 END
START -11080 12528 6668 -683 -4834 2538 556 618 634 686 646 END
START -13148 12584 356 1301 -5837 -97 550 594 630 687 647 END
START -12568 12776 -6416 818 -9627 -105 549 614 628 680 651 END
START -6956 12232 -9160 -146 -10120 -680 549 611 627 683 646 END
START -4688 10868 -7660 -389 -5321 -778 528 609 627 685 648 END
START -7984 10044 -6216 -106 -2559 -667 527 608 622 682 649 END
START -10852 11828 -4356 27 -3474 -1131 543 610 622 681 648 END
START -7948 12284 -6992 -265 -2965 -938 547 609 626 682 648 END
START -5724 12864 -7936 -701 -2128 -1093 541 607 622 681 647 END
START -7472 13136 -5148 -674 -670 -961 542 615 618 682 649 END
START -7096 13112 -6612 -482 248 -804 538 607 620 682 646 END
START -7196 13532 -7584 -465 20 -621 540 610 621 693 648 END
START -7220 13872 -7764 -636 109 -503 541 607 621 681 648 END
START -6312 14104 -7872 -885 937 -186 540 602 624 682 646 END
START -7796 14052 -6732 -941 784 139 537 611 619 683 650 END
START -9828 14496 -5424 -951 -281 463 542 608 620 682 649 END
START -8636 14252 -6848 -1055 -1192 713 546 604 621 679 645 END
START -7304 15136 -7312 -1422 -678 926 537 609 621 682 649 END
START -7592 15360 -6688 -1760 -249 1019 544 609 620 682 649 END
START -8396 14732 -5920 -1938 -393 1114 545 606 623 684 650 END
START -8608 13536 -6292 -1914 -820 844 545 610 622 682 649 END
START -8324 13564 -6420 -1898 -625 742 544 608 620 681 649 END
START -8232 12116 -6556 -1818 -757 336 547 606 610 678 650 END
START -8936 13916 -5588 -2226 -542 121 545 611 629 682 647 END
START -7384 10924 -6204 -2086 827 206 548 602 617 681 649 END
START -8504 11548 -5796 -2149 670 17 537 606 574 674 648 END
START -10516 11764 -4552 -1967 -645 -280 553 607 620 679 649 END
START -8284 11584 -5964 -1811 -1062 -560 551 609 617 680 644 END