START -9848 8824 -10872 -684 -361 -7 592 565 605 656 626 END
START -10316 8784 -11088 -807 -261 124 590 567 605 656 626 END
START -11208 8880 -11300 -1128 -651 285 592 570 607 656 626 END
START -11084 8948 -11132 -1547 -1548 427 592 566 605 656 625 END
START -10372 9164 -11172 -1835 -1655 494 593 569 605 655 625 END
START -9892 8984 -11292 -2139 -1028 645 640 577 601 664 621 END
START -10832 8524 -13104 -2460 -262 997 592 574 606 654 624 END
START -12388 8464 -14348 -3158 -191 1622 592 568 605 655 624 END
START -11736 9688 -13704 -4891 -305 1928 596 570 604 657 624 END
START -10684 10052 -12344 -6567 782 1935 594 571 608 653 624 END
START -10036 10120 -10308 -7335 1590 1951 592 569 605 653 625 END
START -9672 9460 -9200 -7155 1557 1858 593 561 606 656 624 END
START -9584 9760 -8016 -6650 1477 2130 591 570 606 652 625 END
START -9096 10108 -7596 -5749 897 1974 593 583 606 657 625 END
START -8728 9608 -7328 -5000 628 1543 592 569 612 654 628 END
START -9032 8896 -7276 -4377 738 980 593 568 605 656 625 END
START -9284 8008 -7880 -3863 943 632 593 568 606 657 625 END
START -10220 8444 -7824 -3410 1265 591 602 558 623 655 622 END
START -11760 8508 -8544 -3054 1142 468 591 570 608 653 634 END
START -9696 7800 -11528 -3199 912 136 592 569 606 655 625 END
START -10012 7416 -11336 -3614 723 -277 597 564 607 638 625 END
START -9872 9172 -10204 -4050 923 -811 594 575 612 654 626 END
START -10112 8572 -9840 -4442 1796 -1312 592 571 607 656 627 END
START -7420 9800 -11228 -4769 2913 -1662 573 568 607 654 624 END
START -9096 10060 -9876 -5152 2789 -1877 592 572 608 658 626 END
START -8880 10268 -10164 -5461 2372 -2146 593 570 606 658 626 END
START -8364 11008 -9772 -5716 2212 -2325 595 571 607 657 625 END
START -8624 11816 -9068 -5929 2399 -2585 587 570 608 661 617 END
START -7844 12360 -9064 -6163 2799 -2663 594 570 605 658 625 END
START -8040 11808 -8816 -6333 3481 -2667 594 570 606 657 626 END
START -9308 10668 -8124 -6337 3984 -2854 596 568 606 657 625 END
START -10416 10752 -7712 -6499 3969 -2783 600 569 608 657 626 END
START -11332 10284 -7128 -6662 3339 -2681 597 570 606 656 626 END
START -11372 9668 -8204 -6589 2820 -2639 596 569 606 657 625 END
START -10072 8664 -9576 -6162 3118 -2782 572 624 604 657 638 END
START -10044 7684 -9584 -5847 3576 -3013 596 571 606 656 624 END
START -11232 8088 -8944 -5646 3955 -3090 595 569 606 656 618 END
START -8348 9896 -10464 -5578 4377 -3070 594 568 606 656 624 END
START -9252 10032 -9160 -5486 4757 -2947 593 573 607 657 630 END
START -10388 10780 -7948 -5278 4900 -2795 558 567 609 655 625 END
START -8568 11004 -8692 -5140 5189 -2685 594 569 606 656 621 END
START -8732 11436 -8028 -4876 5507 -2481 639 568 611 662 625 END
START -7600 12384 -7940 -4575 6402 -2264 593 569 607 659 624 END
START -8684 12332 -7120 -4348 6936 -2047 592 569 606 657 625 END
START -9768 11484 -7036 -4085 6494 -2096 593 569 609 656 624 END
START -10472 11388 -6372 -3849 5719 -2035 593 565 608 657 629 END
START -10368 11156 -6088 -3894 4859 -2002 594 571 618 656 626 END
START -12280 10792 -5112 -3878 3859 -1986 594 567 606 656 623 END
START -11856 10568 -6280 -3449 2841 -1985 593 570 605 655 625 END
START -11800 8144 -8124 -2928 2242 -2442 596 565 605 659 610 END
START -11868 7744 -8536 -1915 1791 -1904 594 569 605 662 626 END
START -11900 9032 -9416 -177 1685 396 598 569 606 659 628 END
START -12688 10536 -7208 34 1299 360 593 573 591 662 628 END
START -10612 9900 -9188 -71 1130 315 601 573 609 667 629 END
START -8004 9732 -12468 -170 660 156 599 575 614 664 631 END
START -5004 9812 -15108 -217 586 -244 603 577 616 665 631 END
START -5900 9100 -13692 -891 1101 -865 600 582 619 667 632 END
START -7088 8824 -10456 -1076 2454 -1502 583 582 618 667 634 END
START -11976 8676 -3176 683 5838 -245 597 588 620 664 629 END
START -15236 10612 -2052 2463 3074 807 594 588 619 669 627 END
START -11448 10988 -7668 3290 -643 -368 588 589 617 666 634 END
START -10384 11668 -10020 3442 -1881 42 586 586 618 665 625 END
START -9092 12808 -9128 3217 -1104 208 585 586 611 664 623 END
START -8600 12948 -8784 2983 558 495 539 584 609 663 623 END
START -9752 14016 -7488 2572 419 766 582 586 610 640 623 END
START -9036 13632 -8936 2140 -462 867 581 584 609 662 627 END
START -8220 13268 -10116 1690 -642 965 558 584 609 691 603 END
START -7820 13100 -10000 1163 -513 1093 586 587 610 659 623 END
START -8472 12932 -8736 638 -405 1166 580 584 608 659 623 END
START -9192 11640 -8660 346 -484 1229 574 590 603 657 622 END