START -15020 5972 -4212 -504 40 108 625 599 648 684 629 END
START -14996 5980 -4172 -517 92 128 624 600 648 688 629 END
START -14616 5972 -4188 -584 331 172 624 597 648 685 630 END
START -14548 6084 -4264 -756 696 160 626 599 646 684 630 END
START -15056 5696 -4232 -936 725 152 624 597 647 678 629 END
START -15156 5900 -4368 -1049 42 214 625 596 646 684 628 END
START -14888 5364 -4492 -1055 -628 106 625 601 650 683 630 END
START -14520 5820 -4252 -1305 -643 128 625 587 646 683 630 END
START -14084 6056 -4860 -1397 28 122 626 597 645 684 629 END
START -13872 5000 -5232 -1566 300 -104 628 597 644 684 629 END
START -14348 4748 -5356 -1829 752 -142 622 597 642 684 627 END
START -14540 4608 -5352 -2058 1154 -157 622 594 644 683 629 END
START -14524 4628 -5868 -2156 1490 96 619 595 637 683 628 END
START -14260 5788 -5528 -2138 1899 429 617 594 644 682 629 END
START -15100 6872 -4424 -2353 2506 1047 617 591 640 681 629 END
START -16580 5368 -4468 -2746 2740 1275 610 591 637 680 629 END
START -16176 4668 -6516 -2727 3155 1298 616 589 641 680 634 END
START -17268 7756 -4932 -3058 2484 2718 615 588 637 684 627 END
START -17608 4264 -5792 -3527 936 2789 619 590 634 678 628 END
START -16624 8256 -5904 -3751 1151 3922 611 588 630 677 627 END
START -16996 4224 -6592 -4438 371 4171 616 587 636 678 627 END
START -16372 8576 -6712 -5091 1379 5580 616 588 635 676 629 END
START -16364 4516 -8656 -5972 1935 5508 615 588 634 676 627 END
START -17772 7948 -6652 -7692 2211 7052 617 586 635 677 626 END
START -15680 8924 -9780 -9000 3489 7460 617 588 635 678 627 END
START -15700 5328 -9820 -10689 2821 7180 610 588 634 675 627 END
START -16316 6144 -8200 -12918 1596 7880 618 589 634 677 628 END
START -16028 10308 -6320 -14949 847 8510 617 589 633 676 626 END
START -13472 10976 -7160 -16014 101 8299 617 589 631 673 627 END
START -10804 9760 -7736 -16865 98 7616 618 586 632 675 627 END
START -10796 5516 -5712 -17833 -217 6900 618 587 632 673 626 END
START -11104 5008 -4252 -18256 -1042 6771 618 586 628 672 621 END
START -12196 6104 -916 -18165 -1179 6620 620 588 629 671 625 END
START -12064 8756 796 -17762 -1179 6546 617 587 633 669 628 END
START -10304 11064 720 -17472 327 6265 617 586 630 670 626 END
START -9680 11752 1052 -16752 2796 5791 621 587 630 669 626 END
START -9648 11720 92 -15958 4403 5083 613 593 630 669 627 END
START -9268 10936 -948 -14945 5302 4012 611 584 631 669 626 END
START -8652 10108 -2092 -14211 5942 3160 612 586 632 670 627 END
START -8796 9020 -3444 -13624 6572 2501 609 588 634 672 626 END
START -9872 8648 -3360 -13184 6316 1929 610 585 633 667 627 END
START -10308 8260 -2816 -12869 5240 1538 608 588 638 668 631 END
START -9320 7976 -3132 -12202 4957 1354 606 587 631 669 626 END
START -8868 7692 -3432 -11451 5720 825 609 588 635 669 628 END
START -8868 7368 -3576 -10686 6754 314 613 590 634 670 628 END
START -9032 7544 -3204 -9917 7956 -67 611 590 637 671 630 END
START -11204 5960 -2212 -9271 8528 -230 613 590 637 672 628 END
START -12068 6248 -2108 -8438 8046 -311 614 594 639 675 630 END
START -11556 8516 -2272 -7542 6790 -224 617 591 641 675 627 END
START -11204 8960 -2400 -6660 6002 -37 620 595 639 677 628 END
START -12436 7188 -2824 -6160 4310 186 621 594 640 676 630 END
START -11616 8636 -3204 -5991 3098 442 620 597 642 675 629 END
START -13656 8208 -1596 -4914 1136 1202 623 599 642 679 632 END
START -15788 10864 2440 -3267 -4487 1702 627 599 647 683 633 END
START -12772 12000 6036 -1495 -8016 1900 630 602 648 685 634 END
START -12416 12600 8860 -92 -7954 2243 630 604 650 685 630 END
START -12104 10976 7748 1150 -6283 1835 631 605 649 685 635 END
START -12512 9744 4772 1517 -4661 1125 632 605 652 684 633 END
START -12460 7980 1772 1426 -3959 438 633 609 649 685 633 END
START -12900 9452 1844 921 -3626 71 633 604 650 686 634 END
START -13632 10392 2856 637 -3854 -192 627 606 647 685 633 END
START -11948 10084 3348 218 -3051 -232 634 606 644 685 634 END
START -11368 8796 3012 374 -1601 -467 635 608 649 685 632 END
START -13308 10436 4240 339 -1320 -221 634 608 650 689 635 END
START -13384 9676 3124 354 -1729 -83 636 605 649 687 634 END
START -13612 11700 4008 118 -2241 280 635 606 647 686 633 END
START -12620 10256 3520 -24 -2335 279 635 609 648 692 633 END
START -12108 8528 2504 -137 -1967 269 635 606 648 686 634 END
START -12132 9624 3004 -282 -1508 156 638 608 649 687 635 END
START -11744 8000 1944 -498 -1320 -8 635 603 649 683 634 END