START -10000 9068 -10900 173 -1529 -415 575 563 597 665 614 END
START -9792 9044 -11016 96 -1019 -399 576 563 599 653 615 END
START -10384 9264 -10808 -165 219 -366 577 525 600 653 610 END
START -11120 9220 -10676 -437 396 -225 573 563 600 654 614 END
START -11720 9072 -10912 -649 -335 36 577 563 598 654 616 END
START -11200 9096 -11160 -900 -1112 232 587 564 599 654 612 END
START -10376 9072 -11392 -1253 -833 416 577 563 608 655 615 END
START -9988 9020 -11048 -1754 131 553 576 568 597 653 617 END
START -10028 9296 -11184 -2087 882 366 574 610 607 653 619 END
START -10524 8372 -11048 -2502 848 148 575 565 622 655 618 END
START -10080 9152 -10732 -2939 931 622 576 566 599 655 619 END
START -10668 9720 -9916 -2905 472 746 586 559 596 643 615 END
START -10468 9344 -10424 -2607 -57 721 586 568 601 655 617 END
START -9712 9292 -10500 -2430 -671 531 577 576 601 650 618 END
START -9604 9860 -9888 -2487 -412 784 582 583 600 659 624 END
START -8468 9916 -10940 -2860 -95 701 585 593 603 661 621 END
START -10136 10220 -9948 -3232 173 367 586 585 603 661 618 END
START -8924 10068 -10996 -3635 1232 290 588 587 611 661 620 END
START -7632 11240 -10944 -3973 2534 262 586 586 605 659 620 END
START -8320 11548 -9616 -4197 3506 356 586 586 605 661 621 END
START -9488 10728 -9836 -4310 3293 309 585 586 606 660 621 END
START -10076 10064 -9800 -4316 3139 178 585 585 612 660 622 END
START -10320 9972 -9428 -4421 2737 205 585 585 607 660 621 END
START -9348 9860 -9464 -4596 2146 76 583 583 605 663 620 END
START -9360 10556 -8080 -4576 2789 105 587 582 607 655 617 END
START -10520 10072 -8104 -5159 3157 -13 577 579 606 654 614 END
START -11092 9808 -8424 -5453 2589 -341 575 578 594 667 610 END
START -11268 9640 -8672 -5504 2270 -394 575 575 606 636 610 END
START -11112 9368 -10336 -5593 1681 -213 573 577 603 653 606 END
START -10240 7896 -11148 -5414 1095 -593 559 573 595 652 588 END
START -10548 8592 -9704 -5440 1292 -921 570 573 601 652 602 END
START -8476 8492 -11404 -5542 2207 -1148 574 572 602 653 603 END
START -7172 8704 -12140 -5653 3265 -1651 577 572 587 650 598 END
START -8436 9404 -10588 -5820 3849 -2066 577 572 602 650 599 END
START -6600 9576 -11956 -5909 4477 -2555 578 572 609 650 601 END
START -7784 9584 -11424 -5975 4611 -2977 579 570 602 651 602 END
START -8688 10600 -10576 -6228 4320 -3227 578 571 602 651 603 END
START -8216 11240 -9648 -6799 3601 -3229 581 571 601 652 606 END
START -8868 10388 -9388 -7164 3059 -3588 578 570 603 654 603 END
START -9120 10052 -9216 -7480 3102 -3827 588 556 653 659 605 END
START -9280 9764 -9316 -7482 3304 -3835 593 566 605 655 607 END
START -10076 10044 -7588 -7336 3999 -4036 593 565 604 657 610 END
START -10736 10492 -5868 -7171 5388 -4179 597 568 607 657 608 END
START -10352 8152 -7496 -6786 7076 -5007 599 570 609 656 619 END
START -12080 8100 -7116 -6318 7292 -5685 600 565 610 661 614 END
START -12084 9528 -8092 -5651 7433 -5594 605 568 608 659 615 END
START -10576 10680 -8672 -5135 6520 -5129 610 570 608 660 616 END
START -11184 10816 -7776 -4698 5371 -4552 615 586 609 662 617 END
START -9140 10428 -9224 -4165 4970 -4349 620 572 611 663 619 END
START -9792 10988 -9344 -4040 5334 -3928 626 580 618 663 622 END
START -9736 12128 -9556 -4363 5237 -3437 636 581 615 653 627 END
START -9564 11216 -8948 -4452 5036 -2851 629 583 616 667 625 END
START -11884 9284 -7332 -2216 3172 -51 636 585 623 674 631 END
START -8308 9332 -5112 697 2446 -1401 646 592 630 678 630 END
START -4512 12020 -5492 722 9689 -162 643 597 639 679 634 END
START -12844 10132 -6240 742 8707 -87 642 602 633 681 635 END
START -11316 9452 -9884 889 5416 -1067 632 600 637 679 636 END
START -12304 9928 -8752 1352 2334 320 642 604 639 681 633 END
START -11884 10600 -6260 1754 610 824 639 605 635 681 633 END
START -10520 10944 -7524 1961 944 1008 637 604 637 681 616 END
START -9708 10820 -9596 1715 446 979 637 607 634 683 624 END
START -8420 10604 -11264 1380 -299 880 634 606 635 675 629 END
START -8488 9976 -10336 718 -426 739 632 610 650 679 625 END
START -10736 10268 -7088 664 -333 694 627 605 632 681 626 END
START -12048 9760 -5544 863 -272 336 623 605 632 679 625 END
START -11712 10116 -6844 844 -47 381 622 608 629 675 624 END
START -11488 10244 -8712 600 -813 500 622 604 628 681 623 END
START -11448 10080 -8964 313 -1546 680 674 610 624 677 622 END
START -10888 10224 -8752 80 -1507 919 618 608 627 678 626 END
START -11196 9712 -8240 -184 -1425 1058 621 604 626 677 624 END