START -13656 5092 -7036 13782 -1518 -6154 599 566 630 679 622 END
START -14020 4892 -6844 13640 -1157 -6113 599 564 631 682 621 END
START -15736 4648 -7752 12753 -304 -5460 601 567 631 682 620 END
START -16524 4392 -8052 11653 -419 -4934 600 576 632 681 622 END
START -16396 4556 -9296 10161 -494 -4222 600 572 634 681 622 END
START -16236 4316 -9768 8470 236 -3547 598 570 634 679 622 END
START -16268 4440 -9944 6783 1240 -2906 597 576 632 682 621 END
START -15952 4380 -9700 5236 1778 -2503 602 575 636 682 621 END
START -16648 5244 -8300 3773 2337 -1888 604 575 633 683 621 END
START -16024 6000 -8140 2503 2647 -1440 605 576 640 682 623 END
START -13944 6092 -9224 1296 3084 -1058 604 569 636 682 619 END
START -15528 5520 -7848 702 2783 -1181 604 574 636 682 622 END
START -15908 6120 -6920 52 2452 -787 608 576 635 683 621 END
START -16416 6180 -6536 -534 1835 -545 603 576 635 681 621 END
START -16596 6364 -5676 -1185 758 -157 603 574 634 682 619 END
START -16096 4172 -6248 -1432 -96 -355 603 572 636 678 621 END
START -14508 4884 -7048 -1138 -63 -467 603 575 634 681 623 END
START -14716 6892 -5456 -1415 159 332 602 572 634 683 620 END
START -15532 3556 -5424 -1544 155 -24 601 574 633 682 620 END
START -14404 5236 -6848 -1218 1145 158 604 573 633 678 620 END
START -16352 4772 -4456 -1510 53 691 604 572 636 682 619 END
START -14992 4224 -7316 -1055 706 535 602 575 634 682 623 END
START -16532 5036 -4952 -1692 -102 1392 602 574 634 681 622 END
START -14700 6668 -7308 -1592 1414 1424 601 573 636 680 627 END
START -16088 2836 -7168 -2312 830 1447 598 573 633 680 619 END
START -16808 7192 -5792 -2937 1679 2746 602 574 633 681 622 END
START -16160 5776 -8992 -3401 2881 2814 601 575 634 682 623 END
START -18216 2660 -9192 -4911 1589 3544 602 577 633 682 627 END
START -18816 6644 -6820 -6602 934 5265 601 580 634 681 621 END
START -17288 8520 -8484 -7592 1901 5706 599 577 634 681 620 END
START -13780 6200 -11256 -9073 2362 5314 600 578 633 684 622 END
START -14188 3640 -9236 -10625 1638 5299 599 572 635 678 620 END
START -15796 5368 -5612 -11835 803 5752 599 567 632 677 619 END
START -15196 8332 -4656 -12162 367 5996 595 565 628 674 621 END
START -12960 9352 -6664 -12256 261 5581 594 562 635 673 621 END
START -11340 7284 -8668 -12029 282 4694 591 560 631 671 621 END
START -11296 4936 -9152 -12217 -112 3684 588 559 627 669 622 END
START -11032 5064 -8788 -12561 -545 3093 592 559 628 670 618 END
START -11056 3700 -8428 -12616 -485 2596 590 560 629 666 621 END
START -11752 3868 -6176 -12781 -266 2289 590 561 631 667 622 END
START -12516 4452 -4304 -13397 350 1925 590 555 628 667 621 END
START -12624 6260 -3172 -13577 800 1579 590 561 629 667 620 END
START -12668 7732 -2592 -13915 1634 1215 591 560 629 666 621 END
START -13468 7332 -1916 -14106 2233 807 588 566 629 664 621 END
START -13952 8916 -536 -14275 2047 635 588 567 631 667 622 END
START -13156 9516 -920 -13887 2414 421 589 564 631 668 621 END
START -11480 9876 -3228 -13475 3298 155 589 566 632 667 620 END
START -10900 9368 -4240 -12726 3971 -208 590 566 631 667 617 END
START -10884 10540 -2256 -12495 5151 -504 589 565 632 667 622 END
START -11392 10260 -2624 -12105 6359 -623 591 567 635 668 622 END
START -12920 10836 32 -11728 6699 -622 588 565 630 668 624 END
START -12736 10132 -2680 -11185 7086 -681 590 569 632 670 622 END
START -13500 11112 -728 -10899 6683 -405 594 573 633 669 622 END
START -13016 10840 -1516 -10602 6809 -435 597 571 635 669 622 END
START -13684 11104 620 -10293 7651 -435 591 577 634 675 622 END
START -13588 11124 696 -10288 9247 -467 590 572 636 669 622 END
START -13464 11436 -204 -10416 10393 -704 588 574 636 669 621 END
START -14676 11008 80 -10860 9907 -1085 591 573 637 669 621 END
START -15892 9376 408 -10695 8691 -1457 591 574 631 669 623 END
START -16648 8704 784 -11489 6909 -1785 593 572 637 668 624 END
START -15624 8440 188 -11721 5170 -2102 592 578 639 669 621 END
START -14184 7176 -64 -11446 4532 -2763 595 578 637 669 618 END
START -12780 -640 1624 -8337 4296 -3231 592 577 640 671 624 END
START -14824 3708 6976 90 6471 -1882 587 585 646 675 627 END
START -16848 10428 13464 160 3961 -2673 596 587 644 682 628 END
START -19560 6196 4776 1004 3814 -1127 598 587 645 680 629 END
START -20748 6104 -1504 1289 -521 -569 598 583 646 680 630 END
START -19268 7480 -2800 1159 -4361 307 597 589 643 680 630 END
START -15536 6896 -5172 435 -5318 586 598 589 646 680 630 END
START -13088 6336 -5712 -170 -4428 553 599 587 646 679 631 END