START -11188 6604 -11292 -241 -700 605 626 574 596 643 633 END
START -11284 6400 -11412 -300 -749 597 626 574 596 643 632 END
START -11236 6428 -11212 -361 -620 527 625 574 595 643 633 END
START -11112 6464 -11136 -474 -646 502 626 573 595 643 633 END
START -11156 6476 -11040 -560 -742 516 626 573 595 643 633 END
START -11068 6384 -10824 -537 -829 447 626 574 596 643 633 END
START -11088 6512 -10748 -681 -754 512 626 574 595 643 633 END
START -10736 6468 -11260 -611 -674 381 626 573 595 643 632 END
START -11556 5556 -11044 -818 -841 127 626 574 595 642 632 END
START -11624 6324 -10736 -1027 -427 389 626 573 595 642 632 END
START -11272 6944 -10068 -1118 -383 531 626 574 595 643 633 END
START -10920 7164 -10024 -1171 -368 577 626 574 596 643 633 END
START -11264 7152 -9608 -1192 -376 693 626 574 595 643 633 END
START -10096 6492 -11064 -1255 -316 541 625 573 596 642 632 END
START -12208 6372 -9628 -1400 -451 453 626 574 595 642 633 END
START -12752 5996 -9612 -1580 -866 319 626 574 595 642 634 END
START -12256 4700 -10808 -1831 -960 101 626 574 595 643 633 END
START -13956 5144 -10080 -1984 -1479 23 626 573 595 643 633 END
START -11648 4796 -12512 -2236 -560 -117 626 574 596 643 633 END
START -12124 6852 -12080 -2751 -455 215 626 574 595 643 633 END
START -10240 6860 -14288 -3264 259 733 626 571 595 643 632 END
START -11616 7388 -13860 -3872 -350 1339 626 574 596 643 632 END
START -10724 9000 -14020 -4913 -680 2358 626 575 596 643 633 END
START -11552 8660 -13156 -5832 -1460 3061 626 575 596 643 633 END
START -13272 8120 -10596 -6842 -2348 3399 626 575 596 643 633 END
START -10028 7768 -11932 -7792 -2429 3368 626 575 596 643 633 END
START -11956 6036 -10796 -8740 -2810 3060 626 575 596 644 633 END
START -13772 6448 -10216 -9239 -3185 2872 626 575 596 643 634 END
START -11228 7384 -11212 -9552 -2433 2715 627 576 597 644 633 END
START -10464 8112 -10760 -9871 -1556 2995 626 576 596 642 634 END
START -10584 9616 -9924 -9896 -1317 3443 627 576 597 644 634 END
START -9456 10552 -9776 -10176 -1696 3863 626 577 596 644 633 END
START -8600 9764 -9204 -10171 -1595 3911 628 577 597 644 635 END
START -11300 8808 -6788 -10071 -1932 3649 627 576 597 644 635 END
START -12736 8348 -5172 -10073 -2699 3289 628 577 598 645 635 END
START -11252 7948 -6476 -10221 -3079 2675 628 578 598 646 637 END
START -10352 7640 -7788 -10029 -2056 2068 629 579 599 648 635 END
START -10144 9008 -7440 -9795 -365 1666 629 579 599 649 638 END
START -8252 9956 -8140 -9255 1659 1465 630 581 600 650 638 END
START -9056 10320 -7932 -8745 2269 1498 631 581 601 650 638 END
START -10080 11052 -7124 -8273 2550 1487 630 581 601 650 639 END
START -10188 11744 -6272 -7957 2315 1538 630 582 601 652 639 END
START -8752 11616 -6504 -7617 1954 1535 630 582 603 652 640 END
START -9280 10960 -5308 -7091 913 1313 631 583 603 654 640 END
START -10892 10600 -3528 -6604 13 1163 632 585 604 655 641 END
START -9880 10704 -4620 -6450 -1098 960 632 586 606 657 642 END
START -10268 10504 -5948 -6705 -1139 278 634 586 608 659 643 END
START -9604 8816 -7716 -7602 902 -1043 636 588 611 662 645 END
START -11296 9184 -6752 -7929 2687 -1767 638 590 614 665 647 END
START -11328 8328 -5120 -7504 4514 -2349 642 594 622 670 650 END
START -11228 9492 -2956 -5873 4097 -2317 645 598 631 675 653 END
START -10012 10720 -1072 -3534 3837 -1851 648 601 637 679 655 END
START -10460 11684 -2332 -1401 2582 -1059 651 602 640 680 656 END
START -12032 13024 -4196 -1160 942 -258 653 603 642 682 657 END
START -8284 12416 -8172 -1565 679 -83 654 605 643 683 657 END
START -8436 11960 -7512 -2058 425 -19 655 606 645 683 658 END
START -10792 11544 -4372 -1984 56 -27 657 607 647 684 658 END
START -10732 11040 -3904 -1531 324 -142 657 608 649 685 658 END
START -9796 10292 -5124 -1050 231 -205 658 609 649 685 659 END
START -12680 9356 -4524 -832 -83 -351 658 609 649 686 660 END
START -11804 8908 -5836 -683 -124 -440 658 609 649 686 659 END
START -12188 9240 -6112 -544 -226 -532 657 609 649 686 660 END
START -12952 9000 -5896 -425 -190 -531 659 610 649 686 659 END
START -10480 10560 -6356 -318 -338 -377 659 609 649 686 660 END
START -11264 11604 -5204 -342 -316 -129 659 609 649 686 659 END
START -8328 11596 -6792 -274 -154 64 660 610 649 686 660 END
START -8272 11512 -6888 -221 -17 29 659 610 649 686 660 END
START -9576 11656 -6820 -382 133 152 659 609 650 686 659 END
START -9184 12640 -6592 -427 -94 309 659 609 649 686 660 END
START -8612 12752 -6572 -289 -169 455 659 610 649 687 660 END