START -9732 7760 -12008 -676 -1022 590 643 581 602 655 637 END
START -9868 7808 -11880 -739 -973 596 642 580 602 656 638 END
START -10036 7752 -11484 -830 -1104 634 642 582 602 657 638 END
START -10056 7620 -11204 -855 -1411 589 642 582 602 656 638 END
START -10092 7496 -11348 -854 -1809 569 642 581 602 656 638 END
START -10340 7520 -10980 -849 -2233 635 642 582 602 656 638 END
START -9876 7096 -11496 -788 -2576 496 642 581 602 656 637 END
START -10084 6732 -11044 -859 -2509 136 642 582 602 656 638 END
START -9516 7540 -10900 -904 -1334 124 640 581 602 656 638 END
START -9408 8232 -10656 -985 70 31 640 581 602 656 638 END
START -10016 9144 -11432 -874 873 -124 642 581 602 656 638 END
START -10656 9544 -11000 -852 911 32 642 581 603 656 637 END
START -9556 9380 -11816 -773 494 260 642 581 602 656 638 END
START -12444 9708 -9448 -771 7 464 641 581 602 656 638 END
START -7384 9072 -13352 -720 -138 580 642 580 602 655 638 END
START -10972 9448 -10456 -753 -655 699 642 581 602 657 638 END
START -8268 8436 -12564 -846 -23 768 643 580 602 656 638 END
START -7688 8376 -12828 -918 411 801 642 581 602 656 638 END
START -7840 8324 -12952 -1053 699 836 642 581 603 656 637 END
START -12416 8200 -9476 -1223 345 816 642 581 602 657 637 END
START -12552 8296 -9368 -1479 -182 946 642 581 603 656 638 END
START -10052 7688 -11144 -1751 -370 1072 642 581 602 655 637 END
START -11808 7508 -10556 -2202 -1527 1169 642 582 602 655 638 END
START -11688 5828 -12228 -2772 -2461 1046 643 582 602 656 638 END
START -14740 6144 -11188 -3229 -4102 1219 642 581 603 656 637 END
START -11944 7304 -13348 -3961 -4935 1634 642 582 603 656 638 END
START -9040 8156 -14804 -4745 -5958 2392 642 582 604 656 638 END
START -12484 9152 -11628 -5288 -7880 3429 643 582 603 656 638 END
START -9344 10292 -13168 -6010 -8912 4420 642 582 603 657 638 END
START -10848 10256 -11436 -6758 -9876 5346 643 584 604 657 638 END
START -13112 9592 -8808 -7675 -11344 5910 643 584 604 657 638 END
START -10384 9180 -9576 -8471 -12046 5991 644 585 604 657 638 END
START -12448 7532 -7724 -9071 -12326 5681 644 585 604 657 639 END
START -13248 7908 -7164 -9106 -11995 5169 644 584 604 657 639 END
START -9012 7896 -9744 -9065 -9723 4765 645 584 604 656 640 END
START -10488 9092 -6948 -8831 -7436 4382 645 585 604 656 640 END
START -8036 9612 -8456 -8652 -4287 4064 646 585 605 657 640 END
START -9052 10644 -7740 -8137 -1775 3660 646 586 605 657 641 END
START -7420 11452 -8080 -7844 748 3352 645 586 604 657 641 END
START -10528 11892 -4980 -7634 1270 3248 646 586 605 657 641 END
START -7484 11660 -6808 -7376 2131 3068 646 586 605 658 641 END
START -8672 11164 -5300 -7333 2801 2481 646 586 605 657 641 END
START -10472 10824 -3632 -7309 3424 1956 646 587 606 657 642 END
START -8768 10628 -4712 -7367 3412 1570 647 588 607 660 642 END
START -12424 10880 -2188 -7371 2523 1321 645 588 607 659 642 END
START -11664 9668 -4556 -7162 1924 948 647 588 607 660 642 END
START -11028 9848 -5208 -6960 1486 583 647 589 607 660 642 END
START -11436 9540 -4876 -6788 2712 -141 648 589 607 660 641 END
START -8808 10028 -6584 -6474 4564 -807 647 590 608 660 643 END
START -11000 11084 -4880 -6200 5116 -790 648 591 608 659 643 END
START -9128 11340 -5952 -5857 5140 -698 648 591 609 663 643 END
START -11224 12020 -4548 -5335 4328 -551 648 591 609 661 643 END
START -7188 12776 -8160 -5504 5445 -728 648 591 609 662 644 END
START -8784 12920 -7276 -6126 6350 -828 649 592 611 662 644 END
START -8716 12684 -6584 -6541 7730 -1185 650 593 613 664 645 END
START -7976 11336 -5796 -6329 8105 -1614 650 595 617 667 647 END
START -9748 10764 -1900 -5271 6855 -1755 651 597 622 670 648 END
START -11732 11588 764 -3821 4081 -1634 652 599 625 674 649 END
START -12496 9896 600 -2140 3209 -1851 655 600 626 676 651 END
START -12968 10136 -3188 -1237 2353 -1582 655 602 628 677 653 END
START -13612 9784 -5288 -1016 1708 -1331 658 602 629 678 652 END
START -13816 12096 -4860 -1411 150 -641 658 603 630 679 653 END
START -9368 11928 -6140 -1482 -256 -162 660 603 631 680 653 END
START -8400 12132 -6132 -1151 -194 64 660 604 633 681 654 END
START -9020 12200 -5384 -717 -23 164 660 604 633 681 654 END
START -7716 13052 -6420 -549 240 172 660 604 633 681 654 END
START -8068 13120 -6816 -587 423 208 661 603 634 682 654 END
START -7712 13292 -7212 -775 738 123 661 604 634 681 654 END
START -7544 13504 -6732 -852 770 62 661 605 634 681 654 END
START -7636 13524 -6628 -828 784 43 661 604 634 682 655 END