START -13980 3896 -5976 -3007 5362 1069 623 585 628 678 628 END
START -14192 4228 -5396 -3025 5623 962 623 581 628 679 626 END
START -14480 4568 -5276 -3259 6356 915 623 585 628 677 627 END
START -16196 3608 -4984 -3347 5591 1045 622 585 627 678 628 END
START -16132 4252 -5292 -3050 3392 1220 616 584 626 677 625 END
START -15080 4248 -5356 -2925 2105 1332 619 587 625 678 627 END
START -14428 4028 -5684 -2868 2239 1294 619 589 627 676 628 END
START -14468 4732 -6020 -3091 3544 1458 618 590 626 675 630 END
START -14636 5024 -6852 -3134 4648 1589 616 592 625 677 629 END
START -15012 4592 -7300 -3376 5132 1721 617 587 626 676 633 END
START -16520 3560 -8288 -3953 5175 2296 616 589 625 675 629 END
START -17084 4820 -9456 -4547 4262 3102 615 579 626 676 628 END
START -17612 5704 -10256 -5746 3462 4414 615 591 627 677 629 END
START -18120 6332 -10360 -7332 2419 5703 612 589 626 676 629 END
START -17216 5272 -10456 -8873 2249 6064 612 590 624 675 627 END
START -15340 6760 -10188 -9998 3138 6620 613 596 625 678 627 END
START -15468 7436 -6448 -11153 2323 7335 611 588 624 674 628 END
START -13012 5644 -7064 -11180 1833 6336 612 585 624 674 627 END
START -12824 7660 -4208 -11180 1395 6556 609 582 619 672 626 END
START -11924 5432 -6288 -10526 1974 5309 609 582 621 673 628 END
START -13716 5016 -4284 -10327 -37 5281 610 580 623 672 628 END
START -13184 8804 -4884 -9958 400 5292 611 581 616 672 626 END
START -13720 4860 -7776 -9888 -700 4595 604 580 614 672 628 END
START -15028 6788 -5392 -10660 -1930 5574 609 582 620 672 629 END
START -14268 10524 -6840 -11113 -1601 5886 609 584 623 671 628 END
START -13996 9656 -8524 -11546 -2001 5760 614 580 618 671 624 END
START -13708 6200 -9404 -12213 -4850 5582 610 583 620 670 629 END
START -10076 6020 -9268 -13315 -5149 5724 609 582 622 670 628 END
START -9952 6384 -6476 -14448 -2085 5839 610 577 619 667 628 END
START -12008 8512 -2532 -15084 180 5888 611 582 622 670 629 END
START -12668 10920 -280 -15060 914 5882 612 580 623 670 627 END
START -11860 11924 -116 -14523 481 5504 613 580 622 668 627 END
START -9200 11900 -872 -13585 132 4890 615 576 622 671 627 END
START -8088 11036 -1444 -12581 1850 4185 615 582 622 670 628 END
START -8576 10108 -2088 -11924 3013 3444 614 581 624 668 627 END
START -9184 8652 -3008 -11010 3334 2817 619 582 624 671 628 END
START -10656 7880 -2324 -10001 1751 2349 618 583 620 672 628 END
START -11700 10304 -1280 -9029 -783 2302 621 585 624 672 628 END
START -10752 10124 -1724 -8218 -3006 2099 623 588 623 674 629 END
START -9364 8328 -1592 -6617 -3581 2019 618 586 626 674 630 END
START -11684 8432 -292 -4109 -5636 2230 622 587 628 677 633 END
START -5000 9584 3308 -1988 -5380 148 628 588 630 680 633 END
START -5992 11176 4992 18 2911 432 629 586 632 680 634 END
START -13192 10232 -520 303 1494 604 629 588 633 682 635 END
START -13300 9348 -4468 142 -2052 403 632 591 631 682 636 END
START -12396 8996 -4892 -511 -4029 410 640 589 631 681 634 END
START -10404 10452 -4060 -1006 -4208 557 632 592 634 681 634 END
START -7616 11712 -2828 -1064 -2560 653 633 595 633 679 633 END
START -8660 13088 -656 -1122 -243 806 633 588 633 678 633 END
START -11048 14444 1072 -1204 -277 841 635 596 633 681 634 END
START -11584 14260 2356 -1339 -1181 774 636 596 634 683 635 END
START -12580 12512 3356 -1586 -1889 695 636 597 637 684 636 END
START -13572 9816 3028 -1601 -2436 382 635 598 635 682 635 END
START -13140 7472 928 -1050 -2810 -257 635 595 634 682 634 END
START -12528 8836 2060 -1275 -2246 -68 637 599 634 682 635 END
START -11636 7300 832 -1019 -1699 -376 636 599 635 682 634 END
START -11324 6844 -116 -752 -1321 -615 639 601 635 685 634 END
START -10968 6932 -1308 -527 -1112 -731 631 600 636 682 635 END
START -10392 7188 -2012 -286 -586 -882 638 602 637 682 635 END
START -11252 7252 -596 -330 -282 -936 638 602 635 683 636 END
START -11300 6884 -876 -469 -236 -840 638 600 635 682 635 END
START -12136 7668 760 -464 -341 -740 638 602 637 682 635 END
START -11824 7128 -412 -464 -623 -575 645 602 639 683 637 END
START -12108 7524 404 -452 -792 -540 639 608 637 682 638 END
START -12300 8280 1216 -611 -680 -457 638 601 639 682 636 END
START -11924 7380 -52 -690 -562 -438 638 600 634 680 637 END
START -12352 7668 792 -803 -739 -344 638 603 638 681 636 END
START -12900 8128 1344 -893 -993 -235 636 603 633 682 636 END
START -11880 6980 -412 -829 -1049 -258 639 607 636 680 635 END
START -10896 6960 -2084 -727 -660 -375 640 605 636 682 637 END