START -9704 9972 -9416 1972 2517 -787 564 561 584 638 617 END
START -10308 9900 -9408 1770 2989 -810 562 562 586 640 620 END
START -11784 9980 -9980 1063 3429 -586 564 561 584 638 617 END
START -12884 10300 -10880 60 2698 -91 566 563 585 640 617 END
START -12596 10604 -10516 -1140 1469 447 567 564 584 639 612 END
START -10984 10456 -10072 -2136 1284 464 566 563 586 640 616 END
START -10288 10464 -8496 -2927 2017 358 568 565 586 640 615 END
START -10136 11368 -7196 -3076 2848 322 566 561 582 639 618 END
START -10120 11416 -6732 -2813 2854 93 567 562 585 640 617 END
START -10184 12680 -6852 -2893 2470 311 567 559 580 640 618 END
START -11464 11764 -6384 -2370 1420 670 566 561 585 642 619 END
START -11560 11036 -5564 -2477 277 912 568 560 585 642 617 END
START -10808 9308 -6984 -2486 109 243 571 560 587 643 617 END
START -9252 11228 -8440 -2293 1512 87 567 561 584 643 617 END
START -11132 11732 -5096 -2591 1491 656 568 560 585 641 618 END
START -9988 9496 -8864 -2040 1775 -275 571 562 589 642 617 END
START -11964 11364 -5204 -2497 1163 823 567 559 582 640 620 END
START -9012 11788 -10088 -2150 2172 101 569 560 586 642 619 END
START -10224 8112 -7964 -2961 1473 -281 560 557 583 642 619 END
START -13280 13008 -4204 -3546 2636 557 564 559 587 642 617 END
START -14884 10552 -4752 -3326 1651 -1110 569 561 586 642 619 END
START -14192 8428 -3588 -3323 1679 -388 569 560 587 642 619 END
START -11424 14400 -10772 -2876 1290 -215 568 561 589 643 620 END
START -10276 9724 -7184 -3151 -290 214 574 562 585 642 620 END
START -1100 11096 -14416 -2797 2259 172 569 561 587 642 620 END
START -17444 10836 -164 -3211 -954 379 568 561 587 644 622 END
START -8720 11628 -8192 -2417 834 -73 571 560 587 642 620 END
START -6384 8872 -8656 -2585 250 23 569 560 587 644 621 END
START -10536 15140 -9968 -1621 493 -115 569 562 589 644 623 END
START -9264 7756 -7128 -1672 -51 -271 567 563 588 645 621 END
START -12368 14704 -9804 -1002 433 347 569 560 588 645 622 END
START -12768 9560 -4232 -1177 -572 -141 571 559 589 645 620 END
START -6852 10752 -10104 -764 745 -256 569 558 586 642 622 END
START -7776 10812 -7444 -1047 1020 223 569 559 588 645 622 END
START -15944 11604 -3932 -558 -314 -140 571 561 590 646 622 END
START -9656 9740 -6668 -1007 -725 148 569 558 586 646 622 END
START -8076 14892 -13124 -447 -335 187 570 559 589 645 623 END
START -11568 8252 -2852 -1023 -659 -62 571 561 588 647 623 END
START -10092 14116 -11940 -832 774 387 570 559 589 645 622 END
START -10816 10144 -6336 -1452 -269 236 568 559 589 645 623 END
START -396 9924 -15112 -1357 1886 -649 570 561 591 646 624 END
START -18312 11616 -504 -1916 -902 238 570 560 591 646 624 END
START -11872 10200 -7828 -1413 872 -576 570 560 589 647 624 END
START -1112 11036 -13616 -2031 1852 137 574 561 588 646 623 END
START -11572 10364 -7072 -1642 885 -996 568 561 588 644 623 END
START -10088 10192 -7092 -2022 1516 -255 571 562 590 648 624 END
START -11692 11572 -8052 -1755 2291 -1039 572 563 591 647 623 END
START -28 9968 -14804 -2643 2249 -473 573 564 591 646 622 END
START -12572 12088 -6756 -2247 1115 -1247 573 568 592 648 624 END
START -13740 9588 -4340 -3217 1884 -1742 574 572 595 648 623 END
START -8740 12960 -5436 -2411 6745 -1406 578 578 593 648 619 END
START 8 7184 -13060 -2084 8414 -2356 578 578 595 648 619 END
START -15460 14360 -6400 -479 9484 -1430 581 586 598 648 618 END
START -25184 9084 2380 -517 6498 -1095 581 581 597 648 617 END
START -16252 12008 -6140 1250 4752 610 582 584 599 647 615 END
START -16412 10396 -3844 724 -450 896 583 588 601 648 616 END
START -6520 13720 -8200 1339 2317 742 588 590 601 649 615 END
START -15160 9556 -180 513 1234 -279 586 591 604 650 616 END
START -9096 13880 -7820 1112 3420 320 586 590 607 650 614 END
START -20884 8960 -2352 289 -1794 183 584 593 608 652 617 END
START -14708 12708 -7460 931 -2148 862 588 593 608 652 615 END
START -644 10156 -13240 -389 -2023 859 588 593 609 652 616 END
START -9884 12952 -5052 164 -1766 66 586 594 608 649 614 END
START -2732 10032 -11468 -845 1170 -12 588 594 609 652 614 END
START -6504 13516 -14076 -397 907 -352 587 593 610 652 615 END
START -5964 10704 -11724 -1468 114 390 586 595 610 649 614 END
START -9340 10388 -10144 -741 -560 -108 588 594 609 652 613 END
START -15656 10400 -2564 -1642 -2832 186 585 593 612 652 615 END
START -10820 13084 -7820 -777 1349 -205 591 597 609 652 615 END
START -8260 9292 -9680 -1610 1592 -11 588 594 610 652 613 END