START -15984 6548 -8044 -2981 -516 2297 566 540 571 627 598 END
START -16016 6436 -8200 -3193 -566 2580 565 542 572 627 606 END
START -16620 6456 -8364 -3759 -860 3431 566 539 574 628 599 END
START -17032 6868 -7540 -4406 -1121 4412 565 542 573 624 599 END
START -17248 6992 -7272 -5042 -1227 5452 564 535 573 631 600 END
START -16876 7200 -7480 -5802 -1292 6326 566 536 575 628 599 END
START -16432 7228 -7372 -6601 -1345 7277 563 538 575 632 599 END
START -15272 7644 -7280 -7189 -840 7929 568 539 573 632 601 END
START -14572 6816 -7204 -7641 -190 8216 565 537 574 635 602 END
START -14296 7000 -6980 -8363 711 8583 565 537 576 633 602 END
START -13800 7436 -6972 -9038 1412 8748 562 538 577 634 605 END
START -13700 7216 -6776 -9700 1658 8857 567 537 575 633 604 END
START -13068 7188 -6452 -10153 1471 8600 564 537 577 634 604 END
START -11316 8248 -6480 -10451 1334 8500 561 539 580 636 607 END
START -10700 10084 -5384 -11028 1105 8541 566 536 576 634 602 END
START -10088 8160 -4588 -11482 698 7659 565 538 576 635 607 END
START -8448 8940 -5864 -11253 2495 6771 565 541 575 635 605 END
START -10160 10292 -2516 -11764 2404 6568 559 535 576 635 606 END
START -8640 9736 -4704 -11163 2870 5294 564 535 577 635 606 END
START -10096 9472 -1744 -11475 1799 5059 564 534 577 634 605 END
START -8568 11752 -3416 -10787 2898 4316 563 539 576 634 608 END
START -9964 7944 -2700 -10555 1848 3280 571 536 577 636 605 END
START -11348 12036 448 -10571 855 3694 565 535 578 635 605 END
START -9480 12276 -2808 -9713 1008 3031 563 529 576 635 606 END
START -9528 8324 -3912 -9504 677 2191 572 535 577 635 606 END
START -10708 9656 -16 -9776 495 2492 564 535 577 636 604 END
START -10052 14168 -116 -9252 2502 2678 564 533 579 631 606 END
START -9248 12672 -2728 -8660 3337 1967 566 537 578 636 608 END
START -9168 9448 -3300 -8434 2560 1218 564 537 578 636 607 END
START -9988 7908 -1584 -8464 1261 1082 571 537 582 635 606 END
START -11256 10752 1900 -8491 538 1223 566 537 585 636 614 END
START -11124 12900 2108 -8122 450 1390 562 537 584 635 607 END
START -10744 14288 1712 -7674 1220 1235 559 539 583 638 606 END
START -9120 15172 488 -7265 2553 908 555 538 586 636 607 END
START -8448 13124 -2212 -6793 3659 196 552 540 588 639 607 END
START -8896 12156 -3116 -6554 3606 -173 544 541 584 639 605 END
START -9420 11468 -3624 -6423 2852 -372 540 542 591 640 613 END
START -9644 11248 -3520 -6116 1820 -327 535 543 592 641 608 END
START -8936 11632 -4216 -6081 1754 -325 531 541 592 641 609 END
START -8308 11972 -4228 -6149 2571 -225 527 545 593 642 606 END
START -8636 12496 -4112 -6174 3747 -149 531 546 597 644 610 END
START -8568 12984 -4048 -6418 5084 51 529 547 601 646 610 END
START -9484 13468 -3588 -6610 6216 -26 533 547 604 647 613 END
START -9112 11992 -5272 -6976 6641 159 531 546 602 647 610 END
START -9036 13316 -4712 -7463 6998 306 529 551 601 648 612 END
START -10012 14672 -2604 -7886 7288 454 536 550 603 651 613 END
START -7368 12564 572 -7273 8398 -706 539 549 607 648 612 END
START -6324 11608 4952 -3948 13828 -1588 538 551 611 660 613 END
START -12904 14252 10124 -3472 12341 -1407 542 557 618 665 609 END
START -15148 7428 5248 -2731 7822 -1934 543 557 623 668 617 END
START -15460 7444 1696 -1994 3339 -2128 546 560 628 671 619 END
START -13804 7888 -1132 -1700 677 -1660 549 564 626 672 622 END
START -11948 8808 -3404 -1408 496 -1001 549 574 630 671 622 END
START -10748 10044 -4688 -1223 1521 -526 548 566 631 673 623 END
START -9816 11624 -4328 -1171 1830 -46 546 565 631 672 625 END
START -9080 12776 -3408 -1115 1279 53 559 567 632 674 626 END
START -8152 10752 -3732 -930 1316 -252 553 568 633 674 625 END
START -8244 11920 -3360 -768 1782 -429 555 570 633 676 626 END
START -9284 12804 -2644 -701 2004 -480 555 573 634 678 627 END
START -10832 14052 -1448 -640 1920 -378 554 573 634 676 628 END
START -11748 15116 -72 -770 1440 53 555 573 634 675 630 END
START -11548 14776 -796 -543 1076 19 554 572 635 676 636 END
START -10576 13996 -1816 -441 611 90 557 570 639 677 629 END
START -9724 13260 -2972 -356 357 76 556 563 636 676 629 END
START -9240 12056 -3856 -221 179 -168 556 572 635 678 628 END
START -9636 13620 -2864 -256 507 -161 552 573 630 677 627 END
START -9264 11996 -3992 -292 674 -212 559 572 635 677 632 END
START -10068 13492 -2880 -292 791 -177 557 572 635 676 629 END
START -9888 11772 -3532 -351 624 -19 555 573 634 678 627 END
START -10204 13320 -2592 -227 438 0 557 572 636 677 627 END