START -17140 4496 -5380 -3950 472 1766 600 559 589 636 608 END
START -17072 4508 -5516 -4001 611 1965 600 559 584 632 607 END
START -16804 4896 -6044 -4250 1631 2643 600 561 582 635 604 END
START -17124 5040 -5592 -4538 2250 3320 599 563 584 640 608 END
START -17188 5472 -4928 -4951 2079 3984 598 561 585 636 608 END
START -16800 5248 -4484 -5292 1072 4516 598 564 588 635 609 END
START -15784 5516 -4364 -5493 413 4951 597 561 588 639 606 END
START -15420 4652 -4364 -5768 144 4985 596 563 590 637 608 END
START -15040 5468 -4348 -6188 339 5151 592 562 591 635 608 END
START -14936 5944 -4276 -6415 730 5370 596 569 591 644 608 END
START -15200 6012 -4496 -6687 840 5556 597 567 590 639 606 END
START -15276 6284 -4184 -7001 443 5678 594 563 594 639 607 END
START -15388 6664 -4132 -7395 12 6010 596 567 594 639 607 END
START -16096 6628 -3508 -7943 -556 6293 597 563 594 640 608 END
START -17076 4564 -4548 -8423 -916 6430 599 565 590 641 607 END
START -16324 5356 -6400 -8764 -1094 6880 598 568 597 642 610 END
START -16696 8048 -5064 -9673 -1834 8272 598 565 600 643 609 END
START -16180 5036 -5720 -10189 -2392 8001 599 567 601 645 609 END
START -14440 9424 -3992 -10978 -1760 9140 599 566 602 645 611 END
START -12604 6048 -5452 -11342 -1093 8401 603 568 604 649 611 END
START -14044 8728 -2112 -12335 -377 9240 602 566 607 647 609 END
START -12120 7912 -3988 -11907 459 8626 603 566 606 649 611 END
START -13468 6020 -908 -12185 -818 8356 605 567 609 650 613 END
START -13224 10476 28 -12301 -870 8836 604 566 609 650 614 END
START -11336 8064 -2780 -11615 -266 7981 606 564 609 651 611 END
START -11444 5152 -1740 -11614 -435 7325 605 566 612 656 611 END
START -12048 6396 532 -11883 358 7468 605 567 612 654 611 END
START -11088 11232 1276 -11560 2961 7435 607 567 614 656 613 END
START -10980 11440 672 -10816 5054 6627 609 567 617 657 615 END
START -10404 9524 -1536 -10244 5376 5652 607 573 618 657 614 END
START -10428 6804 -2036 -10076 4778 4855 609 569 616 657 614 END
START -11360 5748 -688 -9881 3735 4372 605 570 616 660 615 END
START -12712 6476 1956 -9702 2096 4333 610 566 620 657 614 END
START -12424 8568 3400 -9081 1151 4421 611 569 620 655 615 END
START -11156 12272 4052 -8337 1466 4131 613 570 621 661 617 END
START -9556 12852 2564 -7458 2987 3495 614 570 625 661 615 END
START -9444 13320 1980 -6569 4727 2878 612 571 623 662 616 END
START -10400 13296 1260 -5705 4835 2148 612 573 624 662 614 END
START -9940 12888 444 -4964 3872 1483 613 573 623 661 619 END
START -10008 12956 -884 -4495 2866 938 617 572 624 661 618 END
START -9252 9968 -3232 -4258 1571 77 616 575 625 662 617 END
START -8548 8648 -3344 -3370 417 -609 618 573 626 660 616 END
START -8548 6976 -980 -1801 186 -1077 622 580 628 667 618 END
START -6636 7272 552 -473 3610 -1495 622 581 631 670 618 END
START -12128 6568 1748 525 4664 -803 623 585 630 671 619 END
START -14848 6752 1444 971 1507 -261 621 587 631 671 620 END
START -14952 8416 1888 967 -1231 390 621 588 636 672 620 END
START -14544 10304 2648 642 -2779 871 624 589 630 673 620 END
START -11880 9200 1972 478 -2503 660 623 585 630 672 619 END
START -11380 10012 2848 155 -1322 499 623 589 632 672 623 END
START -10872 7980 1244 -125 -268 195 626 588 631 672 620 END
START -12600 8248 1620 -431 -162 -7 626 589 637 674 624 END
START -13124 8580 2124 -679 -667 10 623 589 634 673 622 END
START -13660 9272 2396 -840 -974 130 625 591 632 673 621 END
START -14284 9960 2924 -946 -1131 318 625 589 631 672 622 END
START -13476 8412 1820 -988 -1297 370 622 589 632 672 621 END
START -13184 9696 2776 -1123 -1538 299 630 589 637 673 621 END
START -12600 8316 1640 -1129 -1458 105 622 589 628 673 618 END
START -12024 7648 388 -1247 -1443 -149 623 591 631 674 621 END
START -12316 8664 2016 -1315 -1215 -296 628 588 639 673 621 END
START -12652 8020 1200 -1333 -1084 -475 623 590 630 672 622 END
START -12560 7240 104 -1102 -993 -517 623 589 631 673 620 END
START -11640 6824 -1284 -1044 -943 -456 626 589 627 672 622 END
START -10596 7080 -2744 -853 -360 -591 623 589 632 671 623 END
START -9748 8212 -3876 -700 211 -648 623 590 631 674 622 END
START -10680 7624 -3692 -665 386 -668 628 589 633 674 621 END
START -10284 9492 -4132 -537 301 -622 624 585 630 672 622 END
START -10660 8192 -3744 -434 172 -473 624 591 629 672 623 END
START -10224 9652 -3980 -322 -51 -311 624 588 630 667 621 END
START -10296 8284 -3436 -188 -179 -312 622 589 629 672 622 END