START -11256 8096 -9552 -707 -992 177 637 585 603 656 638 END
START -11072 8052 -9580 -669 -929 123 636 585 603 655 637 END
START -10928 8016 -9692 -690 -657 3 637 585 603 655 634 END
START -10952 8128 -9624 -737 -270 -47 637 585 603 656 637 END
START -11120 8400 -9400 -684 19 -103 637 585 603 657 637 END
START -11412 8192 -9272 -694 -75 52 638 585 604 656 637 END
START -11448 8092 -9304 -678 -320 51 637 585 603 656 637 END
START -11512 8292 -9552 -718 -487 204 637 585 603 655 637 END
START -10932 7972 -9956 -653 -514 179 637 585 603 655 637 END
START -11684 7516 -9404 -824 -510 87 637 585 602 655 637 END
START -11320 8560 -9032 -916 -85 341 638 585 602 655 636 END
START -10668 9228 -9424 -812 136 453 637 584 603 656 637 END
START -11072 9416 -9596 -583 -15 375 637 585 603 656 637 END
START -9632 8608 -11000 -492 -106 269 637 584 602 656 637 END
START -9852 8892 -10912 -535 63 384 637 585 603 654 637 END
START -10616 9228 -10476 -653 168 393 636 585 603 655 637 END
START -8188 9880 -11744 -836 431 499 638 585 602 655 637 END
START -9324 10064 -10740 -907 441 647 638 582 602 656 637 END
START -9828 9580 -10152 -885 363 761 637 585 602 657 637 END
START -9460 9308 -11256 -962 397 898 638 585 603 656 637 END
START -9224 9204 -11664 -1104 198 941 637 585 603 656 637 END
START -11584 8952 -9400 -1499 -3 1074 638 584 603 655 637 END
START -12240 9020 -9072 -1983 -185 1097 638 585 602 655 637 END
START -10896 8476 -10588 -2762 398 1209 639 584 604 655 637 END
START -12748 8436 -10104 -3752 -195 1275 637 585 603 656 638 END
START -13188 6620 -11840 -4978 -83 1364 638 585 604 656 637 END
START -15156 6996 -11440 -6183 -1266 1752 637 586 604 656 637 END
START -11340 8136 -13748 -7436 -1688 2320 638 585 605 656 637 END
START -9812 9204 -14028 -8839 -2158 3036 637 586 604 656 637 END
START -11076 9568 -11800 -9833 -2423 3403 636 586 604 656 638 END
START -8696 11244 -11596 -11024 -1311 3687 639 585 603 656 638 END
START -7872 9900 -10432 -11768 783 3414 637 586 604 656 638 END
START -10412 9968 -6680 -12312 1603 3289 637 587 604 656 638 END
START -8948 9804 -6880 -12412 2055 3008 637 586 604 656 637 END
START -12244 8964 -4100 -12867 1747 2519 637 585 604 656 639 END
START -10560 8000 -6144 -12791 2364 1669 637 587 603 655 639 END
START -10360 8208 -7816 -12626 2821 1018 637 586 604 655 639 END
START -10724 9620 -6540 -12236 2996 610 637 587 605 655 639 END
START -9632 9972 -6924 -11863 3496 430 637 587 605 655 639 END
START -9668 10800 -5980 -11070 2782 558 637 587 605 656 639 END
START -10092 11904 -5392 -10162 1964 955 637 588 605 658 640 END
START -8904 12336 -5100 -9172 1087 1289 638 587 605 656 641 END
START -9584 12420 -4280 -8184 1020 1212 639 589 605 656 640 END
START -7548 11672 -4784 -7301 1439 1287 638 589 607 657 641 END
START -9036 11184 -3140 -6563 2577 536 639 590 609 658 642 END
START -7676 10672 -4592 -6071 5368 -948 640 593 611 662 643 END
START -9956 11220 -3448 -5974 6544 -1590 642 596 615 665 645 END
START -12680 9020 -2280 -5515 5464 -1732 643 599 621 669 647 END
START -13088 9052 -3036 -4169 4017 -2031 645 601 625 673 649 END
START -10812 10072 -3796 -2661 3308 -2108 646 602 628 675 650 END
START -9360 11528 -4700 -1696 2866 -1717 648 603 631 677 651 END
START -10936 12276 -5756 -1476 2010 -995 650 603 632 679 652 END
START -8868 13052 -7384 -1707 1263 -426 652 605 634 680 653 END
START -10000 13284 -5652 -1864 214 14 652 605 635 681 653 END
START -8992 13004 -5556 -1765 -128 317 653 605 635 681 654 END
START -7812 12624 -5704 -1503 342 206 653 606 637 682 654 END
START -10092 12132 -4432 -1426 303 153 654 606 637 682 655 END
START -9792 10864 -5472 -1428 514 -44 654 607 638 683 655 END
START -9668 10860 -5492 -1438 467 -109 655 607 638 683 655 END
START -12092 10648 -4040 -1288 -102 -212 655 607 639 683 655 END
START -12284 8816 -4600 -1005 -330 -440 655 606 639 683 655 END
START -12300 9556 -5624 -684 -815 -432 655 607 638 683 656 END
START -11316 9564 -6244 -661 -232 -448 655 607 639 683 655 END
START -10336 11360 -6124 -658 -331 -303 656 607 639 684 657 END
START -9952 12112 -5972 -658 -484 56 656 607 640 683 656 END
START -9288 12052 -6224 -628 -329 81 655 608 639 683 656 END
START -8364 12176 -6704 -556 -298 108 656 608 639 683 656 END
START -9204 12184 -6212 -531 -252 173 656 607 639 684 656 END
START -8612 13340 -6488 -475 -202 294 655 607 639 683 656 END
START -8340 13592 -6684 -532 -61 521 656 608 639 683 656 END