START -15984 4304 -5804 -1332 893 -132 622 580 619 674 619 END
START -15776 4228 -5940 -1385 980 -30 622 573 618 672 621 END
START -15676 4132 -6284 -1691 1371 272 620 579 618 674 619 END
START -15928 4080 -6016 -1950 1522 613 613 580 613 672 620 END
START -15924 3972 -6052 -2122 1375 882 622 580 617 674 619 END
START -15856 4124 -6172 -2372 845 1218 620 579 620 674 620 END
START -15360 3744 -6288 -2515 412 1295 618 580 618 674 624 END
START -15216 3952 -5760 -2790 199 1413 620 580 618 673 620 END
START -14640 4676 -5452 -2725 281 1568 623 579 618 671 620 END
START -14296 4552 -5356 -2508 4 1371 616 576 617 678 620 END
START -14072 4212 -5804 -2402 4 1171 616 576 617 672 620 END
START -13796 4140 -5912 -2305 311 925 615 578 617 672 619 END
START -14088 4404 -6100 -2283 839 1031 617 577 617 673 621 END
START -15304 5120 -5724 -2533 881 1424 615 582 618 672 621 END
START -16752 3844 -6068 -3195 789 1602 615 585 618 672 620 END
START -16716 2488 -8492 -3797 1201 1589 618 581 621 674 618 END
START -16876 5664 -8056 -4787 1509 2823 618 583 618 674 621 END
START -18240 3232 -7728 -5996 830 3268 613 582 618 673 621 END
START -16452 5960 -9176 -6692 1741 3921 616 588 621 673 622 END
START -17644 4072 -7344 -7895 1536 4837 618 585 619 673 619 END
START -16448 7760 -7820 -8477 2684 5506 618 582 618 674 621 END
START -16948 3868 -7692 -9277 2120 5790 613 584 614 672 620 END
START -17568 8260 -5324 -10125 1865 7359 617 583 618 670 621 END
START -15440 8076 -7276 -10262 1484 7222 619 584 616 673 621 END
START -14880 4516 -6652 -10771 -207 7009 618 583 615 669 620 END
START -14716 5800 -4812 -11676 -529 7559 618 587 616 673 623 END
START -14072 9364 -3492 -12145 767 7840 618 581 614 669 621 END
START -13100 9272 -5356 -11942 1750 7427 619 581 612 668 619 END
START -12952 5680 -7052 -12015 1195 6935 618 581 615 667 622 END
START -13096 4924 -7192 -12476 250 6822 616 579 611 666 621 END
START -14228 4172 -5684 -12646 -934 7130 617 577 612 665 621 END
START -13788 5716 -3764 -13072 -1143 7338 615 581 614 666 624 END
START -13044 8132 -2720 -13592 -125 7448 616 580 613 663 621 END
START -13220 7796 -2860 -13838 901 7462 616 578 613 663 620 END
START -13016 9712 -1440 -14151 1646 7325 615 580 610 661 618 END
START -13020 11380 -856 -14294 1709 7087 620 577 614 661 618 END
START -11944 11984 -1104 -14292 1243 6737 615 587 615 661 621 END
START -11952 11052 528 -14154 751 6368 616 579 613 661 620 END
START -11788 11632 972 -13800 1162 6119 616 578 614 663 621 END
START -11388 12044 1268 -13345 1096 5624 619 577 614 661 613 END
START -11216 12056 2220 -12989 976 5119 617 580 614 661 621 END
START -11548 12020 2772 -12332 902 4823 618 580 614 662 621 END
START -11664 11968 3584 -11344 602 4261 619 578 617 661 621 END
START -11692 11708 3864 -10467 369 3692 619 581 616 662 621 END
START -10936 11068 4248 -9656 411 2948 621 583 616 664 622 END
START -10572 9852 4260 -8950 1544 2193 622 585 619 664 625 END
START -11364 8332 3504 -8196 2590 1527 624 584 618 666 621 END
START -12440 9912 4752 -7248 2049 795 630 588 619 663 623 END
START -14252 8640 3896 -6681 35 728 627 590 622 665 629 END
START -14228 9592 3264 -6415 -2625 858 627 600 615 666 623 END
START -11852 7272 504 -6280 -4204 415 631 603 621 667 622 END
START -9820 7932 -204 -6373 -2353 38 630 603 621 668 624 END
START -10880 7300 396 -6498 257 -166 636 603 621 671 623 END
START -13940 5024 476 -4940 936 652 634 610 626 679 626 END
START -15136 3684 8312 -2121 -3913 -93 636 604 631 676 627 END
START -5512 7608 11036 634 1612 -1320 638 604 632 677 627 END
START -16568 6660 4544 1151 2157 536 639 604 633 678 628 END
START -15860 8488 1248 1170 -2023 547 640 604 634 678 629 END
START -13996 8264 -428 721 -3886 509 638 605 634 679 635 END
START -12284 10020 1576 289 -3124 716 639 605 633 675 628 END
START -11488 11876 3000 21 -1549 637 640 605 631 680 628 END
START -11616 10316 2748 -151 -395 639 644 604 636 679 629 END
START -12572 11696 3120 -357 -675 434 637 606 632 676 629 END
START -12416 10132 2204 -626 -1151 181 642 604 634 679 628 END
START -13248 10892 3080 -834 -1078 1 641 604 632 678 628 END
START -13680 8848 2080 -955 -1230 126 640 605 633 678 629 END
START -13708 9528 2680 -920 -1573 55 640 606 645 677 632 END
START -12968 10572 2968 -1037 -1923 53 641 606 633 679 630 END
START -11884 8812 2236 -1056 -1767 -276 641 604 634 678 629 END
START -11440 7704 808 -1067 -1152 -599 645 605 634 678 630 END