START -11988 8092 -10848 3194 668 -1503 660 612 626 678 642 END
START -11956 8032 -11036 2946 358 -1453 660 612 625 678 642 END
START -11860 8176 -11084 2273 -67 -1313 661 612 626 677 642 END
START -11756 8288 -10976 1599 -338 -1061 661 613 626 677 642 END
START -11892 8284 -10948 956 -698 -801 661 611 624 677 642 END
START -11536 8332 -11112 325 -666 -552 660 611 625 677 642 END
START -11248 7964 -11008 -183 -579 -803 661 610 625 677 641 END
START -11944 8240 -10188 -748 -52 -489 660 610 623 677 642 END
START -11768 9000 -9696 -921 -172 -166 661 611 625 677 641 END
START -11384 8404 -10316 -812 -1240 93 663 611 625 676 641 END
START -11172 8164 -10240 -847 -2665 386 660 611 625 676 641 END
START -11208 8436 -9860 -912 -2260 176 661 611 624 675 641 END
START -11432 8476 -9416 -900 -1514 30 660 606 625 677 642 END
START -11132 8512 -9336 -888 -631 -202 660 610 624 676 641 END
START -8228 8828 -11860 -807 656 -258 661 610 625 676 642 END
START -10312 8708 -10364 -643 580 -116 661 610 625 677 641 END
START -7932 9040 -12232 -582 91 88 661 610 625 677 642 END
START -7212 9072 -12836 -538 -349 -40 661 610 625 676 642 END
START -7592 9192 -12388 -644 89 -64 661 610 625 676 641 END
START -8292 9192 -11956 -771 587 -109 661 610 625 676 642 END
START -10696 9316 -10408 -1005 929 42 661 610 622 676 641 END
START -10992 9668 -10180 -1222 752 160 661 610 624 675 642 END
START -12204 9664 -9800 -1470 729 533 660 610 625 677 641 END
START -13240 9904 -9516 -1835 708 832 660 610 625 676 641 END
START -9552 8896 -13276 -2476 738 1119 661 610 625 676 641 END
START -13068 8708 -10576 -3321 159 1454 661 610 625 678 641 END
START -13180 8432 -10140 -4374 -302 1579 661 610 625 676 641 END
START -11112 8264 -11772 -5418 -76 1920 661 608 625 677 641 END
START -15088 8272 -9160 -6604 -1621 2516 661 610 626 677 641 END
START -13144 7008 -10236 -7781 -2312 2547 660 611 625 676 641 END
START -15012 7352 -9300 -8795 -3526 2449 661 611 625 676 643 END
START -9692 6476 -12544 -9806 -1930 1961 660 610 624 676 641 END
START -13324 9056 -8584 -10827 -1324 1827 660 610 625 676 641 END
START -8228 8720 -10880 -11453 586 1778 660 610 625 676 641 END
START -10172 9860 -8404 -11462 85 2210 661 610 626 676 641 END
START -10384 10448 -8008 -11381 451 2388 660 610 625 677 642 END
START -8836 10948 -8788 -11143 250 2526 662 611 625 677 641 END
START -11588 11288 -5324 -10766 274 2786 660 611 625 677 641 END
START -10232 10880 -5636 -10439 259 2935 660 611 625 677 641 END
START -12532 10504 -3536 -10135 -985 2944 661 611 625 677 642 END
START -8448 10312 -5560 -9858 -310 2487 661 611 625 676 642 END
START -11988 9216 -3068 -9515 706 1889 660 611 625 677 642 END
START -12492 9564 -2880 -9179 1370 1445 661 611 624 677 641 END
START -12056 8560 -4080 -8706 651 1114 660 611 625 678 642 END
START -13172 8940 -3760 -8288 -484 922 661 610 625 677 641 END
START -11268 8264 -5188 -7638 -287 557 661 611 625 677 642 END
START -9696 9192 -6148 -7293 415 259 663 611 625 678 642 END
START -9620 8944 -6324 -7069 1217 13 661 611 625 677 642 END
START -9940 9380 -5896 -6869 1761 -320 661 612 625 677 642 END
START -11420 10160 -5380 -6731 1951 -478 661 612 625 677 642 END
START -11200 10916 -5280 -6516 2333 -522 662 612 625 677 642 END
START -10968 11688 -5332 -6279 2641 -514 661 612 625 677 642 END
START -10216 12024 -5784 -6059 2581 -302 662 612 625 676 642 END
START -7864 12588 -7536 -6086 3156 -188 662 613 625 678 642 END
START -11368 12920 -4912 -6275 3233 117 662 613 625 677 642 END
START -10076 13584 -5388 -6302 4061 430 663 613 625 677 643 END
START -6208 13112 -8956 -6975 5330 566 661 614 626 677 643 END
START -10384 13320 -4044 -7738 6724 461 662 615 627 678 644 END
START -12172 12116 -2388 -8260 7684 434 662 617 628 680 644 END
START -12992 11016 -660 -7916 4899 1161 664 620 630 681 645 END
START -16872 9580 3380 -5970 -141 1688 665 622 632 682 646 END
START -12012 9404 364 -3928 -3708 1800 666 624 633 683 646 END
START -9080 9088 -2444 -2847 -3528 931 667 625 635 683 647 END
START -9864 9056 -3616 -2663 -980 30 668 626 636 683 647 END
START -10716 9116 -4456 -2655 45 -814 669 627 637 684 647 END
START -10684 9032 -4412 -2203 40 -1459 669 627 636 685 647 END
START -10580 10512 -4876 -1554 55 -1306 668 628 637 685 647 END
START -12212 12108 -3192 -1083 -224 -605 670 629 638 685 647 END
START -8880 11976 -5140 -567 189 -82 670 630 637 685 647 END
START -7784 12336 -5404 -243 83 114 670 629 637 685 648 END