START -15140 3904 -4164 -1830 1681 817 625 587 631 672 621 END
START -15116 4044 -4004 -1900 1761 826 622 588 632 671 621 END
START -15204 4092 -4140 -1895 1943 835 626 587 634 673 622 END
START -14884 3988 -4060 -1894 2382 786 623 587 633 672 620 END
START -15016 4272 -4632 -2151 3239 1016 626 585 631 671 620 END
START -15656 3992 -5280 -2439 3897 1086 624 590 631 673 622 END
START -16500 4696 -5256 -2889 4145 1487 621 587 634 672 620 END
START -16844 3980 -5800 -3178 3428 1845 625 589 631 671 622 END
START -17588 3564 -6052 -3740 2536 2314 625 588 631 672 614 END
START -17452 3720 -6276 -4364 2314 2923 623 588 633 673 621 END
START -17544 4376 -6440 -5215 2697 3498 623 587 635 673 620 END
START -17656 4304 -6544 -5946 2701 4058 613 588 632 672 620 END
START -16524 5004 -6436 -6486 2605 4622 622 587 641 672 621 END
START -15744 6900 -5524 -7064 2071 5417 624 584 633 672 622 END
START -16044 6392 -4228 -7582 1214 5597 619 586 639 672 624 END
START -14652 4472 -5600 -7550 1839 5088 622 584 634 667 621 END
START -15208 7820 -3788 -7794 2498 6021 621 585 632 671 622 END
START -15580 4208 -5252 -8022 1755 5555 621 584 631 671 622 END
START -15584 8460 -4052 -8127 1872 6431 622 576 628 672 622 END
START -15640 4344 -6344 -8510 1085 6105 623 585 632 669 622 END
START -16216 8172 -4620 -9343 886 7483 623 588 631 670 622 END
START -14036 5972 -8184 -9762 1917 7082 623 586 632 672 623 END
START -15716 5956 -5392 -11026 1492 7701 621 585 632 671 621 END
START -15448 9556 -4264 -11998 2152 8624 620 581 633 669 621 END
START -13164 9640 -6244 -12203 2541 8317 612 582 630 669 622 END
START -13448 5668 -6556 -12796 1605 7956 623 583 630 670 621 END
START -13316 5140 -5016 -13195 -240 8082 621 582 629 669 621 END
START -12936 7232 -2008 -13801 -724 8377 620 582 630 669 625 END
START -11952 10620 -724 -13873 57 8418 620 582 621 666 622 END
START -10596 11996 -1380 -13519 971 7705 620 579 629 666 618 END
START -9768 10396 -3336 -12901 1124 6930 618 578 625 664 622 END
START -8776 8284 -4016 -12846 740 5931 620 571 623 661 621 END
START -8936 7000 -4308 -12344 546 4970 619 576 624 663 621 END
START -8196 5972 -4240 -12500 554 4019 621 577 624 663 622 END
START -9064 5452 -2936 -12591 1296 3404 620 578 630 663 622 END
START -10936 5516 -1080 -12550 1689 3071 624 576 622 662 622 END
START -11400 5952 468 -11910 1658 2457 620 578 621 663 624 END
START -11940 6080 1324 -11084 1542 2467 620 576 620 663 621 END
START -11684 6484 1748 -10172 1274 2299 621 578 619 662 621 END
START -10872 6508 1304 -9505 1626 1940 623 577 622 663 620 END
START -10240 6196 384 -9112 3009 1560 626 578 623 664 618 END
START -11800 8004 2460 -8734 4357 1401 622 575 623 663 622 END
START -12728 7348 2608 -8434 4651 987 623 580 625 662 623 END
START -13152 9388 3568 -8176 5179 817 625 581 623 665 621 END
START -14372 8496 2400 -7908 4178 891 628 580 622 667 622 END
START -15000 9168 3740 -6883 2648 948 625 580 621 671 625 END
START -18120 9208 6292 -5840 -2474 1756 630 576 626 675 626 END
START -12640 7016 7420 -3817 -5710 644 635 585 634 678 629 END
START -7516 5300 6992 -1337 -907 -374 637 589 633 679 630 END
START -13232 6916 6152 -260 1894 344 637 595 633 682 631 END
START -15632 7860 3324 -18 -1611 550 637 595 634 680 631 END
START -13656 7240 -1040 -415 -4657 299 638 595 634 682 630 END
START -13140 8020 -108 -854 -5848 -2 639 597 629 681 631 END
START -10120 8128 -512 -1021 -5662 -228 641 596 636 682 631 END
START -9244 7364 -368 -851 -3213 -441 640 594 636 681 630 END
START -10612 7252 572 -758 -2056 -441 646 599 638 683 632 END
START -10704 7308 -604 -603 -2151 -566 642 601 638 682 631 END
START -11148 7184 -1520 -648 -2340 -527 644 601 639 682 633 END
START -10140 8052 -2076 -487 -2339 -699 639 601 636 684 634 END
START -8808 9432 -2296 -300 -1357 -688 640 601 639 683 632 END
START -9148 8312 -2080 -161 176 -601 634 600 638 682 633 END
START -9256 10148 -2420 -124 542 -692 639 602 639 683 637 END
START -10220 9140 -2428 -11 518 -622 640 600 643 684 633 END
START -10100 8468 -2416 33 400 -540 638 602 640 683 634 END
START -10628 7484 -2012 30 242 -479 640 602 643 686 634 END
START -10872 7036 -1224 15 -155 -504 639 600 640 681 634 END
START -11592 7040 -252 -165 -173 -377 641 601 640 683 636 END
START -11120 7152 -1108 -148 -65 -384 640 601 640 682 633 END
START -11976 6980 -64 -208 -136 -263 641 599 642 679 634 END
START -11288 7156 -1160 -321 -42 -221 646 604 641 680 632 END