START -15536 3892 -5900 -3737 568 1274 581 560 604 649 610 END
START -15300 3868 -5700 -3884 462 1252 581 558 604 645 609 END
START -15244 3932 -5284 -4235 200 1189 583 556 605 645 610 END
START -15204 4024 -4740 -4573 133 1225 585 558 606 646 612 END
START -15376 3760 -4512 -4730 -79 1191 584 561 607 648 610 END
START -15360 3756 -4304 -4653 -288 1159 586 561 609 648 608 END
START -14896 4020 -4416 -4523 26 1182 584 561 605 648 609 END
START -14764 3640 -4336 -4399 495 1019 587 562 607 648 611 END
START -15584 4188 -4296 -4533 907 1390 588 562 608 648 610 END
START -15736 5160 -4424 -4418 1278 1756 590 563 608 649 609 END
START -15488 5496 -4672 -4437 1411 2016 587 563 608 649 612 END
START -15776 5720 -4700 -4536 1419 2516 595 562 608 649 610 END
START -16160 5872 -4908 -4782 1382 3062 589 554 609 649 609 END
START -17356 5360 -4848 -5132 1519 3764 590 561 609 651 610 END
START -18116 3944 -5972 -5353 1524 4242 590 564 607 652 611 END
START -17728 5628 -6704 -5487 1555 5088 592 560 609 650 612 END
START -18000 7244 -4808 -6304 682 6360 589 555 610 650 611 END
START -16372 4376 -6668 -6624 1141 6286 590 559 610 649 612 END
START -16268 8048 -4328 -6890 2156 7256 585 560 609 648 610 END
START -16000 4424 -5836 -7254 1835 6964 589 560 609 649 610 END
START -15676 8388 -3196 -7507 1822 7841 592 563 609 650 611 END
START -15156 5176 -7508 -7520 1706 7342 587 561 608 649 613 END
START -17668 6328 -3892 -8547 -366 8301 591 562 611 649 611 END
START -14940 9372 -5916 -9125 59 8839 591 562 609 649 612 END
START -13956 5092 -8340 -10253 123 8322 590 565 610 652 611 END
START -15332 7336 -5144 -11961 666 9159 590 563 610 649 611 END
START -14620 10544 -6568 -13088 2222 9730 593 560 611 649 611 END
START -13556 10068 -8460 -14323 3101 9478 591 562 610 650 610 END
START -12168 6820 -10280 -15814 3818 9040 594 563 612 649 610 END
START -11548 6004 -9300 -17525 4058 8722 592 564 610 650 612 END
START -13168 4788 -6216 -18910 3673 8688 592 562 611 649 615 END
START -12704 5092 -4756 -19901 2430 8487 587 563 600 648 612 END
START -11036 6580 -1384 -20259 2665 8114 587 565 608 650 609 END
START -9816 8872 1204 -20123 4659 7579 594 564 612 649 611 END
START -9308 10000 2440 -19273 7440 6829 591 565 609 648 612 END
START -9820 10368 2268 -17785 9228 5907 598 564 613 651 613 END
START -9028 10720 2020 -16117 10161 4731 602 566 616 651 612 END
START -9308 10604 2000 -14338 11042 4088 601 567 618 651 611 END
START -10920 11368 3652 -12739 10952 3415 606 571 619 653 611 END
START -11220 11536 3212 -10673 9658 2987 613 574 620 655 612 END
START -10232 12212 1908 -9289 8572 2193 611 578 624 655 612 END
START -11296 11228 2348 -7807 7287 1784 616 584 625 657 613 END
START -15316 9732 5068 -4189 2565 1754 619 578 625 665 608 END
START -11868 12852 7888 -1587 -4774 -195 619 582 629 666 616 END
START -8596 12100 8200 -893 1651 357 619 584 627 667 613 END
START -14884 13948 3924 -445 3028 638 621 584 628 668 614 END
START -16220 14688 -104 -479 -96 697 621 583 628 669 617 END
START -16200 15304 -128 -860 -2899 881 615 584 622 668 617 END
START -13812 15664 -444 -1313 -4628 1067 621 585 629 669 619 END
START -12076 12452 2368 -1557 -4336 627 620 586 630 669 617 END
START -11600 9356 2260 -1869 -3231 513 624 583 626 668 617 END
START -11884 9276 2548 -1642 -2829 -250 620 586 626 667 617 END
START -11368 7528 268 -1321 -2411 -920 620 587 631 669 617 END
START -11100 6960 -1864 -1177 -1833 -1226 625 587 630 669 618 END
START -9964 9668 -4412 -887 -494 -1162 621 583 631 665 618 END
START -10244 8384 -4024 -821 -350 -950 622 588 630 670 618 END
START -9440 9836 -3848 -641 -279 -858 622 589 631 671 617 END
START -9124 11084 -3660 -582 -273 -831 622 588 631 670 622 END
START -9324 9188 -4184 -406 -56 -796 622 588 630 670 618 END
START -9152 10004 -4376 -357 101 -831 634 589 635 670 619 END
START -9896 8496 -4468 -297 341 -710 622 589 631 670 620 END
START -10752 7348 -3660 -296 413 -573 623 588 633 669 617 END
START -9832 8604 -4248 -232 504 -495 624 589 634 670 623 END
START -10344 7764 -3708 -164 538 -382 621 589 632 670 618 END
START -9784 9564 -4348 -76 534 -327 624 589 634 672 621 END
START -10972 7028 -2568 -192 297 -327 629 589 630 670 618 END
START -10528 8000 -3792 -116 726 -317 622 589 631 671 618 END
START -10944 7364 -3020 -146 722 -325 623 587 632 670 619 END
START -11056 8076 -3920 -129 641 -233 622 587 631 670 617 END
START -10716 9052 -4188 -103 268 -197 622 591 631 670 618 END