START -11444 9896 -5412 -853 -19 117 639 575 591 646 612 END
START -11588 9900 -5580 -834 -8 116 640 576 591 646 608 END
START -11816 9904 -5444 -764 -34 124 640 575 591 646 611 END
START -11728 9780 -5464 -730 -261 85 640 575 591 646 612 END
START -11548 9872 -5424 -634 -311 -22 640 577 591 646 612 END
START -11600 9876 -5608 -687 -233 0 641 575 591 647 611 END
START -11692 9700 -5652 -710 -96 -76 639 575 591 646 612 END
START -11580 10144 -5816 -747 258 15 640 576 591 647 612 END
START -11884 9440 -5760 -729 -166 -160 640 575 591 646 612 END
START -11908 9932 -5516 -891 -34 39 641 575 591 646 612 END
START -10800 10764 -5696 -791 463 21 639 576 591 647 612 END
START -10740 10180 -6696 -642 544 -129 640 575 591 646 612 END
START -11340 10120 -6372 -686 518 -259 640 576 591 647 612 END
START -10940 10184 -6500 -711 317 -397 640 575 591 647 612 END
START -10136 9852 -6868 -714 116 -434 641 575 591 646 612 END
START -8936 9836 -7788 -701 70 -517 641 576 591 646 611 END
START -7140 9432 -9172 -736 241 -639 640 574 591 647 612 END
START -8324 9464 -8440 -747 437 -652 640 573 590 646 611 END
START -11504 9800 -6628 -833 735 -775 641 573 590 646 611 END
START -5856 9328 -10900 -930 1332 -913 640 574 590 646 611 END
START -11888 10484 -6616 -1110 1423 -842 640 573 590 646 612 END
START -16428 11208 -3296 -1299 1269 -653 640 573 590 646 611 END
START -9492 10960 -8596 -1602 3074 -551 640 573 589 646 610 END
START -5888 11112 -11052 -2003 2193 -292 640 574 590 646 612 END
START -11888 11460 -7316 -2642 1610 21 640 573 590 646 611 END
START -14328 11960 -5700 -3521 3229 -151 637 574 589 646 611 END
START -12384 10640 -7604 -4633 4407 -260 641 575 590 647 612 END
START -16764 10476 -4856 -6168 4761 -236 640 575 590 648 612 END
START -11092 10148 -9108 -7773 5978 -309 640 576 591 649 612 END
START -17636 10120 -5024 -9832 3837 144 641 577 592 649 612 END
START -14800 8276 -6684 -11729 2164 353 642 577 592 649 612 END
START -10612 7412 -9828 -12925 1974 316 640 578 593 651 612 END
START -14608 8220 -6336 -14286 1174 195 640 579 594 653 613 END
START -17320 7996 -3208 -14918 45 238 640 580 595 652 614 END
START -18032 8144 -2524 -15382 -385 428 640 581 595 653 614 END
START -12360 7004 -5984 -15631 1058 262 640 581 596 653 614 END
START -15148 9296 -2620 -15850 2359 270 641 582 597 655 615 END
START -12556 9496 -3584 -15857 3532 110 642 583 598 655 615 END
START -6544 9240 -7644 -15847 5115 -27 641 583 599 656 615 END
START -7424 9532 -6808 -15742 5553 -24 642 583 599 656 615 END
START -9308 10064 -5012 -15556 4934 84 640 583 600 657 616 END
START -15504 11308 -12 -15074 3794 548 641 584 600 657 616 END
START -10616 11560 -3024 -14427 3572 941 643 583 601 657 616 END
START -6696 12044 -5200 -13902 3753 1419 642 584 601 657 616 END
START -12556 12764 -184 -13346 3475 1856 642 584 600 657 616 END
START -6432 11376 -3748 -12586 4855 1826 642 584 601 657 616 END
START -12772 12000 2172 -11470 3015 1964 642 585 601 658 616 END
START -14988 12056 4348 -10088 733 2125 642 585 601 658 616 END
START -8508 11376 -296 -8801 -1740 2665 642 584 601 658 616 END
START -8400 11472 -124 -8034 -3130 2677 644 584 601 658 617 END
START -13444 11804 3376 -7553 -952 2179 644 585 599 659 616 END
START -11368 10476 840 -7366 1612 1645 646 585 602 659 617 END
START -8328 10292 -2468 -7638 2677 1226 648 587 603 661 617 END
START -13436 11512 -940 -8348 3213 1088 650 589 605 662 618 END
START -12936 10628 -416 -9188 5783 1091 654 592 607 666 620 END
START -7048 8900 -1820 -8897 6564 721 655 595 612 668 622 END
START -9472 8852 2556 -6939 6533 -329 656 599 618 671 624 END
START -9156 7880 4184 -3654 5001 -1659 658 603 623 673 626 END
START -14200 11176 4612 -1654 2849 -1635 658 604 625 674 627 END
START -10592 11452 -3244 -1744 888 -292 659 606 628 674 629 END
START -14848 12584 1024 -1976 -1882 430 661 607 627 675 629 END
START -13216 12616 1776 -1600 -3400 870 661 608 629 676 630 END
START -4888 12304 -3816 -1104 -2080 701 661 609 630 676 631 END
START -2804 12800 -5412 -865 332 338 663 610 631 677 631 END
START -2672 12620 -5840 -562 1404 182 663 610 631 678 633 END
START -6836 12892 -2972 -438 1240 326 665 610 631 678 632 END
START -3524 12768 -5344 -298 857 630 664 610 631 679 632 END
START -4184 12720 -4796 -135 572 778 664 610 631 677 633 END
START -9496 13060 -1012 -44 155 799 664 611 631 678 632 END
START -15000 13824 2896 -203 -419 776 664 610 631 677 633 END