START -14472 5816 -5480 -973 218 -326 587 560 599 646 608 END
START -14452 5824 -5584 -919 340 -314 588 559 602 646 607 END
START -14504 5960 -5424 -935 542 -218 586 560 598 645 610 END
START -14824 6008 -5272 -969 511 -81 588 562 596 644 609 END
START -14872 6120 -5396 -1007 55 11 587 561 597 644 608 END
START -14712 5912 -5620 -1007 -499 32 587 559 596 644 608 END
START -14248 6228 -5388 -990 -647 128 597 560 594 644 608 END
START -13896 5960 -5864 -948 -454 -47 594 557 595 643 608 END
START -14556 5308 -5468 -1116 -371 -116 585 557 596 643 609 END
START -15548 5476 -5924 -1430 -403 176 581 557 594 642 610 END
START -16088 5448 -6212 -1745 -742 548 586 556 594 642 609 END
START -16128 5444 -6464 -2078 -651 883 587 555 593 643 610 END
START -15664 5584 -7472 -2356 -149 1161 588 553 594 642 610 END
START -15432 6988 -8408 -2750 536 1975 585 553 591 642 610 END
START -16288 8184 -7020 -3657 604 3151 583 553 592 643 611 END
START -17392 5712 -7688 -4667 352 3648 585 553 594 643 610 END
START -16220 7252 -9204 -5328 1042 4377 589 554 593 643 611 END
START -17168 8348 -6816 -6786 596 5656 587 554 593 644 611 END
START -16012 6952 -10172 -7438 1414 5881 584 554 595 642 613 END
START -17692 8048 -6852 -8993 173 7205 585 552 594 645 612 END
START -15832 9180 -9608 -9827 362 7830 586 556 596 644 612 END
START -16028 5932 -8068 -11548 -1418 8307 586 556 596 644 611 END
START -14348 10756 -6332 -12685 -997 9311 585 557 597 643 614 END
START -11308 10184 -9080 -13618 1536 8928 587 557 596 644 613 END
START -10988 7612 -9956 -14747 2995 8249 584 557 595 642 613 END
START -12424 6172 -7444 -16396 3328 8333 588 568 596 647 612 END
START -13020 9156 -4608 -17892 4167 8729 590 551 596 645 610 END
START -11948 12000 -4348 -18705 4589 8689 590 558 596 646 612 END
START -11004 11980 -4420 -19139 4366 8392 593 560 596 647 614 END
START -10260 11844 -4216 -19228 4198 7716 592 559 599 645 614 END
START -8864 9712 -4792 -19151 3561 7069 593 557 598 644 613 END
START -7784 7592 -4536 -18876 3373 6223 594 558 599 645 613 END
START -7800 5788 -2936 -18507 3421 5432 596 558 607 645 613 END
START -8948 5072 -428 -17836 3427 4938 595 557 604 645 617 END
START -9636 5648 1540 -16984 3490 4426 595 558 603 644 613 END
START -9800 6164 3068 -15722 4073 3955 597 559 607 646 616 END
START -10208 9248 5304 -14369 5371 3478 602 560 611 646 613 END
START -10860 7836 3952 -13245 6648 2944 597 561 605 648 614 END
START -11972 7932 3304 -12384 6703 2520 596 563 605 650 614 END
START -12556 8244 3140 -11364 6426 2193 598 563 604 649 607 END
START -12588 8184 3364 -10661 6234 1793 599 564 608 650 614 END
START -12448 7932 3328 -10068 6417 1569 599 567 608 647 614 END
START -12144 7544 2344 -9526 6611 1122 600 572 611 651 615 END
START -11984 9608 3688 -9109 7132 502 600 569 611 650 615 END
START -10560 5916 5064 -7196 8313 -514 596 573 613 653 615 END
START -11480 6216 6072 -4060 9696 -1153 607 575 628 664 619 END
START -14236 7908 8776 -2165 6910 -1838 606 580 621 664 622 END
START -15844 6356 5552 -759 2702 -1337 607 579 624 669 623 END
START -15452 6628 12 4 -331 -1354 611 581 631 668 628 END
START -15856 8160 1408 -1 -2732 -599 608 583 625 669 625 END
START -14492 9284 964 -185 -3117 -324 608 583 625 669 625 END
START -12200 7744 -1564 -349 -2655 -433 608 585 628 671 625 END
START -10352 7696 -3156 -286 -1772 -775 608 583 626 671 626 END
START -9136 8596 -3868 -204 -1106 -1091 608 587 624 672 622 END
START -8620 9696 -4012 -164 -402 -1217 610 587 631 672 627 END
START -8740 11068 -4196 -125 84 -1383 612 592 629 674 628 END
START -9864 9340 -4364 -237 215 -1454 613 585 628 673 621 END
START -9948 10368 -4452 -299 289 -1389 610 587 629 672 628 END
START -10232 8804 -3620 -233 259 -1171 610 586 629 673 628 END
START -9516 9832 -3900 -141 343 -885 610 590 630 674 628 END
START -9752 8940 -3704 -53 121 -805 610 587 629 672 627 END
START -10116 8220 -3428 -128 -211 -766 611 585 628 676 628 END
START -9508 9668 -4480 -42 315 -470 611 588 629 673 628 END
START -9968 8852 -4432 -145 209 -329 611 587 630 674 628 END
START -10260 8060 -3848 -210 180 -189 614 588 632 674 633 END
START -9692 9168 -4144 -202 307 -52 611 588 629 673 629 END
START -10112 8144 -3240 -342 -32 -10 611 585 631 675 627 END
START -10684 7384 -2056 -427 -440 32 619 587 628 673 627 END
START -11712 7428 -804 -455 -665 184 612 584 628 673 628 END
START -11304 7284 -2168 -559 -1047 294 612 591 626 673 629 END