START -15532 2924 -3328 -945 -148 -361 616 575 622 669 622 END
START -15468 2836 -3312 -951 -300 -394 613 574 619 669 623 END
START -15800 2872 -3592 -1015 -679 -367 613 572 619 670 619 END
START -16188 2696 -3700 -1040 -735 -229 611 575 619 670 623 END
START -16408 2728 -3968 -1194 -508 67 610 576 618 668 623 END
START -17008 2532 -4376 -1379 -96 465 609 574 620 669 624 END
START -17448 2816 -4608 -1614 377 1224 611 575 618 668 624 END
START -17776 2460 -4832 -1921 717 1878 609 575 616 667 623 END
START -18400 2804 -4880 -2575 827 2786 609 574 618 667 624 END
START -18836 3616 -4608 -2988 916 3765 612 574 615 666 624 END
START -18352 4504 -4260 -3399 487 4597 608 575 617 666 623 END
START -17916 4884 -4700 -4046 -3 5425 607 575 616 667 624 END
START -18292 4296 -4420 -4653 -633 6011 610 574 615 667 623 END
START -17932 3188 -4700 -5211 -1170 6308 608 573 613 666 621 END
START -16000 3920 -6236 -5743 -752 6571 605 571 613 665 625 END
START -15444 6264 -4680 -6639 -189 7468 617 572 613 665 622 END
START -16488 3876 -4400 -7600 -173 7404 606 571 611 664 623 END
START -15228 5276 -5540 -7913 552 7518 606 570 611 663 621 END
START -17236 4824 -3340 -8882 -902 8274 605 570 608 661 622 END
START -15020 5716 -5688 -8931 -771 8276 607 566 607 660 622 END
START -16288 4504 -3076 -9964 -1763 8804 607 570 606 660 623 END
START -14584 8272 -3532 -10326 -818 9452 601 565 604 658 622 END
START -14212 3748 -4632 -10395 -542 8910 605 564 604 658 622 END
START -15240 4456 -1952 -11032 -573 9554 604 562 602 657 622 END
START -14188 9324 -1044 -11154 1138 9956 606 561 604 656 618 END
START -11388 8368 -4648 -11006 3537 9349 603 549 597 651 621 END
START -12108 6076 -4604 -11119 4615 8815 601 557 597 649 620 END
START -14292 4256 -2128 -11505 3462 8756 601 557 595 652 621 END
START -15356 6656 1308 -11544 1400 9183 604 555 597 650 619 END
START -14660 9800 1704 -11063 414 9651 604 551 596 651 620 END
START -13060 11084 304 -10367 724 9519 605 558 598 649 621 END
START -10844 10248 -1824 -9752 1520 8827 605 558 591 648 618 END
START -10256 8748 -2960 -9472 2304 8434 595 559 597 649 620 END
START -10652 7288 -3092 -9415 2354 7999 604 561 599 650 621 END
START -10560 6396 -2664 -9390 1846 7542 610 563 601 650 618 END
START -10620 5940 -1536 -9419 1405 7118 605 568 603 648 623 END
START -10804 5848 -936 -9431 1041 6557 608 564 601 650 623 END
START -10412 6092 356 -9037 471 5877 605 565 604 648 621 END
START -10724 8560 3740 -8721 254 5307 609 567 602 655 621 END
START -9684 9016 3828 -8082 1252 4609 608 567 604 651 620 END
START -9352 11524 4452 -7428 3097 3835 610 567 605 653 623 END
START -10132 11564 4548 -6712 4535 3129 612 562 606 653 620 END
START -11636 11824 4652 -6239 4167 2390 611 566 607 653 621 END
START -12300 11284 4456 -5613 3269 1834 612 567 607 654 618 END
START -11624 10404 3708 -5094 2831 1152 613 568 608 654 621 END
START -11100 9632 2848 -4658 3284 547 616 568 610 655 622 END
START -11172 12072 3164 -4618 4381 363 615 571 605 656 623 END
START -12176 11592 3016 -4889 4970 -11 616 570 612 657 621 END
START -12660 11104 2048 -5470 5347 -366 618 571 612 660 621 END
START -12852 9404 620 -6168 5523 -756 611 572 614 660 621 END
START -13248 10652 1028 -6986 5493 -826 616 573 611 659 621 END
START -11832 5196 260 -6114 6095 -1761 620 574 620 665 623 END
START -11640 5144 3724 -2633 5804 -2540 628 580 628 670 624 END
START -9772 6180 6024 -902 6789 -2413 628 584 629 673 626 END
START -12636 7060 1756 604 6631 -1802 625 586 629 674 627 END
START -15948 7168 -1216 1306 2803 -1101 626 588 629 675 628 END
START -14044 9012 -4112 1265 364 -352 627 588 631 673 630 END
START -12612 11044 -4016 769 -542 107 627 587 630 673 628 END
START -10676 9044 -3668 477 -475 102 634 588 631 674 630 END
START -10644 7696 -2648 163 -167 -117 627 588 630 674 628 END
START -10072 8320 -3240 -29 -361 -376 626 587 631 674 628 END
START -10940 7192 -2764 -275 -759 -581 624 588 628 673 628 END
START -10392 8084 -4164 -381 -293 -629 627 590 630 674 628 END
START -10720 9716 -4624 -519 223 -442 626 589 631 675 627 END
START -11208 8692 -3956 -547 96 -405 630 589 636 674 631 END
START -10276 10728 -3720 -563 -161 -363 630 588 630 674 628 END
START -10256 12640 -2752 -720 -51 -84 622 586 628 674 629 END
START -9828 11212 -3188 -698 -115 -126 626 591 631 676 628 END
START -10056 12508 -2628 -720 42 -50 627 590 631 674 629 END
START -9992 11036 -3920 -585 177 -180 628 589 633 674 628 END