START -16748 3116 -4740 -1534 -988 1411 613 560 603 658 615 END
START -16676 3016 -4636 -1637 -1018 1470 608 559 601 656 613 END
START -16480 2868 -4752 -1752 -1272 1686 610 561 601 657 612 END
START -16348 2880 -4520 -1899 -1315 1901 602 558 601 657 614 END
START -16164 2936 -4424 -2011 -1288 2031 608 559 599 657 613 END
START -15656 2660 -4600 -1972 -1187 2009 607 559 602 656 613 END
START -16000 2756 -4532 -2125 -1185 2238 607 550 601 655 611 END
START -15568 3012 -5168 -2170 -1130 2274 612 558 602 656 613 END
START -15548 2100 -5416 -2379 -1111 2185 606 557 600 656 612 END
START -15892 2128 -5628 -2779 -699 2319 608 560 599 656 613 END
START -16924 1860 -5732 -3183 -403 2641 608 559 601 658 612 END
START -17576 1760 -6180 -3619 -989 3163 607 559 600 657 612 END
START -17924 2136 -6712 -4055 -2191 4004 607 558 599 658 614 END
START -17084 4448 -6676 -4694 -3125 5125 606 558 600 655 611 END
START -16936 4480 -5624 -5613 -3293 5957 602 562 599 659 612 END
START -16476 2556 -6200 -6096 -2328 5709 603 559 600 656 613 END
START -16184 6020 -5272 -6612 -1183 6725 598 558 599 655 610 END
START -16384 3260 -4272 -7105 -1674 6680 604 557 599 655 610 END
START -14920 6448 -4824 -7238 -216 7221 603 557 596 656 611 END
START -16492 2904 -3640 -7625 -1237 7106 602 557 599 655 614 END
START -16920 7108 -2256 -7700 -1774 8087 603 560 600 654 614 END
START -15432 4204 -5436 -7385 -2430 7617 604 557 599 654 612 END
START -16948 4016 -2824 -8073 -3464 8412 603 558 600 655 613 END
START -15736 8892 -3084 -8482 -2104 9335 602 557 593 654 612 END
START -14096 7992 -5440 -8586 179 9172 603 559 593 655 612 END
START -15108 3916 -6292 -9653 801 9066 606 559 601 654 613 END
START -16252 6860 -3584 -11060 990 9919 603 561 602 652 611 END
START -15216 10316 -3088 -12017 1580 10391 603 560 599 654 609 END
START -14092 11004 -3300 -12602 1734 10373 605 561 602 655 613 END
START -13352 10792 -3340 -13187 1324 10177 603 564 604 654 614 END
START -11880 10804 -3520 -13793 1082 9945 607 559 602 653 614 END
START -10464 9164 -4364 -13965 1379 9563 603 561 606 653 614 END
START -9624 9584 -2868 -13881 1479 8808 604 561 603 652 614 END
START -9388 7660 -2628 -13505 1170 7968 600 560 601 650 612 END
START -8660 6644 -2052 -13078 512 7163 606 561 602 650 614 END
START -10224 5016 916 -12378 -535 6382 602 562 605 650 613 END
START -9628 5000 1448 -11316 -1542 5584 604 562 603 649 613 END
START -8924 5296 2028 -10232 -956 4861 605 560 603 649 614 END
START -9020 5796 2940 -9261 1114 4051 603 560 603 650 612 END
START -10320 8484 5032 -8446 3279 3463 607 560 602 651 613 END
START -11728 8592 4880 -7610 4459 3013 604 561 603 645 613 END
START -12832 8504 4504 -6700 4150 2660 605 561 604 650 612 END
START -13124 8244 4132 -5895 3331 2449 605 561 602 650 614 END
START -13500 10920 4348 -5528 2564 2370 607 565 604 652 613 END
START -13212 10224 3700 -5135 2302 2130 604 561 602 652 612 END
START -12856 9624 2896 -4820 2372 1905 609 563 604 651 612 END
START -12432 9000 2052 -4665 3272 1708 607 562 607 654 613 END
START -11972 8004 956 -4830 4239 1537 606 562 599 652 613 END
START -12100 6904 -928 -5053 5014 1462 609 566 606 654 612 END
START -12988 7344 -124 -5283 4881 1262 610 566 612 655 617 END
START -11660 6416 -2472 -5600 4336 941 612 566 610 654 614 END
START -10008 4676 -3396 -4654 4548 582 608 567 615 657 614 END
START -10488 7660 -1120 -3060 3181 -6 614 568 618 665 617 END
START -5332 6596 2768 -645 5682 -1400 621 576 621 669 620 END
START -11876 8936 2952 429 5072 -474 617 578 621 670 623 END
START -13168 7680 -984 1195 2122 -491 618 582 624 673 622 END
START -13432 7020 -3336 1171 -140 -480 621 581 625 672 622 END
START -12140 8440 -4476 721 -617 -379 612 582 623 671 623 END
START -10664 9476 -4492 246 -390 -437 619 594 626 673 623 END
START -10704 8108 -3868 3 263 -573 622 585 626 672 622 END
START -10964 7216 -2684 -389 -229 -762 619 589 627 675 623 END
START -10092 8236 -3136 -310 -347 -1024 620 587 627 673 625 END
START -9256 10140 -3564 -249 99 -1215 621 588 627 673 625 END
START -9876 9124 -3596 -285 451 -1230 617 588 630 673 631 END
START -10428 11156 -3772 -411 650 -1113 620 588 627 673 624 END
START -11076 12716 -2728 -440 711 -712 620 586 629 674 624 END
START -10596 11304 -3304 -476 438 -377 622 582 628 673 625 END
START -10460 12716 -2196 -477 145 -148 620 590 629 673 626 END
START -10372 13800 -1492 -508 -12 59 620 592 629 676 627 END
START -9892 12500 -2952 -494 154 8 626 588 630 674 626 END