START -13292 9072 -8900 -10794 8966 1992 541 547 575 623 601 END
START -12924 9180 -8224 -10883 8322 1901 542 548 576 624 603 END
START -11308 9168 -7452 -11298 6697 1876 544 548 574 622 602 END
START -10908 8512 -7216 -11114 5669 1742 540 545 575 623 603 END
START -11436 7928 -6584 -10507 3933 1616 542 551 574 621 604 END
START -11104 8948 -6416 -10046 2270 1953 538 547 573 620 604 END
START -9416 8788 -6288 -9671 2076 1636 540 547 575 622 606 END
START -8892 8500 -5736 -9363 2462 1217 536 546 576 622 603 END
START -9236 8924 -5740 -9119 4349 937 528 540 575 621 603 END
START -10860 8696 -5244 -8769 5053 481 529 544 576 624 605 END
START -11368 8868 -6396 -8294 2900 -282 528 547 578 625 606 END
START -8572 7932 -7872 -8064 3133 -1880 535 548 580 627 607 END
START -7500 9164 -8528 -7759 6185 -2560 541 550 582 630 610 END
START -9068 10428 -5808 -8380 7941 -2159 546 552 584 634 610 END
START -10204 7336 -7496 -7179 7549 -3577 551 556 588 638 612 END
START -11420 11364 -5908 -7107 7558 -2606 560 556 593 639 612 END
START -10308 8392 -10580 -6859 6787 -3563 564 566 594 642 613 END
START -11688 8156 -8132 -7858 5290 -3327 569 575 600 645 616 END
START -7404 13436 -10932 -8279 5252 -2361 569 571 600 650 618 END
START -11252 8092 -6880 -8190 4629 -4505 584 577 604 654 619 END
START 4200 7124 -10152 -7200 15221 -5539 590 587 608 657 622 END
START -8148 9244 -9440 -3180 23809 -4303 592 594 613 660 621 END
START -27108 8480 2760 -1387 10967 -2042 592 599 611 659 615 END
START -18416 9668 -9344 -314 2615 -1043 591 599 614 659 611 END
START -16440 8500 -8680 -385 -3789 1366 589 600 617 660 610 END
START -5684 10640 -12684 286 -2916 1690 594 601 612 658 611 END
START -8656 9088 -5640 -527 -1491 1281 596 603 614 659 609 END
START -5016 11444 -11724 164 855 481 597 602 613 659 609 END
START -2808 9856 -13076 -716 1979 717 599 601 611 658 606 END
START -19656 9208 -2708 -334 -1155 218 594 602 612 657 607 END
START -9608 11308 -8000 -668 -145 1327 596 602 612 658 607 END
START -11360 8704 -8476 40 -985 404 591 596 610 656 606 END
START -10908 12372 -6108 -234 -505 1461 593 600 609 654 606 END
START -6172 7932 -11312 1 -526 144 594 599 609 653 605 END
START -8256 12676 -7476 -261 803 1191 589 598 610 654 608 END
START -9824 7928 -9392 -287 -224 -148 593 599 608 653 606 END
START -12792 12160 -5672 -739 -1085 861 591 599 607 653 608 END
START -11548 8220 -7984 -440 -2299 -125 593 598 607 650 606 END
START -10576 10396 -5856 -1125 -2560 662 592 598 607 652 606 END
START -9212 10364 -9020 -475 -330 -275 593 598 606 651 606 END
START -11192 8604 -8164 -856 -446 -94 593 601 606 650 603 END
START -10424 13856 -11652 -511 -589 496 593 598 607 651 607 END
START -9580 7536 -9200 -763 -1832 -120 592 598 605 649 604 END
START -10032 12104 -6620 -952 -502 750 593 596 607 651 610 END
START -6984 7448 -9316 -778 529 -713 591 598 606 649 607 END
START -14912 11748 -3408 -1146 508 606 591 599 606 649 606 END
START -14384 8512 -6608 -600 -368 -713 591 597 606 651 607 END
START -15916 11268 -3232 -1030 -2013 630 591 597 606 650 607 END
START -12324 9508 -7652 -334 -2205 -237 590 596 604 648 607 END
START -9584 8620 -8368 -700 -1946 511 588 594 606 650 608 END
START -10096 10324 -9168 -12 -1404 335 592 594 604 648 607 END
START -10772 8440 -8196 -420 -1206 371 592 590 604 646 605 END
START -8168 12980 -11344 204 505 823 589 583 598 647 606 END
START -12680 7880 -6516 20 -987 363 586 573 592 640 604 END
START -10704 13164 -10352 547 -1250 1304 582 566 585 635 601 END
START -13420 8140 -6336 686 -4143 1180 580 555 577 629 600 END
START -13972 10120 -4536 678 -6684 2889 571 543 567 623 596 END
START -11536 11784 -9032 2043 -8555 3089 568 539 555 615 593 END
START -12444 7264 -5168 2499 -11203 3726 561 529 548 607 585 END
START -13996 11324 -2240 2923 -11524 5130 557 526 541 599 583 END
START -13784 8824 -4148 4013 -11346 3968 553 526 538 593 581 END
START -9816 7908 -6968 4397 -9307 4417 552 527 536 589 583 END
START -6892 12080 -11604 5501 -6690 3987 548 525 534 585 580 END
START -11092 7352 -4844 5282 -6112 3138 551 528 533 585 582 END
START -8324 12700 -6484 5349 -4204 3261 547 528 539 585 582 END
START -10564 7640 -6012 5483 -3697 1441 545 528 537 586 581 END
START -10908 10312 -4856 4856 -3265 1841 546 532 540 587 581 END
START -12456 9040 -6792 4986 -2984 72 540 528 542 591 586 END
START -9036 9400 -8676 3913 -2897 524 540 533 544 591 583 END
START -11612 9924 -7904 3774 -2444 -753 542 530 546 594 585 END