START -17252 6784 -7836 -3050 477 1843 580 541 575 631 605 END
START -17432 6648 -8204 -3412 347 2121 581 545 571 633 604 END
START -17052 7072 -8196 -4476 14 2887 579 545 577 631 606 END
START -16968 7492 -8236 -5653 -195 3669 581 546 577 634 602 END
START -16156 7604 -7948 -6876 -134 4306 580 547 578 634 606 END
START -16084 7652 -7724 -8074 67 4851 581 546 579 635 606 END
START -16184 7600 -6996 -8898 -408 5416 580 544 582 633 605 END
START -16000 7732 -6564 -9718 -1170 5960 581 548 586 635 613 END
START -14804 8088 -6484 -10438 -885 6563 582 545 577 636 608 END
START -14116 7620 -6072 -10848 -462 6650 584 547 580 636 607 END
START -13800 7100 -5916 -11273 255 6767 579 547 576 638 613 END
START -13512 6852 -5680 -11437 803 6919 584 545 582 637 609 END
START -13692 7020 -5920 -11608 971 7254 581 548 579 636 608 END
START -12368 7868 -5404 -11669 1186 7326 583 550 579 637 610 END
START -11908 9568 -4280 -12070 1922 7622 586 543 581 637 610 END
START -12476 8676 -3180 -12612 2042 7270 583 548 583 638 609 END
START -11120 7984 -4992 -12207 2831 6463 585 547 581 637 608 END
START -11708 10628 -1888 -12351 2672 6830 584 549 583 635 608 END
START -10888 7320 -3864 -12259 2347 5754 584 549 585 636 608 END
START -10928 10836 -1220 -12085 2436 6049 585 547 584 636 608 END
START -10104 7360 -4012 -11393 3174 4835 583 548 586 637 608 END
START -11284 8944 -280 -11439 2899 4904 591 551 584 636 610 END
START -9368 11380 -2492 -10618 5127 4354 584 552 584 637 609 END
START -10104 7084 -3404 -10388 5156 3391 586 551 585 637 611 END
START -11692 9816 284 -10495 4918 3580 583 551 584 636 606 END
START -10908 12052 -1412 -9859 5604 3361 584 543 585 636 610 END
START -10568 8476 -3808 -9271 4544 2459 583 552 587 637 611 END
START -11536 6688 -1348 -9206 2529 2055 580 552 583 638 603 END
START -12060 9748 1020 -9289 1981 2287 578 554 589 637 610 END
START -11084 12532 256 -9044 2955 2341 575 552 590 639 610 END
START -9496 12296 -2792 -8670 4399 1683 574 554 591 639 611 END
START -8832 10004 -5012 -8625 5926 700 572 553 596 639 613 END
START -10032 7608 -5272 -8861 6593 -48 570 554 592 640 606 END
START -11428 6556 -4296 -9192 6232 -211 569 556 591 642 610 END
START -12660 7188 -2760 -9647 5994 -113 572 559 595 642 610 END
START -13456 8532 -1188 -10186 5335 158 572 559 595 642 610 END
START -13128 9904 -308 -10744 4260 83 572 560 593 643 610 END
START -13472 12708 1364 -11039 3625 437 576 561 599 643 615 END
START -13360 11008 2328 -8806 1828 947 581 562 608 658 610 END
START -8432 10348 13324 -3233 2092 -1521 589 574 612 663 618 END
START -11684 13552 16616 -101 5407 590 591 577 613 663 620 END
START -16804 14288 7572 1669 1184 1354 592 571 614 664 619 END
START -15564 14740 1296 2143 -2504 1344 594 572 614 661 617 END
START -15384 16952 -996 1066 -5752 1672 597 572 616 664 615 END
START -12592 15892 -972 -335 -6872 1666 594 573 613 664 619 END
START -9528 14524 320 -995 -4017 1303 594 571 614 664 619 END
START -9292 15100 500 -1304 -1402 1141 594 574 615 664 622 END
START -10764 13908 2428 -1367 -1189 697 594 575 615 665 622 END
START -11368 12752 2620 -1265 -1801 189 594 574 613 666 621 END
START -12192 11616 2472 -1108 -1632 -136 597 574 616 664 619 END
START -12324 8124 172 -896 -1262 -347 595 574 616 664 621 END
START -13124 9864 1340 -966 -903 -76 599 574 615 665 620 END
START -13012 11792 2540 -1059 -593 372 596 580 615 671 622 END
START -12844 10596 2908 -947 -1009 335 596 574 616 665 620 END
START -12056 9036 2124 -736 -1295 287 598 574 615 666 620 END
START -12516 10240 2396 -607 -1192 338 592 574 607 664 621 END
START -12144 8196 436 -501 -1082 234 597 576 615 666 620 END
START -12772 8984 1140 -529 -996 422 595 576 614 668 621 END
START -12108 7572 -360 -599 -1055 548 597 573 614 668 620 END
START -12420 8308 696 -578 -997 633 596 576 615 664 621 END
START -12964 9632 1892 -616 -1058 915 595 587 614 666 621 END
START -12224 8732 1012 -690 -995 913 596 575 613 665 621 END
START -12880 10196 2080 -809 -734 1008 599 575 615 665 620 END
START -12932 8976 1504 -893 -914 851 596 567 615 665 619 END
START -13728 10228 2792 -965 -1342 985 596 575 613 666 620 END
START -13392 8636 1804 -1040 -2051 915 592 576 610 665 622 END
START -13616 9724 2692 -1051 -2923 809 596 576 613 665 621 END
START -12536 8196 1700 -1132 -3385 698 594 575 613 664 620 END
START -11456 6912 772 -1188 -3757 577 596 571 614 664 619 END
START -11896 7288 1428 -1243 -4059 644 596 576 612 670 619 END