START -10412 2932 13380 -1176 -554 41 580 572 599 634 559 END
START -9468 2652 12664 -1306 -564 252 578 575 600 634 563 END
START -11000 2424 13504 -1593 -1975 656 572 575 598 634 559 END
START -6488 1944 10284 -1685 -1439 981 568 574 598 636 559 END
START -6700 3000 12308 -2157 -13 1079 569 574 598 636 558 END
START -8364 2720 13176 -2437 581 883 567 576 592 634 560 END
START -8772 2720 13356 -2421 434 935 568 576 597 634 561 END
START -8016 2148 13604 -2089 119 998 571 573 602 634 554 END
START -7452 3072 13316 -1806 -53 1486 566 575 599 633 561 END
START -7232 3944 13288 -1562 -148 1544 570 582 598 635 560 END
START -6716 4220 13348 -1454 -13 1474 566 575 599 634 559 END
START -6932 4712 13300 -1472 366 1446 567 578 599 636 559 END
START -7268 5128 14292 -1649 751 1637 569 576 598 634 560 END
START -8136 4792 15644 -2201 -1364 1945 572 572 599 634 560 END
START -5564 4272 15044 -2134 -416 2013 574 572 599 632 558 END
START 12312 4232 7504 -735 203 1590 585 573 600 635 559 END
START 40 3252 10168 790 12467 2032 584 577 599 633 559 END
START -6112 5652 14388 314 14070 -370 588 578 592 634 559 END
START -40 1788 8564 460 21916 -1698 595 578 599 634 560 END
START -2668 3640 8144 1082 29005 -2216 597 577 598 634 559 END
START -6260 3452 10768 551 31613 -2491 601 578 596 636 554 END
START -9608 4272 10864 881 32767 -2783 609 580 597 637 560 END
START -13220 672 7964 243 32767 -2759 613 580 600 640 559 END
START -13276 3096 3952 1283 32767 -3220 616 588 605 644 563 END
START -14672 -284 2272 522 32767 -2489 619 588 608 648 565 END
START -18780 3552 4168 24 32767 -389 616 591 608 652 567 END
START -20480 1120 2756 1008 31118 -193 624 596 618 654 575 END
START -22056 -1000 2864 841 23647 1130 625 600 618 657 573 END
START -23164 3796 3272 492 17887 3540 623 603 618 661 575 END
START -21616 3064 -600 963 12823 4540 628 606 623 660 578 END
START -21104 -368 -1356 601 6837 4975 627 606 627 663 581 END
START -20368 1772 1068 -260 3213 6393 629 604 626 664 583 END
START -19004 5556 -36 -1109 3930 8092 628 607 627 666 584 END
START -17268 2644 -3484 -1561 5987 8313 630 610 628 667 586 END
START -17580 -116 -3476 -2325 6990 8569 630 608 632 667 585 END
START -18708 -492 -2436 -4319 7214 10184 629 609 632 671 589 END
START -20884 -260 -1976 -5284 4704 10913 626 608 631 670 590 END
START -20472 1924 -980 -6542 2514 12381 629 609 634 669 591 END
START -18856 4512 -136 -7448 2345 13380 626 609 636 671 599 END
START -16956 6964 -424 -8522 4660 14256 625 609 634 670 593 END
START -15648 7992 -2200 -9317 6063 14157 622 607 636 669 595 END
START -15328 7996 -2956 -10395 6722 14298 620 612 634 679 595 END
START -15668 8500 -2448 -11338 6727 14382 618 610 638 673 596 END
START -14600 8200 -2736 -12230 6542 14448 618 609 638 676 595 END
START -14604 8476 -1980 -13012 7150 14259 611 610 636 674 597 END
START -12508 8864 -2252 -13716 7000 13773 616 611 639 674 593 END
START -11120 9660 -940 -14433 7894 13675 616 610 639 675 598 END
START -11604 8800 -1572 -14025 7770 12269 616 607 642 677 597 END
START -11040 10352 92 -14086 7852 11233 612 611 639 677 603 END
START -10420 10168 704 -13750 8374 10140 614 610 641 678 601 END
START -9620 9064 692 -13217 9258 8811 614 607 641 678 600 END
START -7260 9888 388 -12111 11011 6911 608 606 642 679 601 END
START -7664 6644 -1320 -11862 13798 5864 604 607 642 678 603 END
START -10016 8892 324 -11081 13196 4794 600 604 645 679 604 END
START -10564 8700 -200 -10203 11282 3841 597 601 644 679 608 END
START -9776 8840 -1148 -9344 9266 3095 592 597 646 680 610 END
START -8628 9228 -1508 -8479 9127 1847 590 598 644 680 605 END
START -8328 9388 -1716 -7809 10579 837 591 595 645 684 605 END
START -7784 9140 -3016 -8123 12124 300 586 594 647 681 612 END
START -10360 7456 -2748 -7374 12114 -769 584 595 648 681 607 END
START -10536 7652 -3440 -6830 10944 -952 582 594 649 679 608 END
START -10288 10496 -3208 -6670 9537 -1296 581 598 650 683 609 END
START -9856 11168 -2920 -5816 9522 -1600 584 597 649 687 609 END
START -10340 13496 8 -5867 10978 -1997 585 597 650 683 610 END
START -10848 11532 -3328 -6173 12397 -1611 589 597 649 681 610 END
START -13248 13508 -848 -5799 10609 -2423 593 607 651 682 612 END
START -13652 12780 1764 -5833 8711 -2083 597 607 649 683 612 END
START -12232 12804 2568 -5558 8642 -2513 600 610 652 682 612 END
START -11580 10924 2124 -5939 11182 -3359 604 615 652 682 613 END
START -14036 3728 6292 -1624 13958 -2748 606 619 651 685 620 END