START -1356 6060 13208 -3126 170 4531 508 614 660 496 502 END
START -1236 6156 13260 -3031 354 4343 499 614 661 484 502 END
START -948 6184 13476 -2713 894 3642 513 614 660 495 502 END
START -844 6376 13748 -2329 1606 2956 556 609 661 497 496 END
START -828 6272 14152 -2016 1862 2416 511 614 663 494 499 END
START -1252 6148 14284 -1768 1322 1935 508 614 661 495 501 END
START -808 6072 14200 -1492 654 1385 510 615 661 486 500 END
START -828 5648 14456 -1312 -245 756 508 615 660 495 501 END
START -136 6356 14444 -889 -17 289 560 619 662 488 502 END
START -400 5496 14284 -502 252 -673 510 616 656 494 503 END
START -1584 5276 14832 -497 48 -1114 510 616 661 494 501 END
START -544 7052 14964 -317 419 -1289 512 615 661 494 501 END
START -676 7300 14308 65 467 -1733 509 616 660 495 502 END
START -784 7388 13240 61 -141 -2258 507 616 659 495 502 END
START -1144 6860 12792 81 -698 -2626 511 615 658 495 500 END
START -2108 6472 12372 186 -910 -2990 509 616 662 495 499 END
START -1840 6584 12004 317 -810 -3230 509 617 660 495 501 END
START -2696 6864 12292 420 -770 -3468 507 616 661 495 500 END
START -2892 6800 11916 483 -1195 -3793 506 617 660 494 502 END
START -3196 6844 11984 513 -1595 -4009 506 615 661 495 501 END
START -2692 6472 11632 578 -1973 -4112 507 616 661 494 501 END
START -3932 7008 12220 625 -2072 -4173 504 610 625 494 501 END
START -3044 6904 11492 579 -2091 -4222 508 616 662 495 501 END
START -3912 7084 12020 506 -2454 -4378 509 616 662 495 502 END
START -3148 6760 11200 557 -2558 -4549 557 623 658 494 502 END
START -3232 6860 11436 658 -2592 -4633 504 618 663 493 504 END
START -4196 7176 11760 555 -2847 -4770 509 615 661 495 501 END
START -3712 7116 11508 577 -3152 -5035 506 618 652 496 497 END
START -4324 7128 12220 747 -2860 -5324 511 614 661 499 501 END
START -4048 7156 11836 1019 -2352 -5427 514 615 661 495 502 END
START -4784 6972 11756 1052 -2220 -5367 513 613 647 494 501 END
START -4588 6948 11088 1107 -1924 -5289 505 616 660 497 505 END
START -5560 7164 11804 937 -2136 -5208 509 616 661 495 501 END
START -5048 7044 11320 785 -2253 -5197 512 641 660 495 501 END
START -4800 6144 10616 608 -1848 -5006 490 614 663 496 501 END
START -5996 6576 11056 422 -1766 -4915 513 615 662 495 501 END
START -5804 6396 10628 120 -1867 -5065 522 617 661 494 500 END
START -6252 6504 10464 -115 -1296 -4897 510 615 658 493 500 END
START -7000 6352 10720 -196 -600 -4367 509 616 662 493 496 END
START -7424 6728 10576 -457 -345 -3896 509 615 660 493 502 END
START -7920 6312 10628 -701 -278 -3264 492 616 661 495 499 END
START -8304 6600 10628 -808 -185 -2337 508 615 660 493 499 END
START -8804 6948 11088 -1011 -636 -1331 532 618 661 494 500 END
START -8720 6968 11188 -1140 -833 -359 505 615 660 494 501 END
START -8632 6960 11016 -1313 -931 780 509 615 659 491 499 END
START -9076 8144 12236 -1573 -1049 1756 511 619 623 487 500 END
START -8640 7932 12184 -1764 -938 2415 511 615 661 493 499 END
START -8344 7564 12928 -1700 -704 3052 510 615 660 495 499 END
START -8068 7568 13132 -1769 -493 3671 512 617 661 493 500 END
START -7340 7500 12848 -1867 -437 4200 508 615 661 493 499 END
START -6592 7608 12876 -2122 -220 4556 509 616 661 491 499 END
START -6048 7416 14388 -2338 14 4910 505 624 670 493 499 END
START -5288 7020 14304 -2532 402 5131 514 615 660 492 499 END
START -3512 7360 13944 -2543 789 5411 508 613 661 493 499 END
START -3628 7348 14228 -2601 858 5702 533 622 659 485 501 END
START -3616 7164 14184 -2815 838 5723 514 614 659 495 498 END
START -2504 6708 13988 -3023 496 5559 509 616 661 493 500 END
START -2128 6392 13188 -3031 100 5326 509 615 661 492 472 END
START -1464 6420 13860 -2919 236 4832 508 616 667 495 494 END
START -284 6688 12728 -2697 951 4316 509 615 661 494 499 END
START 116 6704 12816 -2399 1433 3845 508 614 661 494 500 END
START -1092 7628 13928 -2077 1368 3365 509 616 662 494 500 END
START -748 7480 13536 -1717 1638 2712 507 618 662 504 502 END
START -844 8368 13316 -1406 2010 2058 512 621 658 493 501 END
START -1712 8576 13796 -1172 1782 1398 511 616 661 493 500 END
START -1512 6964 13176 -929 1416 789 514 575 666 496 497 END
START -1200 6944 12308 -779 1544 266 511 615 657 491 501 END
START -1648 6820 11924 -626 1344 0 510 615 662 493 501 END
START -3068 6812 12376 -668 612 -280 510 614 661 495 481 END
START -2200 7032 11812 -722 17 -556 511 615 660 495 503 END