START -2632 6688 13360 -137 -583 -1566 499 612 653 491 496 END
START -2628 6768 13416 -97 -560 -1689 501 617 658 487 491 END
START -2516 6996 13100 -32 -336 -2002 493 606 660 486 490 END
START -2504 6920 13228 81 -91 -2272 501 613 644 497 492 END
START -2652 6920 13112 141 -238 -2556 501 616 658 487 491 END
START -2820 6848 13312 312 -571 -2821 499 616 657 490 492 END
START -2664 6928 13296 582 -541 -3062 501 615 663 489 495 END
START -2912 7132 13460 688 -477 -3309 501 616 658 487 491 END
START -2836 7296 13204 1000 -186 -3641 501 616 658 487 491 END
START -3496 6784 13436 1020 -318 -3642 502 616 658 487 491 END
START -3004 8172 13456 1126 -114 -3477 501 620 658 487 490 END
START -3004 7956 13120 1379 -279 -3800 499 615 659 492 491 END
START -3304 7072 12588 1446 -467 -4024 501 617 658 486 491 END
START -3536 6432 11148 1439 -677 -4146 505 616 660 487 491 END
START -4544 6484 11520 1440 -735 -4151 501 619 658 486 486 END
START -3620 6732 11392 1406 -707 -4189 500 617 658 488 491 END
START -3596 7028 10576 1264 -868 -4152 512 612 662 496 491 END
START -3908 7236 10672 1126 -1207 -4304 504 616 658 491 492 END
START -3876 7016 10500 1051 -1034 -4303 502 616 658 487 490 END
START -4348 7276 10492 1037 -774 -4341 502 616 658 487 490 END
START -4404 7232 10184 957 -680 -4664 502 616 658 486 499 END
START -4460 7264 10464 1004 -270 -4790 502 617 659 488 491 END
START -5012 7228 10492 1090 -129 -4721 501 620 659 487 492 END
START -5184 7452 10312 1054 -527 -4639 502 617 663 487 489 END
START -5412 7696 9984 865 -380 -4596 502 616 658 487 491 END
START -6612 7920 11116 838 -183 -4586 518 593 662 490 493 END
START -6912 7996 10704 714 171 -4295 501 616 656 499 488 END
START -7704 7684 11004 603 278 -3882 502 617 659 487 491 END
START -8588 5920 10836 280 -163 -3223 502 618 660 485 490 END
START -8224 6152 10116 -118 -530 -2538 503 610 659 489 493 END
START -8884 7200 10820 -485 -647 -1503 504 618 661 487 491 END
START -8884 7140 10544 -900 -765 -644 502 617 660 489 490 END
START -9440 6880 11040 -1140 -1096 481 499 617 660 487 490 END
START -10024 7808 11948 -1416 -1558 1530 502 616 659 488 492 END
START -9136 6656 11164 -1538 -1508 2531 503 616 658 490 491 END
START -8716 6468 10632 -1826 -1666 3301 502 615 661 484 490 END
START -8100 6276 10916 -1926 -1875 3948 504 617 658 487 493 END
START -7576 6080 10752 -2026 -1614 4359 501 616 663 469 473 END
START -7072 5772 10832 -2123 -1186 4604 503 619 659 488 492 END
START -6952 5716 10864 -2326 -909 4835 502 617 660 488 491 END
START -6496 5540 11016 -2567 -840 5058 500 610 650 486 471 END
START -6284 5556 10956 -2829 -616 5112 509 616 657 492 489 END
START -5876 6660 11780 -2832 -310 5346 502 617 659 487 491 END
START -6584 6640 12544 -2937 -323 5438 501 614 663 454 492 END
START -5532 6480 11988 -3031 65 5509 507 617 656 488 491 END
START -5260 6620 13328 -3317 167 5736 503 617 655 487 492 END
START -6436 6696 14596 -3470 -81 5979 503 618 658 489 491 END
START -4924 6848 14980 -3519 -388 6060 500 616 660 488 489 END
START -4372 6768 14464 -3630 -459 5901 503 616 658 487 491 END
START -4300 6240 14880 -3673 -254 5686 504 615 659 490 493 END
START -2304 6648 14320 -3685 478 5521 503 616 658 487 493 END
START -3588 6964 16224 -3612 425 5676 503 617 659 488 492 END
START -2692 6860 15540 -3475 181 5555 502 616 659 489 491 END
START -1076 6568 14964 -3378 -386 5206 503 616 658 488 495 END
START -992 6236 15432 -3112 -460 4600 504 619 661 478 495 END
START -344 6196 15240 -2669 357 3981 493 617 661 489 495 END
START -980 6384 16220 -2052 1098 3470 503 615 658 487 492 END
START -676 6692 15328 -1696 1227 2936 517 611 662 476 483 END
START 936 6364 14276 -1362 1399 2215 504 619 660 489 491 END
START 1776 6764 13296 -1032 1587 1611 503 616 658 491 492 END
START -236 7388 13956 -776 1165 1200 478 612 660 488 492 END
START -4 7100 13684 -568 706 713 503 616 659 488 491 END
START -888 7008 13268 -409 487 82 531 614 660 482 479 END
START -1328 6316 12492 -452 -215 -411 504 616 658 487 491 END
START -1264 6348 12032 -618 -548 -812 492 604 648 487 492 END
START -1324 6444 11604 -849 -781 -1460 503 618 658 488 492 END
START -3032 6848 12624 -1025 -691 -1853 503 616 656 488 492 END
START -2104 6540 11880 -1068 -821 -2006 497 620 662 488 492 END
START -4148 6584 13152 -1195 -1327 -2016 502 616 659 488 492 END
START -3096 6200 12144 -1178 -1660 -2016 503 616 656 488 491 END