START 6200 14264 3904 -1473 -3401 -7370 501 627 425 438 429 END
START 5868 14052 3896 -1585 -2980 -7867 499 626 424 439 431 END
START 4076 13756 4616 -1772 -2448 -9211 500 627 425 439 431 END
START 2960 13808 5580 -1899 -3057 -10562 499 628 425 438 429 END
START 2020 13452 5352 -1957 -4019 -11644 499 629 428 438 430 END
START 1344 12852 5980 -1810 -4587 -12691 499 629 425 439 430 END
START 312 12960 6544 -1560 -3736 -13142 500 630 424 438 430 END
START -1504 12452 6792 -1230 -2773 -13782 501 630 425 438 430 END
START -2272 13136 6636 -758 -1904 -13602 501 631 426 439 430 END
START -4484 12236 7156 -77 -2123 -13476 501 632 427 439 431 END
START -6800 11516 7964 470 -2586 -13027 500 631 426 438 431 END
START -8232 11344 8452 827 -2071 -11932 501 631 426 437 430 END
START -7488 10860 6544 1286 -911 -10446 502 632 426 438 429 END
START -6984 10988 5652 1693 -486 -8996 501 631 425 439 430 END
START -7696 10984 5624 1814 -738 -7346 500 631 425 436 428 END
START -8668 11796 5928 1629 -993 -5757 499 631 425 437 429 END
START -4772 11224 3240 1474 -471 -4771 500 630 425 437 430 END
START -5300 11400 3536 1087 5 -3513 499 631 426 437 428 END
START -1900 11112 756 503 693 -2457 500 630 425 437 428 END
START -888 11136 368 -42 955 -1482 499 630 426 437 430 END
START -1916 11304 984 -631 719 -364 500 631 426 437 429 END
START -4512 11776 3076 -1173 497 818 501 631 424 436 429 END
START -5960 11824 3788 -1679 628 1799 494 630 426 439 429 END
START -4992 11720 3812 -1940 1674 2909 500 629 426 435 431 END
START -4036 11656 3344 -2315 1417 4044 500 629 426 437 430 END
START -12152 12812 9116 -2531 705 5159 500 630 427 430 429 END
START -6896 12388 5244 -2696 926 6296 500 628 427 437 430 END
START -7624 12256 6376 -2707 1465 7411 499 626 426 437 429 END
START -1476 12192 2504 -2654 1670 8562 501 627 427 438 433 END
START -9136 14012 8632 -2555 980 9775 501 627 425 438 430 END
START -6024 13328 6872 -2296 1089 10492 497 627 427 438 431 END
START 1452 14008 2716 -2198 2417 10947 502 628 425 438 431 END
START 756 14496 3024 -1999 3816 10897 504 628 424 437 431 END
START 1568 15096 3476 -2309 4653 10997 503 629 422 437 431 END
START -3228 15880 6468 -2275 5157 11168 503 630 422 427 435 END
START -1632 15612 7876 -2174 2592 11287 503 632 422 436 432 END
START 6144 15304 5524 -1765 1973 10658 503 633 422 438 432 END
START 6604 16028 7240 -1174 2678 9977 505 634 422 436 432 END
START 8740 15012 4568 -738 2354 9040 503 634 421 436 431 END
START 9188 15072 4836 -88 1633 7609 502 633 424 437 433 END
START 7944 16328 6800 512 1127 6161 505 635 424 437 432 END
START 5708 16780 8836 958 466 4751 504 634 422 437 432 END
START 3864 16756 8660 1322 -794 3175 503 634 422 436 432 END
START 3464 16532 6960 1527 -1501 1327 505 636 420 437 432 END
START 7876 16556 6364 1532 -2261 -552 503 635 422 436 431 END
START 5904 16664 6232 1257 -3133 -2491 503 634 424 435 431 END
START 9728 15612 3260 719 -3770 -4309 502 634 422 437 434 END
START 5216 14852 4684 150 -4288 -6134 503 634 423 437 432 END
START 8136 14504 2964 -375 -4241 -7830 503 633 423 438 431 END
START 56 14944 8364 -861 -3594 -9530 503 635 424 437 432 END
START 1128 14552 6944 -1093 -2519 -10934 503 633 423 437 432 END
START -4412 14672 9568 -1313 -2143 -12010 501 633 423 436 433 END
START 1472 12976 3724 -1233 -1845 -12529 502 633 423 432 435 END
START -9524 13604 10980 -1124 -2869 -12873 503 634 425 437 433 END
START -836 11368 4032 -749 -1593 -12776 502 634 423 436 434 END
START -12300 12156 10860 -564 -2200 -11702 502 634 423 437 434 END
START -6176 11068 5292 -175 -1961 -10685 501 636 423 436 432 END
START -13460 12460 9780 -92 -2209 -8938 502 635 423 438 432 END
START -6912 11740 4596 59 101 -7062 502 635 423 438 433 END
START -9112 11888 5532 91 720 -5122 502 636 424 436 433 END
START -10172 12288 6092 35 65 -3466 502 634 424 438 434 END
START -11824 12656 7200 -95 -666 -1880 502 635 424 437 433 END
START -3228 12664 1732 -358 -1076 -642 501 634 423 437 432 END
START -9588 14176 6676 -694 -1344 516 502 635 424 438 433 END
START -7128 14080 5432 -1053 -1172 1224 503 634 424 438 433 END
START -9516 15056 7864 -1312 -90 1700 503 635 424 437 433 END
START -612 14708 2360 -1597 241 1734 501 635 424 438 433 END
START -1496 14740 3156 -1741 876 1388 502 634 424 437 432 END
START 124 15116 2044 -1937 314 1329 503 634 423 436 432 END
START 1952 14584 1108 -1942 698 844 502 633 425 440 433 END