START 2908 13420 5488 -1729 -3912 -10733 489 630 406 424 395 END
START 2044 13212 5892 -1816 -4027 -11063 489 631 405 424 395 END
START 560 13116 6160 -1981 -5108 -11791 489 631 405 425 394 END
START 732 12996 6084 -2111 -5462 -12470 491 630 404 425 393 END
START 424 12956 6336 -2123 -3238 -12593 489 632 406 426 393 END
START -1892 12688 7508 -1975 -1588 -12419 490 631 405 424 393 END
START -3924 12708 8040 -1713 -1556 -11776 489 630 406 425 392 END
START -4828 12748 7708 -1300 -1818 -11005 488 630 406 424 393 END
START -5780 12056 7864 -875 -1766 -10223 490 628 405 423 392 END
START -6632 11956 7868 -589 -1302 -8882 489 629 405 425 392 END
START -4656 12096 6380 -464 -278 -7384 488 628 405 426 392 END
START -5408 13316 6788 -488 942 -5860 486 628 406 424 393 END
START -6672 13668 7040 -233 769 -4733 488 627 407 425 392 END
START -4064 14180 5944 -147 -438 -3615 487 626 406 425 392 END
START -3416 13720 5088 -288 -1116 -2224 488 626 404 425 393 END
START -7332 13708 7476 -416 -1392 -1447 488 627 406 426 394 END
START -10812 13580 9520 -573 195 -408 489 627 406 426 394 END
START -2684 12224 3708 -961 1316 356 490 628 405 426 395 END
START -5476 12608 5104 -1335 1369 1348 489 626 407 428 395 END
START 1152 11500 1116 -1800 1864 1957 490 627 407 426 395 END
START 1004 11228 760 -2164 1919 2971 490 627 406 426 395 END
START 268 11872 1888 -2615 2170 3844 489 626 407 427 396 END
START -3896 11564 4648 -2939 2528 4801 489 626 409 428 398 END
START -13868 12748 11560 -3257 1927 5902 489 626 407 427 395 END
START -5848 11296 6656 -3350 2724 6833 490 626 408 432 396 END
START -656 10672 3240 -3405 3423 7831 490 626 406 428 395 END
START -504 10772 3568 -3322 2906 8764 490 626 408 429 397 END
START -5968 11496 8124 -3101 2614 9683 490 625 407 428 396 END
START -2864 11176 6748 -2708 2357 10396 492 626 406 428 396 END
START -10032 12420 11808 -2496 2487 10661 491 626 409 429 396 END
START 1128 11816 4336 -2071 3410 10399 491 627 409 430 398 END
START -6080 13048 10272 -1552 2813 10227 491 626 407 427 398 END
START -4772 13640 10628 -1052 2318 9776 490 627 408 428 399 END
START 4328 13340 5636 -301 2479 9276 492 628 408 429 397 END
START 3180 13376 7064 289 2295 8582 494 636 408 429 397 END
START -852 13356 10560 1000 1754 7725 493 629 410 430 397 END
START 7616 13424 4368 1642 882 6756 494 629 408 430 399 END
START 5884 13896 6432 2145 -367 5445 494 631 410 430 399 END
START 3908 14324 8372 2768 -834 3857 494 632 409 430 398 END
START 2404 14848 9556 3126 -1195 2197 496 629 408 429 399 END
START 9504 15660 3524 3324 -1376 147 494 631 411 432 401 END
START 7748 15228 4076 3100 -2503 -1886 494 630 409 430 399 END
START 8628 15912 1492 2729 -3506 -3743 497 630 410 431 399 END
START 5192 16312 5124 2177 -5187 -5494 495 629 409 431 399 END
START 7180 16616 6572 1534 -5891 -7245 495 631 409 432 400 END
START 5656 16596 7240 1037 -5492 -8959 498 630 410 430 400 END
START 8704 15200 4380 573 -5159 -10610 496 632 410 431 400 END
START 1996 14608 6944 318 -5269 -11707 495 631 409 431 400 END
START -2844 15072 9448 188 -5313 -12744 496 631 410 430 400 END
START 3972 14632 4620 -17 -4255 -13725 495 631 412 431 399 END
START 3236 12576 3032 22 -2751 -14123 495 630 411 431 400 END
START 3232 12452 2236 197 -2820 -14245 495 632 412 434 400 END
START -8660 13168 9848 219 -3579 -14078 497 631 411 432 399 END
START -6384 12084 7120 366 -1964 -13503 494 631 411 432 401 END
START -2116 10912 3396 337 481 -12646 493 630 412 431 400 END
START -6892 11188 5076 225 609 -11018 494 630 411 431 400 END
START -16164 11580 10416 115 -3001 -9118 494 631 410 432 400 END
START -8920 10580 4936 -55 -3925 -7240 493 630 412 431 400 END
START -6324 10300 2992 -390 -3079 -5160 494 632 413 432 402 END
START -16072 11548 10372 -510 -2242 -2663 494 631 412 433 402 END
START -8692 12232 5068 -524 -365 -956 494 631 412 430 402 END
START -8632 12652 5568 -604 -1206 324 494 632 413 431 401 END
START -8252 13688 5864 -784 -1377 1333 493 631 412 431 400 END
START -6060 14064 4376 -1041 -458 1868 494 632 412 431 401 END
START -980 15244 -96 -1392 257 2216 494 631 413 432 403 END
START -380 15716 804 -1652 753 2153 494 630 411 430 402 END
START 776 15528 116 -1930 1324 1817 494 630 412 432 401 END
START 344 15652 1396 -1994 1445 1584 495 632 413 432 402 END
START 1800 14672 196 -2054 1103 1061 495 631 411 432 402 END
START -2180 15936 3820 -1951 347 897 494 631 413 432 402 END