START -3964 7452 11644 818 -2351 -4750 506 619 658 487 491 END
START -3964 7696 11544 741 -2338 -4821 508 622 661 487 491 END
START -4424 7860 11656 709 -2271 -4965 504 621 658 488 491 END
START -4576 8124 11748 733 -2026 -5173 508 619 659 489 492 END
START -4904 8060 11532 753 -1456 -5095 459 624 647 487 492 END
START -5244 8052 11560 650 -1228 -4788 500 619 657 489 492 END
START -5460 8576 11384 459 -1328 -4492 507 619 658 488 492 END
START -5808 8728 10904 141 -797 -4465 505 617 665 487 493 END
START -6116 9064 11308 -77 114 -4157 509 615 662 487 492 END
START -6548 9192 10744 133 1055 -3808 511 618 659 488 492 END
START -7200 8188 10172 -157 792 -3238 507 618 659 499 492 END
START -8556 8272 11264 -490 -109 -2212 505 618 658 488 488 END
START -7964 9272 12700 -712 -1093 -1158 507 642 653 499 492 END
START -6760 9504 12768 -844 -741 -421 503 619 658 488 491 END
START -6124 9924 12672 -946 345 306 507 619 659 488 492 END
START -6164 9828 11832 -955 1454 1106 504 627 649 481 509 END
START -6280 9656 11456 -1075 1696 2007 508 618 662 490 505 END
START -6076 9372 11844 -1330 1508 2795 506 618 657 489 492 END
START -5852 9680 11232 -1472 1404 3539 503 612 658 491 482 END
START -5024 9608 10828 -1671 1326 4221 499 619 664 488 495 END
START -4716 9524 11144 -1836 1094 4848 507 619 658 487 492 END
START -4344 9484 11268 -2031 1349 5279 509 621 654 483 493 END
START -4728 9900 11236 -2153 1856 5447 475 619 660 507 486 END
START -4608 9360 11188 -2174 2579 5716 508 619 659 488 492 END
START -4540 9124 11212 -2313 3270 6161 508 611 667 484 495 END
START -4460 8960 11176 -2443 3064 6659 511 619 661 488 491 END
START -4648 9084 11456 -2696 2357 7037 507 618 659 488 492 END
START -5044 10560 11844 -2780 1766 7158 514 618 658 476 484 END
START -4516 10120 11488 -2910 1963 7239 507 618 664 486 490 END
START -3152 8560 11308 -3030 2645 7489 506 619 652 488 492 END
START -4072 10244 11508 -3237 3003 7791 524 618 657 486 493 END
START -4384 9840 11860 -3378 2412 7965 503 618 661 487 490 END
START -3612 9944 11424 -3780 1781 7927 507 618 659 488 492 END
START -3704 9072 11636 -3780 1755 7919 533 618 661 487 491 END
START -2508 9376 11576 -3814 1957 7889 508 615 662 489 489 END
START -3404 8772 12188 -3943 1896 7787 508 618 659 488 492 END
START -2548 7488 11584 -4122 1788 7476 505 615 664 489 500 END
START -1928 7988 11740 -3987 884 7106 504 618 658 488 494 END
START -1776 7056 12604 -3746 201 6340 507 618 658 488 492 END
START -224 5920 11324 -3423 146 5463 507 618 661 485 493 END
START -36 5892 11712 -3082 233 4576 506 619 660 489 485 END
START -120 6120 12228 -2801 341 3429 501 616 654 482 492 END
START -768 5884 13456 -2403 1056 2413 507 616 674 487 491 END
START 476 5996 13344 -1851 1808 1543 506 618 660 488 492 END
START 772 5864 12692 -1430 1429 665 506 627 620 496 493 END
START -768 6040 14620 -1054 448 -229 507 620 656 488 492 END
START -1196 4784 14528 -688 -10 -1089 507 620 659 488 493 END
START -1232 3244 14268 -358 -369 -1590 506 619 666 489 493 END
START -928 3296 13796 -78 -521 -2013 507 618 660 488 492 END
START -2760 4648 15284 12 -1245 -2271 509 616 665 485 494 END
START -3144 4816 15300 103 -1760 -2528 505 623 660 486 494 END
START -3112 4828 14812 287 -1965 -2934 508 618 658 489 492 END
START -3500 5052 15004 399 -2348 -3270 509 624 643 483 490 END
START -2648 5884 15344 459 -2539 -3530 504 615 658 485 493 END
START -2752 5512 15244 550 -2994 -3725 507 617 659 489 493 END
START -2876 5504 14964 683 -3267 -3973 511 607 656 485 496 END
START -3040 5628 14920 774 -3543 -4378 508 614 662 487 493 END
START -3160 5564 14676 932 -3357 -4909 506 617 661 489 493 END
START -2548 5776 15520 1209 -2760 -5244 504 618 658 485 494 END
START -3404 5752 15520 1402 -2577 -5367 509 620 659 489 492 END
START -3172 5860 14828 1291 -2700 -5620 506 618 659 488 493 END
START -3844 5956 14784 1267 -2868 -5992 485 617 694 489 493 END
START -3564 5652 14540 1177 -2958 -6573 525 618 659 476 493 END
START -4464 5432 13596 1229 -2761 -6929 501 617 658 489 493 END
START -3744 6548 12560 1262 -2362 -7223 507 625 660 489 493 END
START -5112 7588 13496 1045 -2131 -7718 509 618 657 489 492 END
START -4000 8100 12292 506 -1329 -8132 506 618 659 489 494 END
START -3872 9028 12704 53 -62 -7963 506 621 658 489 492 END
START -6436 9884 14120 -433 1018 -7450 481 618 662 493 492 END
START -6872 10080 13912 -906 926 -6981 507 614 658 489 491 END