START -1184 6176 13232 -3587 2257 4143 504 624 652 473 468 END
START -1344 6220 12988 -3601 1952 3988 503 624 651 475 466 END
START -1176 5868 13456 -3732 1303 3651 502 625 652 474 468 END
START -724 5720 13868 -3735 621 3084 553 633 653 471 437 END
START 8 5484 14356 -3475 164 2577 505 626 654 474 464 END
START 580 5412 14708 -2871 -133 1998 508 625 658 471 470 END
START 860 5652 15192 -2168 53 1385 502 628 654 472 465 END
START 920 5056 15356 -1486 171 468 505 627 654 474 469 END
START 872 5236 15804 -1035 639 -1 506 628 655 468 470 END
START 1332 6480 15172 -249 1564 -490 505 627 653 474 470 END
START 320 5288 14856 205 1148 -1102 509 627 652 433 473 END
START 188 4964 13760 215 -360 -1639 505 625 668 473 471 END
START -692 3984 14084 126 -1601 -2364 502 629 656 474 470 END
START -876 4564 14456 202 -2164 -3025 506 650 656 485 471 END
START -1320 4608 14284 263 -2504 -3555 506 629 657 474 471 END
START -3468 5196 16048 601 -2708 -4019 509 627 702 484 471 END
START -3284 4876 15408 971 -2981 -4354 510 630 660 477 472 END
START -2432 4408 14736 1405 -3567 -4609 506 631 658 476 472 END
START -2764 4188 14444 1761 -4296 -4927 506 626 653 475 476 END
START -2788 4148 14188 2077 -4883 -5348 505 630 656 476 473 END
START -2696 4152 13436 2285 -4797 -5725 506 631 661 476 473 END
START -3492 4828 13764 2421 -4702 -6277 505 632 659 477 473 END
START -3572 5040 13456 2511 -4773 -7024 506 633 659 477 472 END
START -3932 4892 13372 2803 -4409 -7668 507 631 659 475 477 END
START -3748 4532 12604 3030 -3534 -7942 506 632 659 477 473 END
START -4764 5536 12536 3226 -3279 -7902 507 597 658 475 472 END
START -5256 5840 12728 3151 -4347 -8190 507 632 660 477 474 END
START -5444 5852 12136 2904 -5121 -8672 508 632 659 477 473 END
START -4504 4236 11108 3127 -4211 -8788 523 635 648 478 449 END
START -4812 5008 10848 3252 -3268 -8577 511 644 662 478 472 END
START -5780 5440 10968 3030 -3380 -8385 507 631 658 477 472 END
START -6272 5336 10504 2744 -3622 -8749 500 634 660 481 456 END
START -6168 4888 10316 2599 -3167 -8692 512 619 660 479 473 END
START -6284 5064 10304 2504 -2711 -8198 507 629 660 477 475 END
START -6852 5328 10112 2186 -2982 -7737 506 625 657 455 472 END
START -7156 5188 10336 1837 -3559 -7411 507 629 658 477 475 END
START -7044 5164 9964 1656 -3833 -7279 508 631 660 477 469 END
START -6496 5568 8920 1499 -3273 -7121 508 632 659 477 470 END
START -6880 5908 9424 1436 -2543 -6923 508 632 659 485 474 END
START -7236 7360 10016 1201 -2145 -6798 507 630 659 477 474 END
START -7704 7692 9584 970 -1694 -6623 510 631 659 477 475 END
START -8024 8024 9244 617 -973 -6203 508 630 659 479 474 END
START -8684 10196 10076 346 -330 -5495 507 629 659 477 474 END
START -9624 10536 10072 51 36 -5019 494 627 662 475 469 END
START -10688 10948 11800 -237 387 -4213 487 631 661 477 475 END
START -10812 10932 10732 -553 1054 -3191 508 630 660 477 477 END
START -10344 10736 10208 -642 1370 -1873 506 626 666 483 474 END
START -11352 9184 9900 -846 684 -447 507 631 658 477 474 END
START -11712 10032 10092 -1465 -276 1161 508 630 659 478 474 END
START -11556 9360 10172 -1524 -803 2660 490 627 661 476 474 END
START -10716 9204 10232 -1759 -1430 3847 510 629 659 477 474 END
START -9244 7512 9120 -1816 -1264 4641 507 630 659 477 474 END
START -8248 7360 9084 -1961 -778 5311 488 631 659 478 474 END
START -8712 8092 9792 -2166 -44 5901 507 628 659 479 473 END
START -8528 8852 11700 -2413 429 6505 508 629 658 477 474 END
START -7740 8588 11548 -2598 384 6754 505 626 657 478 476 END
START -7312 8816 12896 -2911 329 6828 509 631 660 480 471 END
START -6944 8384 12808 -3157 583 6889 509 630 662 478 474 END
START -5168 8704 12384 -3525 1461 6866 507 636 667 484 510 END
START -4832 8424 12424 -3900 2307 6903 512 633 661 473 472 END
START -4980 8296 12460 -4435 2879 7113 507 629 659 477 474 END
START -5332 7880 12908 -5027 2275 7368 507 630 661 478 476 END
START -4904 7504 13440 -5577 1235 7592 509 627 652 477 475 END
START -2948 7236 13352 -5975 -42 7774 512 629 659 478 475 END
START -2256 6704 13116 -6148 -450 7699 509 629 659 480 474 END
START -972 6448 13648 -6100 -154 7581 509 631 662 483 476 END
START -1436 6104 14116 -5728 49 7324 508 631 658 479 474 END
START -516 5936 15032 -5303 -111 6727 508 629 659 478 474 END
START 164 5848 14472 -4629 594 5953 509 631 655 478 474 END
START 2020 6276 12680 -3997 1833 5173 476 628 657 477 465 END