START -1628 7088 13292 1280 -1838 -5866 505 613 652 491 476 END
START -1752 7080 13032 1227 -2166 -5917 506 612 650 481 476 END
START -2344 6988 13160 1073 -3300 -6346 527 606 638 480 444 END
START -2416 6760 13156 1036 -3529 -6747 505 608 652 482 472 END
START -2300 7020 13172 1125 -3205 -6952 506 612 653 482 476 END
START -2568 7160 12872 1333 -2763 -7096 555 608 650 480 474 END
START -3180 7660 12768 1466 -2466 -7210 522 611 652 483 477 END
START -3448 7204 12516 1525 -2511 -7559 507 613 652 481 476 END
START -3684 7644 12684 1535 -1885 -7433 506 613 650 482 476 END
START -3948 8500 12380 1859 -1707 -7029 514 615 653 482 476 END
START -4408 7996 12220 1897 -2092 -6992 506 613 652 481 476 END
START -4704 7420 10896 1780 -2409 -6971 507 613 652 481 476 END
START -3936 7284 10156 1676 -2057 -6799 508 612 651 479 476 END
START -5260 7764 11000 1527 -1900 -6536 506 616 651 480 476 END
START -5148 7968 10556 1347 -1904 -6304 507 617 651 482 476 END
START -6252 8276 10656 1184 -2257 -6177 507 614 644 463 477 END
START -5752 8168 10216 1138 -2024 -5785 508 615 652 483 474 END
START -5708 8324 10280 1112 -1513 -5209 507 614 652 482 476 END
START -5896 8608 10120 918 -1463 -4603 484 620 653 482 473 END
START -6000 8840 9764 512 -1438 -4373 509 611 650 480 479 END
START -6620 8552 10260 266 -1180 -4295 506 613 652 481 476 END
START -6932 8612 10256 215 -171 -3802 522 610 660 480 476 END
START -7620 8904 10012 95 -4 -3278 498 607 653 466 477 END
START -8688 6460 10140 -4 -155 -2972 506 612 652 482 477 END
START -9052 6644 10028 -185 1 -2474 507 611 652 483 475 END
START -9368 7448 10316 -354 957 -1305 507 606 652 485 472 END
START -10276 8716 11220 -776 1425 -72 502 659 644 478 466 END
START -10560 8868 11384 -1285 988 1376 490 608 652 483 476 END
START -9600 8696 12512 -1854 -503 2765 507 613 651 482 477 END
START -9016 8448 12428 -2258 -1328 3932 502 609 652 493 471 END
START -8328 8352 12508 -2439 -708 4926 503 615 649 485 477 END
START -8124 8324 12808 -2724 -112 5847 506 613 651 481 477 END
START -7728 8296 12712 -2936 -254 6680 493 606 650 479 478 END
START -7156 8044 13040 -3002 -136 7177 511 613 649 463 477 END
START -6792 7820 12568 -3044 684 7629 507 613 652 483 478 END
START -5796 8848 13144 -3179 1431 8024 508 609 645 480 478 END
START -5432 8808 13696 -3307 1677 8384 511 616 652 481 480 END
START -5344 8780 14144 -3381 1405 8875 508 613 652 482 479 END
START -4232 8420 13492 -3422 1149 9148 507 613 652 483 465 END
START -4116 8256 13312 -3531 1678 9234 510 613 647 483 478 END
START -3896 8076 13472 -3656 2669 9299 507 612 652 482 478 END
START -3692 7912 13812 -3808 3054 9441 505 611 649 482 478 END
START -3552 7556 13856 -3839 2421 9565 508 619 656 483 477 END
START -2564 7388 13100 -3864 1508 9455 508 613 651 482 479 END
START -1796 7460 12928 -3821 1533 8975 509 614 639 485 478 END
START -1372 7248 13308 -3853 2257 8425 507 613 655 484 476 END
START -364 6848 13152 -3600 3221 7939 510 613 646 483 478 END
START 540 6888 12180 -3351 3712 7504 510 616 651 479 478 END
START 88 6868 13192 -3178 3537 7026 508 613 651 482 478 END
START -512 7732 13640 -2973 2931 6448 515 605 645 483 477 END
START -236 8336 13656 -2694 2533 5657 461 622 653 483 461 END
START 416 8212 13656 -2249 2262 4839 507 613 652 483 479 END
START 1536 6448 12872 -1754 1876 3906 508 612 654 481 480 END
START 1784 6100 12464 -1461 1676 2963 509 614 650 479 481 END
START 1756 5944 12928 -1115 1839 2107 508 614 651 482 479 END
START 344 5400 13652 -761 1611 1369 509 613 623 483 479 END
START 776 5380 13500 -603 867 652 510 613 653 483 478 END
START 1440 5584 13152 -469 227 -172 505 615 655 487 442 END
START -748 5608 14756 -337 -749 -1015 508 613 652 484 480 END
START -768 5940 14616 -339 -1193 -1760 508 612 652 483 479 END
START -40 4148 13624 -307 -1687 -2428 509 613 652 482 480 END
START -364 3900 13552 -218 -2278 -3107 509 614 649 483 480 END
START -948 4104 13376 -150 -2684 -3681 513 620 648 483 480 END
START -1680 4180 13672 -91 -2797 -4205 508 616 651 485 479 END
START -2168 4352 13400 -158 -2868 -4759 511 614 651 484 483 END
START -2656 4464 13652 -49 -3130 -5249 510 614 653 486 480 END
START -3036 4592 13596 -20 -3397 -5539 509 614 652 486 480 END
START -3300 4400 13512 85 -3666 -5725 509 614 653 482 480 END
START -3740 6424 13860 -12 -3957 -5708 520 614 657 485 480 END
START -4436 6640 13988 -103 -4114 -6068 506 615 655 483 481 END