START -3592 7148 12548 544 -1571 -3485 498 614 662 483 482 END
START -3676 7156 12640 535 -1522 -3506 502 614 660 484 482 END
START -3920 7232 12264 401 -1672 -3523 499 610 660 484 483 END
START -3888 7240 12080 317 -1890 -3794 490 611 663 480 487 END
START -3804 7160 12336 318 -1764 -4064 502 617 658 480 483 END
START -3844 7056 12160 420 -1218 -4135 499 614 661 483 483 END
START -4236 7312 12092 356 -944 -3976 486 610 664 519 479 END
START -4772 7212 12176 259 -1017 -4129 503 614 660 484 482 END
START -4836 7620 12304 50 -873 -4101 495 615 661 483 483 END
START -4680 7924 12004 340 -359 -4125 500 615 662 484 481 END
START -5640 6568 11648 492 -424 -4134 499 615 660 483 483 END
START -6060 6412 11460 313 -743 -3990 512 622 663 483 482 END
START -6324 7484 12540 4 -543 -3514 501 616 651 483 483 END
START -5820 8364 13536 -152 -368 -3229 501 616 660 484 483 END
START -5648 8212 13816 -122 -244 -2726 503 616 667 483 483 END
START -5312 8192 13864 -185 -228 -2259 498 618 679 482 479 END
START -5496 8264 13972 -222 -671 -1916 497 615 660 484 484 END
START -5276 8200 13700 -421 -646 -1532 454 610 662 475 485 END
START -5452 8308 13876 -521 56 -1211 499 615 657 484 482 END
START -6228 8784 13704 -618 1130 -591 499 615 661 484 483 END
START -6592 8712 13144 -918 1353 130 498 616 661 483 485 END
START -6500 8488 12936 -1034 841 977 499 616 661 487 483 END
START -6196 8672 12020 -1111 388 1976 505 620 665 485 475 END
START -6016 9064 11776 -1227 274 2584 498 612 663 482 485 END
START -6312 9796 11584 -1392 822 3139 498 616 662 484 484 END
START -5604 9424 11212 -1499 1539 3740 500 612 651 483 482 END
START -5440 9152 11352 -1526 1750 4478 499 613 662 499 482 END
START -5872 10568 11340 -1829 973 5015 500 616 659 484 484 END
START -5532 10224 11628 -2015 354 5250 501 617 663 486 482 END
START -5160 9980 11812 -2103 621 5535 473 616 648 481 486 END
START -4768 9884 11544 -2143 1158 5829 499 615 661 485 485 END
START -4828 10052 11788 -2261 1544 6117 500 591 651 488 486 END
START -4836 9932 11456 -2554 1590 6254 497 614 669 479 484 END
START -4532 9844 11420 -2728 1551 6347 500 615 662 484 484 END
START -4192 9676 11440 -2923 1591 6542 491 621 665 489 487 END
START -4476 9860 11800 -3149 1154 6743 501 617 661 482 491 END
START -4276 8200 11108 -3383 669 6802 500 614 661 485 485 END
START -3428 7864 10532 -3649 651 6674 497 565 656 482 490 END
START -3344 7756 10812 -3926 1187 6678 500 615 661 482 489 END
START -2976 7256 10260 -4242 1144 6708 499 614 660 485 485 END
START -2860 6848 10848 -4281 365 6663 509 614 660 486 488 END
START -2476 6684 11288 -4244 -171 6221 501 616 662 485 483 END
START -2984 5940 11840 -4111 -275 5729 500 614 661 485 485 END
START -2924 6040 11876 -4010 96 5192 498 615 659 485 482 END
START -1948 6028 11680 -3957 428 4251 500 617 661 484 485 END
START -1508 5556 12324 -3388 802 3914 502 616 656 483 487 END
START -1144 5584 12504 -2920 404 3411 500 617 624 483 475 END
START -1760 5312 13160 -2462 59 2832 499 615 663 485 485 END
START -2848 5296 14460 -1949 -215 2165 501 619 666 483 481 END
START -2016 5432 14016 -1529 -186 1555 497 613 659 484 487 END
START -2396 5676 14252 -1271 -153 971 500 615 661 485 486 END
START -1324 3944 13248 -1053 7 313 502 616 683 484 489 END
START -1716 2788 13632 -815 -185 -124 501 618 660 484 486 END
START -2556 2892 13996 -771 -884 -331 504 617 653 486 486 END
START -3508 4744 14840 -902 -1579 -625 502 616 659 484 487 END
START -2316 4644 13976 -919 -1577 -1130 503 615 661 485 486 END
START -3800 4752 14840 -867 -1721 -1442 497 612 661 484 485 END
START -2924 4664 14152 -796 -1779 -1793 501 624 662 485 486 END
START -4380 4900 14512 -709 -2199 -2229 501 616 661 485 487 END
START -3304 4856 13804 -601 -2093 -2553 501 615 661 485 486 END
START -4932 5216 14436 -502 -2230 -2798 500 620 660 485 490 END
START -3752 4904 13668 -432 -2214 -2846 502 615 657 482 486 END
START -5452 5196 14296 -426 -2627 -2932 501 616 661 485 488 END
START -3852 5100 13472 -521 -2930 -2794 497 619 656 486 492 END
START -5292 5292 14208 -579 -3412 -2784 500 592 672 484 487 END
START -4528 3556 13344 -482 -3390 -2896 501 616 661 485 485 END
START -3144 3388 12100 -399 -3039 -3060 493 620 702 487 487 END
START -4612 3500 13196 -347 -3140 -3158 503 613 662 483 486 END
START -2732 3304 11288 -288 -2904 -3425 501 615 661 486 486 END
START -4792 3560 12812 -226 -2872 -3686 498 661 656 469 486 END