START 7704 12832 6464 128 -3784 -1834 483 637 412 427 426 END
START 7652 12848 6524 127 -4032 -2558 483 646 408 429 425 END
START 7528 12864 6128 122 -4617 -4404 483 646 407 427 426 END
START 7620 12824 6044 -20 -4961 -6364 484 645 408 428 425 END
START 7444 12624 5948 -231 -4337 -8375 484 646 408 427 425 END
START 6704 12588 6596 -343 -3464 -10246 483 648 414 426 428 END
START 5148 12164 6384 -440 -3340 -11705 485 647 408 426 425 END
START 4160 12820 6456 -68 -4437 -13138 487 647 408 426 425 END
START 2796 12304 6684 325 -5966 -14169 486 646 406 426 426 END
START 1620 11828 6924 431 -6693 -14805 485 647 408 426 425 END
START 1952 11772 6304 485 -5958 -15043 486 648 408 427 425 END
START -20 12156 6944 404 -3983 -14706 486 648 409 426 426 END
START -1488 12308 6992 292 -3545 -14345 486 647 410 426 425 END
START -1608 11884 5372 209 -3948 -13821 486 647 409 426 424 END
START 296 11488 4192 348 -3658 -12950 485 647 410 426 425 END
START -3664 12056 6608 267 -2344 -11603 486 647 410 425 425 END
START -11148 12928 10972 80 -2961 -10057 485 646 410 426 425 END
START -6296 12432 6408 182 -2764 -8424 485 647 410 427 425 END
START -2252 12536 2840 126 -1626 -6279 486 646 409 426 425 END
START -9964 14484 7612 -117 -622 -3704 485 646 413 426 426 END
START -9988 14432 7116 -239 980 -819 486 646 410 426 426 END
START -9532 15316 7012 -697 2974 1804 487 645 410 426 425 END
START -11852 15404 8040 -1186 4465 4432 486 646 410 427 425 END
START -2012 15120 1432 -1941 6041 6826 486 645 410 425 426 END
START -2204 16044 648 -2574 7141 8943 487 646 411 427 427 END
START -188 15344 1424 -3362 7369 10736 487 645 413 427 424 END
START -5780 15740 6732 -3987 8255 12383 487 645 411 427 426 END
START -1192 15692 6860 -4463 9926 13398 488 646 414 427 426 END
START 4364 14400 4268 -4832 9692 14034 488 647 411 427 425 END
START -108 13724 7220 -4928 8063 14551 490 646 410 429 426 END
START -4984 15020 12940 -4808 6346 14713 490 646 413 428 426 END
START 1276 14168 10132 -4410 6204 14361 490 646 412 428 427 END
START 8948 13900 6548 -3859 5293 13564 490 646 412 428 424 END
START 5672 13812 9132 -3117 2957 12379 491 646 410 428 425 END
START 3164 13272 11312 -2356 352 10684 493 647 413 427 425 END
START 7360 12624 9456 -1467 -1464 8311 493 646 416 428 426 END
START 7344 12788 9740 -520 -2719 5447 492 645 412 428 426 END
START 9148 12140 9208 390 -3383 2248 493 648 413 428 426 END
START 7796 12396 9768 1035 -3524 -866 491 645 412 428 426 END
START 9696 11616 7436 1367 -4105 -3919 492 649 413 428 426 END
START 6876 11616 7320 1518 -5456 -6761 493 646 414 426 427 END
START 7400 10952 5716 1580 -7611 -9298 493 645 414 429 427 END
START 5096 10900 6468 1502 -8603 -11659 492 646 413 428 426 END
START 3664 11232 6792 1363 -8364 -13617 493 650 414 429 426 END
START 2940 11088 6056 1078 -7393 -14705 492 644 414 421 427 END
START 3396 11320 4648 700 -9261 -15873 492 646 414 429 430 END
START -504 12016 7060 201 -12164 -16471 492 646 412 429 428 END
START -1420 12700 7260 -350 -13758 -16818 491 648 415 430 428 END
START 3040 13464 4256 -748 -10580 -16531 492 649 414 430 428 END
START 1576 14492 8116 -1518 -7667 -16006 491 645 414 429 428 END
START -80 13028 6164 -2214 -5792 -15188 491 647 416 429 428 END
START -6956 14128 9812 -2914 -7927 -14466 490 647 415 429 426 END
START -3920 12896 7240 -3389 -7041 -12895 490 647 415 431 428 END
START -8020 12880 9336 -3538 -6660 -10974 490 647 416 430 428 END
START -7196 11316 9192 -3113 -4278 -8363 491 648 416 430 428 END
START -9544 11280 10424 -2629 -2700 -5945 488 647 414 430 428 END
START -11200 11664 10644 -1972 -2328 -3617 487 646 415 430 429 END
START -4440 12004 5656 -1398 -638 -1495 489 648 416 429 430 END
START -9300 13844 9988 -1260 -344 218 489 647 415 430 427 END
START -7732 13236 7828 -1023 216 1419 490 647 416 430 428 END
START -6872 14368 7940 -1128 -130 2041 490 647 416 432 428 END
START -84 14712 3308 -1081 488 2369 490 647 416 429 428 END
START -1040 14412 5084 -1419 89 2313 490 646 417 430 425 END
START -3520 14168 6764 -1518 -301 1918 492 646 415 429 428 END
START 2816 13920 3220 -1722 7 1573 491 641 416 430 427 END
START -4972 13760 8464 -1708 -325 1100 490 647 416 431 428 END
START -124 14140 6176 -1780 531 545 490 647 417 430 429 END
START -4036 13940 8712 -1534 498 249 491 647 418 430 428 END
START -6320 13976 10376 -1421 33 -190 491 647 418 431 427 END
START -916 14004 7192 -1111 717 -520 491 647 416 430 428 END