START 1932 12788 4928 487 3802 16050 498 621 434 446 453 END
START 2348 12384 5240 452 3961 15819 497 622 431 447 451 END
START 2576 12772 5540 201 4070 15027 497 621 430 447 451 END
START 4084 12740 5344 -134 4382 13975 495 622 430 446 450 END
START 4936 12760 5484 -324 4659 12871 495 621 429 447 450 END
START 6088 12896 5084 -608 4437 11480 495 623 430 444 448 END
START 6288 12876 5508 -852 3689 10041 494 621 430 445 448 END
START 7292 13204 6008 -994 1965 8172 494 622 434 445 447 END
START 7984 12580 6240 -1168 -147 5863 495 623 429 445 447 END
START 8072 13028 6328 -1318 -1997 3442 495 619 433 447 447 END
START 9284 13992 6292 -1509 -3211 471 495 624 430 443 446 END
START 11624 14560 5232 -1504 -2882 -2367 495 624 428 443 447 END
START 10252 14768 3520 -1623 -3042 -4849 494 625 430 446 445 END
START 7980 15496 8196 -1569 -4056 -6940 493 625 430 442 445 END
START 7400 15512 7736 -1484 -5269 -8627 493 627 421 442 445 END
START 5532 14208 6920 -1267 -6234 -10023 494 628 428 442 444 END
START 2604 14424 8104 -1183 -7540 -11126 493 628 429 439 443 END
START 2148 14492 7832 -1132 -7472 -12275 491 629 427 440 442 END
START 6444 13504 4544 -1067 -6193 -13299 493 629 425 441 442 END
START 596 13248 7476 -1083 -5595 -14410 493 628 426 439 441 END
START -164 12956 8260 -1050 -6273 -15520 493 630 425 440 442 END
START 5484 11772 2588 -999 -6798 -16636 493 631 426 440 441 END
START -984 11756 5464 -976 -7726 -16768 493 631 427 440 442 END
START -9144 12168 9608 -659 -5785 -16109 494 633 425 439 442 END
START -5244 11924 5508 -247 -2933 -14936 494 634 426 439 441 END
START -13340 12824 9844 144 -2889 -12536 494 634 426 441 441 END
START -6912 12940 3784 532 -1866 -9566 495 640 426 441 443 END
START -12856 14016 7540 795 -1795 -6152 494 636 427 441 443 END
START -12144 15360 6536 852 454 -2317 494 637 427 440 443 END
START -4840 16316 -164 657 2726 1510 495 637 427 441 440 END
START -3904 16704 -696 221 3769 4872 496 639 428 440 443 END
START -3248 16628 -508 -520 4179 7651 496 637 427 440 441 END
START -6320 17392 5032 -1336 4563 10086 495 637 427 442 442 END
START 84 16296 3500 -2219 6766 11865 495 637 428 440 441 END
START 88 15960 4432 -2776 8197 13105 496 637 426 440 441 END
START 900 16076 4892 -3147 9027 13531 496 634 427 439 440 END
START 2296 14640 4080 -3374 8915 13781 496 635 427 436 441 END
START -5712 15776 9724 -3582 8067 13623 497 635 427 437 441 END
START 2320 15068 6628 -3720 7819 13099 498 635 427 440 446 END
START 420 14760 8140 -3621 8781 11936 499 636 427 439 441 END
START 9736 13824 3376 -3267 7550 10628 498 636 426 439 439 END
START 4768 13404 7016 -2701 4994 9036 498 633 427 439 440 END
START 8812 13228 5516 -2016 1254 6911 497 636 427 439 442 END
START 2784 13360 10388 -1233 -1422 4171 498 636 426 438 441 END
START 5980 12956 8968 -435 -2616 1032 498 635 427 440 441 END
START 5448 13372 9268 351 -3156 -2149 500 636 427 439 441 END
START 8228 12472 6072 963 -3820 -5285 498 634 426 439 440 END
START 7460 12880 5672 1340 -5442 -8349 497 635 426 439 441 END
START 7464 12828 4568 1662 -6385 -10554 497 635 426 440 440 END
START 1644 13240 7844 1770 -7787 -12654 497 636 426 439 440 END
START 1444 12968 6252 1816 -8156 -14361 497 636 426 439 441 END
START 5512 12168 2160 1749 -9975 -15955 496 636 426 439 442 END
START 120 12420 5608 1527 -12075 -16797 495 637 427 438 440 END
START -5624 13132 8984 1366 -11198 -17503 494 636 425 438 440 END
START 1616 12872 2664 1209 -8223 -17746 494 637 425 438 442 END
START -10200 14436 10264 975 -8446 -17152 494 638 426 437 440 END
START 152 15088 1088 888 -7683 -16375 495 636 426 440 441 END
START 1968 14276 -1264 690 -7276 -15545 493 636 426 438 440 END
START -5880 15320 4584 566 -7026 -13781 491 636 425 437 440 END
START -7144 15248 9036 528 -4741 -12449 493 637 426 438 439 END
START -4372 13524 5664 613 -3531 -10442 493 636 425 438 442 END
START -15080 14676 10944 536 -4453 -8236 498 637 425 438 440 END
START -4984 12684 2736 605 -2872 -6058 494 637 427 440 443 END
START -4612 12848 3072 682 -3018 -3784 494 637 425 438 441 END
START -13632 13800 8924 577 -2835 -1944 493 636 425 438 441 END
START -5188 12464 2488 353 -441 -889 493 637 426 438 440 END
START -4164 12700 1956 -200 1139 352 494 637 426 438 440 END
START -8488 12836 4612 -745 986 1218 495 637 426 440 443 END
START -8176 12900 5096 -1265 478 1831 494 638 425 438 440 END
START -7944 12600 5856 -1653 43 2022 494 636 425 438 441 END