START 2952 13696 3492 -896 -4608 -7299 497 634 412 440 443 END
START 3196 13856 3376 -1082 -4240 -7520 497 637 413 439 442 END
START 3844 14080 3560 -1723 -2853 -8311 497 634 413 440 442 END
START 3156 14380 4356 -2546 -1802 -9173 497 635 403 441 442 END
START 1424 13768 4588 -3224 -2820 -10008 497 634 412 440 441 END
START 1004 13368 5104 -3795 -5154 -11193 497 635 412 440 442 END
START 1544 13124 5564 -4054 -5426 -12220 497 634 412 439 441 END
START 1184 12788 6164 -3923 -4015 -13064 497 635 412 440 440 END
START -1520 11836 7696 -3644 -2556 -13577 498 635 411 440 440 END
START -3916 11892 8236 -3111 -2146 -13143 498 635 413 439 441 END
START -4676 12492 8036 -2527 -2381 -12825 497 636 413 439 440 END
START -5964 12664 8084 -1725 -1597 -11511 498 635 411 439 440 END
START -7404 12504 7880 -1233 -494 -10185 497 636 411 437 439 END
START -6620 12460 6940 -772 -536 -8940 497 637 411 438 439 END
START -4552 11740 5216 -378 694 -7118 498 637 412 438 439 END
START -6340 12300 5768 -116 1309 -5295 498 639 415 439 439 END
START -5812 11868 3792 -158 665 -3256 498 638 410 438 439 END
START -17480 13008 11216 -387 -50 -1160 495 639 412 439 439 END
START -12312 12136 7500 -789 698 990 496 639 416 438 439 END
START -14088 12728 9232 -1331 1627 2963 497 638 412 438 439 END
START -3568 11316 2008 -1958 3245 4605 500 639 412 437 439 END
START -10884 12340 7276 -2645 2756 6335 498 636 414 438 439 END
START -8420 12604 5980 -3175 3328 7969 498 639 412 438 439 END
START -6376 13020 4912 -3704 4275 9448 498 637 412 437 441 END
START -8352 13908 7472 -4102 4343 11041 497 641 417 437 439 END
START -1240 14360 2668 -4040 5071 12349 499 640 403 439 439 END
START -3088 15148 5256 -3809 5134 13453 500 640 412 439 440 END
START -3012 15288 10064 -3820 5516 13911 501 642 415 438 442 END
START 1004 13428 7904 -3875 7031 14065 503 639 415 441 442 END
START -2916 14640 11632 -3703 6689 13993 503 639 416 442 442 END
START -2584 13928 11392 -3374 5456 13606 504 640 415 441 442 END
START 5204 13544 6632 -2868 4597 12681 504 638 419 443 444 END
START 4008 12732 6760 -2187 2290 11756 504 637 419 444 444 END
START -2488 13328 12116 -1368 -209 10339 508 637 421 446 445 END
START 1980 13104 10588 -586 -63 8557 507 636 420 446 447 END
START 1372 13708 11532 36 662 7001 507 635 420 446 447 END
START 976 13484 10512 548 753 5275 506 636 421 446 445 END
START 1324 13480 9436 994 148 3879 508 634 420 446 447 END
START 836 13068 8996 1625 -1429 2410 507 635 420 446 446 END
START 1556 13708 8948 1988 -3013 1086 508 634 421 447 447 END
START 1348 13624 8908 2342 -3971 -502 507 635 422 447 447 END
START 4072 13080 6480 2449 -4406 -2172 509 635 421 447 448 END
START 6216 12424 4644 2273 -4490 -3909 508 633 422 447 448 END
START 1804 12444 7172 1932 -5479 -5546 508 638 420 447 446 END
START 2476 12176 6316 1664 -7203 -7173 509 634 422 448 447 END
START 56 12036 7616 1508 -8414 -8834 509 634 422 448 448 END
START 84 12188 7716 1333 -8600 -10420 510 634 423 451 431 END
START 3672 11920 5456 919 -7287 -11877 509 634 421 448 447 END
START 6132 11392 3352 684 -4266 -13442 508 634 422 448 447 END
START 4096 11480 3508 424 -2399 -14700 511 635 422 448 446 END
START -120 11324 4704 215 -2776 -15599 508 635 421 448 448 END
START -7520 11792 8824 151 -3136 -16274 508 634 422 448 448 END
START -2836 11212 5320 149 -720 -16118 507 635 420 447 448 END
START -2568 10824 3296 283 569 -15048 509 636 422 448 447 END
START -5460 10700 3152 366 -198 -13184 509 637 423 449 448 END
START -12348 12052 7480 518 -530 -10821 509 635 424 449 448 END
START -6792 12712 4100 504 2722 -8045 508 638 423 448 447 END
START -6540 14284 1256 321 5349 -5512 512 637 422 449 448 END
START -8724 14796 1880 176 4058 -3313 510 637 421 448 447 END
START -8916 15108 7132 -39 721 -1754 510 636 423 448 447 END
START -7064 15664 6388 -255 -958 -525 517 636 423 448 448 END
START -4112 14376 4060 -675 -389 351 510 636 423 450 448 END
START -2912 14376 3880 -1089 294 905 510 637 421 444 447 END
START -2912 14656 4152 -1448 508 1169 511 635 423 449 449 END
START -6816 15820 8180 -1885 313 1311 510 635 423 448 447 END
START -7528 15260 8168 -2109 375 925 511 634 422 449 448 END
START -5176 15664 8284 -2240 158 1072 511 636 423 446 448 END
START -4620 14688 7164 -2224 -441 673 511 634 424 448 447 END
START -5668 15404 9124 -2274 -215 596 512 633 423 449 448 END
START -820 14060 5076 -2071 162 163 513 633 424 448 448 END