START 2620 13192 8188 657 3858 9161 488 629 417 433 417 END
START 2684 13112 8008 565 3606 8824 487 629 420 434 417 END
START 3956 13080 7396 395 2998 8008 487 629 419 433 417 END
START 4400 13192 8016 206 2437 7202 490 629 419 434 419 END
START 4420 13288 7956 -35 1371 6111 488 628 419 434 418 END
START 4780 13180 7796 -301 -225 4966 489 631 420 432 415 END
START 5156 13000 7856 -460 -2448 3684 489 630 420 433 416 END
START 6124 13048 8132 -680 -3989 2292 487 627 419 435 417 END
START 7368 12880 7676 -682 -5002 536 488 630 420 434 417 END
START 7024 11956 7700 -806 -5729 -1481 489 628 420 434 418 END
START 7200 12752 7576 -1087 -5992 -3517 490 629 420 435 417 END
START 8552 13440 6380 -1528 -6163 -5978 490 628 420 434 418 END
START 6004 14160 8036 -1805 -7006 -8272 490 628 420 434 417 END
START 5692 14276 7676 -2151 -8286 -10306 490 628 420 432 417 END
START 5316 13604 6880 -2372 -10708 -12336 492 628 420 434 418 END
START 4936 13836 6552 -2685 -11962 -14387 492 627 420 435 418 END
START 4956 12848 6036 -2883 -9433 -16493 491 627 421 434 417 END
START -1676 12148 8592 -2963 -7913 -17758 493 627 418 434 417 END
START 1652 10812 4684 -2582 -7142 -18873 492 626 419 435 418 END
START -8580 10516 11488 -2005 -9151 -18863 492 619 420 429 418 END
START -2428 10124 6564 -1055 -8030 -18824 493 627 421 435 419 END
START -10964 11412 11908 -323 -6881 -17840 492 628 419 433 418 END
START -6296 11644 7664 525 -3301 -16328 493 628 420 434 417 END
START -14344 12672 11712 1435 -2317 -14304 493 629 423 434 419 END
START -10372 13768 7124 2436 -1551 -11582 493 628 419 433 421 END
START -9284 12456 7892 3124 -1675 -8757 493 629 420 435 420 END
START -18244 13236 12532 3539 -2023 -5716 497 628 421 435 418 END
START -11828 12428 7120 3850 -376 -2589 493 629 419 436 419 END
START -15128 12996 8496 3608 543 600 494 629 420 434 419 END
START -13488 13432 6420 2781 1878 3464 494 629 419 435 419 END
START -6260 11904 1980 1605 2309 5900 493 629 418 435 418 END
START -14052 12508 7956 282 2494 8256 494 630 419 435 419 END
START -12424 12428 8344 -896 3093 10125 495 630 419 435 419 END
START -4508 11508 4388 -1811 5124 11707 493 629 418 435 419 END
START -4224 11428 5528 -2525 5039 12930 493 629 419 434 421 END
START -7048 12324 8680 -3076 5760 13795 494 628 419 435 419 END
START 916 11700 3808 -3422 7053 14184 495 629 420 435 419 END
START -2280 12692 7672 -3612 6432 14213 496 629 419 436 420 END
START -2452 13536 9248 -3446 6179 14273 495 629 419 437 420 END
START 4596 13984 4744 -3135 6527 13809 496 629 421 435 419 END
START 3764 14472 6924 -2912 5831 13317 497 630 421 435 420 END
START 4504 15612 11736 -2644 5086 12545 496 628 420 435 420 END
START 7396 14028 8404 -2270 4447 10972 497 629 420 435 420 END
START 7920 14048 9552 -1719 2875 9082 498 630 421 434 420 END
START 6676 14356 10372 -974 615 6726 497 628 420 436 419 END
START 7456 14152 10232 -244 -1276 4108 499 629 420 436 420 END
START 7828 14388 9304 208 -3267 965 499 628 420 435 421 END
START 6912 14492 9272 571 -4013 -2106 499 627 420 436 420 END
START 7148 14552 8224 505 -4314 -4820 500 628 421 435 420 END
START 7760 14112 5772 187 -4607 -7371 499 617 420 434 419 END
START 6252 14100 6492 -343 -6027 -9617 500 626 419 435 420 END
START 8048 13564 4224 -899 -7723 -11652 499 626 422 436 419 END
START 4584 13040 5748 -1463 -8937 -13998 499 626 421 436 412 END
START 6192 11288 3824 -2008 -6680 -15877 500 626 421 435 420 END
START 6256 10556 3596 -2327 -2146 -17449 499 626 420 434 420 END
START -2628 10620 8968 -2340 1366 -18116 506 626 422 436 422 END
START -808 8532 5580 -1823 2024 -18485 500 625 421 436 420 END
START -2700 8488 6700 -1165 -1581 -18776 502 625 422 437 411 END
START -8304 9436 9728 -456 -4150 -17577 501 626 419 436 421 END
START -5404 9664 6560 112 -2467 -16138 500 626 421 435 421 END
START -7240 9500 6336 651 478 -14269 501 627 421 434 420 END
START -12568 11028 9112 1069 2407 -12659 500 627 420 434 420 END
START -9384 11984 5072 1696 3077 -9898 500 627 422 428 419 END
START -14256 14404 6184 2032 -1418 -7561 500 627 421 436 422 END
START -9492 13304 7852 2022 -4447 -5614 499 627 421 435 421 END
START -8016 13112 6020 1706 -5117 -3946 499 628 421 436 416 END
START -11632 14432 9832 1180 -3254 -2455 500 628 421 435 421 END
START -4368 13064 3412 673 -464 -1701 500 627 420 435 420 END
START -9632 12940 6320 158 -200 -979 500 629 419 436 422 END
START -11780 13180 8432 -213 -1881 -551 490 628 421 436 419 END