START -5820 9552 9164 -532 -489 727 500 628 659 468 467 END
START -5624 9052 9840 180 -105 787 501 627 659 468 466 END
START -6280 9812 10744 -471 -77 1201 497 627 658 468 466 END
START -3952 9460 8728 -99 1621 1299 499 629 659 469 466 END
START -8648 10748 11324 517 1590 1733 502 627 656 473 461 END
START -6100 9740 10992 -451 -260 2104 502 633 657 470 467 END
START -6076 10604 9416 -1537 -1421 2138 502 628 659 469 466 END
START -4148 9780 8980 -2154 -1522 2828 488 660 651 474 464 END
START -5624 10544 9684 -2361 319 3821 498 629 658 476 466 END
START -5340 10920 8820 -3517 -91 4148 500 628 660 469 466 END
START -7588 11200 11784 -5147 -1492 4362 501 630 657 470 466 END
START -7840 10160 12104 -5596 -2139 4716 501 641 657 472 472 END
START -4244 9044 10904 -6302 -3489 4599 501 628 660 464 466 END
START -5488 9404 14428 -7774 -6764 4000 499 632 667 477 454 END
START -828 8952 11980 -5564 -3707 4117 498 628 657 465 464 END
START 7160 7508 4364 -5851 1893 3177 499 629 659 471 466 END
START 2012 7144 6712 -3365 2138 2200 530 629 657 471 466 END
START -10648 5652 13176 -2730 281 197 492 624 659 469 465 END
START -5000 3896 8648 -4819 -12503 2442 501 629 660 470 467 END
START -180 5388 9932 -1597 -9665 -1735 500 629 658 470 467 END
START -2932 6480 12992 -2753 -7065 137 502 628 659 470 467 END
START -1412 5960 11876 -1579 -1421 136 500 628 662 470 467 END
START -7124 6056 16912 -1216 -1610 307 501 627 659 471 468 END
START -6680 5924 17148 -880 -2796 -281 491 624 660 470 481 END
START -1772 5732 13812 -473 -3102 -1080 501 628 660 471 466 END
START -2704 6584 14292 -94 -2798 -1725 498 630 660 469 468 END
START -2640 6732 14204 123 -1750 -2130 503 631 660 471 467 END
START -2308 7316 15044 203 -703 -2281 500 628 660 471 466 END
START -2804 7408 14640 183 -500 -2332 502 634 657 470 466 END
START -2592 8224 15376 181 -1093 -2320 500 627 660 475 466 END
START -3068 8552 15064 70 -2156 -2194 500 628 659 470 466 END
START -3296 8852 14740 -82 -2776 -2216 499 627 660 469 466 END
START -3448 8580 14860 -231 -2455 -2420 501 628 659 471 466 END
START -2568 8436 15020 -93 -2701 -2762 501 627 661 471 466 END
START -980 8644 14064 112 -2737 -2621 465 629 660 472 466 END
START -932 8508 14180 459 -2704 -2758 500 628 660 470 467 END
START -1148 8508 14348 607 -3176 -2924 497 649 653 470 466 END
START -1404 7676 15136 750 -4177 -3374 518 627 655 472 468 END
START 160 7756 14608 1029 -4310 -3628 501 629 660 472 466 END
START -164 7820 14272 1291 -4087 -3846 504 630 659 513 460 END
START -516 8200 13184 1580 -4243 -4111 481 623 660 468 466 END
START 28 8408 12444 1547 -4028 -4601 501 628 661 471 466 END
START 224 9012 10500 1398 -3706 -5552 495 631 656 470 472 END
START -1336 9676 10748 1088 -2822 -6726 501 628 662 471 465 END
START -1488 9792 9920 895 -1880 -7411 500 628 661 470 467 END
START -2784 9884 10164 978 -1765 -7745 510 624 657 468 472 END
START -4424 10968 9560 950 -1408 -7584 503 603 659 472 466 END
START -5800 11360 9776 725 -1785 -7891 501 628 664 470 466 END
START -6952 11324 10368 808 -1758 -8108 502 630 668 462 465 END
START -6932 11328 10028 1043 -552 -7547 503 630 657 470 467 END
START -7316 11428 9632 1274 212 -6810 501 629 659 471 467 END
START -7380 11312 9532 1519 198 -6027 500 626 650 472 469 END
START -8220 12416 9320 1627 -7 -5119 489 628 661 471 467 END
START -7452 11304 8528 1797 423 -4420 501 628 660 470 467 END
START -7532 11920 8424 1795 1184 -3717 500 628 660 471 466 END
START -7860 12588 8048 1458 1762 -2846 501 629 660 471 465 END
START -8236 13136 7864 1105 2652 -1903 510 627 659 471 467 END
START -8300 12736 7340 561 3139 -879 501 628 660 472 471 END
START -8384 12800 7472 2 3049 301 501 626 659 471 462 END
START -9244 11544 7192 -609 2226 1486 499 629 656 485 467 END
START -9784 11724 7780 -1266 1434 2923 500 629 662 470 465 END
START -8684 11560 7312 -1847 631 4182 501 626 661 472 466 END
START -8600 11212 7796 -2318 146 5321 502 628 661 470 463 END
START -7828 11040 8252 -2508 6 6115 502 627 679 471 468 END
START -7748 11112 8940 -2516 219 6504 491 625 659 471 469 END
START -7388 10496 9796 -2509 769 6695 499 629 661 468 466 END
START -7088 10120 9984 -2495 1302 6873 501 627 660 472 467 END
START -5532 9040 9812 -2375 1197 7135 513 591 658 462 465 END
START -5172 8872 10124 -2245 888 7230 504 627 662 471 465 END
START -5456 6436 10036 -2281 771 6994 501 626 660 471 467 END