START 5468 11948 7468 -3055 -3536 -5279 504 634 432 445 448 END
START 5280 11924 7624 -3065 -4110 -5834 506 626 432 446 448 END
START 5928 12040 8092 -3175 -4827 -7641 505 634 441 446 449 END
START 5556 11832 8156 -2988 -4298 -9332 506 634 433 445 448 END
START 5164 11876 8096 -2724 -2649 -10750 505 635 434 446 448 END
START 2532 11708 8624 -2378 -2601 -12094 506 635 432 446 448 END
START 1424 11848 9600 -2067 -4271 -13144 506 635 432 445 449 END
START 2156 12164 9176 -1455 -5191 -14000 506 636 436 445 447 END
START 1148 11284 8760 -958 -4662 -14678 506 636 433 446 448 END
START -1636 10444 10104 -542 -4072 -14930 507 636 432 447 450 END
START -2860 10412 10664 90 -4191 -15169 506 636 434 445 446 END
START -3368 10240 9920 811 -4040 -15040 506 637 433 445 447 END
START -4280 10208 9820 1472 -2297 -14349 506 636 433 445 449 END
START -6372 10372 9780 2011 -247 -12758 508 638 432 445 446 END
START -10824 10880 11684 2403 1177 -11086 505 638 433 446 449 END
START -5164 11004 5868 2598 2999 -8639 507 638 433 446 448 END
START -13124 12548 10224 2335 3285 -5724 510 637 433 445 448 END
START -15172 13956 10688 1695 2783 -2070 506 638 433 445 445 END
START -2700 13808 1520 863 4440 1743 506 638 433 445 448 END
START -3092 14240 2152 -214 4572 5044 507 640 434 447 448 END
START -5692 15404 4216 -1520 4844 8313 506 638 433 445 448 END
START -5144 14704 7736 -2669 6053 10856 506 639 433 445 448 END
START -7104 13520 8268 -3780 6159 12868 506 638 432 446 450 END
START -5540 13656 8548 -4599 6087 14682 505 637 431 445 448 END
START 492 11400 4064 -4981 7075 15989 506 638 432 446 448 END
START 1560 11340 4628 -5286 6857 17111 507 637 434 446 449 END
START -5056 12016 11540 -5367 6436 17530 507 638 433 445 448 END
START 888 10188 8188 -5178 7116 17450 507 637 432 446 448 END
START 3096 9840 8248 -4915 5914 17008 508 637 432 445 448 END
START -1212 10388 12692 -4487 4413 16027 508 638 432 446 448 END
START 6952 9808 8740 -3838 4095 14342 509 639 432 446 447 END
START 6212 10404 9876 -3236 3261 12334 509 639 431 446 449 END
START 8332 10632 9096 -2558 2153 9678 508 638 432 446 448 END
START 7984 11640 9680 -2119 1847 6868 507 638 431 446 448 END
START 8688 11820 8720 -1901 1797 3980 508 638 431 445 447 END
START 8516 12300 8480 -1843 1322 1164 508 638 430 445 449 END
START 7500 11916 9292 -1893 -230 -1621 508 639 434 445 447 END
START 6648 12204 9984 -1760 -2490 -4251 508 637 432 446 448 END
START 6996 12876 9468 -1635 -3258 -6761 508 638 432 445 448 END
START 7404 13116 7788 -1644 -1508 -8705 510 638 433 445 447 END
START 7944 13812 5912 -1746 1120 -10354 509 638 431 445 448 END
START 6116 13644 6380 -1976 2050 -11669 508 638 432 445 448 END
START 4072 13280 11796 -1964 459 -13002 508 638 431 446 448 END
START 4800 11224 9560 -1644 -3650 -14635 509 640 427 446 447 END
START 112 11684 11688 -1405 -5793 -16325 509 638 431 445 447 END
START 7528 9960 4972 -1287 -1073 -17462 509 638 432 446 448 END
START -3112 9440 10360 -1037 1156 -17784 509 639 433 446 447 END
START -9928 8600 12980 -407 317 -17928 507 638 433 445 448 END
START -7744 8052 10184 118 -3857 -17449 508 638 433 446 448 END
START -10084 7828 10820 666 -5592 -16155 508 638 430 445 447 END
START -5956 7828 7464 784 -3171 -13822 507 638 432 446 450 END
START -12784 8620 11952 875 -1333 -11053 507 638 432 446 448 END
START -7436 9024 7292 989 -66 -7910 506 638 433 447 448 END
START -7900 9656 7620 1024 -1174 -4973 507 638 433 446 448 END
START -7476 10428 7140 906 -2884 -2024 506 638 433 445 448 END
START -11656 12756 10936 619 -3380 435 506 641 433 446 448 END
START -3448 14136 5364 212 -1920 2345 506 639 433 446 447 END
START -1260 14380 4152 -309 -1680 3625 507 638 434 446 447 END
START -2420 15100 8984 -788 -1471 4216 507 638 433 445 446 END
START 560 13440 7204 -1123 -1367 3980 507 638 432 445 447 END
START -3876 13564 10700 -1228 -1022 3569 506 638 432 445 447 END
START -2468 13624 10224 -1481 -555 2766 507 639 435 445 451 END
START 3364 12732 6276 -1343 1156 1874 507 638 434 445 447 END
START 2956 12152 5984 -1121 1470 1348 507 638 433 445 448 END
START -2520 11968 8956 -898 971 719 507 637 432 445 447 END
START -136 11656 7956 -511 -62 334 507 639 432 446 448 END
START 2256 11896 6268 -349 279 -147 507 638 433 446 446 END
START 3228 12212 5900 -342 1628 -233 508 637 432 445 448 END
START 2008 12492 6508 -396 1941 -370 507 637 432 445 448 END
START 860 12024 5820 -469 984 -233 508 621 432 446 450 END