START 8676 13256 7920 656 -5186 -5825 495 655 421 436 428 END
START 8224 13424 7904 610 -5273 -6613 494 655 423 438 428 END
START 7184 13288 7408 572 -5919 -9011 494 655 421 436 427 END
START 6176 13024 6472 441 -6379 -10887 493 656 421 435 427 END
START 4508 13108 7060 107 -7383 -12337 493 655 420 436 427 END
START 3412 12872 6696 -154 -8397 -13258 493 657 421 436 426 END
START 2884 12532 5728 -517 -8797 -14025 493 658 422 435 426 END
START 2764 13468 5476 -1064 -7962 -14256 493 658 422 436 425 END
START 1748 13584 5940 -1649 -6632 -14711 493 658 421 435 426 END
START -20 12316 6400 -2178 -5783 -14843 492 657 420 435 423 END
START -2100 11396 7828 -2411 -4997 -14497 492 658 422 435 425 END
START -4868 11164 9036 -2431 -5403 -13969 493 658 420 435 426 END
START -2888 11096 7512 -2296 -4334 -13093 494 658 422 435 426 END
START -4136 11312 7944 -1946 -3185 -11769 494 658 422 435 425 END
START -8276 12520 9880 -1533 -2750 -10149 493 657 422 435 427 END
START -4292 14120 6208 -901 -589 -8124 492 658 422 435 426 END
START -4008 13248 6016 -361 -81 -6149 493 656 423 436 426 END
START -10180 15248 7992 55 -333 -4119 493 657 422 435 426 END
START -8520 15144 6832 380 624 -1844 493 657 422 435 426 END
START -11332 16108 11840 465 2481 558 493 660 422 435 426 END
START -10928 16128 10140 500 3636 2902 493 656 422 435 426 END
START -5028 13936 5928 409 4129 5140 493 656 422 435 427 END
START -4736 14068 5988 206 4339 7347 494 656 422 435 425 END
START -8552 15372 8880 -230 4592 9508 493 656 420 434 428 END
START -9252 15172 8620 -698 5158 11438 492 655 424 436 426 END
START -2632 13900 5064 -1083 6371 13178 494 656 421 434 426 END
START -2808 13056 4996 -1493 7427 14381 495 655 422 435 427 END
START -6244 13324 7892 -1838 7203 15534 495 657 422 435 426 END
START 1820 12540 3856 -2231 8654 16157 495 655 409 437 426 END
START -128 11696 5548 -2399 8950 16417 487 655 422 436 427 END
START -2916 12352 8232 -2804 9153 16364 497 656 420 440 415 END
START 3616 11392 4548 -3075 11365 15826 496 657 421 436 428 END
START 5680 11168 4356 -3359 12822 14879 497 657 421 435 426 END
START -2184 11828 10624 -3119 9197 13627 496 656 420 435 427 END
START 1276 12372 10000 -2462 6084 11697 499 659 419 434 427 END
START 10112 12420 6244 -1607 5726 9748 498 657 420 435 427 END
START 7732 13668 8816 -785 4099 7560 498 657 420 435 427 END
START 10112 13348 7520 63 1691 4721 497 657 421 434 431 END
START 11072 13320 7108 741 -394 1635 499 658 420 437 427 END
START 10324 13436 7988 1294 -2101 -1676 499 658 420 435 427 END
START 11620 14088 7376 1794 -4171 -5001 499 657 421 435 428 END
START 11484 14576 6292 2085 -4846 -7811 499 657 421 438 428 END
START 11004 14936 8036 2017 -6487 -10697 500 658 422 435 428 END
START 5856 13348 8480 1849 -8700 -12837 498 655 422 434 433 END
START 3248 13288 8840 1588 -10111 -14988 500 657 422 436 428 END
START 6148 12860 5844 1170 -9281 -16810 501 660 424 436 428 END
START 6272 11704 3556 809 -8353 -18110 499 656 422 435 429 END
START -2708 12156 8976 277 -6738 -18831 500 657 422 436 428 END
START 1012 10668 4032 -292 -3575 -19308 500 656 423 434 428 END
START 656 9936 2972 -887 -1606 -19248 500 662 422 438 428 END
START -6728 10548 7624 -1285 2040 -18205 499 657 422 435 427 END
START -5336 9892 5204 -1740 5381 -16740 499 658 424 435 428 END
START -12428 10092 8296 -1858 2081 -14881 499 656 425 435 431 END
START -12680 11228 7876 -1665 -2441 -12269 499 659 422 435 429 END
START -14580 12652 9932 -1449 -4896 -9125 499 657 422 436 431 END
START -9828 14336 7344 -1229 -3087 -5468 500 657 422 435 429 END
START -9188 13084 8868 -1186 -1548 -3337 499 657 423 435 428 END
START -7784 12972 6748 -1264 -1092 -1470 499 657 423 435 427 END
START -10680 12916 8292 -1235 -982 -53 499 657 423 434 427 END
START -7844 12092 5736 -1320 -918 703 497 656 423 435 429 END
START -6192 11504 5092 -1262 -1535 1207 498 656 421 434 428 END
START -6000 11396 6244 -1210 -2257 1387 499 658 422 434 428 END
START -7132 11536 7440 -1320 -1563 1269 499 656 423 435 428 END
START -2696 10944 5032 -1274 -692 866 499 656 422 433 428 END
START -6460 11988 7932 -1368 -21 667 499 656 423 434 429 END
START -5668 11352 7504 -1244 -220 262 499 656 422 433 431 END
START -7872 12280 9248 -1133 -751 -21 499 656 423 433 429 END
START -7652 11880 9608 -1067 -405 -434 499 656 423 436 410 END
START -3208 11808 5888 -923 -88 -673 498 655 422 433 429 END
START -4592 12100 7288 -851 247 -950 499 655 423 434 429 END