START 2764 14308 6612 -471 -1545 840 510 625 423 439 434 END
START 2624 14328 6544 -394 -1894 627 511 627 424 440 436 END
START 2728 14172 6324 -239 -3479 -117 511 626 424 441 437 END
START 3356 14464 5812 -105 -4874 -1095 513 627 422 439 436 END
START 4508 14360 5712 -111 -4835 -2056 513 628 423 440 436 END
START 4732 14496 5776 -162 -4240 -3328 514 634 423 440 435 END
START 5012 14436 5476 -176 -3797 -4660 513 630 423 439 436 END
START 4556 14404 5220 -240 -3539 -5691 513 630 423 439 436 END
START 4000 14588 5572 -241 -3895 -6771 514 631 422 440 434 END
START 2312 14124 5856 -401 -5345 -7680 518 631 423 439 435 END
START 2632 14908 5452 -535 -6880 -8093 516 633 422 439 435 END
START 2148 15572 6140 -430 -7857 -8702 515 633 422 440 435 END
START 4744 15836 4640 -242 -7170 -9343 515 634 423 439 436 END
START 2308 16224 2836 -148 -5937 -9871 517 635 420 439 435 END
START 368 16448 3432 -286 -4652 -10075 517 638 422 440 435 END
START -1012 15684 4152 -424 -5196 -10144 521 636 422 440 435 END
START 2004 15728 3260 -364 -5644 -9766 520 637 423 440 435 END
START 3852 15492 3800 -374 -5567 -9800 520 637 422 440 436 END
START 976 14760 5072 -268 -3056 -9728 523 638 423 440 436 END
START 4148 15084 2344 -277 -1053 -9760 522 639 421 438 436 END
START -8428 15648 9340 -471 -2233 -9590 521 641 423 439 437 END
START -9536 16240 10216 -627 -4456 -9549 522 639 423 440 436 END
START 716 14264 2136 -717 -3215 -9535 523 640 424 440 436 END
START 1108 13976 796 -876 -1991 -8541 523 641 424 439 436 END
START 2992 13456 -820 -946 -212 -7300 523 640 423 439 437 END
START -10456 14540 7828 -1087 -343 -5514 530 641 424 441 436 END
START -20200 14384 13032 -1030 -985 -3558 523 640 425 441 437 END
START -9020 12248 3824 -1067 407 -1381 524 641 424 440 437 END
START -19264 13260 10824 -1349 -27 1274 524 641 425 439 437 END
START -5548 11548 1088 -1848 2530 3626 524 640 423 441 436 END
START -6328 12088 2164 -2610 4490 5925 523 641 426 440 436 END
START -7716 12380 3308 -3625 4527 7791 522 640 423 440 437 END
START -9600 12872 5760 -4488 5321 9550 522 641 424 440 435 END
START -1692 12484 680 -5278 6633 10894 520 640 424 439 434 END
START -6688 13452 5852 -5816 6415 12122 517 637 425 439 436 END
START -5948 13936 7288 -5990 5803 13050 516 638 423 440 436 END
START 2280 14072 2784 -5860 6505 13386 516 636 425 439 435 END
START -16 15312 4900 -5448 7012 13385 515 635 424 439 435 END
START 372 15544 5076 -5060 6000 13218 515 632 424 439 434 END
START -1732 16056 10628 -4491 4177 12814 516 633 423 439 436 END
START 5288 15340 7516 -3912 3809 11992 516 632 425 438 433 END
START 5160 14908 7904 -3275 3571 11151 518 633 426 439 433 END
START 6832 14760 7032 -2626 2360 10159 518 632 424 439 433 END
START 844 15132 11604 -1777 184 8499 524 632 423 439 434 END
START 3400 14960 10580 -935 -979 6940 518 632 424 439 432 END
START 4020 15084 10048 -72 -1730 4897 518 633 423 438 434 END
START 8708 14724 7524 581 -2096 2568 517 634 423 439 433 END
START 8404 14796 6972 1161 -2498 -91 519 632 423 439 434 END
START 8100 15048 6800 1425 -2853 -2702 518 632 424 438 433 END
START 7780 14832 6164 1429 -4215 -5600 520 633 423 438 432 END
START 5692 13792 6080 1445 -6623 -8238 518 629 421 437 434 END
START 5372 14400 6276 1256 -8701 -10765 517 633 422 437 433 END
START 4160 13316 6224 1086 -8798 -13437 519 632 422 436 432 END
START 4556 11900 4972 962 -7243 -15733 517 633 422 437 433 END
START 6028 11772 3484 739 -4954 -17500 516 633 421 438 433 END
START -1132 11744 7476 618 -2619 -18554 516 632 420 437 434 END
START -3172 10892 7032 616 -1621 -19361 516 632 421 437 434 END
START 720 9604 2964 778 -2135 -19760 516 632 421 437 433 END
START -1732 10088 3728 682 -2511 -19406 516 634 420 437 433 END
START -4176 9884 3940 457 -1425 -17757 516 634 420 437 432 END
START -12592 10724 8380 200 616 -15530 515 634 419 436 431 END
START -6756 10328 2980 141 2387 -13142 515 635 420 435 432 END
START -12064 11032 6736 89 1793 -10588 515 635 418 434 432 END
START -16944 11704 9232 210 33 -8355 515 634 419 434 431 END
START -16792 11904 9212 356 -339 -5837 516 635 418 434 432 END
START -8232 12828 2820 629 399 -3630 515 635 418 434 431 END
START -7860 13376 2352 764 1201 -1856 515 634 417 432 431 END
START -7404 14596 1800 535 1012 -1 516 634 417 435 430 END
START -6312 14256 832 638 687 798 516 635 419 434 430 END
START -4904 15012 200 389 475 1075 518 635 419 435 432 END