START -2924 7396 12988 1948 -3206 -5830 501 622 672 483 485 END
START -3028 7500 12940 1992 -2924 -5941 496 622 662 483 486 END
START -3484 7560 12780 2068 -2602 -5931 499 659 661 522 485 END
START -3768 7572 12692 2043 -3344 -5799 497 621 662 488 485 END
START -3872 7324 12072 1853 -4191 -6011 500 621 663 482 485 END
START -3952 7576 12280 2024 -4541 -6269 498 622 663 483 485 END
START -4108 7592 12092 1981 -4081 -6525 501 622 651 482 485 END
START -4056 8284 11940 2199 -2986 -6525 500 620 665 483 485 END
START -4684 7228 11408 2166 -2857 -6623 498 621 663 483 485 END
START -5816 6872 10968 1806 -3706 -6611 495 619 656 493 491 END
START -5468 8328 11840 1428 -3880 -6674 502 621 661 480 484 END
START -4828 8500 12560 1642 -2799 -7030 498 621 662 482 486 END
START -4736 8436 12504 1971 -1366 -6824 497 618 656 482 486 END
START -4888 8544 12464 1999 -1144 -6382 500 618 661 485 496 END
START -5100 8944 12736 1771 -1538 -5978 498 622 662 483 485 END
START -5928 8660 12664 1510 -1897 -5875 515 621 677 497 486 END
START -5772 8668 12416 1298 -1341 -5714 494 618 660 484 486 END
START -5880 8752 12196 1181 -515 -5194 496 621 663 483 485 END
START -6920 9340 11844 751 163 -4596 498 614 664 475 487 END
START -7484 9008 12132 461 808 -3947 499 622 664 479 459 END
START -7704 9576 12076 217 1062 -2842 499 622 662 483 485 END
START -8156 10136 11108 -156 1316 -1729 545 631 657 477 486 END
START -9400 10636 11692 -534 956 -660 502 619 662 487 483 END
START -9540 10712 12352 -851 1062 241 498 623 662 483 485 END
START -8872 10536 11352 -1134 1856 1518 521 622 681 483 486 END
START -8324 10752 11212 -1676 2004 3003 498 618 659 483 484 END
START -8992 10488 11804 -2062 1295 4561 498 622 663 483 485 END
START -8748 10504 12316 -2503 393 5716 496 619 660 479 484 END
START -8220 10340 11548 -2757 512 6682 497 624 662 485 485 END
START -7236 10184 11416 -2869 949 7457 498 622 662 483 485 END
START -6848 10060 12008 -2924 1525 7925 496 612 669 485 484 END
START -6372 9736 11920 -3024 1983 8190 499 618 659 483 485 END
START -6108 9464 12028 -3050 2452 8543 498 621 662 483 485 END
START -5696 9204 12336 -3079 2712 8701 509 618 659 487 483 END
START -5460 9056 12468 -3195 3192 8698 502 620 663 487 484 END
START -4380 9012 11256 -3330 3757 8655 502 622 663 483 485 END
START -3936 8504 11092 -3455 4096 8750 511 620 665 483 490 END
START -3800 8088 11688 -3554 4173 8776 501 622 662 484 483 END
START -3528 8164 11388 -3636 4373 8671 499 621 662 484 485 END
START -3260 7808 11412 -3793 4817 8287 495 630 668 482 486 END
START -3400 7528 11440 -3644 5286 8086 502 622 662 483 487 END
START -2408 7484 11396 -3415 5021 7834 499 621 663 483 485 END
START -2596 7556 11792 -3329 4369 7526 478 625 656 477 475 END
START -1332 7692 11332 -3323 4280 6974 499 624 661 485 486 END
START -2068 9508 12352 -3288 4311 6440 498 621 663 483 485 END
START -2276 8796 12572 -3226 4801 5962 498 622 671 528 491 END
START -1552 8904 12440 -3241 4907 5605 497 619 667 482 485 END
START -2292 8440 13108 -3186 3862 5242 498 620 663 483 482 END
START -1072 8992 13016 -3153 2883 4710 500 621 666 477 469 END
START -1376 8608 13344 -2853 2058 4187 501 617 663 484 487 END
START -1348 8188 14108 -2615 1663 3615 499 621 663 483 485 END
START -692 8540 13708 -2357 1327 3041 498 622 662 484 485 END
START -800 8444 14632 -2071 747 2302 499 621 663 483 488 END
START 588 6736 12884 -1611 281 1495 492 660 662 484 486 END
START 652 6344 12876 -1212 -775 641 528 620 663 482 486 END
START -808 5860 13652 -958 -1722 -253 499 621 663 482 486 END
START 236 5872 13376 -646 -1988 -1156 505 665 665 484 486 END
START -248 6172 13176 -211 -1864 -2036 501 622 664 485 485 END
START -488 6424 12852 210 -1910 -2959 499 621 662 483 486 END
START -1104 6344 13088 497 -2212 -3871 501 620 662 484 486 END
START -1036 6152 12876 768 -2548 -4497 499 621 678 481 467 END
START -2376 6352 12992 975 -3328 -4873 500 621 663 483 486 END
START -1736 6368 12172 1132 -3797 -5377 500 620 664 483 483 END
START -3084 6476 12324 1205 -3841 -5605 504 619 665 488 486 END
START -2256 6456 11436 1190 -3649 -5798 498 621 664 483 486 END
START -4480 6660 12460 991 -4448 -5631 498 622 656 512 487 END
START -3600 7292 10364 594 -5335 -5731 503 621 663 483 486 END
START -4984 7888 11124 212 -5788 -6298 500 621 662 484 489 END
START -6352 8032 11648 8 -5302 -6870 500 622 663 482 486 END
START -6180 8092 10472 -37 -4313 -7036 499 620 664 483 485 END