START 5904 13960 5540 66 -1250 -3968 513 628 425 442 442 END
START 5704 14012 5160 123 -1398 -4518 512 630 425 440 443 END
START 5080 14088 4896 19 -2504 -5713 513 634 424 440 441 END
START 4188 13856 5268 -38 -3915 -6884 514 637 422 440 439 END
START 2712 13940 6316 -36 -5175 -7842 513 641 424 438 441 END
START 2132 13964 5648 -93 -6626 -8490 514 644 423 436 439 END
START 1804 13952 4696 -240 -7988 -8960 515 649 424 438 440 END
START 2920 14236 3880 -687 -7963 -9681 517 649 424 438 440 END
START 3860 14416 4048 -1175 -6356 -10089 518 651 424 437 441 END
START 2808 13712 4836 -1732 -5323 -11215 521 655 426 439 446 END
START 796 13160 5440 -2259 -4347 -11963 520 655 425 437 440 END
START 916 13356 4116 -2870 -4286 -12332 524 657 424 439 441 END
START 568 13204 4552 -3263 -3562 -12642 522 658 427 438 442 END
START -1180 13248 6196 -3399 -1614 -12764 523 658 426 440 441 END
START -2760 12284 6184 -3320 -1298 -12493 523 659 427 439 442 END
START -1820 11820 3848 -3115 -2192 -12175 523 660 424 440 442 END
START -8548 11836 8876 -3042 -2540 -11715 523 659 428 440 443 END
START -5016 10820 7012 -2798 852 -11021 526 658 428 440 443 END
START -13896 12112 12572 -2473 1247 -9831 524 660 428 439 443 END
START -8164 11580 7272 -1984 1325 -8379 522 658 428 440 444 END
START -4820 11888 4156 -1864 325 -6892 525 660 427 441 443 END
START -15156 12924 10888 -1512 418 -4573 524 659 428 441 443 END
START -8872 13420 6028 -1168 2769 -2242 524 658 428 441 443 END
START -8208 15104 4520 -945 2412 564 522 658 429 424 444 END
START -8352 15052 9548 -857 2114 2938 523 658 428 440 443 END
START -6496 15264 7960 -964 2621 5079 522 656 428 441 443 END
START -8020 14276 7060 -1262 2899 7016 522 658 428 435 434 END
START -7768 14212 7580 -1559 2046 8816 521 655 429 440 444 END
START -8136 15320 9624 -1669 3450 10122 522 656 426 438 441 END
START -2832 13492 4440 -1595 4070 11467 520 660 432 439 441 END
START -8488 13708 8500 -1595 4013 12484 518 655 427 439 441 END
START -2880 12544 5776 -1582 5681 13210 521 654 427 440 442 END
START -2744 12032 6240 -1443 5180 13923 518 654 427 440 442 END
START -8396 12400 10856 -1231 3921 14199 519 654 427 440 441 END
START 140 11192 5432 -864 4446 13940 517 655 427 440 442 END
START 4256 11496 3604 -647 5526 13757 518 654 409 444 441 END
START -2936 12376 8244 -730 6555 13220 518 654 426 439 441 END
START 2124 11692 5824 -667 5427 12537 517 653 425 437 442 END
START -5428 12460 10976 -565 3182 11418 518 655 428 442 441 END
START 1732 12664 7592 -318 1763 9750 518 655 427 439 442 END
START 8 12908 9812 -111 1045 8130 519 655 427 440 442 END
START -204 12884 10208 139 332 6445 519 655 426 439 442 END
START 1300 12716 9564 467 -323 4175 518 655 427 440 443 END
START 4108 12588 7812 722 -1295 1815 519 655 428 441 441 END
START 6720 12260 6432 1094 -2767 -626 518 655 427 440 443 END
START 7848 11964 5868 1513 -4922 -2983 518 654 427 440 442 END
START 2824 12896 8524 1811 -7302 -5520 519 656 429 440 442 END
START 3416 13120 6664 1773 -8151 -7885 518 655 428 439 442 END
START 7484 12912 2548 1421 -8691 -9894 519 655 427 438 442 END
START 6672 13180 3268 1106 -9127 -11665 519 649 428 440 442 END
START 1164 13732 6664 474 -10691 -13476 518 656 428 440 442 END
START 1444 14352 6308 -161 -11764 -15098 518 656 428 438 442 END
START 6580 13828 1868 -885 -9985 -16537 519 655 427 439 443 END
START 6028 14132 880 -1549 -7958 -17340 518 654 428 440 441 END
START -1876 14776 4556 -1986 -5807 -17435 518 655 426 439 441 END
START 4804 12924 2456 -2376 -3327 -17371 517 655 427 441 442 END
START -8140 13080 9296 -2519 -4780 -16517 517 653 426 439 441 END
START -500 11328 1784 -2779 -4342 -15068 517 654 426 439 441 END
START -9352 12036 7928 -2660 -3574 -13380 518 652 426 439 442 END
START -13028 11532 9780 -2334 -1747 -10299 515 653 425 437 439 END
START -14520 10732 10148 -2057 -882 -7851 515 654 425 438 440 END
START -10384 9908 7368 -1609 605 -5781 515 655 427 436 440 END
START -16096 11196 10860 -1345 -411 -3677 512 652 424 437 440 END
START -6108 10904 4108 -981 -106 -2176 513 652 424 437 440 END
START -9208 12776 7080 -928 -293 -896 512 651 424 437 440 END
START -7948 13536 6820 -999 845 354 513 650 423 437 439 END
START -7940 13520 6472 -979 1704 567 513 649 424 437 439 END
START -6860 14588 5952 -1163 1770 726 515 648 422 437 439 END
START -5228 14488 5392 -1230 1453 766 513 649 425 436 440 END
START -1900 15752 2924 -1408 1361 899 514 648 424 436 440 END