START 6268 12368 8172 -2079 -649 3028 481 639 403 422 411 END
START 6516 12320 8232 -2007 -1403 2114 480 638 400 422 412 END
START 7372 12604 7720 -1909 -3165 -779 482 640 402 422 412 END
START 7940 12564 7112 -1816 -3734 -4165 484 639 405 422 412 END
START 7712 12840 7484 -1692 -2639 -7249 481 640 403 423 412 END
START 5708 12504 7608 -1583 -2474 -9695 483 640 402 422 414 END
START 4092 12536 7500 -1442 -3769 -11767 486 640 401 422 413 END
START 3380 11884 7412 -1217 -5705 -13965 483 640 403 422 413 END
START 3144 12200 7596 -1218 -5351 -15505 483 641 403 422 414 END
START 2708 13248 7484 -1132 -3920 -16687 485 641 402 421 414 END
START -60 12944 7136 -851 -3621 -17478 483 641 402 424 413 END
START -1448 12076 7588 -726 -5384 -18106 485 643 404 413 414 END
START -1848 12596 7828 -478 -4506 -17900 484 642 392 423 416 END
START -3000 12780 7376 -368 -2286 -17222 484 642 401 424 418 END
START -5132 13484 6392 -140 -1355 -15913 485 642 401 423 415 END
START -6680 13696 8300 -89 -2249 -14605 483 643 402 425 415 END
START -7676 12712 10312 3 -2190 -12834 484 643 402 424 416 END
START -6100 12504 8692 147 -1567 -11314 484 644 403 425 416 END
START -10600 13888 11492 147 779 -8975 484 644 402 424 417 END
START -9516 12320 8036 433 702 -7057 484 643 402 423 415 END
START -12056 12676 9252 592 -738 -4687 482 642 403 424 416 END
START -13388 12160 8572 681 -1199 -2511 485 645 402 424 417 END
START -7432 11312 4972 547 307 75 483 643 402 424 407 END
START -9824 11548 5948 185 2124 2640 487 643 402 425 416 END
START -12972 11752 7700 -237 1964 5268 485 643 402 424 416 END
START -10400 11176 5888 -723 2462 7843 484 642 402 423 416 END
START -10632 11280 6288 -1397 3310 10044 487 643 403 424 416 END
START -11136 12020 7412 -2148 3456 12227 486 642 393 424 417 END
START -4688 11892 3504 -2885 4974 14225 485 641 402 424 417 END
START -8968 12796 7492 -3496 4417 15908 486 642 404 425 417 END
START -2148 13432 3664 -3654 5100 17240 486 642 403 424 417 END
START -1336 13740 6456 -3724 4589 17920 488 646 404 423 417 END
START 408 13852 8536 -3741 4610 17832 486 642 404 426 417 END
START 1400 13104 9044 -3417 3828 17252 488 643 404 424 416 END
START -648 13216 11992 -2711 2113 16287 488 643 405 426 418 END
START 3296 13044 11528 -1620 55 14734 491 642 402 425 417 END
START 4856 13156 11568 -286 -1307 12523 489 643 406 425 417 END
START 6104 12448 10752 1190 -2501 9767 489 641 406 424 417 END
START 6576 12084 10580 2755 -4318 6639 490 643 409 424 418 END
START 6648 11768 10760 4155 -6055 2840 491 642 406 425 419 END
START 7532 12076 9820 5260 -5938 -1009 492 641 404 423 420 END
START 6948 12288 8520 5930 -4279 -4234 490 642 405 425 419 END
START 5164 12040 7496 6254 -3375 -6871 491 642 406 425 419 END
START 5304 11916 5228 6124 -5044 -9260 479 643 407 423 419 END
START 3756 12172 4692 5663 -7098 -11332 492 642 405 425 421 END
START 768 12428 5464 4636 -9053 -13083 493 642 406 425 420 END
START 3160 12564 3288 3384 -9580 -14237 490 642 408 427 421 END
START 4520 12292 1104 2008 -8976 -15522 493 643 409 432 420 END
START 2232 12384 2540 562 -8193 -16561 493 643 407 425 420 END
START 4580 11400 328 -746 -6323 -17218 492 640 408 425 422 END
START -1304 12168 4772 -1741 -2853 -17396 493 640 407 425 419 END
START 2740 12848 24 -2166 1289 -16794 492 642 406 426 421 END
START -3012 12600 2920 -2511 -644 -16210 491 641 408 426 422 END
START -10976 14528 12156 -2866 -5676 -14865 492 641 407 428 421 END
START -9816 12844 9152 -3184 -7451 -13624 491 641 408 425 422 END
START -8480 12668 8828 -3424 -5221 -11539 492 641 407 425 422 END
START -12116 11312 9408 -3121 -2359 -9180 491 642 408 426 423 END
START -8848 10040 6276 -2364 -641 -6795 492 642 409 426 422 END
START -17072 10596 11836 -1567 -588 -4320 491 641 409 426 422 END
START -8688 9936 5596 -781 936 -2109 492 641 408 426 423 END
START -8216 10448 4508 -587 844 -136 492 641 410 427 422 END
START -13232 12144 8396 -602 -83 1002 493 640 407 423 424 END
START -10300 12352 7052 -807 327 1887 492 639 410 428 428 END
START -3708 12468 3212 -1233 1040 2348 495 642 408 426 421 END
START -4492 12676 4432 -1785 593 2232 493 635 407 427 426 END
START -4536 13132 4856 -2148 292 1995 494 641 409 427 424 END
START -4000 12752 5816 -2466 -94 1685 493 642 408 426 423 END
START -6552 13384 7556 -2588 46 1282 493 641 408 427 422 END
START -7176 12860 8568 -2561 -72 818 494 641 408 428 422 END
START -6396 12392 8196 -2413 -387 193 494 640 409 426 422 END