START -1816 7052 13520 -43 -2123 -4070 505 625 666 494 495 END
START -1812 6940 13396 -70 -2320 -4247 505 631 661 489 492 END
START -1504 6696 13452 100 -2445 -4779 508 630 662 489 492 END
START -1404 6752 13328 391 -1759 -4975 505 630 661 489 491 END
START -1556 7056 13372 622 -1509 -5040 504 631 668 479 482 END
START -2108 7436 12824 440 -1685 -5240 503 628 662 488 490 END
START -2384 7420 12884 305 -2359 -5708 506 630 662 489 492 END
START -2484 7216 12856 304 -2297 -6058 518 624 660 497 493 END
START -1972 7548 12468 583 -1330 -6187 508 630 659 488 491 END
START -2820 6844 12200 603 -810 -6317 506 631 662 490 492 END
START -3236 7684 13236 328 -1074 -5980 506 630 660 488 490 END
START -2932 8756 12884 463 -1135 -6115 509 631 639 490 496 END
START -2916 8500 11976 570 -1305 -6267 507 627 657 489 492 END
START -3116 8840 11548 646 -1006 -6213 506 629 678 496 499 END
START -4400 8660 11492 546 -1174 -6136 505 629 664 487 490 END
START -4296 8764 10720 426 -1099 -6330 506 630 661 489 492 END
START -4608 8980 11208 539 -444 -6089 503 630 664 485 492 END
START -4396 8892 10184 596 -18 -5583 507 630 662 491 491 END
START -5500 9232 10420 457 161 -5158 507 630 662 491 492 END
START -6112 8964 9836 245 -225 -4857 506 628 663 489 492 END
START -6192 8816 9672 135 -594 -4486 508 630 661 489 489 END
START -6864 9160 10008 -3 -292 -3912 545 629 656 489 494 END
START -7380 9444 9916 -83 301 -3341 507 630 660 455 492 END
START -8360 9544 10848 -130 470 -2741 506 629 663 490 493 END
START -8620 9316 11008 -129 677 -1810 506 629 661 524 494 END
START -8804 9344 10492 -326 820 -688 508 628 658 493 492 END
START -9220 8664 10836 -449 376 576 506 629 661 490 492 END
START -9112 6956 10392 -760 -494 1705 508 632 662 489 492 END
START -8516 7196 10264 -1058 -989 2946 505 629 663 488 492 END
START -8124 6808 10140 -1395 -883 3952 509 629 665 491 488 END
START -8080 6496 10496 -1649 -679 4695 512 628 658 490 495 END
START -7788 6212 10412 -1952 -473 5173 507 629 662 489 492 END
START -7212 5644 10184 -2135 -79 5608 512 620 662 489 499 END
START -6864 6100 10884 -2235 412 6275 504 629 657 485 493 END
START -6968 5804 11148 -2448 398 6820 506 629 662 489 492 END
START -6564 7140 11500 -2725 361 7268 506 627 671 494 492 END
START -6120 6800 11832 -2799 394 7626 503 626 661 489 499 END
START -5644 6424 11752 -2948 276 7810 507 627 662 489 491 END
START -5264 6932 13164 -3039 540 7886 511 628 660 489 493 END
START -5256 6620 13172 -3138 968 7872 507 628 662 489 495 END
START -4596 6496 14380 -3281 1501 7744 489 627 663 492 491 END
START -4400 5684 15216 -3064 1869 7607 503 629 666 490 491 END
START -3808 5408 15204 -2737 2069 7509 512 626 662 489 492 END
START -3120 6076 15176 -2402 1821 7318 512 632 663 487 491 END
START -2756 6292 15620 -2204 1668 6668 507 629 660 491 492 END
START -1860 6496 15392 -2065 2266 5936 503 628 662 489 492 END
START -1448 6480 16036 -1679 3159 5451 473 634 659 496 491 END
START -1060 6548 16048 -1352 3618 5018 508 627 664 489 491 END
START 176 7012 15768 -1177 3232 4593 507 627 661 490 492 END
START 148 7132 15780 -1136 2682 4001 511 644 659 490 481 END
START -48 7056 15664 -1024 2481 3210 524 625 658 489 492 END
START 752 7192 14564 -852 2598 2488 507 627 661 489 492 END
START 2280 7280 13000 -668 3189 1905 507 627 662 489 493 END
START 1260 7316 13808 -558 2890 1591 507 626 662 489 492 END
START 164 7824 13856 -591 1990 1096 507 628 655 509 497 END
START -32 9052 13352 -595 1112 415 508 625 659 493 489 END
START 656 7104 12528 -500 327 -524 508 627 661 488 492 END
START -640 6196 12728 -390 -473 -1154 508 623 661 489 491 END
START -824 6308 12844 -232 -1095 -1749 508 627 662 488 492 END
START -964 6476 12788 -104 -1570 -2306 510 619 665 488 474 END
START -1144 6444 12700 77 -1817 -3017 508 630 662 450 493 END
START -1228 6488 12304 259 -1885 -3643 506 626 662 491 491 END
START -1360 6428 12220 465 -2042 -4078 515 622 655 476 495 END
START -1884 6504 12296 603 -2428 -4376 507 625 663 495 494 END
START -1468 6624 11908 580 -3118 -4644 506 625 661 489 492 END
START -1644 7160 11132 411 -3548 -5136 499 623 663 486 490 END
START -2284 7592 11400 273 -3550 -5828 507 638 663 492 491 END
START -2624 7708 11416 288 -3487 -6499 507 627 661 489 493 END
START -3116 7696 10924 377 -3224 -6744 513 628 662 490 498 END
START -4852 7672 11836 443 -2847 -6845 511 628 660 490 492 END