START -5536 7844 10928 793 -1659 -6735 496 630 662 480 475 END
START -5712 7872 10760 828 -1283 -6662 497 631 663 480 476 END
START -6476 8104 11000 865 -351 -6488 506 629 660 484 487 END
START -6980 8388 10796 700 -233 -6521 491 632 666 491 479 END
START -6612 8452 10612 630 306 -6319 498 632 664 480 476 END
START -7052 8656 10504 584 379 -5888 445 631 633 480 455 END
START -7424 8736 10516 631 508 -5653 498 632 664 480 476 END
START -8068 8768 10760 513 558 -5309 526 635 659 482 480 END
START -7396 9800 10604 756 1522 -4615 499 630 661 482 479 END
START -7904 9104 10316 835 2021 -4054 497 625 664 480 476 END
START -8120 8840 9776 514 1279 -3307 491 631 658 505 478 END
START -9000 9068 10644 -83 731 -2309 494 633 689 485 477 END
START -8488 9836 11228 -489 1037 -1394 497 631 663 484 476 END
START -8056 10444 11388 -989 1307 -601 498 631 662 482 481 END
START -8288 10180 12356 -1170 1576 697 498 632 663 481 478 END
START -8412 10084 12712 -1395 1158 1792 497 631 663 484 477 END
START -8732 10388 12572 -1800 328 2889 497 630 653 481 479 END
START -8356 9828 12264 -2225 191 3634 498 630 663 482 472 END
START -7628 10028 12612 -2268 369 4524 493 630 664 481 479 END
START -7340 9940 12696 -2307 697 5238 498 631 664 481 477 END
START -7240 10052 12864 -2404 1040 5828 497 631 666 482 477 END
START -7128 9644 12544 -2639 1611 6223 501 631 664 481 477 END
START -6848 9660 12876 -2718 2426 6928 459 631 669 482 480 END
START -7284 9464 12288 -2958 2325 7819 499 632 663 482 477 END
START -7152 9344 11896 -3474 1514 8464 498 630 663 481 477 END
START -6444 9188 12004 -3888 1222 8854 499 630 665 482 477 END
START -5712 8884 12184 -4052 1861 9239 498 631 664 482 478 END
START -5628 8352 12408 -4109 1851 9686 502 631 666 481 478 END
START -4268 8504 10800 -4292 1714 9711 498 631 663 482 478 END
START -3708 8240 11460 -4301 2407 9587 500 632 662 482 477 END
START -3708 7976 11596 -4320 3131 9340 505 632 663 470 479 END
START -3384 7848 11792 -4375 3132 9154 494 632 662 482 480 END
START -3000 7744 12080 -4349 3019 9098 496 630 664 481 478 END
START -2520 7876 11556 -4411 2856 9030 500 633 664 477 478 END
START -2176 7660 11476 -4567 2909 8769 497 616 664 482 478 END
START -2020 7468 11824 -4825 2954 8396 497 631 665 481 480 END
START -960 7100 11816 -4884 3053 8019 496 625 666 481 480 END
START -2020 8248 12644 -4846 2300 7869 500 634 664 483 477 END
START -1876 7728 12744 -4743 1619 7216 497 631 663 482 478 END
START -1280 7456 13476 -4457 1404 6511 494 631 671 482 484 END
START -148 6736 13708 -3954 1370 5697 499 643 664 484 460 END
START 300 7784 14188 -3256 665 4740 498 629 664 483 478 END
START 1044 5888 13620 -2390 509 3587 503 636 660 483 479 END
START 1872 5160 13268 -1575 858 2331 496 631 662 479 488 END
START 1952 5040 13356 -850 1674 1391 498 631 664 485 478 END
START 300 4912 14016 -505 1381 801 499 631 664 482 479 END
START 704 4772 13708 -362 510 101 499 630 663 482 478 END
START -628 4976 15280 -204 -775 -796 497 631 664 482 478 END
START -404 5248 14824 -133 -1795 -1858 497 630 659 482 478 END
START -516 4400 14176 -132 -2603 -2972 480 633 667 481 478 END
START -336 4548 14028 138 -2518 -3968 502 631 663 482 480 END
START -1160 4796 14288 488 -2329 -4811 498 630 663 477 478 END
START -1508 3220 13100 650 -2684 -5408 440 646 660 482 479 END
START -2208 3600 12800 695 -2983 -6209 498 629 659 482 479 END
START -3036 3680 12704 705 -3227 -6800 500 631 665 482 478 END
START -3544 3532 12356 762 -3494 -7262 493 615 657 483 483 END
START -3884 3692 11816 852 -3575 -7374 501 629 664 482 479 END
START -5276 5544 13144 890 -3844 -7642 498 630 664 482 479 END
START -5848 5908 12648 896 -4144 -7888 500 624 669 483 480 END
START -6188 6216 11840 963 -3250 -7806 495 632 664 481 479 END
START -7076 6928 11460 895 -1847 -7446 500 630 664 482 479 END
START -8296 7316 11368 663 -1074 -6961 505 632 667 481 477 END
START -9600 8180 12992 460 -1022 -6204 499 629 661 481 476 END
START -9840 8196 12308 282 -789 -5143 497 628 665 481 478 END
START -10472 8088 12252 162 -408 -3635 506 626 663 492 480 END
START -10500 8216 11640 108 -319 -2073 494 627 661 485 476 END
START -11328 8096 12796 87 -495 -660 492 628 660 480 479 END
START -11028 7980 12600 74 -384 871 480 623 662 479 481 END
START -9020 8948 11992 119 358 2376 490 622 656 478 475 END
START -7744 9864 11512 123 1089 3750 508 616 661 478 483 END