START 4056 12276 8284 165 -2256 3392 458 645 404 421 408 END
START 4312 12148 8364 180 -2925 3066 457 646 404 422 407 END
START 4632 11936 8596 281 -5265 2097 457 645 404 420 409 END
START 6336 11752 8832 595 -8198 592 457 645 405 421 408 END
START 7948 11996 8260 805 -9686 -1437 458 644 406 421 407 END
START 8872 11780 7264 721 -9635 -3839 458 644 407 421 408 END
START 9380 12104 6660 530 -8094 -6366 457 646 406 422 406 END
START 8564 12108 6900 249 -7330 -8998 448 644 406 422 408 END
START 6516 11416 7892 -36 -8297 -10968 458 643 406 421 407 END
START 5424 11708 7980 -220 -10643 -12469 459 642 404 421 409 END
START 5188 12868 8216 -262 -13658 -14686 460 644 406 419 409 END
START 7060 13688 5664 -252 -12719 -16392 459 643 406 423 408 END
START 6664 13588 3460 -429 -10693 -17625 460 643 407 423 410 END
START 2956 13644 8268 -520 -8636 -18236 460 643 406 422 408 END
START 700 13096 7580 -382 -8153 -18466 459 643 407 422 409 END
START -5296 13860 10612 -138 -8892 -18217 459 642 407 421 409 END
START -4212 13568 8624 140 -8506 -17859 460 641 406 421 410 END
START 1048 12940 4004 405 -5578 -16874 460 642 407 423 410 END
START -7712 12880 7796 669 -3464 -15152 460 642 409 422 410 END
START -11372 13284 8876 1049 -1335 -12975 460 641 406 422 409 END
START -15236 13020 9828 1287 -817 -10415 460 643 406 422 411 END
START -9900 12688 4188 1183 1614 -7066 460 641 407 422 411 END
START -11180 13028 4212 621 4882 -2643 459 642 407 422 410 END
START -17348 14136 7656 -290 6212 2622 459 641 406 422 411 END
START -15384 14220 6876 -1240 7273 7613 459 641 407 423 411 END
START -7688 13764 2596 -2308 7551 12142 457 638 406 424 415 END
START -11020 14948 6964 -3352 9302 15808 460 641 406 422 413 END
START -3008 16060 2264 -4287 12609 19212 461 641 408 422 411 END
START -3424 15208 8092 -5263 13356 21156 462 641 406 423 412 END
START 828 13584 6224 -5893 12593 22086 464 642 406 421 411 END
START 344 13552 9820 -5980 11069 22364 464 642 407 423 411 END
START 5436 12992 8132 -5549 9144 21421 464 641 409 423 411 END
START 7204 12276 7664 -4857 7070 19208 464 642 407 425 412 END
START 6332 12160 10684 -4051 6208 16613 466 641 408 423 413 END
START 8828 11632 10160 -3092 5518 13405 468 642 408 423 412 END
START 11432 10820 8972 -1977 3558 9371 465 642 408 422 413 END
START 10880 11240 9884 -935 657 5228 468 641 407 424 413 END
START 13308 10772 8560 12 -1918 979 465 641 410 423 403 END
START 13532 11036 7696 679 -3725 -2994 469 641 407 421 411 END
START 11980 11140 7096 1049 -5495 -7115 469 641 409 423 413 END
START 6664 11560 9076 1188 -8353 -10514 467 640 408 423 413 END
START 8564 11428 7252 1421 -10525 -13186 467 641 409 424 413 END
START 7644 11972 7796 1782 -13093 -15642 466 641 408 426 413 END
START 5416 12880 8360 1992 -14448 -17663 468 641 408 423 416 END
START 5696 13220 7032 2109 -13166 -19809 466 641 408 423 413 END
START 5376 14404 6668 1815 -10255 -20986 467 640 407 422 413 END
START 4612 13480 6892 1489 -7763 -21662 467 640 408 423 412 END
START 524 12580 6632 1310 -6748 -21430 466 639 406 422 413 END
START -6812 13244 9820 946 -6765 -20124 467 640 408 423 415 END
START -2148 12276 3220 456 -6098 -19125 467 641 409 423 413 END
START -8188 12192 5788 -341 -4431 -16334 467 642 395 423 413 END
START -10196 12088 5892 -1143 -2697 -13743 466 641 407 423 414 END
START -14548 11404 8748 -1751 -1781 -10262 467 641 409 423 414 END
START -10728 11044 6892 -2104 -986 -7473 468 641 409 422 414 END
START -13376 11392 9056 -2269 -729 -4944 468 641 408 423 412 END
START -12864 12344 8972 -2202 -2574 -3263 468 641 409 423 413 END
START -6308 13592 4812 -2021 -1931 -1629 468 641 408 423 413 END
START -6140 14760 8368 -2055 -706 -337 468 642 409 427 414 END
START -2804 15148 6960 -2032 848 207 470 641 408 422 414 END
START -4328 14956 7396 -1913 761 506 468 640 408 425 414 END
START -7360 14428 8836 -1718 -566 674 471 641 407 422 415 END
START -3780 15476 7144 -1662 -1810 816 468 641 409 423 414 END
START -6952 15020 8496 -1533 -1522 611 468 641 409 423 414 END
START -96 14584 4452 -1567 -198 607 468 644 409 425 414 END
START -1444 14716 5524 -1449 353 441 468 641 409 422 415 END
START -3636 15836 8796 -1434 1041 560 468 641 408 423 413 END
START 1220 14080 3728 -1280 987 367 468 641 397 423 414 END
START -332 14356 5300 -1152 -98 391 463 642 409 422 414 END
START -3484 14268 7288 -958 -285 393 469 640 409 422 412 END
START -5252 15640 10072 -1044 -111 617 469 641 411 422 415 END