START -14428 5112 -2000 49 10808 3011 539 490 461 490 497 END
START -14292 5288 -2116 -153 10619 3147 538 491 464 488 496 END
START -14064 5992 -2536 -89 10306 3245 541 483 460 488 500 END
START -13572 7020 -2608 -922 10112 3145 537 493 467 491 497 END
START -13004 7092 -2712 -2132 9896 2630 538 491 466 491 497 END
START -11876 6312 -2924 -3299 10399 1921 539 492 466 491 498 END
START -12240 6716 -3504 -3637 10022 1367 536 489 471 496 497 END
START -12772 6788 -4172 -3449 8244 482 537 493 473 498 500 END
START -13192 6944 -3852 -3742 6600 59 535 491 472 497 498 END
START -13372 6868 -4260 -3598 5036 -430 537 493 480 493 496 END
START -13468 7804 -4080 -3999 3939 -921 533 489 473 491 496 END
START -13108 6056 -2908 -6192 3045 -2111 534 489 473 496 499 END
START -11612 7244 -5684 -5634 4104 -3428 533 487 473 495 501 END
START -10160 9256 -4436 -6779 6014 -3558 530 483 476 496 498 END
START -12996 8028 -4508 -8201 7186 -3238 531 490 475 495 500 END
START -17748 6608 -4632 -8683 8858 -3532 529 492 484 498 502 END
START -12532 7336 -7308 -10182 7852 -2623 527 489 472 497 501 END
START -15344 4876 -5272 -9236 4745 -2763 531 490 479 496 503 END
START -18040 3360 3132 -7157 2178 -1480 531 492 479 498 501 END
START -16312 4248 3900 -2676 3471 43 534 494 481 502 501 END
START -16260 3880 5996 -2465 4184 1098 535 495 483 504 503 END
START -17332 5624 1464 -863 4876 -154 529 489 480 498 501 END
START -16700 1844 -996 -1197 3548 -1268 529 490 478 499 505 END
START -13760 6352 -1884 108 3519 -399 527 488 477 495 501 END
START -16188 2544 -7876 222 1597 -955 530 491 479 496 501 END
START -17372 8384 -2460 -1047 439 179 534 493 479 493 499 END
START -19352 5120 -3676 -925 1241 -437 531 491 479 497 502 END
START -17356 6860 -948 -2485 542 389 531 493 478 496 501 END
START -17300 5612 -1200 -981 132 -110 526 489 481 497 501 END
START -16228 3460 -2544 -1789 -1296 -230 530 491 479 496 502 END
START -16052 6684 768 -1684 -2297 -437 534 492 474 495 499 END
START -16088 4420 -1908 -50 -2625 -1364 532 490 485 501 503 END
START -14924 1108 -2528 197 -4110 -1984 533 493 482 500 503 END
START -23352 2624 3424 921 -7690 -1214 533 493 483 501 502 END
START -21872 5400 3704 3889 -14188 -1918 538 498 486 505 500 END
START -19532 4824 1768 7794 -19942 -3125 535 495 484 505 498 END
START -18192 1904 296 9959 -25448 -4820 535 496 486 506 503 END
START -22376 3528 3448 10720 -30144 -5757 537 502 491 505 503 END
START -16140 5876 388 10953 -32768 -6955 532 510 488 507 503 END
START -13364 8388 -40 12210 -32768 -8004 534 513 491 511 504 END
START -14444 7428 -4824 11885 -32768 -10036 533 522 497 511 504 END
START -15292 6212 -2676 10999 -32768 -9473 534 535 494 514 502 END
START -16576 6080 -472 8529 -32768 -8732 532 538 491 515 504 END
START -11852 10036 -484 7583 -32768 -7930 536 558 497 517 507 END
START -8432 9824 -5988 6915 -32768 -6202 534 568 498 517 508 END
START -21472 5900 4724 5418 -32768 -4963 532 577 500 519 508 END
START -16152 5896 4196 4048 -32768 -1202 538 590 505 523 511 END
START -10600 7280 3508 2290 -32768 2561 538 604 504 520 509 END
START -6264 7648 -1552 2376 -32768 4896 539 619 506 518 510 END
START -18008 1396 7032 1659 -32768 6119 536 630 509 520 511 END
START -15284 3084 7648 2482 -32768 8873 539 644 508 520 512 END
START -11616 6204 7548 4158 -32768 11797 542 657 509 519 511 END
START -12544 1540 9508 4379 -32768 13879 538 670 511 521 514 END
START -5764 -136 9992 4140 -32768 15986 539 672 508 520 514 END
START -3164 2600 12368 7034 -32768 17517 539 677 508 520 514 END
START 1904 560 6368 9629 -32768 16666 538 678 510 523 516 END
START 4924 2140 10768 11548 -32768 18651 540 682 510 521 515 END
START 11744 3036 4384 12951 -32768 18683 541 683 509 520 515 END
START 10208 348 12152 12405 -32768 18545 540 683 509 521 517 END
START 15776 5820 12608 12957 -24496 19594 538 684 508 519 520 END
START 13876 2356 13944 10601 -13835 19153 544 688 510 516 516 END
START 9064 5160 16428 9761 -4393 20266 539 685 508 510 516 END
START 10432 -1488 10568 9648 -413 16797 544 693 512 514 517 END
START 7972 1876 14108 10178 -1216 17749 546 692 511 511 517 END
START 9432 -212 13628 10642 -2896 16995 548 692 515 510 517 END
START 8412 3000 17220 10087 -3706 18807 547 691 521 510 521 END
START 10004 -2624 11024 10751 -5001 16466 550 693 525 506 515 END
START 15476 -664 8316 9368 -5956 13988 554 694 527 511 518 END
START 17356 780 5596 9685 -1474 12212 557 694 530 511 517 END
START 10972 1988 15860 8073 3006 14152 559 696 535 513 515 END