START -16964 5140 -5416 -8374 5488 4095 527 480 456 466 486 END
START -16976 5424 -5636 -8735 4869 4198 527 481 454 470 489 END
START -16004 5412 -5532 -10405 3375 4254 528 480 454 472 490 END
START -13468 5136 -6724 -12087 2711 4232 533 485 461 475 493 END
START -11608 5524 -7016 -13477 3279 3851 545 482 461 475 493 END
START -10316 5264 -6672 -14322 5337 2639 550 484 464 479 492 END
START -11984 6196 -4260 -15145 5629 2302 555 486 464 486 498 END
START -11108 6620 -3216 -15602 5096 1169 558 486 468 484 497 END
START -11240 4836 -2792 -15672 5387 619 558 485 469 484 498 END
START -12700 4768 -2084 -14906 5156 -384 558 485 468 484 495 END
START -12588 5768 -1868 -14834 4582 -1460 562 481 466 480 498 END
START -11208 6488 -1216 -14579 4539 -2102 563 486 469 482 499 END
START -12264 6112 -12 -15253 5293 -2363 562 489 470 481 498 END
START -15476 3056 -1264 -13853 6071 -3170 559 488 474 485 501 END
START -17744 6532 3240 -12760 5386 -2737 558 486 470 482 500 END
START -17336 524 2980 -10832 5430 -2155 557 486 470 484 500 END
START -16856 3900 10172 -5423 6653 474 553 485 470 485 497 END
START -19884 -500 8772 -1370 5774 1768 550 483 471 485 500 END
START -19804 5408 7300 -261 2903 491 548 483 467 481 499 END
START -16576 1148 -664 50 1587 -2897 545 482 469 483 501 END
START -16680 7652 272 -631 2666 -2035 548 485 468 481 497 END
START -15088 3048 -7160 -571 2918 -1983 550 487 472 483 499 END
START -20308 8220 -860 -1703 56 -862 549 490 472 485 497 END
START -18344 3672 -3936 -1465 -1414 -1620 548 486 470 483 496 END
START -17476 6188 -392 -2681 -3422 -765 550 493 474 489 499 END
START -14724 5604 -1840 -1192 -3646 -1221 552 490 465 484 497 END
START -14252 2968 908 -1163 -4469 -1306 549 488 473 487 498 END
START -14816 7248 5236 161 -5059 -1492 552 489 475 490 499 END
START -19152 1780 2584 1576 -9291 -3390 551 488 474 492 499 END
START -19488 5344 4368 3312 -16390 -4174 555 493 479 498 496 END
START -17056 3804 -948 7073 -23047 -6191 554 499 482 499 502 END
START -14844 2300 -524 8967 -29686 -7554 555 504 484 502 498 END
START -17560 7584 4812 11232 -32768 -8919 554 518 493 507 504 END
START -17208 4992 -56 11734 -32768 -11006 556 526 491 508 504 END
START -18328 5536 -1256 11035 -32768 -11332 557 538 493 510 505 END
START -20512 8796 1776 10770 -32768 -11472 556 547 496 513 507 END
START -17196 6988 -4636 10339 -32768 -12742 553 554 497 512 509 END
START -14196 5960 -4536 7895 -32768 -11521 563 562 496 513 507 END
START -13160 8776 -824 5335 -32768 -8151 560 580 504 518 510 END
START -10444 8124 -2956 4296 -32768 -5083 559 596 507 519 508 END
START -11140 1704 1892 2936 -32768 -2253 558 613 509 522 515 END
START -10600 5256 8132 2567 -32768 1388 559 624 511 523 515 END
START -4080 5736 4884 3663 -32768 4027 559 634 514 524 517 END
START -3532 560 10736 3054 -32768 6533 560 646 512 525 518 END
START -128 2968 14448 5966 -32768 8603 559 661 518 527 518 END
START 4436 -1344 13172 7625 -32768 9717 559 670 519 529 521 END
START 9880 2728 15032 10262 -32768 12139 559 671 517 530 523 END
START 11388 1324 10712 10359 -30558 13740 557 680 525 530 521 END
START 12740 1660 14012 12022 -24255 15362 556 683 525 533 524 END
START 14876 4800 12092 14478 -15111 13513 557 690 530 535 529 END
START 6244 2560 16976 12057 -11754 14522 554 688 534 536 527 END
START 5140 5296 17352 12855 -7329 15381 556 688 532 533 530 END
START 3696 728 15820 12710 -10179 14993 555 689 531 531 528 END
START 6056 5232 15800 12261 -12223 15287 556 688 529 528 531 END
START 11672 -16 13444 12223 -12650 14069 559 688 528 526 528 END
START 12728 2536 13572 12352 -9393 14230 559 693 536 526 529 END
START 9452 1204 9788 13192 -4240 12407 558 691 540 530 532 END
START 10472 2476 10836 11856 -1879 12798 564 693 544 524 531 END
START 8896 2764 10900 12257 -2121 11522 561 692 546 525 529 END
START 10864 2688 11048 10125 -4741 11153 561 692 548 527 530 END
START 13672 3780 8612 10682 -2001 10490 568 696 553 520 528 END
START 12840 260 7132 8298 -404 10482 565 694 553 525 533 END
START 10892 1200 5940 8342 1141 9739 570 697 556 525 528 END
START 7512 3368 13344 6298 -52 10723 563 691 558 524 532 END
START 10772 -1380 10448 6192 1358 10057 567 694 566 526 529 END
START 11488 1736 9792 5201 3325 11112 569 696 575 529 531 END
START 12184 -1616 8068 5022 6077 9512 565 694 586 534 532 END
START 11992 3728 11068 5034 8557 9591 569 696 591 535 530 END
START 5572 -1232 13528 4845 5336 8519 570 694 597 537 530 END
START 16592 3436 9088 4728 4426 7287 572 688 600 537 526 END