START -16872 7752 -4464 2286 6173 3504 563 503 483 507 498 END
START -16480 7472 -4580 1827 6114 3599 562 500 481 505 498 END
START -15612 7912 -4156 525 5920 3784 555 497 477 507 498 END
START -15604 7544 -3992 -643 5373 4137 560 496 475 503 498 END
START -14576 5680 -3176 -1638 5197 4909 559 494 480 502 498 END
START -13868 9396 -3456 -3121 5165 4328 556 490 474 499 498 END
START -13172 7896 -2320 -4751 5188 3442 557 491 472 494 491 END
START -11624 7404 -2356 -5950 5971 2648 555 489 469 490 487 END
START -12012 5532 -3364 -6684 6248 1658 555 489 469 488 479 END
START -12252 5112 -3024 -6939 5727 707 549 486 467 485 481 END
START -12592 5064 -2972 -6990 5313 74 548 487 467 484 475 END
START -12316 4440 -3524 -6951 4811 -1062 540 481 460 477 474 END
START -13072 5708 -4924 -7001 4175 -1680 544 485 461 474 462 END
START -13764 6688 -1448 -7782 3207 -2117 545 493 454 468 455 END
START -9736 4584 -6876 -8475 4271 -3069 538 487 463 473 453 END
START -12400 4212 -6968 -8582 4684 -3656 542 484 459 471 450 END
START -9784 6992 -6876 -10272 5093 -3071 542 485 460 470 451 END
START -17844 3864 -2796 -10693 5904 -4060 540 484 459 471 452 END
START -20804 7356 3036 -12501 8458 -3348 542 486 463 468 450 END
START -8808 2356 -9448 -12911 13702 -4351 544 487 460 472 451 END
START -16828 4840 -3264 -13852 13505 -4200 548 490 461 472 451 END
START -13220 -692 -2956 -10152 13912 -5090 545 490 462 472 453 END
START -17712 -1900 5784 -6744 14754 -2156 545 486 464 473 453 END
START -19140 756 6384 -3060 15743 -1167 546 482 455 466 448 END
START -26584 -3212 1176 -1247 11743 -2083 545 482 462 468 448 END
START -24040 -268 -5656 -1216 7010 -1051 548 483 451 463 447 END
START -21132 5148 -11252 613 3816 494 552 491 457 465 449 END
START -19848 624 -10624 170 978 1267 550 485 454 465 446 END
START -21048 6616 -3720 -927 -1430 2860 548 484 456 467 446 END
START -23116 3520 -3504 -254 -2921 1888 552 486 456 466 447 END
START -11808 1948 -10564 -1311 -2641 2031 551 486 455 467 448 END
START -7988 6224 -5888 -900 -1581 2244 549 489 456 467 448 END
START -13284 2596 -7968 -921 -3694 363 551 481 452 466 449 END
START -9100 5112 -8476 -2237 -3156 510 552 487 458 470 450 END
START -10792 5956 -6900 -1194 -1178 -425 553 489 461 471 452 END
START -10212 1116 -11356 -1040 -3224 -1118 550 486 456 469 450 END
START -18380 1628 -5376 -1609 -6350 -387 552 490 462 474 454 END
START -24552 5476 4768 -233 -9572 102 558 494 466 480 455 END
START -17108 -40 -2876 737 -10400 -753 554 494 465 475 453 END
START -21424 2120 2056 1698 -12704 -468 554 494 467 481 459 END
START -17180 4104 -700 4524 -14803 -926 558 496 471 485 461 END
START -22296 -652 -716 7705 -21182 -2401 555 498 471 484 461 END
START -16860 1276 -3488 9745 -28692 -2641 554 498 474 489 468 END
START -25568 5268 5308 11963 -32768 -3887 551 503 477 494 468 END
START -19124 7696 -316 14169 -32768 -6068 544 512 480 496 469 END
START -17656 5168 -2928 13762 -32768 -8508 543 524 483 499 473 END
START -16356 3024 -3884 13267 -32768 -9645 547 532 485 501 470 END
START -14748 5504 -4760 13248 -32768 -9445 549 540 486 504 476 END
START -19748 7612 1488 14537 -32768 -8532 549 553 493 506 478 END
START -13528 8428 -3960 14539 -32768 -6259 549 568 492 506 483 END
START -12748 7264 -4424 10861 -32768 -3857 543 587 499 511 481 END
START -11272 4652 -2764 6790 -32768 -2126 542 610 503 512 482 END
START -13136 3852 2196 4214 -32768 -614 539 621 506 515 485 END
START -12552 3764 5056 4339 -32768 1126 543 637 504 512 484 END
START -11268 5296 6952 6146 -32768 4533 544 650 499 510 485 END
START -11848 6264 8828 5976 -32768 8594 541 656 498 511 486 END
START -2260 5156 -4068 4387 -32768 11769 537 665 498 511 485 END
START -9464 -2172 9220 4527 -32768 13674 537 671 494 512 489 END
START -3964 260 8496 8852 -32768 12641 539 677 495 508 491 END
START 12096 -1536 1436 13509 -32768 11564 544 682 495 505 494 END
START 17304 3972 3768 11768 -32768 14911 545 685 493 505 494 END
START 26116 5816 10548 12659 -32768 15206 544 683 493 505 493 END
START 22616 2620 15944 8895 -11399 14446 544 681 491 504 493 END
START 13628 5832 14708 10654 9596 14315 545 683 495 505 497 END
START 7208 1652 13936 10851 14943 15883 545 687 493 504 497 END
START 4528 4872 14948 12107 8020 16937 546 688 495 501 497 END
START 3404 4 16284 11632 -1679 16556 546 687 496 505 500 END
START 11028 1996 11780 13736 -5112 14908 548 689 494 501 498 END
START 12624 -2304 9028 13451 -6273 13593 549 690 495 501 499 END
START 13468 4132 11724 14300 -1645 14270 553 690 498 503 499 END