START -11968 7380 392 -1250 -1814 3611 544 488 467 480 496 END
START -10996 7448 652 -985 -1864 3205 542 489 467 480 499 END
START -9476 7928 240 -694 -1120 2096 547 491 469 482 495 END
START -8952 8024 -412 -345 368 794 542 488 469 482 496 END
START -8212 8572 -1620 -221 2166 -352 534 484 466 486 497 END
START -8784 9936 -2672 -1246 4136 -1428 539 488 469 482 495 END
START -9108 9708 -4364 -2402 5601 -2980 535 485 467 482 495 END
START -11732 9240 -5092 -3777 6443 -3656 541 491 472 483 492 END
START -14076 9628 -5480 -5316 5800 -4253 535 488 470 483 494 END
START -14560 9768 -5900 -7064 5072 -4598 535 487 470 484 493 END
START -14752 8840 -6240 -8913 4483 -4965 534 488 470 483 494 END
START -13340 6492 -5144 -9873 5189 -5187 537 489 469 479 491 END
START -13292 8284 -4548 -10444 7990 -4206 535 488 473 485 494 END
START -14652 5940 1864 -9401 9780 -2809 537 489 468 482 494 END
START -23900 2372 7224 -6216 7944 -731 535 488 473 486 493 END
START -18816 3544 3140 -3126 5643 -428 532 485 472 485 494 END
START -21068 4108 6172 -2953 2222 -110 533 487 465 484 493 END
START -16012 3528 -2412 -1234 3174 -738 530 484 474 486 494 END
START -13068 5620 -5964 -1847 1432 509 534 487 472 484 492 END
START -17496 6136 -4312 -781 -210 -430 535 485 472 485 492 END
START -14112 7628 -3440 -2104 -381 261 533 487 469 490 495 END
START -16496 6324 -2352 -1199 -1032 -840 535 489 473 487 493 END
START -18668 4428 272 -1783 -2372 -930 535 490 474 488 494 END
START -14424 7296 -1208 -105 -2727 -1605 538 495 479 493 494 END
START -12744 2496 1680 530 -4237 -2853 538 493 470 489 496 END
START -16984 6720 7908 2433 -6199 -3746 539 492 479 495 500 END
START -18796 732 4464 5795 -12044 -7157 538 494 481 497 503 END
START -17324 2272 4324 8756 -19865 -8542 537 492 480 500 501 END
START -18044 4208 -116 14076 -28179 -11234 540 495 482 500 504 END
START -16384 1988 -40 15681 -32768 -13889 540 502 487 502 511 END
START -17784 6008 964 15964 -32768 -16129 544 498 482 502 507 END
START -18944 6544 -2836 15981 -32768 -19321 544 500 488 504 508 END
START -19084 5668 -2540 13408 -32768 -22218 541 498 485 503 506 END
START -19668 8008 -1456 10603 -32768 -21627 541 500 486 505 508 END
START -18100 8540 -2744 9463 -32768 -20583 539 500 487 506 509 END
START -19172 4588 1348 6572 -32768 -18258 537 504 486 512 511 END
START -12328 6344 2968 4053 -32768 -14317 542 516 493 513 512 END
START -8068 5904 4536 3932 -32768 -10933 544 530 496 515 514 END
START -10172 280 8100 2753 -32768 -7723 544 547 501 519 519 END
START -6180 2724 11360 3233 -32768 -2810 544 553 500 521 522 END
START -2476 1764 13012 5239 -32768 848 548 567 504 522 519 END
START -6684 -68 17120 5197 -32768 3756 547 578 507 523 520 END
START 696 2484 14520 7201 -32768 6107 549 596 512 526 521 END
START 1436 -980 13856 6982 -32768 7190 548 605 510 526 523 END
START 2276 1832 15480 8296 -29080 9336 553 622 513 526 523 END
START -16 -1044 17836 9606 -27467 11343 551 625 510 526 521 END
START 4524 2448 14044 11760 -21969 13042 550 638 512 528 525 END
START 6676 -2132 12604 11739 -21702 13352 550 652 511 527 525 END
START 4520 1492 15224 14991 -18963 14591 552 664 511 528 525 END
START 5804 -1220 13768 15471 -17772 14637 550 675 515 529 527 END
START 5872 3904 15416 16474 -14953 16245 550 679 517 530 527 END
START 6788 376 13652 15576 -13362 15603 549 680 519 530 528 END
START 8544 3184 12820 15370 -9849 16786 548 682 519 530 526 END
START 7044 -552 11916 15493 -8971 15942 551 684 522 528 529 END
START 6556 3664 14368 15370 -9390 16620 552 686 524 526 530 END
START 10072 24 12724 14567 -9142 15696 552 691 531 528 531 END
START 10896 3712 13756 14475 -7133 16743 553 687 531 525 530 END
START 10132 76 12844 14128 -4786 15398 554 686 528 521 529 END
START 9616 3828 12084 14074 -2702 15450 553 687 539 526 533 END
START 11288 -156 8548 12371 -3173 13622 554 689 537 523 531 END
START 12468 4272 9940 11867 -2286 13327 555 690 545 521 531 END
START 15400 -1080 5892 10283 -665 11984 555 694 547 525 530 END
START 14348 3040 8084 9984 3742 12914 557 691 549 523 530 END
START 9660 444 8796 8074 3633 12886 559 695 552 522 529 END
START 10700 148 9316 8229 3023 11844 559 687 552 520 531 END
START 17508 2476 9980 7204 2659 11516 560 692 556 521 528 END
START 19256 -2312 7576 7077 4054 9647 561 693 559 520 528 END
START 12012 3220 12416 6725 5628 9324 564 695 559 518 526 END
START 18000 -840 5788 5349 7032 8058 563 691 564 520 527 END
START 9088 340 9760 4532 4497 5386 566 686 567 521 530 END