START -14004 5720 -2304 -13167 20857 641 559 486 475 506 529 END
START -15100 5312 -2276 -13182 20024 349 559 488 476 504 528 END
START -17276 5880 -2620 -11347 16026 -473 556 488 476 499 528 END
START -17760 6732 -2252 -11389 10963 -1313 552 480 468 488 520 END
START -17180 5900 -1492 -11013 6851 -1824 554 479 469 482 511 END
START -15896 4520 -1404 -10826 4990 -1847 551 477 468 478 503 END
START -16248 4908 -1820 -9948 4170 -1923 552 478 469 476 499 END
START -16384 5024 -1372 -9149 3581 -1740 550 476 465 474 493 END
START -15440 4100 -1492 -9220 4161 -1842 549 477 467 477 496 END
START -16024 3836 -460 -9089 4970 -1591 543 472 466 478 494 END
START -15320 1728 352 -7512 5388 -1747 544 476 464 475 493 END
START -16740 1704 2592 -5080 4834 -807 547 477 468 479 497 END
START -17044 3780 3284 -3321 3670 -308 548 474 467 479 493 END
START -17172 3552 2064 -3188 2736 -431 545 481 469 480 498 END
START -16556 1212 -1840 -2078 3005 -1392 546 477 467 479 496 END
START -17668 6064 784 -2021 2856 -475 545 477 466 479 496 END
START -21088 2532 -1912 -1998 1957 -442 551 479 467 483 500 END
START -14916 6628 -2276 -1647 445 -176 545 477 467 480 497 END
START -18504 2904 -3936 -2315 -1091 -28 543 475 468 481 497 END
START -16604 6392 -2696 -2119 -1701 252 544 481 472 483 497 END
START -18100 1488 -2412 -1959 -3934 -168 545 479 468 483 495 END
START -21640 6084 4212 -2119 -6529 456 546 480 470 485 499 END
START -19984 2720 -16 -645 -7942 -419 546 480 472 486 500 END
START -19536 4580 2496 -913 -10999 294 548 480 475 488 503 END
START -19272 3052 -508 2157 -14722 -860 548 480 473 488 504 END
START -22492 1472 2780 3702 -21238 -1669 550 481 474 492 508 END
START -21360 5360 6884 6561 -26901 -2251 551 482 475 496 509 END
START -20324 1620 2900 9585 -32444 -4768 551 484 478 495 509 END
START -18096 3716 2740 10342 -32768 -5874 551 488 483 500 511 END
START -15388 7384 5144 11615 -32768 -7876 553 491 483 503 508 END
START -16512 5128 1724 11877 -32768 -11500 551 490 482 500 508 END
START -16192 5920 1828 11264 -32768 -13082 550 491 485 502 513 END
START -14668 9256 3884 11539 -32768 -13707 552 497 489 505 517 END
START -13964 6916 1280 11277 -32768 -14369 553 497 488 507 515 END
START -11312 7160 2224 8765 -32768 -12468 552 504 492 516 519 END
START -10404 9504 4844 6535 -32768 -10263 554 517 499 516 518 END
START -8480 7368 956 5619 -32768 -8690 554 535 511 522 520 END
START -12536 5476 5076 3661 -32768 -6033 557 568 515 526 522 END
START -6104 6952 2700 3967 -32768 -1882 557 600 519 528 524 END
START -9492 476 2660 4127 -32768 964 553 647 527 532 526 END
START -11744 1164 9176 6941 -32768 5339 555 671 535 533 528 END
START -2296 4212 1484 10104 -32768 9495 558 681 547 538 529 END
START -2732 2816 12348 9270 -32768 15296 558 683 548 539 530 END
START 520 4576 15956 9359 -32768 17845 556 686 551 543 533 END
START 9332 -3040 11540 10154 -32768 15637 558 687 547 541 530 END
START 14420 1120 10340 10400 -32768 15972 558 688 550 542 532 END
START 14304 -644 9148 13948 -23730 17063 558 689 556 542 533 END
START 15948 800 9880 13908 -13661 19696 561 691 556 540 537 END
START 14980 2220 9896 15440 -6560 20985 559 691 557 534 533 END
START 12452 -620 14560 14053 -4837 21197 562 693 559 534 531 END
START 14032 -800 11076 16660 -2332 19682 562 696 567 531 534 END
START 11240 -1896 12716 16157 1244 21437 562 693 570 529 535 END
START 10988 2172 12244 18101 4298 22685 564 693 574 528 533 END
START 7212 -2236 15708 16709 -1462 21428 564 694 574 527 532 END
START 14804 -676 15176 17963 -2902 18493 564 691 575 527 533 END
START 16540 -7196 10292 18151 -18 16598 568 694 572 524 531 END
START 18112 -2256 8348 18283 4505 16390 571 696 577 524 534 END
START 17252 -6672 8264 16960 5094 13261 576 697 582 525 531 END
START 18828 -3224 9232 16481 6616 13280 573 688 584 525 531 END
START 22568 -8608 2560 11817 3003 6094 572 673 592 524 531 END
START 32767 -1900 -3468 5343 1664 -1550 582 665 602 527 533 END
START 21100 -4692 -2152 -97 3505 -6582 585 663 605 532 533 END
START 14476 728 3288 -3202 3554 -5645 583 665 608 534 535 END
START 12916 -3140 4636 -5730 3463 -4806 587 671 608 533 533 END
START 21752 -1492 1600 -5946 468 -6279 589 679 608 534 533 END
START 12080 884 13604 -7655 545 -8535 591 683 604 534 533 END
START 26704 -3320 4784 -7503 13677 -13151 591 690 602 531 533 END
START 22800 1256 5564 -8891 27105 -13616 589 689 595 532 532 END
START 9196 -1224 12652 -9848 32767 -17259 586 688 583 531 531 END
START 9180 2608 12244 -10689 32767 -19498 582 684 564 528 531 END