START -13684 7040 -4808 -8555 15717 -350 494 481 432 448 454 END
START -14204 6684 -4948 -8832 15639 -510 494 482 440 448 452 END
START -16052 6412 -5368 -9842 14466 -916 497 482 439 450 457 END
START -17828 6412 -5104 -10393 11334 -1443 494 480 437 452 458 END
START -17516 6160 -4612 -10901 7289 -1477 494 480 439 454 459 END
START -15592 5584 -4416 -11161 3686 -2053 496 480 440 456 462 END
START -13740 5476 -4336 -10459 2581 -2070 500 479 439 457 462 END
START -14004 5672 -3608 -10184 1421 -2600 498 483 444 460 465 END
START -12704 5408 -3152 -9939 1042 -3419 498 483 444 461 466 END
START -12592 4244 -2404 -9626 1479 -4215 499 480 447 462 467 END
START -14028 5236 -1508 -8653 1347 -4547 496 482 448 466 468 END
START -15772 6264 284 -7930 144 -3774 500 485 447 463 467 END
START -16112 4108 272 -8115 -202 -3710 498 485 447 462 466 END
START -12380 3008 -2684 -6937 2718 -4287 497 488 452 464 468 END
START -10068 6600 -164 -7944 6965 -3553 501 484 447 462 468 END
START -11716 2520 -4484 -7870 11286 -3777 502 478 444 460 465 END
START -18972 5920 -1980 -8310 11669 -3018 496 482 450 459 465 END
START -18004 4356 -7176 -8208 10581 -4075 506 487 453 465 466 END
START -17428 3000 -6312 -9368 8254 -3788 500 484 450 464 468 END
START -16304 4804 -24 -7764 7662 -3448 492 485 452 465 469 END
START -17860 -1144 -2516 -4768 6983 -2489 501 486 446 463 469 END
START -21220 736 2408 -2757 3670 -637 497 483 453 467 469 END
START -22860 4052 2556 -1005 1271 -36 494 486 456 468 471 END
START -17680 -392 -4192 -1587 1118 -676 497 478 448 464 470 END
START -14092 3140 -6976 -2638 64 -52 498 483 453 467 469 END
START -16832 7912 -9220 -787 -1449 271 499 484 452 466 469 END
START -15172 1800 -7980 -794 -3380 -352 495 483 452 470 471 END
START -18444 4232 -2940 -1644 -5991 366 501 485 455 470 470 END
START -16132 6088 -1480 -416 -6781 237 502 487 458 468 470 END
START -16376 1772 -2940 896 -8128 -428 501 486 454 468 468 END
START -20952 1388 2244 822 -9755 43 503 488 456 473 472 END
START -17324 5372 5572 3566 -10405 -119 501 487 457 474 473 END
START -17744 1644 580 6322 -12984 -1529 504 491 459 475 474 END
START -19464 -452 -252 7963 -17592 -2282 504 492 460 476 476 END
START -21344 3132 3152 9687 -23445 -3166 504 496 462 479 479 END
START -19012 5512 708 12235 -28950 -4929 502 500 465 482 478 END
START -16336 8020 -788 14127 -32768 -7398 508 496 462 481 480 END
START -11748 8948 -12240 15328 -32768 -8894 510 497 462 482 480 END
START -16196 7168 -8768 14836 -32768 -10047 510 497 465 483 480 END
START -22324 7388 -3416 12898 -32768 -11964 509 498 465 489 484 END
START -15028 5316 -6568 10441 -32768 -12779 520 508 467 486 478 END
START -16956 6136 -848 8098 -32768 -12299 514 510 467 488 484 END
START -12376 7436 2100 6873 -32768 -10184 513 517 469 490 486 END
START -9564 7020 5564 6242 -32768 -6915 518 527 471 492 489 END
START -2448 6752 -4312 4802 -32768 -4228 511 533 477 495 491 END
START -7308 2128 10068 2711 -32768 -1356 515 543 472 493 490 END
START -3092 4960 8872 2811 -32768 2154 515 557 473 493 490 END
START -9396 532 10228 2146 -32768 4126 518 579 476 493 494 END
START -7868 2304 11332 3001 -32768 7230 513 598 475 496 494 END
START -9520 788 8608 5042 -32768 9232 514 612 476 497 496 END
START -6000 1436 10828 5284 -32768 12966 510 630 477 498 501 END
START -3768 808 9236 6875 -32768 12519 512 641 474 497 497 END
START 648 -1364 11824 7988 -32768 13527 510 654 475 496 496 END
START 8072 2260 11504 11107 -32768 13612 514 666 474 495 502 END
START 13112 -2608 9992 13350 -32768 14505 515 674 474 499 499 END
START 15224 2696 12440 15203 -31111 16793 515 679 474 501 500 END
START 15824 872 14516 14147 -20531 15174 515 685 472 501 501 END
START 13240 4004 16816 12503 -10956 15487 514 687 466 499 502 END
START 11836 540 9764 13304 -2513 14083 516 687 467 499 503 END
START 8776 4120 14960 12370 -178 15670 517 692 471 500 504 END
START 4764 904 11436 13040 -949 16106 517 689 465 496 502 END
START 4824 3508 17476 12576 -5282 16971 517 691 463 495 504 END
START 8352 556 9980 12990 -6214 13983 518 689 457 493 506 END
START 10484 3812 12932 12132 -6536 13152 519 690 452 484 505 END
START 11080 568 7492 11760 -4774 10698 520 694 451 482 505 END
START 14836 1776 10408 10995 -1887 12228 523 698 457 485 507 END
START 12564 -1292 6712 11353 1121 11185 520 696 453 484 505 END
START 7900 3092 13164 10533 366 12857 521 695 460 489 505 END
START 9888 -240 6860 9940 -780 11310 519 694 464 498 508 END
START 13224 4084 9652 9098 -1052 10722 526 698 476 495 505 END