START -13648 7056 -8508 -1404 -770 73 516 512 441 459 444 END
START -13548 5984 -8224 -1155 -607 216 520 515 442 456 443 END
START -13108 5716 -10120 -391 772 1492 521 512 443 456 443 END
START -14644 5880 -10448 641 1689 2664 515 507 446 459 445 END
START -17808 7072 -7924 1110 -989 1942 515 506 438 454 442 END
START -17672 5520 -5520 1695 -3575 2406 514 500 435 453 442 END
START -16244 5960 -3900 1606 -5466 1257 509 498 444 456 439 END
START -13744 5280 -2856 1129 -5267 670 510 493 435 451 437 END
START -13092 5600 -1988 -835 -3884 517 512 491 435 450 436 END
START -13000 5228 -984 -2861 -2851 -136 510 496 441 452 439 END
START -13688 4012 -496 -3444 -1808 -664 510 490 437 451 438 END
START -14716 3832 -928 -4118 -2284 -1264 511 492 441 457 440 END
START -16108 6204 -232 -3869 -856 -568 511 488 439 451 437 END
START -13664 5632 -3028 -4458 1969 1218 513 497 442 455 441 END
START -12532 -6568 -8684 531 6035 -1114 518 501 450 457 437 END
START -22368 7280 -348 1529 4421 -1042 510 501 445 456 442 END
START -8896 2660 -12768 1964 1618 -1350 516 505 447 459 443 END
START -21972 8260 -6308 3868 -3983 -1941 521 502 449 461 444 END
START -21784 5188 -2952 2984 -6799 -1705 518 509 457 468 449 END
START -8288 6676 -11272 3596 -6064 -2490 514 509 455 469 448 END
START -16048 4492 -4960 2731 -8836 -2599 517 515 454 467 446 END
START -20840 7348 -2032 4311 -13577 -4476 519 517 455 467 449 END
START -20572 2392 -2136 4956 -20874 -6774 519 524 452 465 445 END
START -23492 6580 2348 7404 -29676 -8063 519 525 457 470 448 END
START -18324 4832 -3984 9315 -32768 -9960 520 528 458 471 449 END
START -17804 5276 -2016 9747 -32768 -11155 519 531 458 473 448 END
START -17832 9408 952 9934 -32768 -12345 526 542 463 474 449 END
START -17556 7144 -3672 9301 -32768 -14695 520 546 460 473 450 END
START -17792 6064 -2264 8499 -32768 -14709 521 558 460 473 451 END
START -19000 11312 2956 6858 -32768 -12494 519 569 462 474 451 END
START -15224 8608 -784 4442 -32768 -11581 520 575 461 479 455 END
START -12528 6168 1628 1233 -32768 -10428 520 586 461 475 451 END
START -12700 7352 5872 374 -32768 -7711 520 594 461 476 452 END
START -11204 3636 2912 638 -32768 -6188 518 606 467 478 452 END
START -14984 2848 7908 1313 -32768 -2696 519 616 460 475 451 END
START -10020 6184 8132 1986 -32768 1040 518 627 461 476 453 END
START -12408 1232 9256 878 -32768 3198 517 634 460 476 453 END
START -10136 3632 10912 344 -32768 5240 518 649 460 476 454 END
START -6996 2560 4344 1476 -32768 7082 515 661 460 477 453 END
START -7136 -2776 8688 2355 -32768 8077 513 672 459 480 454 END
START -7404 1348 12720 4380 -32768 10011 507 682 462 478 454 END
START -3376 -1516 8556 7774 -32768 11419 514 682 460 480 456 END
START 996 -84 11460 9012 -32768 13727 519 684 459 480 457 END
START 6124 2536 11472 10986 -32768 14395 507 684 456 476 457 END
START 9252 -3576 10796 11091 -32768 13438 512 690 455 480 457 END
START 15448 960 7796 13657 -32768 14418 512 691 455 478 458 END
START 13876 -3436 7960 13987 -26334 15793 517 689 456 478 461 END
START 11140 4076 18588 14032 -17927 16395 516 692 457 480 466 END
START 10828 4652 17548 13211 -8098 15618 519 693 454 473 462 END
START 3380 2180 19968 11706 -8046 15202 522 696 457 470 461 END
START 8004 1708 7772 13416 -6966 14428 523 694 453 470 462 END
START 9116 -736 9904 12556 -9026 13845 525 695 455 471 463 END
START 13256 1496 8892 14451 -7729 12335 531 695 458 472 463 END
START 13000 332 14092 13212 -5681 12557 533 696 454 469 462 END
START 11536 2492 12448 14511 -2969 13102 532 696 455 470 453 END
START 11564 -1440 9232 12908 -4795 10621 534 697 455 468 455 END
START 15092 1884 9580 12955 -578 10426 535 696 456 468 454 END
START 13848 -3944 9496 12332 2009 10812 538 699 456 469 456 END
START 9528 4244 15308 13072 1095 11498 542 697 457 469 456 END
START 12344 -2924 10304 12454 -3085 9631 543 697 458 470 456 END
START 16448 2384 7720 12087 -1533 8813 545 695 458 469 459 END
START 15068 -3852 7288 10883 2758 8666 546 698 463 470 457 END
START 18052 -392 5500 11746 7153 8379 546 698 466 470 457 END
START 13100 268 11044 10554 2699 7713 548 698 468 469 459 END
START 9648 584 11248 11304 1915 4965 549 697 470 468 458 END
START 16644 2968 2344 7750 -115 3345 551 690 470 469 455 END
START 21024 -1748 -2376 3935 -1759 -2199 551 690 472 468 460 END
START 27760 3624 -5512 776 3689 -1722 552 690 474 469 459 END
START 11340 1060 -56 -1418 4602 -1291 554 691 475 470 460 END
START 17416 2692 852 -1235 -805 -2645 553 691 474 468 456 END