START -3080 5244 13068 -2933 -2392 1393 591 529 567 655 596 END
START -3156 5396 13236 -2682 -2063 1449 593 557 544 653 590 END
START -3896 6220 13840 -2449 -1280 1356 589 522 554 643 589 END
START -3912 6396 13356 -2821 -1720 1023 589 528 550 630 585 END
START -3368 6096 12688 -3055 -2023 230 592 513 536 622 591 END
START -3292 6272 11680 -3611 -2881 341 590 509 531 615 581 END
START -3220 6092 11160 -3692 -4421 1107 591 516 526 605 573 END
START -2544 5172 10960 -3823 -5018 -181 588 499 507 590 579 END
START -2232 5452 11548 -5679 -4473 -186 593 494 503 578 559 END
START -788 6936 11756 -7132 -3147 686 572 492 496 551 551 END
START 592 4872 11960 -7731 71 -402 604 493 490 565 548 END
START -3480 -2720 14908 -2902 3258 2061 602 492 488 561 539 END
START -7372 9652 21692 3878 -1811 1978 590 495 470 537 525 END
START -6216 8900 18132 -2345 -8627 -1178 606 491 471 543 530 END
START 2368 7320 14400 -3776 -5264 -2444 605 488 471 545 524 END
START 2108 7080 13212 -2810 1695 -148 605 485 478 481 516 END
START -1996 6880 13580 -2737 2923 -582 613 487 466 528 512 END
START -2380 6516 14900 -3415 1413 -975 609 477 453 520 504 END
START -1572 6096 17004 -5040 1460 -744 587 474 451 515 550 END
START -1124 4384 16924 -6158 1516 -509 593 471 447 509 493 END
START -916 4468 15936 -6637 1323 -508 611 474 448 516 486 END
START -1532 3744 15136 -6383 1590 -340 608 472 430 532 493 END
START -2104 2776 15672 -6022 2923 -726 609 474 450 514 490 END
START -2848 2548 15976 -5509 4522 -770 611 478 450 514 497 END
START -4820 1156 15616 -4729 5152 -1036 609 480 461 509 496 END
START -5108 136 14116 -4229 4558 -1020 607 476 448 514 496 END
START -5096 -1260 15100 -3234 3408 -742 609 482 449 520 498 END
START -5388 424 17396 -2165 2677 -330 616 487 449 521 498 END
START -4264 1900 18200 -1335 2874 -314 626 485 455 523 511 END
START -4956 2312 18632 -504 3323 -464 614 487 461 526 501 END
START -5820 3180 18576 -397 3211 -324 619 487 464 518 458 END
START -7252 1368 17448 459 964 -264 617 489 462 533 499 END
START -6984 476 16744 3150 -2299 -178 614 488 464 531 506 END
START -6204 2236 18560 6568 -4358 30 618 489 468 527 500 END
START -5512 3708 19204 8208 -5299 377 615 488 466 529 503 END
START -4240 3932 18420 9542 -4806 77 612 490 466 476 453 END
START -3388 4060 17272 10473 -3130 257 617 488 466 530 507 END
START -2760 4756 15580 11826 -1337 931 616 490 465 529 506 END
START -2704 3864 14336 13630 -379 2100 634 491 480 508 500 END
START -3380 5296 15304 15860 46 2712 617 489 469 529 504 END
START -4160 6860 15616 16782 -86 3049 618 491 469 528 503 END
START -4336 8348 14968 16562 -571 2743 571 482 410 540 502 END
START -3328 8596 13340 16331 -1041 3000 625 483 476 529 504 END
START -2596 8136 12964 16661 -1073 3713 616 491 468 528 504 END
START -2756 7340 12688 17408 -820 4589 626 491 471 529 508 END
START -2524 9016 12388 18402 -240 5059 622 497 467 535 507 END
START -2156 9868 11880 18345 831 5142 620 493 461 529 504 END
START -1304 10964 11140 17603 2457 5503 623 491 497 531 515 END
START -2036 10528 10072 16237 3190 5798 618 498 470 526 513 END
START -2916 10528 9036 14984 3055 6167 618 492 473 528 506 END
START -3408 9880 8116 14463 3606 6540 615 494 476 535 503 END
START -3156 10392 7356 13918 4064 7053 619 497 477 531 501 END
START -3076 9844 6544 13523 4723 7625 619 493 470 530 506 END
START -3532 12328 7696 13119 6244 8166 650 501 481 524 513 END
START -6328 13140 7840 10745 5585 8385 626 490 409 529 508 END
START -4432 10616 4288 8686 3754 7593 617 497 470 530 501 END
START -2152 9556 2804 8447 3723 7914 616 496 470 519 451 END
START -1812 8548 2896 8801 4196 8185 619 494 471 530 505 END
START -1352 9276 2952 8546 4307 8112 621 494 455 531 507 END
START -536 10836 3896 8636 5761 7390 624 498 470 517 507 END
START -1096 12936 3972 6944 7227 7311 622 496 480 533 507 END
START -1096 10028 1764 5244 6388 6914 609 486 525 521 514 END
START 404 9228 324 5338 7568 6855 623 494 469 532 508 END
START -220 9556 848 5735 9283 7169 619 496 473 533 508 END
START -104 10176 1836 5719 9748 6148 622 496 476 542 507 END
START 236 13344 4604 6135 12201 4405 620 495 474 535 503 END
START -524 13928 4068 3203 12279 5139 618 525 472 537 493 END
START -2344 12256 1776 1646 10920 5363 624 503 472 533 508 END
START -3808 11860 1256 1264 9679 4795 621 498 476 536 509 END
START -3772 13980 1924 827 7112 4436 620 499 475 531 508 END