START -1656 3696 12340 -3894 -7705 -434 563 477 467 529 545 END
START -1136 3852 12628 -3815 -6861 -622 562 483 471 523 543 END
START -408 3540 14292 -3931 -4772 -587 568 472 456 498 531 END
START -116 2596 16592 -3615 -3823 -1113 572 471 456 513 531 END
START 976 3660 18440 -3464 -1349 -1203 578 468 449 501 524 END
START 8 3336 17080 -3551 1660 -1036 594 473 452 507 526 END
START -1264 3908 14616 -3442 2666 -755 585 468 445 504 520 END
START -1804 2696 13412 -3463 3457 -1097 588 470 439 503 521 END
START -2104 3616 14712 -3138 4711 -232 591 470 447 501 516 END
START -4328 2980 16604 -2997 4272 -134 590 490 445 499 523 END
START -5380 2964 18020 -3574 2689 30 587 472 448 505 522 END
START -3416 4112 18372 -3637 2161 699 586 472 447 504 519 END
START -3232 4100 17728 -3016 2269 885 586 474 450 498 521 END
START -2988 3564 17636 -2107 1886 929 591 476 444 508 519 END
START -2036 3248 18164 -991 2184 715 587 478 457 511 478 END
START -1076 3700 19380 333 2966 257 592 481 457 514 518 END
START -1472 4172 20072 1464 3838 399 589 486 450 518 509 END
START -3652 3160 19208 2880 2746 271 598 484 468 517 521 END
START -4772 3180 19100 5322 -835 -460 594 483 455 522 516 END
START -3724 4520 20516 7531 -3765 -623 594 482 465 524 516 END
START -2580 5596 21392 8832 -4612 -652 595 483 468 524 519 END
START -2432 6132 21560 9583 -3811 -579 591 480 468 525 516 END
START -1688 5836 20004 10203 -2879 -763 590 479 472 528 516 END
START -2728 5128 18724 11326 -1699 -200 592 479 470 528 514 END
START -4304 5000 17920 12141 -715 -92 590 480 471 530 515 END
START -5548 4324 17504 12624 -860 402 591 497 471 539 514 END
START -6184 4056 17400 13015 -1611 675 592 480 474 535 509 END
START -6288 3268 15276 14226 -2059 986 593 482 473 534 505 END
START -5324 3068 13484 14966 -2314 1130 592 486 476 534 502 END
START -4976 2684 13656 15939 -1666 1166 590 482 475 536 500 END
START -3944 4720 13000 17022 -25 1261 592 482 476 536 501 END
START -3936 4784 12580 17772 2004 1852 595 485 475 537 501 END
START -3780 6360 11084 18451 4138 2581 593 483 476 539 498 END
START -4620 7724 9608 18486 5102 3844 607 484 476 540 506 END
START -5328 7356 8452 18317 4773 4859 596 482 476 539 507 END
START -5336 8212 7668 18100 4707 5817 595 486 475 539 508 END
START -5056 8176 6604 17841 4782 6598 601 493 476 541 512 END
START -5144 9108 5884 17480 5261 7094 620 484 485 540 502 END
START -3440 9868 4088 16514 6128 7375 596 487 477 539 511 END
START -2436 10368 2532 15601 8436 8164 645 484 472 586 504 END
START -2336 11580 1860 14119 10083 9278 600 493 477 539 510 END
START -2936 12336 2096 12474 10320 10301 594 489 479 541 512 END
START -3840 13604 3580 10930 9418 10942 598 495 485 564 510 END
START -2212 13724 3512 9378 7790 10935 592 489 479 565 512 END
START -1236 13696 3660 8112 6276 10708 596 489 479 539 512 END
START -608 13024 4656 7489 5572 10248 553 498 486 546 515 END
START 560 14292 4532 6729 5496 9754 590 501 484 538 512 END
START 1368 14936 4424 5322 4330 9015 594 489 478 540 514 END
START 2980 14580 2592 4158 4482 8056 595 492 480 545 520 END
START 3160 14204 3248 3463 5611 7411 598 481 480 541 483 END
START 2788 14984 3568 2904 7007 6737 536 524 481 541 514 END
START 1108 15688 5508 2200 6810 5979 594 490 479 541 515 END
START 588 16096 6492 1171 5100 5382 596 492 482 538 514 END
START 300 15040 6556 55 2354 4519 554 494 486 537 516 END
START 828 14568 6308 -467 653 3995 596 490 480 544 515 END
START 1688 15000 5948 -752 -174 3751 599 490 466 549 497 END
START 600 13476 6564 -1110 -1327 2792 595 490 477 539 512 END
START 1344 13704 6796 -1003 -1126 1713 596 492 482 543 519 END
START 864 13772 5448 -1164 -455 1254 596 507 475 541 491 END
START 796 13324 4472 -1476 -469 694 597 491 486 545 516 END
START 752 12304 3404 -1314 -211 164 593 491 483 542 517 END
START 1076 12020 3852 -1285 -33 -362 600 493 488 543 519 END
START 736 11680 3996 -1110 509 -346 597 491 480 543 518 END
START -408 11868 4208 -842 422 -498 595 493 473 575 520 END
START -1056 12432 4672 -711 -71 -595 595 491 481 548 518 END
START -936 13828 4064 -847 -811 -560 589 492 482 542 518 END
START -212 13968 3352 -648 -167 -516 591 492 483 539 523 END
START -272 13716 3096 -498 40 -245 598 492 483 542 518 END
START -516 14540 3384 -371 -242 -285 591 492 471 546 529 END
START -444 14404 3392 -328 -1257 -85 597 487 482 543 519 END