START -340 3656 11056 -9754 -142 -1168 0 0 0 0 0 END
START 140 2652 11804 -9306 758 -1300 0 0 0 0 0 END
START -204 3604 14448 -7305 2461 -1092 0 0 0 0 0 END
START -1440 6312 17532 -6518 3465 -1493 0 0 0 0 0 END
START -1104 5420 16696 -5467 1776 -2023 0 0 0 0 0 END
START 440 4864 13744 -4991 2572 -2865 0 0 0 0 0 END
START 1020 4020 13860 -4369 4400 -3767 0 0 0 0 0 END
START 1628 4436 14292 -3659 7287 -4207 0 0 0 0 0 END
START 768 3224 14856 -3000 9909 -5031 0 0 0 0 0 END
START 604 4516 15244 -2420 12628 -5500 0 0 0 0 0 END
START 716 3124 14620 -1056 15119 -6957 0 0 0 0 0 END
START -176 1868 14100 -319 16625 -7784 0 0 0 0 0 END
START -1412 2176 16360 642 19107 -8105 0 0 0 0 0 END
START -1240 3692 15916 2376 22598 -8012 0 0 0 0 0 END
START -3700 4900 14324 4343 24869 -8320 0 0 0 0 0 END
START -6608 5096 13424 6342 25219 -8338 1 0 0 0 0 END
START -3756 4340 9504 7469 25820 -8734 1 0 0 0 0 END
START -4324 3600 8508 7422 28777 -9229 0 0 2 0 0 END
START -4604 3820 6980 6758 32767 -9049 0 0 0 0 0 END
START -7128 3148 6000 5947 32767 -7489 0 0 0 0 0 END
START -13072 6656 7932 5378 32767 -5534 0 0 0 0 0 END
START -16804 6424 6740 4791 32767 -2927 0 0 0 0 0 END
START -20536 7444 7388 5034 32767 -1250 0 0 0 0 0 END
START -21300 7196 4660 4698 32767 80 0 0 0 0 0 END
START -21524 9268 2184 4396 32767 1778 0 0 0 0 0 END
START -20576 9944 -4 3374 32767 4140 0 0 0 0 0 END
START -22248 8044 1840 2505 27291 5430 0 0 0 0 0 END
START -20276 6964 888 1683 22154 7196 0 0 0 0 0 END
START -19656 5496 -580 948 19600 8995 0 0 0 0 0 END
START -21620 5672 1200 -632 18279 11114 0 0 0 0 0 END
START -19080 5816 -856 -1921 17695 13265 0 0 0 0 0 END
START -19328 8536 -472 -2958 16637 15303 0 0 0 0 0 END
START -17240 8896 -1736 -3553 15697 16441 0 0 0 0 0 END
START -16948 10232 -1496 -4346 13721 17696 0 0 0 0 0 END
START -16168 10296 -1392 -4938 12338 18172 0 0 0 0 0 END
START -10912 10208 -5296 -5630 12704 18507 0 0 0 0 0 END
START -14576 11144 -2756 -6337 11412 18827 0 0 0 0 0 END
START -13892 11700 -3176 -7301 9235 19066 0 0 0 0 0 END
START -11128 12100 -4164 -8184 7564 18967 0 0 0 0 0 END
START -11144 10648 -3724 -7968 4837 17941 0 0 0 0 0 END
START -9840 9448 -3232 -8597 2249 17590 3 0 0 0 0 END
START -11300 9252 -812 -8833 -3 16848 2 0 0 0 0 END
START -9432 7424 -656 -9010 -734 16038 0 0 0 0 1 END
START -7700 8492 -1340 -9351 -254 15941 0 0 0 0 0 END
START -7192 10764 -680 -9441 431 15392 0 0 0 0 0 END
START -7080 11176 -816 -9129 545 15005 0 0 0 0 0 END
START -5156 12032 -1840 -8960 126 14192 0 0 0 0 0 END
START -5540 12640 -316 -8524 -934 12854 0 0 0 0 0 END
START -4396 12012 -380 -7720 -1537 11076 0 0 0 0 0 END
START -6364 11564 2072 -7234 -2146 9471 0 0 0 0 0 END
START -3160 11280 -276 -6555 -1572 7920 0 0 0 0 0 END
START -6468 10100 992 -6572 -607 6655 0 0 0 0 0 END
START -4932 9444 -440 -7100 1729 5965 0 0 0 0 0 END
START -5692 11296 756 -7635 5090 6142 0 0 0 0 0 END
START -6852 12324 348 -7772 4184 7413 0 0 0 0 0 END
START -6200 12772 5272 -6762 -807 6558 0 0 0 0 0 END
START 656 13288 11956 -2954 -5152 2672 0 0 0 0 0 END
START 680 13788 3212 -399 -641 979 0 0 0 0 0 END
START -1836 13528 4296 831 3154 -1129 0 0 0 0 0 END
START -3572 11392 1000 1691 6468 -2082 0 0 0 0 0 END
START -8528 12768 1624 1040 6684 -1570 0 0 0 0 0 END
START -10008 14764 1024 64 4555 -921 0 0 0 0 0 END
START -11708 15284 608 -507 1755 145 0 0 1 0 0 END
START -10416 16528 52 -866 -1263 891 0 0 0 0 0 END
START -8632 15080 -1064 -641 -3722 1171 0 0 0 0 0 END
START -9688 14532 1396 -511 -5914 1394 0 0 0 0 0 END
START -7872 13116 1868 34 -6706 1233 0 0 0 0 0 END
START -8588 9204 2416 271 -7165 1487 0 0 0 0 0 END
START -9572 11996 3672 41 -8611 2811 0 0 0 0 0 END
START -7688 12792 2396 657 -11105 3599 0 1 0 0 0 END