START -84 12108 9496 -5452 -894 -1277 1 0 0 0 0 END
START -244 12172 9624 -5502 -1203 -1232 0 0 0 0 0 END
START 12 12288 9984 -5747 -2151 -1271 0 0 0 0 0 END
START 820 12044 9376 -6215 -2692 -1698 0 0 0 0 0 END
START 1904 11672 8224 -7053 -2022 -2152 0 0 0 0 0 END
START 2324 10500 7468 -7727 59 -2102 0 0 0 0 0 END
START 780 10004 8764 -7796 2325 -2111 0 0 0 0 0 END
START -1212 10712 10292 -7813 2097 -1529 1 0 0 0 0 END
START -2200 11036 11524 -8121 -916 -1420 0 0 0 0 0 END
START -476 10940 11656 -7980 -3487 -1922 0 0 0 0 0 END
START -376 10432 11580 -8301 -4442 -1890 0 0 0 0 0 END
START 1296 11972 10516 -8549 -3035 -1850 0 0 0 0 0 END
START 1940 10440 9256 -8918 -1011 -2425 0 0 0 0 0 END
START 2016 9356 9032 -9696 617 -2750 0 0 0 0 0 END
START 1480 8736 10052 -10703 1062 -2500 0 0 0 0 0 END
START 1860 9432 10768 -11630 1312 -1387 0 0 0 0 0 END
START -1392 8436 13520 -11090 2991 -806 0 0 0 0 0 END
START -3052 8968 13328 -10429 2783 -579 0 0 0 0 0 END
START -972 9688 12172 -9506 447 -546 0 0 0 0 0 END
START -2456 8876 12212 -9325 -3291 -936 0 0 0 0 0 END
START -2420 8380 12392 -9454 -5661 -2339 2 0 0 0 0 END
START 504 7044 11476 -9587 -5711 -3003 0 0 0 0 0 END
START 1024 4868 10976 -11114 -4707 -3013 1 0 0 0 0 END
START 2924 2112 9328 -11432 122 -1363 0 0 0 0 0 END
START 1148 3880 12072 -11416 4287 -1286 0 0 0 0 0 END
START -180 7196 12484 -12082 4259 -365 0 0 0 0 0 END
START -4984 3956 16908 -10069 2526 2353 0 0 0 0 0 END
START -5620 6488 22268 -6296 -803 1567 0 0 0 0 0 END
START -1984 9276 16896 -5458 -7232 -610 0 0 0 0 0 END
START 28 6456 11420 -5789 -9168 -316 0 0 0 0 0 END
START 2048 4624 11364 -5332 -4904 -989 0 0 0 0 0 END
START 1420 3864 13696 -5104 -1225 -535 0 0 0 0 0 END
START -1884 3920 18404 -4566 -275 -338 0 0 0 0 0 END
START -784 5212 19320 -3644 296 -727 1 0 0 0 0 END
START 1848 6424 16088 -2714 1838 -1251 0 0 0 0 0 END
START 3956 6488 14300 -2271 3902 -2062 0 0 0 0 0 END
START 4720 5156 13500 -1381 6323 -3195 0 0 0 0 0 END
START 3248 4080 14396 -764 7972 -4562 0 0 0 0 0 END
START 1708 3656 15152 52 9223 -6139 1 0 0 0 0 END
START 636 3860 17516 258 10672 -6523 0 0 0 0 0 END
START 1240 5344 17788 907 13381 -6498 0 0 0 0 0 END
START 1976 5896 14876 1629 16045 -6974 0 0 1 0 0 END
START 808 7032 12808 2318 17667 -7684 0 0 0 0 1 END
START -900 5844 12868 2820 17937 -8683 0 0 0 0 0 END
START -3328 4288 13864 3124 18891 -8946 0 0 0 0 0 END
START -5184 3228 14684 4082 21052 -9548 0 0 0 0 0 END
START -3416 1832 12428 4638 23391 -9918 0 0 0 0 0 END
START -6564 3684 14976 5173 26526 -9249 0 0 0 0 0 END
START -5628 3564 13624 5934 31946 -8471 0 0 0 0 0 END
START -5336 5008 10324 6979 32767 -6975 0 0 0 0 0 END
START -8584 5788 6832 7918 32767 -4851 0 0 0 0 0 END
START -12792 7184 5180 8732 32767 -2599 0 0 0 0 0 END
START -16440 10040 5772 8914 32767 -306 0 0 0 0 0 END
START -21864 9496 5824 8454 32767 1788 0 0 0 0 0 END
START -18628 6908 2972 7270 32767 4408 0 0 0 0 0 END
START -22628 8196 4384 6083 32767 8056 0 0 0 0 0 END
START -21848 8196 1336 4308 32767 11251 1 0 0 0 0 END
START -22144 7404 1560 1982 32767 13465 0 0 0 0 0 END
START -18828 8096 -996 392 32178 14680 0 0 0 0 0 END
START -20328 11508 -120 -1055 30374 16636 0 0 0 0 0 END
START -18560 12084 -524 -2540 27302 18416 0 0 0 0 0 END
START -20280 11880 656 -4188 21780 20490 0 0 0 0 0 END
START -14660 10936 -3336 -5321 18185 20780 0 0 0 0 0 END
START -11440 10792 -5996 -6373 16950 20825 0 0 0 0 0 END
START -13728 12248 -2936 -7653 15912 21316 0 0 0 0 0 END
START -12460 12604 -1712 -8075 14252 20949 0 0 0 0 0 END
START -10332 11136 -2648 -8469 11914 20756 0 0 0 0 0 END
START -8152 11436 -2660 -8664 9386 20096 0 0 0 0 0 END
START -8924 10144 -1088 -9251 6351 19430 0 0 0 0 0 END
START -7920 10164 -1232 -9468 3250 18226 0 0 0 1 0 END