START -5584 5360 24024 -8209 641 -40 0 0 0 0 0 END
START -5776 5260 23596 -7505 -1541 -331 0 0 0 0 0 END
START -3040 5116 18680 -6642 -3986 -2245 0 0 0 0 0 END
START -632 6424 12844 -6527 -2752 -1081 0 0 0 0 0 END
START -264 5712 11848 -7129 412 -1108 0 0 0 0 0 END
START -736 5060 14224 -6784 2833 -1306 0 0 0 0 0 END
START -1364 4360 16908 -5470 4384 -1667 0 0 0 0 0 END
START -1524 4560 18152 -4395 5308 -2223 0 0 0 0 0 END
START -684 4364 16940 -2761 6424 -3502 0 0 0 0 0 END
START 156 4752 16056 -2207 8098 -3673 0 0 0 0 0 END
START 304 4732 14480 -248 10413 -4511 0 0 0 0 0 END
START -760 3752 14332 969 11501 -5269 0 0 0 0 1 END
START -2616 4000 16052 1444 12531 -5552 0 0 0 0 0 END
START -1760 5124 15448 2642 14893 -5519 0 0 0 0 0 END
START -2260 5484 13028 3959 17259 -6181 0 0 0 0 0 END
START -3972 5580 12116 5029 18507 -6706 0 0 0 0 0 END
START -5112 3832 11184 6056 19667 -7244 0 0 0 0 0 END
START -4160 3432 9328 6624 21787 -7150 0 0 0 0 0 END
START -7324 3372 10124 6602 23859 -7586 0 0 0 0 0 END
START -8212 2924 9392 6353 26965 -6701 0 0 0 0 0 END
START -7984 4272 8220 5756 30861 -5275 0 0 0 0 0 END
START -10400 5860 9280 5849 32767 -3925 0 0 0 0 0 END
START -9588 7180 6208 6354 32767 -2366 0 0 0 0 0 END
START -12920 8900 5192 6756 32767 -1058 0 0 0 0 0 END
START -13384 8628 3376 6813 32767 -187 0 0 0 0 0 END
START -13776 9536 1180 6755 32767 781 0 0 0 0 0 END
START -18284 7652 2792 6127 32767 2168 0 0 0 0 0 END
START -22136 7692 3564 4577 32767 3805 0 0 0 0 0 END
START -19092 5648 1828 3197 31429 5547 0 0 0 0 0 END
START -19880 6200 2828 2072 29109 7360 0 0 0 0 0 END
START -19912 9716 1876 902 27284 9633 0 0 0 0 0 END
START -17668 9540 -92 98 26099 10726 0 0 0 0 0 END
START -15752 10988 -2320 -512 24081 11614 0 0 0 0 0 END
START -18044 10540 -2080 -1459 20654 12711 0 0 0 0 0 END
START -16356 11808 -1908 -2105 17217 13796 0 0 0 0 0 END
START -14420 10552 -4980 -2841 14553 14990 0 0 0 0 1 END
START -17088 9184 -2452 -3171 12881 15563 0 0 0 0 0 END
START -14560 9016 -3532 -4107 11253 16217 0 0 0 0 0 END
START -13184 8856 -3536 -4520 10706 16167 0 0 0 0 0 END
START -15796 10696 -1572 -5776 9492 16599 0 1 0 0 0 END
START -12908 8132 -4124 -6112 9168 16434 0 0 0 0 0 END
START -14800 8200 -2056 -6826 7239 16632 0 0 0 0 0 END
START -15252 7744 -1116 -7693 5580 17085 0 0 0 0 0 END
START -14140 10992 -512 -8303 4093 17578 0 0 0 0 0 END
START -10588 11412 -1544 -8412 2565 17557 0 0 0 0 0 END
START -9936 11640 -776 -8233 402 17194 0 0 0 0 0 END
START -6364 13096 -3156 -7882 -912 16318 0 0 0 0 0 END
START -9128 13456 -708 -7439 -2562 15117 0 0 0 0 0 END
START -6012 12428 -2976 -7389 -2428 13316 0 0 0 0 0 END
START -6812 12172 -2352 -7831 -2582 11947 0 0 0 0 0 END
START -5096 11764 -2492 -8161 -2719 10543 0 0 0 0 0 END
START -6192 11296 -572 -7906 -2972 9204 0 0 0 0 0 END
START -7600 10496 1756 -7440 -3263 7978 1 0 0 0 0 END
START -6448 9876 1680 -7088 -3505 7178 1 0 0 0 0 END
START -5916 11124 2644 -6826 -3469 6704 0 0 1 0 0 END
START -5384 12184 1940 -6365 -2864 6269 0 0 1 0 0 END
START -4052 13384 -760 -6432 -826 5555 0 0 2 0 0 END
START -2092 15396 -2940 -6761 1799 4544 0 0 0 0 2 END
START -4068 15848 -1256 -6991 3669 3763 0 0 0 0 2 END
START -3828 14592 -2804 -7201 3510 3865 0 0 0 0 0 END
START -9692 12608 628 -7554 -1583 4442 0 0 0 0 0 END
START -5324 10808 9052 -5737 -7257 2710 0 0 0 0 0 END
START -1632 9112 9132 -2109 -8407 368 0 0 0 0 0 END
START -5916 11136 8208 -592 -1624 1357 0 0 0 0 0 END
START -4852 13544 6700 784 1983 264 0 0 0 0 0 END
START -5340 14980 2876 1254 3729 286 0 0 0 1 0 END
START -7920 16716 1184 1263 2717 -708 0 0 0 0 0 END
START -7704 15692 -1524 606 1056 -1216 0 0 0 0 0 END
START -7644 14720 -1420 -269 -1286 -1339 0 0 0 0 0 END
START -9220 13912 52 -663 -3734 -970 0 0 0 0 0 END