START -2984 1784 14428 -2593 -456 -1713 566 450 438 504 497 END
START -1504 2420 13708 -2461 -168 -1742 561 459 436 504 513 END
START -956 2692 12844 -2306 2251 -1308 563 464 440 505 501 END
START -2808 3012 13352 -2377 3314 -1120 562 458 489 502 499 END
START -4268 2952 14840 -2749 3188 -1167 567 468 441 512 505 END
START -4928 2760 15712 -2897 2263 -1052 565 471 438 507 504 END
START -5116 2836 15848 -2856 1730 -1189 576 474 436 511 562 END
START -4868 2108 14692 -2530 1547 -1191 570 470 435 520 504 END
START -5020 1680 14864 -2462 1729 -693 572 472 440 510 506 END
START -4484 2424 14756 -1647 1366 -679 560 460 438 511 510 END
START -4180 1780 14232 -805 1424 -906 571 474 443 513 501 END
START -3920 1872 14236 -575 1253 -848 573 476 445 513 508 END
START -4816 1112 14924 -691 979 -614 566 485 449 524 505 END
START -4492 -364 14332 -847 1146 -455 571 479 441 515 510 END
START -5264 -496 14104 -875 1080 -375 575 478 444 514 502 END
START -5308 -996 12456 -818 1222 -564 576 425 447 512 487 END
START -6280 -28 13128 -1060 554 -516 576 476 450 514 501 END
START -6180 -696 12768 -1436 106 -318 570 479 448 517 511 END
START -5916 1008 14132 -1733 -736 81 581 482 450 519 502 END
START -5180 976 15104 -1980 -1248 331 579 481 447 517 519 END
START -4520 832 16400 -1943 -1223 560 581 480 436 527 518 END
START -2936 708 16736 -1460 -784 429 580 482 451 522 512 END
START -2380 588 17652 -591 136 234 580 483 450 520 511 END
START -3028 688 18104 300 1374 -210 581 483 448 520 511 END
START -3692 1060 17720 1421 2072 -346 583 480 452 523 513 END
START -5832 772 17464 2412 1624 -166 577 492 449 535 512 END
START -6864 -76 16436 4157 -477 -138 583 480 453 526 514 END
START -7396 -176 17220 7015 -3349 54 581 485 458 526 513 END
START -6892 996 18764 9404 -5846 191 581 447 466 520 513 END
START -5780 1440 18872 10909 -6807 190 581 484 457 526 518 END
START -5096 2184 17936 12584 -6480 66 584 487 457 525 513 END
START -5104 2492 16764 13807 -5274 173 581 489 458 526 517 END
START -4880 2784 15204 14838 -4034 831 582 486 458 526 509 END
START -5288 2936 14372 15950 -3049 1636 582 487 458 530 514 END
START -4844 4236 13500 16653 -2565 2423 582 487 456 525 512 END
START -5068 5596 12980 16946 -2950 2951 581 487 454 528 517 END
START -5332 6928 13284 16718 -3805 3406 588 488 459 528 514 END
START -4460 7820 12600 16332 -4135 3785 582 475 476 539 522 END
START -2904 8580 11648 15946 -4181 4240 579 484 458 527 463 END
START -2796 8268 11696 15967 -3895 4653 581 485 460 527 515 END
START -2608 8080 11608 15975 -3669 5117 577 485 464 521 519 END
START -3240 8900 11908 15741 -3901 5512 578 488 457 528 519 END
START -3932 9468 11824 14664 -4605 5689 569 486 461 527 515 END
START -3248 8884 10520 13806 -4620 5838 573 489 466 531 511 END
START -2952 7884 9724 13665 -3750 6033 552 487 466 526 517 END
START -2160 8504 9872 13856 -2103 6089 579 479 460 529 513 END
START -1820 9024 9032 13735 -209 5848 590 487 462 507 538 END
START -308 7508 7016 13411 2151 5814 575 490 462 526 514 END
START -1320 8464 6992 13630 4423 6227 578 490 462 526 514 END
START -3384 8368 7284 12604 4768 6392 513 476 459 517 518 END
START -3284 7072 5340 11698 3306 6339 579 488 462 524 541 END
START -2792 8652 4996 11573 2922 6656 577 488 462 529 516 END
START -2532 8800 4576 11271 2751 7115 577 489 461 524 516 END
START -984 10580 4332 11133 3472 7042 576 486 463 527 515 END
START -228 11324 4568 10489 5070 7270 576 488 463 527 517 END
START 1436 12792 3548 9294 7881 7190 576 490 463 528 514 END
START 2712 12520 2076 7772 10611 7085 576 487 465 527 516 END
START 2280 12500 1444 6639 13173 8083 638 468 458 529 521 END
START -108 12408 1644 6143 14116 8371 573 488 468 527 516 END
START -1420 12808 2356 5786 13076 7489 565 487 462 527 516 END
START -16 15108 2856 4836 10522 6531 585 473 465 531 514 END
START 1440 15300 2496 3026 6922 6076 574 491 404 529 512 END
START 1528 14276 2676 2031 3551 5822 578 488 464 528 517 END
START 2592 14120 2660 2126 1957 4937 581 488 461 528 516 END
START 2732 15128 3224 2035 1072 3436 574 488 463 528 516 END
START 3720 16232 3544 1235 227 2579 519 500 465 525 522 END
START 4024 16836 3888 276 343 2073 574 518 466 541 515 END
START 3332 16740 4620 -520 -328 1496 574 489 465 531 517 END
START 3848 16116 4084 -848 -807 523 571 493 465 527 519 END
START 4424 16420 4020 -759 -388 -56 578 489 464 529 518 END