START -3204 824 15204 -3178 -140 450 569 502 502 567 542 END
START -4092 1004 15988 -2260 -182 808 572 502 501 565 542 END
START -5880 4616 17740 -1284 -2608 1072 571 499 496 563 541 END
START -2664 3948 16052 -2508 -4590 -769 553 551 495 564 541 END
START 372 4244 14028 -2939 -1518 -942 575 510 502 556 537 END
START -1456 2972 13608 -2729 1453 -547 577 494 480 546 529 END
START -3436 3292 14132 -2500 71 -294 574 466 474 533 533 END
START -2908 2856 14968 -2513 -2715 -902 582 485 468 530 520 END
START -20 3252 15256 -2240 -2754 -1893 578 477 458 523 516 END
START 1296 1816 15836 -1677 855 -2849 590 487 451 515 508 END
START -416 2372 16592 -2101 5229 -1962 585 472 471 513 509 END
START -3252 3900 17920 -2920 7217 -1239 584 467 448 512 507 END
START -5152 3332 16296 -3642 4741 -348 594 467 443 494 500 END
START -4372 3212 14812 -3476 2935 -313 583 468 452 534 506 END
START -3460 3368 14904 -3352 2291 94 587 472 450 515 510 END
START -4152 3824 16216 -3001 1955 517 649 475 457 518 499 END
START -4016 4476 17352 -3274 790 994 590 476 454 518 509 END
START -3876 3752 18608 -3098 50 1435 588 474 453 517 514 END
START -3052 3920 19588 -2188 333 1556 590 476 454 518 509 END
START -2384 3816 21096 -1511 641 1683 592 478 458 522 512 END
START -2544 2808 20980 -131 1499 1247 605 485 459 530 504 END
START -2068 2424 20660 1604 2562 805 596 481 463 527 510 END
START -3684 2084 19744 3212 3182 1140 592 483 459 528 513 END
START -6812 2120 19520 5069 1495 1500 598 446 467 529 517 END
START -8640 2960 21256 6953 -2986 1429 589 487 463 532 517 END
START -7980 2384 21504 8145 -6545 1096 594 484 462 527 514 END
START -5768 2144 20588 9682 -7843 1058 593 491 468 534 512 END
START -4812 1940 19632 11445 -6754 1036 590 489 463 528 476 END
START -4432 2724 17484 13112 -4799 1145 592 485 463 528 515 END
START -4776 1884 15204 14026 -3852 1378 597 498 460 530 503 END
START -4852 1784 14660 15065 -3996 1234 593 483 462 532 521 END
START -3864 3636 14844 15857 -3573 1774 593 477 464 527 515 END
START -3660 4988 14300 16534 -3243 2442 585 496 456 528 572 END
START -4180 6292 13868 16667 -4276 2596 595 486 465 530 517 END
START -4024 6796 13292 16647 -5019 2720 592 486 464 528 515 END
START -2244 8136 11612 16527 -4971 2864 599 497 459 528 515 END
START -2468 8420 11476 16410 -4118 3403 593 495 486 528 517 END
START -2232 9564 10908 16326 -3004 4207 594 487 464 527 516 END
START -2196 10888 10460 15737 -2117 5050 593 486 464 529 515 END
START -3112 10872 11056 14886 -2010 5806 594 487 465 501 514 END
START -3340 10252 10460 13535 -2103 6526 594 483 466 528 515 END
START -2276 9248 9648 12648 -1777 7101 593 487 465 526 515 END
START -1840 8896 9212 12501 -781 8029 602 487 464 519 515 END
START -2292 8732 9232 12980 883 8594 595 491 468 526 520 END
START -2396 9804 9716 12913 2189 8877 593 487 465 528 517 END
START -1976 9044 9328 12030 3578 8869 595 490 476 527 518 END
START -1084 8624 7908 11548 5666 9083 594 488 466 527 481 END
START -1744 8452 5984 11669 7314 9249 594 487 466 529 517 END
START -2884 8464 5812 11437 6890 9412 594 490 469 529 516 END
START -1252 6576 3628 11457 5941 8863 594 490 467 528 517 END
START 236 6592 2852 11435 6002 8471 588 484 480 534 517 END
START 1092 7908 2984 11634 7407 8022 539 489 468 531 519 END
START 1424 9156 3560 10302 8194 7322 594 489 470 528 516 END
START 2684 10432 3448 8488 8905 6570 593 489 466 528 517 END
START 3800 10344 2336 7914 11098 6286 594 489 467 531 517 END
START 2572 11584 2052 7267 12444 5651 593 488 467 530 523 END
START 3576 13204 364 6028 10646 3910 596 494 467 528 518 END
START 3436 12688 660 4919 4330 501 594 489 467 529 518 END
START 2636 14444 1512 3264 -6916 -598 598 484 456 528 515 END
START 6944 13432 -600 1673 -11397 -1844 598 489 470 528 514 END
START 10112 14796 -720 2005 -2112 -3446 595 495 468 531 519 END
START 6472 17124 2132 1651 7925 -1997 595 471 471 543 522 END
START -544 18428 4460 1027 13043 -927 595 487 471 532 515 END
START -3900 18208 5784 52 11463 -501 592 493 476 533 523 END
START -4240 17508 6492 -927 6642 -41 594 493 479 535 519 END
START -2416 15880 6112 -133 2273 -4 594 487 466 534 520 END
START -1724 16100 7520 1129 -1796 354 578 507 440 526 521 END
START 664 16672 7700 1141 -4686 586 587 494 470 533 525 END
START 2040 16212 6700 728 -4988 136 595 494 470 533 521 END
START 4388 15896 5572 337 -2556 -395 590 499 470 534 522 END