START -7008 11544 7468 -15324 -14776 -4336 0 0 0 0 0 END
START -6696 11504 6984 -15540 -15905 -4424 0 0 0 0 0 END
START -5412 10492 5756 -16377 -17382 -4428 0 0 0 0 0 END
START -4264 9696 5968 -16867 -15987 -4152 0 0 0 0 0 END
START -4572 9340 6792 -17534 -13375 -3031 0 0 0 0 0 END
START -5676 7712 10096 -17062 -12321 -1847 0 0 0 0 0 END
START -6448 7832 10648 -16189 -13722 -985 0 0 0 0 0 END
START -5896 7668 11144 -16096 -15617 -477 0 0 0 0 0 END
START -4012 7656 11188 -15021 -15053 -608 0 0 0 0 0 END
START -4092 6800 12932 -14454 -14322 257 0 0 0 0 0 END
START -3100 7640 14224 -13283 -12888 1223 0 0 0 0 0 END
START -3100 7636 13240 -11784 -12046 1031 0 0 0 0 2 END
START -1412 5808 10144 -11279 -11461 480 0 0 0 0 0 END
START -1500 5664 10912 -11276 -10038 556 0 0 0 0 0 END
START -2244 4692 11924 -11451 -8560 666 0 0 0 0 0 END
START -1536 3884 11728 -11784 -8458 949 0 0 0 0 0 END
START -2724 3564 12884 -12171 -8184 2567 0 0 0 0 0 END
START -2192 2992 17092 -10432 -4881 3449 0 0 0 0 0 END
START -3072 6608 21332 -7645 -2662 3501 0 0 0 0 0 END
START -3684 8352 17292 -6768 -6208 3300 0 0 0 0 0 END
START -1012 8708 14880 -5488 -7328 2827 0 0 0 0 0 END
START 1148 6724 14720 -4004 -5575 2161 0 0 0 0 0 END
START 1992 5840 15060 -2901 -3485 2156 0 0 0 0 0 END
START 2032 4872 15784 -1751 -2936 1459 0 0 0 0 0 END
START 1752 2716 17788 -659 -3159 383 0 0 0 0 0 END
START 1120 4412 20580 198 -2248 260 0 0 0 0 0 END
START 7236 6536 17072 1535 1046 13 0 0 0 0 0 END
START 7444 7300 14288 3342 4764 -1217 0 0 0 0 0 END
START 6760 6480 14284 5162 7930 -2641 0 0 0 0 0 END
START 3076 5768 16096 6299 9833 -4102 0 0 0 0 0 END
START 888 5024 16156 7211 10957 -5114 0 0 0 0 0 END
START 900 3556 15808 7473 13415 -4976 0 0 0 1 0 END
START -1216 4036 16156 7997 17322 -4094 0 0 0 0 0 END
START -1952 7240 14684 9327 22047 -2906 0 0 0 0 0 END
START -4012 8340 13320 10658 27102 -1064 0 0 0 0 0 END
START -5652 9980 12696 12124 29532 -80 0 0 0 0 0 END
START -8500 10640 13700 13669 30389 1110 0 0 0 0 0 END
START -8564 9300 12012 14492 31336 2942 0 0 0 0 0 END
START -9264 9312 10976 14839 32252 4987 0 0 0 0 1 END
START -11044 9036 10336 14626 31395 7249 0 0 0 0 1 END
START -10660 8116 8140 13719 30861 9532 0 0 0 0 0 END
START -10636 6440 8516 13174 30418 11156 0 0 0 0 0 END
START -10324 9252 8856 12477 29722 12216 0 0 0 0 0 END
START -10076 11208 8708 11844 29720 13802 0 0 0 0 0 END
START -7004 12028 4488 11226 30448 14873 0 0 0 0 0 END
START -9132 12536 3184 9649 30362 15780 0 0 0 0 0 END
START -7820 12476 388 7574 30061 15936 0 0 0 0 0 END
START -7772 13240 -308 5864 29257 15246 0 0 0 0 0 END
START -6732 12660 -1848 3859 27954 14985 0 0 0 0 0 END
START -8912 12284 788 2239 24869 14948 0 0 0 0 0 END
START -9088 11076 1104 783 20759 14067 0 0 0 0 0 END
START -9012 10020 1412 -715 17072 13502 0 0 0 0 0 END
START -7788 8440 684 -1729 14791 13122 0 0 0 0 0 END
START -8724 11048 1964 -2516 12692 13098 0 0 0 0 0 END
START -6700 12600 2364 -3311 11556 12608 0 0 0 0 0 END
START -5508 12868 2180 -3291 10279 11592 0 0 0 0 0 END
START -5716 12896 2392 -2453 8918 10698 0 0 0 0 0 END
START -4412 14612 812 -3021 7051 9654 0 0 0 0 0 END
START -4852 13992 1156 -2788 5508 8637 0 0 0 0 0 END
START -1636 13680 -856 -2935 4545 6739 0 0 0 0 0 END
START -1168 12788 128 -3239 4797 4801 0 0 0 0 0 END
START -3488 12880 408 -4383 8040 3994 1 0 0 0 0 END
START -7476 8796 24 -4412 7311 4176 0 0 0 0 0 END
START -7252 11204 6136 -5090 -221 3600 0 0 0 0 0 END
START 3568 12124 9392 -2812 -2134 265 0 0 0 0 0 END
START 7100 12364 3720 -73 6111 -2222 0 0 1 0 0 END
START 124 14324 2848 1224 12705 -4265 0 0 0 0 0 END
START 144 13352 -1864 1518 14275 -7043 0 0 0 0 0 END
START -76 11984 -4752 592 14245 -8503 0 0 0 0 0 END
START -6280 10396 -3444 -48 12901 -9402 0 0 0 0 0 END