START 588 15664 5068 -6740 165 -1144 0 0 0 0 0 END
START 824 15652 4984 -6995 20 -1199 0 2 0 0 0 END
START 1144 15420 4860 -7340 29 -1378 0 0 0 0 0 END
START 1400 15344 4812 -7976 326 -1797 0 0 0 0 0 END
START 1452 15060 4600 -8769 744 -2373 0 0 0 0 0 END
START 1600 14776 4480 -9701 1225 -2730 2 0 0 0 0 END
START 1188 14060 4748 -10334 1643 -3185 0 0 1 0 0 END
START 1492 14080 4536 -11340 1560 -3894 0 0 1 0 0 END
START 1656 14032 4220 -12744 1430 -3991 0 0 1 0 0 END
START 1832 12396 2860 -13947 2215 -4502 0 0 0 0 0 END
START 208 11796 3800 -15701 3792 -3965 0 0 0 0 0 END
START -524 12612 4640 -16581 5269 -3830 0 0 0 0 0 END
START -1320 11084 5148 -17567 3428 -4253 0 0 0 0 0 END
START -2292 9896 6336 -19225 391 -4297 0 2 0 0 0 END
START -2624 8792 7336 -20049 -114 -3201 0 0 0 1 0 END
START -2036 9404 8972 -20273 1326 -2243 0 0 0 1 0 END
START -2988 9148 9872 -19919 1629 -1739 0 0 0 0 0 END
START -3868 9912 10244 -19814 -1042 -1544 0 0 0 0 0 END
START -3232 9960 10396 -19069 -4171 -1286 0 0 0 0 0 END
START -2792 10312 11216 -18633 -5922 -989 0 0 0 0 0 END
START -1332 8772 11568 -17962 -6132 -1100 0 0 0 0 0 END
START -564 7564 12112 -17155 -6627 -1397 0 0 0 0 0 END
START -1600 5512 13184 -16424 -7947 -1357 0 0 0 0 0 END
START -316 4772 11804 -15939 -8047 -1626 0 0 0 0 0 END
START -1736 4448 12188 -15974 -7341 -2218 0 0 0 0 0 END
START 616 2748 10740 -16726 -5489 -2023 0 0 0 0 0 END
START -2368 4244 13560 -17711 -5717 -1091 0 0 0 0 0 END
START -1492 1768 13348 -18747 -6189 -86 2 0 0 0 0 END
START -2480 -468 23016 -14097 -2916 3025 2 0 0 0 0 END
START -3632 2848 30736 -8170 -1555 395 0 0 0 0 0 END
START -2004 9736 17044 -6693 -8471 280 0 0 0 0 0 END
START 824 5628 10572 -7390 -6306 -407 0 0 0 0 0 END
START 1060 4404 12492 -7702 -2669 168 0 0 0 0 0 END
START -156 2472 16156 -7039 -398 1311 0 0 0 0 0 END
START -3744 548 21116 -5632 -1593 1528 0 0 0 0 0 END
START -1036 752 21284 -4271 -2983 1135 0 0 0 0 0 END
START 1948 3988 19768 -3006 -1598 1218 0 2 0 0 0 END
START 3204 4344 17492 -2379 394 1154 0 0 0 0 0 END
START 3472 5004 15840 -1245 1247 186 0 0 0 0 0 END
START 3956 2972 16088 -149 1250 -1601 0 0 0 0 0 END
START 5156 2388 15956 966 2296 -3528 0 0 0 0 0 END
START 5088 1068 17524 1427 4725 -4739 0 0 0 0 0 END
START 4468 2400 18464 1628 8586 -5006 0 0 0 0 0 END
START 5804 3984 17448 3218 13900 -5319 0 0 0 0 0 END
START 4892 4324 15856 5092 18314 -6934 0 0 0 0 0 END
START 2496 5472 14156 6631 20707 -7998 0 0 0 0 0 END
START -380 5028 14408 7967 21866 -8601 0 0 0 0 0 END
START -3884 3776 14628 9147 21600 -8861 0 0 0 0 0 END
START -656 2200 11900 9120 24516 -9441 0 0 0 0 0 END
START -3240 2456 12336 9328 30284 -8771 0 0 0 0 0 END
START -5896 3204 13092 9430 32767 -6550 0 0 0 0 0 END
START -8536 3848 12624 9772 32767 -4955 0 0 0 0 0 END
START -9844 6360 7860 10085 32767 -2712 0 0 0 0 0 END
START -14216 7284 9416 10264 32767 -1793 0 0 0 0 0 END
START -9036 8564 4192 10596 32767 75 0 0 0 0 0 END
START -13688 9864 4684 9897 32767 2675 0 0 0 0 0 END
START -15108 7940 3200 9752 32767 3081 0 0 0 0 0 END
START -13280 7484 776 7677 32767 4015 0 0 0 0 0 END
START -15960 6984 528 5715 32767 5390 0 0 0 0 0 END
START -19488 5932 1192 2967 32767 6928 0 0 0 0 0 END
START -18340 7152 -612 1017 32767 8186 0 0 0 0 0 END
START -19232 10016 -500 -794 32767 9852 0 0 0 0 0 END
START -16588 9880 -3164 -2922 32767 11079 0 0 0 0 0 END
START -18132 10208 -3504 -4221 32767 11906 0 0 0 0 0 END
START -18128 11196 -3384 -5816 32767 13053 0 0 1 0 0 END
START -15764 11992 -4888 -7285 30644 13977 0 0 0 0 0 END
START -15492 11020 -5316 -8223 27743 14468 0 0 0 0 0 END
START -15200 12732 -4536 -9178 24574 15127 0 0 0 0 0 END
START -15352 13124 -4572 -9909 20657 15652 0 0 0 0 0 END
START -12236 12396 -6780 -10385 16660 15637 0 0 0 0 0 END