START -4296 13636 6360 -1943 -3903 79 0 0 0 0 0 END
START -4128 13364 6440 -1873 -3745 21 0 0 0 0 0 END
START -3636 13408 6736 -1801 -3656 -18 0 0 0 0 0 END
START -3808 13704 6904 -1789 -3818 0 0 0 0 0 0 END
START -4288 13700 7472 -1861 -4825 -155 0 0 0 0 0 END
START -4048 14440 7760 -2227 -6500 -281 0 1 0 0 0 END
START -3676 14112 7828 -2428 -8111 -947 0 2 0 0 0 END
START -2356 15304 7184 -2756 -8344 -1267 0 1 0 0 0 END
START -1988 13856 7248 -3346 -8415 -2021 0 0 0 0 0 END
START -1804 14636 8296 -3928 -7792 -1774 0 0 0 0 0 END
START -1624 15048 6740 -4074 -7147 -2511 0 0 0 0 0 END
START -1436 14156 5996 -4887 -6565 -3733 0 0 0 0 0 END
START -1184 13256 6144 -6126 -6212 -4188 0 0 0 0 0 END
START -3632 11756 7784 -6927 -5556 -4354 0 0 0 0 0 END
START -3324 11628 8140 -7981 -4601 -4027 0 0 0 0 0 END
START -2708 12292 8572 -8580 -4268 -3489 0 0 0 0 0 END
START -4728 13316 10068 -8994 -4941 -3025 0 0 0 0 0 END
START -1644 13156 7432 -9186 -4379 -3025 0 0 0 0 0 END
START -5116 13236 9696 -9304 -5138 -3139 0 0 0 0 0 END
START -3796 13812 7852 -9465 -5531 -3245 0 0 0 0 0 END
START -3564 12548 7612 -9548 -5214 -3059 0 0 0 0 0 END
START -2240 10700 6208 -9814 -4590 -2969 1 0 0 0 0 END
START -5148 9792 8876 -9986 -5149 -2651 0 0 0 0 0 END
START -4168 9736 8084 -10270 -6302 -2712 0 0 0 0 0 END
START -3724 7352 9712 -10315 -7882 -2539 0 0 0 0 0 END
START -6412 8256 13076 -10184 -9257 -1430 0 0 0 0 0 END
START -4220 8112 12664 -10097 -9257 -687 0 0 0 0 0 END
START -3892 8252 13072 -9706 -8168 -425 0 0 0 1 0 END
START -872 9848 10448 -9311 -6481 -237 0 0 0 1 0 END
START -808 10828 8900 -9196 -5810 -190 0 0 0 0 0 END
START -2276 9792 9384 -9412 -6585 -447 0 0 0 0 0 END
START -1764 9372 9524 -9820 -7411 -936 0 0 0 0 0 END
START -488 7016 9216 -10351 -7317 -1233 0 0 0 0 0 END
START -2244 5428 10916 -10621 -6921 -1183 0 0 0 0 0 END
START -2280 4904 11220 -11063 -6249 -553 0 0 0 0 0 END
START -4764 6916 13088 -12076 -7004 165 0 0 0 0 0 END
START -3280 8820 11760 -13207 -7765 737 0 0 0 0 2 END
START 1704 8476 6280 -15131 -8068 437 0 0 0 0 1 END
START 2944 9320 3420 -17759 -7113 -1001 0 0 0 0 0 END
START 2084 848 3456 -20884 -4096 1493 0 0 0 0 0 END
START 792 -2428 29076 -11789 8525 -249 0 0 0 0 0 END
START -9360 3824 28404 -9748 2984 -72 0 0 0 0 0 END
START -6088 2604 18836 -7366 -6705 -2785 0 1 0 0 0 END
START -1436 4284 18168 -6248 -8269 -1887 0 0 0 0 0 END
START 3732 4232 16844 -5053 8 -1699 0 0 0 0 0 END
START 4060 6140 17140 -3394 7596 60 0 0 0 0 0 END
START 512 3956 17256 220 10157 151 0 0 0 0 0 END
START -2700 1364 18316 3718 9176 -2294 0 0 0 0 0 END
START -672 2048 16140 5554 8745 -3607 0 0 0 0 0 END
START 1800 992 14052 6604 11426 -3852 0 0 0 0 0 END
START 424 1788 14908 7688 17092 -3308 1 0 0 0 0 END
START -232 5452 13928 9168 23167 -3572 0 0 0 0 0 END
START -1148 7560 11840 10489 31290 -4717 0 0 0 0 0 END
START -1012 9188 8548 11731 32767 -2760 0 0 0 0 0 END
START -5656 7928 7252 12210 32767 -568 0 0 0 0 1 END
START -11652 7064 8572 11852 32767 1768 0 0 0 0 0 END
START -17368 7076 10132 10812 32767 4269 0 0 0 0 0 END
START -15300 8184 7616 10533 32767 6026 0 0 0 0 0 END
START -19380 8640 11180 9610 32767 8841 0 0 0 0 0 END
START -18832 11052 11400 8498 32767 11969 0 0 0 1 0 END
START -16232 11596 8172 7710 32767 14028 0 0 0 0 0 END
START -14696 11748 3748 5889 32767 16001 0 0 0 0 0 END
START -15888 12144 4616 4335 30531 16806 0 0 0 0 0 END
START -10552 12448 -696 3066 28316 16867 0 0 0 0 0 END
START -15068 13368 2648 1597 25932 17313 0 0 0 0 0 END
START -11424 12420 212 865 23753 16705 0 0 0 0 1 END
START -13024 11036 788 -931 20409 16199 0 0 0 0 0 END
START -12472 9980 948 -2426 18001 15702 0 0 0 0 0 END
START -11720 9464 348 -3747 16148 15139 0 0 0 0 0 END
START -13804 7792 3108 -4671 13810 15059 0 0 0 0 0 END