START -2000 8080 13124 -2549 848 -925 0 0 0 0 0 END
START -2072 8136 13196 -2432 782 -961 0 0 0 0 0 END
START -2176 8008 13360 -2073 664 -986 0 0 0 0 0 END
START -2392 8000 13844 -1200 683 -1116 0 0 0 0 0 END
START -2688 8968 14228 -503 604 -1077 0 0 0 0 0 END
START -2652 9088 13428 -453 303 -1164 0 1 0 0 0 END
START -2184 8860 12160 -453 733 -1022 0 0 0 0 0 END
START -2772 8824 12280 -694 925 -646 0 0 0 0 0 END
START -2432 8796 11808 -693 928 -481 0 0 0 0 0 END
START -3696 8188 12424 -1217 250 25 0 0 0 0 0 END
START -2064 9252 12432 -819 475 133 0 0 0 0 0 END
START -1888 7968 12664 -634 -54 -41 0 0 0 0 0 END
START -3340 7628 12728 -1006 -573 -189 0 0 0 0 0 END
START -1524 9228 13540 -986 -347 -28 0 0 0 0 0 END
START -1228 10240 12388 -665 223 -86 0 0 0 0 0 END
START -1056 9220 11700 -426 161 -634 0 0 0 0 0 END
START -1136 7880 10336 -905 43 -833 0 1 0 0 0 END
START -3088 5952 11064 -1418 66 -1075 0 0 0 0 0 END
START -4676 7528 13752 -2019 -168 -729 0 0 0 0 0 END
START -2796 9376 13748 -1870 -48 -432 0 0 0 0 0 END
START -1744 9336 12588 -1691 241 -352 0 0 0 2 0 END
START -1560 8732 11560 -1284 65 -634 0 0 0 0 0 END
START -2848 7696 11464 -1662 -95 -874 0 0 0 0 0 END
START -4612 5572 11700 -2014 -565 -1001 1 0 0 0 0 END
START -5092 7064 14308 -2580 -872 -471 1 0 0 0 0 END
START -2460 8808 13400 -2373 -557 -67 0 0 1 0 0 END
START -1716 10004 12592 -2088 -105 201 0 0 0 0 0 END
START -1548 9424 12332 -1674 -146 -119 0 0 0 0 0 END
START -1944 8112 11896 -1807 -198 -439 0 0 0 0 0 END
START -2888 7220 11400 -2023 -20 -853 0 0 0 0 0 END
START -3128 7876 12508 -2765 -130 -741 0 0 0 0 0 END
START -560 9572 13744 -2910 768 -601 0 0 0 0 0 END
START 1136 9616 13044 -2221 2686 -1326 0 0 0 0 0 END
START 2240 9540 12428 -1553 4311 -2490 0 0 0 0 0 END
START 2360 7908 12100 -1362 6358 -3700 0 0 0 0 0 END
START 1764 7912 11904 -1768 8094 -4848 0 0 0 0 0 END
START 1772 7976 12932 -1956 11162 -5671 0 0 0 0 0 END
START -1036 8900 15528 -1527 14876 -6450 0 0 0 0 0 END
START -1012 10076 13800 -854 17657 -6816 0 0 0 0 0 END
START -2648 9884 11848 -296 21059 -7067 0 0 0 0 0 END
START -5568 9980 11092 849 24794 -6273 0 0 0 0 0 END
START -6264 10320 9684 2074 27467 -5742 0 0 0 0 0 END
START -11180 9664 13320 3633 29791 -3495 0 0 0 0 0 END
START -16208 8644 13960 5747 31749 -1788 0 0 0 0 0 END
START -18516 5488 14692 7223 32767 -103 0 0 0 0 0 END
START -11884 8252 9384 8111 32767 1518 0 0 0 0 0 END
START -16160 13200 12148 9007 32767 5267 0 0 0 0 0 END
START -14068 11732 9628 9581 32767 8449 0 0 0 0 0 END
START -12676 12388 5416 9465 32767 10001 0 0 0 0 0 END
START -10788 12736 792 8444 32767 11380 0 0 0 0 0 END
START -11744 13116 216 7192 32767 12927 0 0 0 0 0 END
START -16072 12064 -296 5505 32767 13943 0 0 0 0 0 END
START -12476 10092 -3436 3489 32767 13811 0 0 0 0 0 END
START -17264 10308 1116 1488 32767 14272 0 0 0 0 0 END
START -11848 8736 -2216 609 32767 15256 0 0 0 0 0 END
START -14700 8000 -952 -925 28152 15244 0 0 0 0 0 END
START -14056 9372 -1448 -2845 22872 15756 0 0 0 0 0 END
START -14800 11520 608 -3590 18556 16384 0 0 0 0 0 END
START -12688 11320 -332 -3725 15447 16167 0 0 0 0 0 END
START -10472 10968 -1612 -3640 11596 15577 0 1 0 0 0 END
START -6296 10884 -2948 -3904 9935 14277 0 0 0 0 0 END
START -6564 11476 -3408 -4257 8305 13334 0 0 0 0 0 END
START -4332 9588 -6056 -4748 8057 12026 0 0 0 0 0 END
START -2440 6248 -5168 -4718 7822 10004 0 0 0 0 0 END
START -2160 7164 -4592 -4822 5849 8740 0 0 0 0 0 END
START -3008 7060 -4764 -4694 4424 8549 0 0 0 0 0 END
START -6824 9264 -1960 -4938 1019 9102 0 0 0 0 0 END
START -7988 10768 108 -4757 -2301 9383 0 0 0 0 0 END
START -9000 12096 -760 -4508 -4833 9577 0 0 0 0 0 END
START -4540 13004 -2812 -4068 -5537 8926 0 0 0 0 0 END