START -5968 12700 -7880 -259 1190 -376 0 0 0 541 554 END
START -4836 12228 -8504 54 1869 -620 0 0 0 540 554 END
START -4844 12480 -8036 472 3326 -514 0 0 0 540 554 END
START -5240 14164 -7444 684 4735 -878 0 0 1 540 553 END
START -3244 14656 -8132 -666 8674 10 0 0 0 539 553 END
START -7876 15908 -5092 -221 8033 2425 0 0 0 535 551 END
START -10212 15636 -5512 -874 2938 550 0 0 4 533 549 END
START -6896 14116 -4012 -1165 501 1060 0 0 0 530 549 END
START -5556 13780 -3832 -1187 148 -357 0 0 2 529 547 END
START -9020 15396 -3288 -1503 -3054 -1740 0 0 0 529 547 END
START -5940 14596 -5892 -2313 -5628 -2884 0 0 0 530 546 END
START -9416 14552 -3908 -3359 -10817 -3981 0 0 0 529 545 END
START -9472 14296 -1500 -5266 -22159 -4046 0 0 0 530 545 END
START -4700 17180 -1800 -5178 -21750 -3538 0 0 0 531 542 END
START -3372 13928 -1688 -5254 -16586 -2214 0 0 0 532 536 END
START -9688 10756 -432 -3218 -19382 -6266 0 0 0 529 532 END
START -14404 17712 -2752 -4473 -25141 -5696 0 0 0 526 530 END
START -12760 17196 -4540 -7565 -28155 -4858 0 0 0 523 527 END
START -13040 13144 -5984 -9674 -31665 -4758 0 0 0 520 524 END
START -14744 10136 -6628 -12342 -32768 -4707 0 0 0 517 522 END
START -14492 10288 -5044 -14099 -32768 -4174 0 0 0 519 525 END
START -14084 11744 -3888 -16375 -32768 -2255 0 0 0 521 527 END
START -7940 11984 -7332 -18606 -32768 -1629 0 0 0 522 529 END
START -5420 10680 -5208 -19518 -32768 -429 0 0 0 523 528 END
START -4232 10228 -1896 -19051 -32768 2101 0 0 0 525 527 END
START -7496 11012 3284 -19202 -32570 4426 0 0 0 525 525 END
START -8220 11244 6148 -18606 -32169 4309 0 0 0 525 523 END
START -5252 12204 6544 -17826 -30248 4668 0 1 0 527 522 END
START -3488 11048 6928 -16904 -27612 4469 0 0 0 529 521 END
START -208 9168 6748 -15448 -22759 5210 0 0 0 529 519 END
START -1084 9220 8980 -13812 -17805 4852 0 0 0 530 517 END
START -2296 10496 10604 -12405 -13773 5077 0 0 0 528 514 END
START -4952 10816 12376 -11073 -13027 5012 0 0 0 529 512 END
START -1040 11032 9956 -10361 -13618 4383 0 0 0 529 514 END
START 148 9996 9504 -9898 -11399 3229 0 0 0 530 518 END
START 1760 8468 9024 -9200 -7531 2811 0 0 0 532 521 END
START -860 7404 11172 -7396 -3057 3412 0 0 0 534 526 END
START -3916 10016 14340 -6039 -797 3168 0 0 0 537 530 END
START -4012 10076 12424 -5458 -2367 2683 0 0 0 540 534 END
START -3348 9228 10748 -5177 -3333 2855 0 0 0 546 541 END
START -1376 6848 8500 -4747 -2405 2369 0 0 0 550 546 END
START -1588 8064 8316 -5238 -1141 2279 0 0 0 0 550 END
START -1960 8240 9324 -6136 -653 2119 0 0 0 0 554 END
START -3640 8212 12732 -6644 -1261 2395 0 0 0 0 0 END
START -2508 9504 14164 -6359 -1178 2795 0 0 0 0 0 END
START 52 8816 12824 -5587 -145 2131 0 0 0 0 0 END
START -1280 10068 12788 -4405 -439 1582 0 0 0 0 0 END
START 648 8372 11336 -4036 -1197 961 0 0 0 0 0 END
START 716 6984 11132 -3771 -654 452 0 0 0 0 0 END
START -1160 5908 11728 -3725 -498 211 0 0 0 0 0 END
START -1588 7984 14148 -4071 -638 404 0 0 0 0 0 END
START 104 9544 14312 -3350 499 37 0 0 0 0 0 END
START 2224 9788 11360 -2280 2587 -530 0 0 0 0 0 END
START 624 8600 11580 -1702 2860 -1173 0 0 0 0 0 END
START -1572 7536 11784 -1814 2607 -1591 0 0 0 0 0 END
START -4080 5968 12716 -1895 2117 -1556 0 0 0 0 0 END
START -2580 7708 12344 -1902 1598 -1202 0 0 0 0 0 END
START -488 8092 12876 -1397 1920 -722 0 0 0 0 0 END
START 1820 8392 11108 -549 1733 -319 0 0 0 0 0 END
START -1552 14580 13048 2061 -1253 -890 0 0 0 0 0 END
START -400 14136 9516 -614 1076 -927 0 0 0 0 0 END
START -240 5568 9620 -1376 751 -1094 0 0 0 0 0 END
START -5260 8120 13744 -1813 195 -658 1 0 0 0 0 END
START -2576 9752 13664 -1860 654 -91 0 0 0 0 0 END
START -468 9044 11960 -1365 653 291 0 0 0 0 0 END
START -2872 8568 12492 -930 363 29 0 0 0 0 0 END
START -2592 7588 11432 -1459 117 -375 0 0 0 0 0 END
START -4188 6148 12040 -1688 -301 -462 1 0 0 0 0 END
START -4540 7628 14468 -2289 -169 74 0 0 1 0 0 END
START -2964 9024 14596 -1720 194 388 0 0 0 0 0 END