START -4372 5152 20728 -9457 1196 -1474 0 0 0 0 0 END
START -4544 6160 22152 -8548 -235 -2023 0 0 0 0 0 END
START -2344 5944 19872 -6642 -4135 -2975 0 0 0 0 0 END
START 1724 5876 13492 -5289 -1303 -3798 0 0 0 0 0 END
START -272 5968 12128 -5148 1305 -3405 0 0 0 0 0 END
START -1412 5440 12836 -4988 1298 -3937 0 0 0 0 0 END
START -1224 4944 14964 -4205 1686 -4538 0 0 0 0 0 END
START -1116 5204 16384 -2927 2104 -5196 0 0 0 0 0 END
START -312 5928 16592 -1529 2416 -6190 0 0 0 0 0 END
START 792 6048 15536 -1036 4254 -6568 0 0 0 0 0 END
START 828 5112 15616 398 7789 -7422 0 0 0 0 0 END
START -504 5584 16580 1581 9339 -8109 0 0 0 0 0 END
START -212 4584 16436 3827 10591 -9460 0 0 0 0 0 END
START -1284 4480 16268 4930 12261 -9520 0 0 0 0 0 END
START -1896 6588 16588 6109 14988 -8871 0 0 0 0 0 END
START -2568 6460 14748 7286 17917 -8936 0 0 0 0 0 END
START -2836 4972 12376 8388 20871 -8152 0 0 0 0 0 END
START -6364 4976 12424 8617 24507 -6757 0 0 0 0 0 END
START -7824 4000 12264 8273 27726 -5331 0 0 0 0 0 END
START -9732 5428 13252 7831 32767 -3145 0 0 0 0 0 END
START -9784 8184 11808 8400 32767 -717 0 0 0 0 0 END
START -14028 9660 11480 9120 32767 1302 0 0 0 0 0 END
START -11316 9340 6128 9132 32767 3064 0 0 0 0 0 END
START -13492 10196 5032 8522 32767 3519 0 0 0 0 0 END
START -11504 9836 -124 7295 32767 5189 0 0 0 0 0 END
START -12484 8696 -740 6469 32767 5908 0 1 0 0 0 END
START -17464 9416 1132 4379 32767 6862 0 0 0 0 0 END
START -16260 8032 -724 2144 32767 8035 0 0 0 0 0 END
START -16112 8536 -840 262 32767 9933 0 0 0 0 0 END
START -18500 11412 936 -974 32767 11648 0 0 0 0 0 END
START -19092 11452 228 -2420 31633 12498 0 0 0 0 0 END
START -16816 11928 -1596 -3809 26383 12723 0 0 0 0 0 END
START -12108 11496 -5184 -5117 22390 13008 0 0 1 0 0 END
START -14044 12432 -3828 -6423 20158 12655 0 0 0 0 0 END
START -11604 13048 -5768 -7634 18717 12271 0 0 0 0 0 END
START -12552 13144 -4240 -8529 15912 12032 0 0 0 0 0 END
START -11432 11536 -4348 -9194 12413 11786 0 0 0 0 0 END
START -11976 10612 -2792 -9579 9993 11225 0 0 0 2 0 END
START -9040 10276 -4796 -10144 9260 10679 0 0 0 0 0 END
START -12484 10188 -2660 -10497 7311 10296 0 0 0 0 0 END
START -12728 9732 -2920 -10817 4460 10044 0 0 0 0 0 END
START -11220 8648 -1364 -10919 1792 9893 0 0 0 0 0 END
START -12632 7912 716 -10812 -245 10047 0 0 0 0 0 END
START -11652 10704 2600 -10407 -1185 10221 0 0 0 0 0 END
START -6068 11484 -44 -9994 -1044 9982 0 0 0 0 0 END
START -6996 11104 -428 -8796 -869 9250 0 0 0 0 0 END
START -6636 13040 -1400 -8416 -811 8384 0 0 0 0 0 END
START -5600 12712 -1744 -8011 -16 7372 0 0 0 0 0 END
START -7880 11796 452 -7608 -956 6556 0 0 0 0 0 END
START -6688 10916 -220 -7404 -2044 5697 0 0 0 0 0 END
START -9124 10160 2296 -6901 -3061 4974 0 0 0 0 0 END
START -7456 8560 1460 -6513 -3698 4663 1 0 0 0 0 END
START -8548 11256 2680 -6307 -3968 4827 0 0 1 0 0 END
START -7756 11940 124 -6316 -3679 5299 0 0 1 0 0 END
START -7904 10528 104 -6613 -4993 6724 0 0 0 0 0 END
START 152 12812 9376 -4187 -6853 2772 0 0 0 0 0 END
START 1904 13580 4204 -1196 237 -68 0 0 0 0 0 END
START -5468 12312 3236 -591 5157 301 0 0 2 0 0 END
START -9404 11496 5796 343 2001 -1552 0 0 0 0 0 END
START -7424 10364 2128 763 2601 -1594 0 0 0 0 0 END
START -9876 12768 3064 502 2811 -1117 0 0 0 0 0 END
START -9728 15088 1200 514 2367 -504 0 0 0 0 3 END
START -8272 16176 -992 334 1415 248 0 0 0 0 0 END
START -8588 15168 -1264 446 -707 324 0 0 0 0 0 END
START -9496 14040 -348 250 -2969 445 0 0 0 0 0 END
START -11580 12756 1696 472 -5129 549 0 0 0 0 0 END
START -11840 9912 3056 333 -6949 1593 0 0 0 0 0 END
START -10204 13180 3532 127 -7644 3021 0 0 0 0 0 END
START -7136 13136 1472 638 -7613 3627 0 0 0 0 0 END
START -8236 13404 644 1269 -8837 4043 0 0 0 0 0 END