START -3588 -488 15652 3663 -1458 1061 570 504 545 594 571 END
START -8212 -2636 19448 7403 -1061 327 569 502 544 594 571 END
START 1788 1032 11868 10319 -618 1860 567 506 545 594 571 END
START 6348 -8 4404 7469 517 2344 567 505 546 596 573 END
START -12980 544 18696 5528 -4215 -2179 570 504 549 597 574 END
START 7764 2740 12024 1995 -2147 -564 570 506 541 597 572 END
START -4100 3100 25032 -2192 -193 367 564 508 543 596 567 END
START -9560 7156 26968 -11389 -8286 -5948 566 509 545 590 567 END
START 596 -6008 26780 -21193 -11591 -5647 570 512 558 599 565 END
START 20552 -964 11252 12268 9592 -5982 573 510 541 600 564 END
START -1092 -8488 17596 13152 12073 -3139 576 507 561 599 565 END
START -6652 -6032 22384 20202 12733 -3786 574 505 530 604 560 END
START -9732 3064 21752 20253 16817 -872 581 496 526 590 568 END
START -13192 4900 18784 18316 14871 -617 561 492 515 587 552 END
START -7144 6536 8816 15230 11437 -485 557 490 510 585 555 END
START -3040 8280 3192 11613 13830 2329 561 487 505 604 550 END
START -5208 11368 3976 6484 17226 6144 565 481 497 577 547 END
START -7920 12352 5164 -19 15628 9220 568 479 501 568 546 END
START -6532 9220 2980 -6691 11285 10413 570 485 494 568 541 END
START -4216 5808 2264 -11362 9324 9292 575 485 492 570 541 END
START -4632 4052 4592 -13596 6449 7905 593 486 489 568 542 END
START -5648 3232 7968 -15364 -952 6581 586 485 489 564 527 END
START -3080 1488 9652 -16404 -7106 4384 590 479 481 555 532 END
START 1516 -1364 8724 -16704 -6892 3277 598 479 472 618 529 END
START -7048 -15476 17800 -5165 -9152 6317 599 468 466 540 515 END
START 608 13368 30164 -4695 -18090 -3386 609 463 455 529 508 END
START 16324 3540 18804 -7550 -1345 -1524 617 462 452 526 504 END
START 968 3540 15436 -6668 12830 1158 616 466 449 521 500 END
START -8432 3276 16316 -5252 10505 735 614 460 446 529 506 END
START -9292 3232 15516 -6137 6328 637 617 464 445 514 497 END
START -7528 1332 13544 -7220 5127 -19 616 464 446 514 492 END
START -9876 776 15212 -7856 3945 734 621 468 447 508 495 END
START -8348 -208 15800 -8327 1888 1487 610 471 453 499 486 END
START -8708 -1908 18168 -7338 -2056 2010 611 474 448 517 497 END
START -6680 -3416 19208 -4548 -4606 1456 623 482 451 518 498 END
START -8880 -3464 21136 -752 -6898 431 625 478 453 521 500 END
START -6200 -4660 20704 2338 -12228 -2519 626 482 456 521 498 END
START -1408 -932 21488 5151 -12178 -3356 628 478 449 536 497 END
START -576 -556 18984 7292 -9315 -3940 628 483 455 521 502 END
START -2372 160 17636 9512 -7060 -3580 629 495 459 527 497 END
START -5244 768 18020 11360 -7177 -2941 576 483 460 488 502 END
START -5616 1780 17536 12822 -8312 -2382 627 482 458 522 503 END
START -6276 2544 18088 14203 -9733 -1637 631 480 455 523 501 END
START -6188 3708 17456 15503 -10412 -912 625 481 458 522 499 END
START -3940 5204 16752 16305 -9616 -248 628 484 459 521 502 END
START -2476 4584 16124 17072 -7668 330 627 481 460 520 502 END
START -1260 4948 14724 18335 -4434 1285 628 508 460 523 503 END
START -2224 5272 14556 19464 -1513 2037 628 481 461 522 502 END
START -2208 5588 13392 20216 665 2990 630 483 460 522 502 END
START -1900 5800 12440 21065 1808 3948 628 483 461 522 504 END
START -2124 6192 12552 21611 2848 4957 627 483 461 521 505 END
START -1560 7036 12264 21595 3885 5174 628 486 461 522 502 END
START 136 7320 11032 20856 6200 5422 628 486 460 520 503 END
START -216 7300 9292 20900 9840 6671 627 488 461 521 503 END
START -1540 8208 8584 20687 11897 7823 632 475 409 524 510 END
START -2596 8092 8244 20337 12903 8626 624 488 462 521 503 END
START -3312 10088 8984 19649 13814 8931 628 486 463 521 504 END
START -3476 11908 7852 17702 14389 8916 632 490 464 516 502 END
START -1820 10812 3704 15014 14849 8871 628 485 463 525 503 END
START -32 9304 1840 12744 16031 8772 629 489 463 521 504 END
START 1464 10752 2040 10778 19711 8103 617 454 467 521 508 END
START 296 10428 948 8721 23282 8497 627 489 470 514 506 END
START -2320 9764 228 7004 24429 8270 628 490 463 520 504 END
START -3788 11840 984 4842 23142 7648 634 549 468 506 520 END
START -6664 10648 1344 3249 19568 8206 633 488 460 517 507 END
START -8028 11496 3080 1528 13064 6708 631 490 464 521 506 END
START -4936 11932 3072 -168 7860 5560 629 491 468 520 502 END
START -2332 11856 2468 -1357 5377 4886 630 490 464 518 506 END
START -668 12304 2588 -1679 3842 4122 629 490 465 521 500 END
START -876 11740 3840 -1320 2164 3264 632 491 470 520 506 END