START -1956 15124 4960 -3500 -3277 -500 0 0 0 0 0 END
START -1880 15224 4924 -3478 -3382 -590 0 0 0 0 0 END
START -1976 15360 5268 -3535 -3783 -650 0 0 0 0 0 END
START -1680 15408 5032 -3791 -5060 -945 0 0 0 0 0 END
START -1164 15232 4524 -4183 -6184 -1270 0 0 0 0 0 END
START -692 15224 4144 -4654 -6433 -1497 0 0 0 0 0 END
START 924 14952 3348 -5391 -4693 -2332 0 0 0 0 0 END
START 416 15432 3632 -5347 -4364 -1958 0 0 0 0 0 END
START -1052 14952 4940 -5482 -5781 -2376 0 0 0 0 0 END
START -1664 16120 4700 -6192 -6357 -3509 0 0 0 0 0 END
START 40 15940 2060 -8186 -6198 -3678 0 0 0 0 0 END
START 1032 14700 3812 -7604 -5684 -3798 0 0 0 0 0 END
START -512 16304 3424 -8055 -4475 -4357 0 0 0 0 0 END
START -68 14592 1788 -9510 -4662 -4924 0 0 0 0 0 END
START -16 12580 2040 -11912 -5098 -4995 0 0 0 0 0 END
START -624 9508 2760 -14013 -4597 -4494 0 0 0 0 0 END
START -3148 9936 5464 -15474 -3437 -3902 0 0 0 0 0 END
START -1148 10228 4644 -16910 -1552 -4204 0 0 0 0 0 END
START -3688 12080 8344 -17040 -1830 -3250 0 0 0 0 0 END
START -2392 11284 7780 -17895 -3924 -2267 0 1 0 0 0 END
START -4192 10924 8844 -17762 -6187 -1974 0 0 0 0 0 END
START -3076 10620 8336 -17698 -7625 -2110 0 0 0 0 0 END
START -2468 11180 7552 -17892 -8381 -1636 0 0 0 0 0 END
START -1532 11316 7732 -18339 -8899 -1555 2 0 0 0 0 END
START -384 9204 7736 -18160 -9342 -1204 0 0 0 0 0 END
START -1496 8836 9968 -17833 -10183 -1067 0 0 0 0 0 END
START -1732 7916 11012 -17295 -10727 -1017 0 0 0 0 0 END
START 1092 6764 9812 -16660 -9945 -1261 0 0 0 0 0 END
START -624 5644 11232 -17704 -8968 -1529 0 1 0 0 0 END
START 1180 2880 10848 -18161 -7589 -874 0 0 0 0 0 END
START -1220 3892 13888 -18254 -6176 -262 0 0 0 0 0 END
START -12 5292 15040 -18352 -2997 14 0 0 0 0 0 END
START 1644 6264 12864 -17890 -953 350 0 0 0 1 0 END
START 1788 7512 10156 -18161 -231 -8 0 0 0 0 0 END
START 640 6144 9696 -18845 -692 -657 0 0 0 0 0 END
START 1076 2148 10424 -19765 -1151 -485 0 0 0 0 0 END
START -3816 -4452 24456 -15315 2743 2309 0 0 0 0 0 END
START -6072 -1828 32767 -7037 -1857 -1085 2 0 0 0 0 END
START -3480 7724 20440 -5581 -12471 -2023 0 0 0 0 0 END
START 3268 4540 15268 -5865 -8571 -1927 0 0 0 0 0 END
START 6624 2836 16476 -4994 1338 -2826 0 0 0 0 0 END
START 5348 4004 19500 -2952 9466 -2317 0 0 0 0 0 END
START 1856 3332 21512 55 11205 -3569 0 0 0 0 0 END
START 2408 3112 20024 3071 10357 -6197 0 1 0 0 0 END
START 5124 2672 18272 5120 12515 -8024 0 0 0 0 0 END
START 5020 1256 17036 6769 17363 -8547 0 0 0 0 0 END
START 2368 248 17216 8496 22201 -8948 0 0 0 0 0 END
START 596 -788 16952 10131 26085 -9331 0 0 0 0 0 END
START -724 1252 16764 11955 31475 -9035 0 0 0 0 0 END
START -2824 5156 15692 13545 32767 -6366 0 0 0 0 0 END
START -8372 5636 14980 14640 32767 -4641 0 0 0 0 0 END
START -7080 5904 9216 15551 32767 -2526 0 0 0 0 0 END
START -12372 7788 8880 15456 32767 -218 0 0 0 0 0 END
START -12220 8428 4668 15376 32767 1484 0 0 0 0 0 END
START -15364 7840 4028 14189 32767 4148 0 0 0 0 0 END
START -18712 8660 4808 12178 32767 6970 0 0 0 0 0 END
START -19036 7792 3772 10482 32767 9958 0 0 0 0 0 END
START -22788 7520 6196 9659 32767 12528 0 0 0 0 0 END
START -20620 6752 4124 7227 29347 14611 0 0 0 0 0 END
START -17476 8620 3036 5992 25919 16139 0 0 0 0 0 END
START -16668 10284 3684 4907 24286 17105 0 0 0 0 0 END
START -14900 11156 2024 3741 21816 17723 0 0 0 0 0 END
START -13200 11620 1096 2543 19828 18204 0 0 0 0 0 END
START -9628 11776 -1232 1488 20038 18122 2 0 0 0 0 END
START -10220 12812 -1492 -104 20990 17910 0 0 0 0 0 END
START -8520 12592 -2592 -1454 21756 17284 0 0 0 0 0 END
START -8312 11908 -3800 -2332 21322 16426 0 0 0 0 0 END
START -10744 11776 -1828 -3422 18985 15903 0 1 0 0 0 END
START -8420 11016 -3616 -4583 17482 15211 0 0 0 0 0 END
START -8780 11012 -3112 -5855 15780 14412 0 0 0 0 0 END