START 4392 3368 8684 -5365 286 -91 567 466 467 535 531 END
START 3628 3588 8844 -4765 2197 479 570 458 466 534 529 END
START -612 3908 9332 -3740 4740 962 579 468 473 528 534 END
START -4868 5392 10392 -3584 2585 985 580 465 451 522 516 END
START -6060 5920 13008 -4364 -2842 714 587 460 450 506 503 END
START -2352 5740 18828 -5110 -4895 400 595 462 438 520 505 END
START -500 5360 20312 -6357 -1332 1348 598 458 435 503 506 END
START -3480 2484 17096 -6090 -1283 1377 598 456 440 501 511 END
START -1140 3196 13792 -5291 -2599 -104 614 462 441 505 510 END
START 1732 2948 11676 -3862 -657 57 605 465 440 507 510 END
START 260 1648 13048 -2884 1609 143 605 467 451 510 511 END
START -1812 1184 14428 -2909 1850 284 605 467 442 507 511 END
START -2356 1616 15372 -2832 1748 -78 605 472 442 509 511 END
START -1844 2096 14112 -2512 2220 -99 606 465 459 509 518 END
START -2404 2672 14300 -2384 2354 -396 608 471 441 509 512 END
START -2580 2612 13828 -2464 2324 -297 602 532 495 510 513 END
START -2256 1220 13724 -2824 2092 -155 607 475 443 509 513 END
START -1592 1032 14228 -2783 1699 -407 608 474 441 504 512 END
START -1164 -316 14332 -2449 2319 -650 606 475 438 510 524 END
START -1952 1644 14996 -2057 2788 -937 610 471 444 511 514 END
START -1628 2636 14848 -1994 3037 -1035 609 476 446 514 513 END
START -1836 2984 16072 -1979 2559 -710 611 486 447 528 513 END
START -2260 2308 17588 -1452 2257 -264 607 475 452 520 532 END
START -2448 584 19944 68 3155 -208 612 478 452 519 515 END
START -3608 -216 21500 1905 4369 258 611 464 458 521 503 END
START -5492 -1928 21584 5202 4558 149 609 513 454 523 541 END
START -6248 64 21688 9747 3409 845 613 483 457 521 513 END
START -8228 1908 23592 12809 848 1569 616 480 458 522 510 END
START -7432 2776 21448 15712 -1536 2094 609 480 458 522 513 END
START -6176 4276 19504 18706 -2743 3035 616 481 471 522 512 END
START -4628 5244 17912 21404 -2234 3836 639 482 470 523 514 END
START -1360 6652 15136 23251 921 4695 612 482 460 522 513 END
START -1008 8780 13196 23823 4541 5985 623 485 459 501 514 END
START -852 8552 10400 23142 6803 7044 611 481 457 524 513 END
START -1528 8188 9536 22884 8744 8340 612 484 461 521 515 END
START -2920 8408 8144 22518 8830 9509 617 471 453 519 519 END
START -3680 9852 7948 21716 8215 9608 608 497 460 525 510 END
START -2896 11540 6712 19646 7314 9912 614 484 462 524 516 END
START -916 11640 5404 16889 6950 10151 618 512 469 527 513 END
START 648 11824 4732 14596 7315 10505 630 490 466 527 513 END
START 444 12412 5424 12705 7852 10583 613 485 462 522 516 END
START -576 12704 6100 10841 7643 9884 615 483 448 526 500 END
START -116 13936 6220 8634 7294 9217 615 458 465 530 518 END
START -824 13656 6212 6065 6585 8489 615 488 459 523 516 END
START -940 12012 5428 4373 5751 8177 613 485 462 524 517 END
START -1612 11700 5384 4250 5059 7723 614 486 464 522 516 END
START -3068 11604 6340 4167 4076 7102 617 486 461 512 503 END
START -3012 12948 7332 3462 2679 6065 640 487 468 525 541 END
START -3116 12140 6728 2193 1082 5388 614 486 462 523 520 END
START -2076 11268 6452 1674 141 5062 660 486 516 527 517 END
START -960 11320 6524 2132 1322 4764 612 488 462 521 520 END
START -1432 12240 5744 2471 3238 4552 621 489 454 524 517 END
START -1676 12404 6084 2279 4187 3968 614 487 464 526 518 END
START -456 10884 4620 2132 5272 3259 615 487 464 526 518 END
START -1052 11612 4936 2003 6061 3328 614 472 463 525 477 END
START -3300 12204 5852 1891 5361 3053 618 482 466 521 520 END
START -4152 10676 5528 1386 2213 2556 615 486 464 525 520 END
START -3460 9860 4608 1252 -1582 2063 614 488 479 525 510 END
START -1900 11892 6096 1389 -3691 1440 615 489 465 523 541 END
START 1264 13420 5312 1532 -2990 837 615 487 465 526 519 END
START 1212 13452 4696 1309 -738 714 619 490 472 502 548 END
START -16 13436 4252 1374 1889 521 604 486 468 531 520 END
START -1992 13864 4388 822 2324 404 617 488 472 523 513 END
START -2968 13864 4108 173 1409 354 615 487 467 525 519 END
START -3756 13792 4644 -428 -525 374 614 488 464 523 517 END
START -3164 13592 4616 -822 -2829 182 614 488 468 526 518 END
START -1284 13224 4408 -745 -3272 75 615 490 466 524 519 END
START 1248 14436 3964 -587 -1743 38 624 488 472 524 505 END
START 704 14620 4412 -771 -293 68 617 487 471 525 519 END
START -1232 13760 5672 -1123 151 -175 615 489 466 526 520 END