START 64 12972 9412 -6658 -2037 -5091 0 0 0 0 0 END
START -68 13024 9428 -6918 -2544 -5200 0 0 0 0 0 END
START 416 12784 8856 -8028 -3534 -5610 0 0 0 0 0 END
START 2016 11872 7464 -9676 -3717 -5966 0 0 0 0 0 END
START 3572 10524 6108 -11274 -1215 -6098 0 0 0 0 0 END
START 2136 9692 7648 -12002 2384 -5653 0 0 0 0 0 END
START -908 8816 9016 -12377 3060 -5284 0 0 0 0 0 END
START -2348 9352 10324 -12898 1653 -4905 0 0 0 0 0 END
START -3080 8112 10612 -13225 -806 -5067 0 0 0 0 0 END
START -2788 8020 11396 -14175 -3027 -4628 0 0 0 0 0 END
START -532 6828 11344 -14319 -2406 -5079 0 0 0 0 0 END
START -120 5896 10168 -13737 -213 -4519 0 0 0 0 0 END
START -932 5028 10680 -13532 883 -4141 0 0 0 0 0 END
START -3832 4704 13292 -13159 -19 -3733 1 0 0 0 0 END
START -4852 5444 15656 -13180 -827 -3504 1 0 0 0 0 END
START -1860 5872 14860 -13009 -1143 -3055 0 0 0 0 0 END
START -3196 6596 16232 -12415 -1531 -2967 0 0 0 0 0 END
START 2080 5460 11992 -12654 762 -3109 0 0 0 0 0 END
START 460 6292 11072 -12622 1947 -2767 0 0 0 0 0 END
START -2756 6592 11704 -12867 1775 -2568 0 0 0 0 0 END
START 624 5500 8948 -13688 1797 -3047 0 0 0 0 0 END
START -880 1072 12888 -12412 2999 -2017 0 0 0 0 0 END
START -9268 1624 23268 -8277 2572 319 0 0 0 0 0 END
START -10812 6448 26128 -8142 -6663 -3086 0 0 0 0 0 END
START 2240 2688 15912 -8074 -6005 -3263 0 0 0 0 0 END
START 1560 4108 18220 -6538 242 -2412 0 0 0 0 0 END
START 1336 4556 18736 -5559 3157 -2886 0 0 0 0 0 END
START 2884 3308 17120 -3151 5195 -3968 2 0 0 0 0 END
START 4676 2344 16256 -990 8216 -5870 0 0 1 0 0 END
START 3524 996 16324 719 10862 -6720 0 1 0 0 0 END
START 2312 -1564 16748 2617 13432 -7523 0 0 0 0 0 END
START -2168 504 20136 4752 17149 -7624 0 0 0 0 0 END
START -2912 2096 20596 7296 21959 -7047 0 0 0 0 0 END
START -4288 3848 18472 9591 25534 -6308 0 0 0 0 0 END
START -4660 4856 15056 11580 27270 -5890 0 0 0 0 0 END
START -10568 6200 16744 13334 27804 -4046 0 0 0 0 0 END
START -11064 4800 13784 14563 28011 -2501 0 0 0 0 0 END
START -11452 4296 12140 14937 26632 -977 0 0 0 0 0 END
START -11556 4880 10732 14921 27807 384 1 0 0 0 0 END
START -13580 6004 10772 14858 29121 2228 2 0 0 0 0 END
START -15784 5164 11856 14224 29348 4726 0 0 0 0 0 END
START -14884 5560 9496 13317 28734 7386 0 0 0 0 0 END
START -15652 8192 9632 12159 28213 9277 0 0 0 0 0 END
START -11392 8968 6064 11280 28984 10322 0 0 0 0 0 END
START -14500 10500 6248 10511 28365 11089 0 0 0 0 0 END
START -9280 10040 540 9352 28668 11693 0 0 0 0 0 END
START -13288 11112 2328 8269 27433 11939 0 0 0 0 0 END
START -10704 9956 -904 6642 26936 12375 0 0 0 0 0 END
START -12536 8768 728 5231 24945 12910 0 0 0 0 0 END
START -10936 7868 196 4444 24267 13259 0 0 0 0 0 END
START -10852 7284 -84 3492 24411 13442 0 0 0 0 0 END
START -12668 7248 896 2127 24383 14373 0 0 0 0 0 END
START -13384 11548 1616 1174 24170 15513 0 0 0 0 0 END
START -9972 11784 -2224 -54 23751 15894 0 0 0 0 0 END
START -11808 12404 -1992 -923 22624 15616 0 0 0 0 0 END
START -6800 13080 -5296 -1847 22068 15177 0 0 0 0 0 END
START -10000 14360 -1740 -2313 20799 14710 0 0 0 0 0 END
START -9292 13968 -1980 -2831 18162 14270 0 0 0 0 0 END
START -7276 12668 -4012 -3153 15074 13825 0 0 0 0 0 END
START -9416 12176 -2476 -3667 11089 13355 0 0 0 0 0 END
START -7156 11940 -3520 -4657 7864 12661 0 0 0 0 0 END
START -6712 11516 -3164 -4786 5363 11389 0 0 0 0 0 END
START -8288 11688 -1196 -4895 3064 10234 0 0 0 0 0 END
START -5676 9500 -1900 -4972 2157 9362 0 0 0 0 0 END
START -7628 12172 36 -5182 985 8889 0 0 0 0 0 END
START -5432 13740 -524 -4935 522 8563 0 0 0 0 0 END
START -6728 14816 -1132 -5000 -1667 8395 0 0 0 0 0 END
START -2940 15880 -3220 -5226 -3238 7287 0 0 0 0 0 END
START -2944 15188 -3032 -5249 -2220 5199 0 2 0 0 0 END
START -708 15032 -4116 -5574 1011 3252 0 0 0 0 0 END