START 440 4468 14876 -1501 1541 -671 0 0 0 0 0 END
START 232 4504 15044 -1445 1517 -584 0 0 0 0 0 END
START -216 4560 15356 -1409 1192 -470 0 0 0 0 0 END
START -48 4248 15028 -1232 595 -365 0 0 0 0 0 END
START 204 4300 14936 -1126 295 -362 0 0 0 0 0 END
START 888 4272 14600 -962 360 -277 0 0 0 0 0 END
START 772 4552 14624 -930 659 -296 0 0 0 0 0 END
START 684 4124 14424 -1003 529 -477 0 0 0 0 0 END
START 1120 4304 14476 -657 1011 -716 0 0 0 0 0 END
START 64 3948 14928 -766 721 -515 0 0 0 0 0 END
START 752 4980 14052 -542 696 -815 0 1 0 0 0 END
START -580 3576 14096 -797 88 -859 0 0 0 0 0 END
START 112 5752 14716 -662 405 -325 0 0 0 0 0 END
START 672 4832 13556 -309 405 -897 0 0 0 0 0 END
START -452 3128 13644 -528 -313 -998 0 0 0 0 0 END
START -1348 3848 15652 -928 -510 -333 0 0 0 0 0 END
START 1064 5764 15060 -698 -100 -133 0 0 0 0 0 END
START 1144 6472 13876 -317 201 -246 0 0 0 0 0 END
START 1276 4720 12996 -202 28 -625 0 1 0 0 0 END
START 1596 3792 11888 -481 -500 -830 0 0 0 0 0 END
START -672 2588 14220 -730 -589 -848 0 1 0 0 0 END
START 1020 3564 15324 -1061 -391 -288 0 0 0 0 0 END
START 3200 5396 14844 -676 455 -153 0 0 0 0 0 END
START 2344 6876 13468 -347 949 -321 0 0 0 0 0 END
START 2956 5044 12136 -375 758 -796 0 0 0 0 0 END
START -324 3708 12812 -727 187 -1099 0 0 0 0 0 END
START 996 2320 12516 -1315 -334 -666 0 0 0 0 0 END
START -1460 5384 17592 -1260 -1 -37 0 0 0 0 0 END
START 812 6020 15312 -899 598 0 0 0 0 0 0 END
START 3000 4988 11856 -497 1410 -764 0 0 0 0 0 END
START 1200 3648 11700 -773 983 -1033 0 0 0 0 0 END
START 2104 2268 12048 -1179 440 -940 0 0 0 0 0 END
START 2984 3512 13776 -1342 1448 -566 0 0 0 0 0 END
START 3692 5376 14112 -917 3048 -749 0 0 0 0 0 END
START 3808 5956 11988 -529 4314 -1032 0 0 0 1 0 END
START 4660 4052 10352 -400 5924 -2051 0 0 0 0 0 END
START 3152 3360 10888 -428 5962 -2607 0 0 0 0 0 END
START 320 1564 13128 -497 5045 -3058 0 0 0 0 0 END
START -1520 3328 16652 -635 6049 -3177 0 0 0 0 0 END
START -456 5080 16424 169 9737 -4174 0 0 0 0 0 END
START 4364 5440 10428 742 13178 -5138 0 0 0 0 0 END
START 1472 4176 10924 1359 14665 -6853 1 0 0 0 0 END
START -1584 2460 12612 1534 17376 -8123 0 0 0 0 0 END
START 2092 2324 9224 1713 18646 -9084 0 0 1 0 0 END
START 2048 -24 9692 1131 22356 -10159 0 0 0 0 0 END
START -1776 1780 12836 702 25181 -10198 0 0 0 0 0 END
START -3228 3868 14292 1554 28513 -10442 0 0 0 0 0 END
START -1364 4608 11228 2149 32513 -10771 0 0 0 0 0 END
START -4036 6148 10400 3288 32767 -10652 0 0 0 0 0 END
START -10772 7664 15576 4531 32767 -10664 0 0 0 0 0 END
START -7876 5900 10384 5415 30916 -10573 0 0 0 0 0 END
START -11176 5452 10008 5694 29877 -10993 0 0 0 0 0 END
START -11512 4864 6900 5052 31964 -8819 0 0 0 0 0 END
START -18048 4980 10536 5144 32480 -7227 0 0 0 0 0 END
START -18416 3500 9284 6306 29254 -6510 0 0 0 0 0 END
START -20440 3020 10960 6398 23032 -3457 0 0 0 0 0 END
START -21260 3888 10948 6231 20693 -565 0 0 0 0 1 END
START -18628 5136 7400 6123 20619 1319 0 0 0 0 2 END
START -19436 6192 6384 5779 20339 4396 0 0 0 0 0 END
START -20404 7352 5248 6230 20514 5672 0 0 0 0 0 END
START -19764 9324 5216 6142 19302 7637 0 0 0 0 0 END
START -21124 6380 3464 5324 16927 9117 0 0 0 0 0 END
START -19444 5100 968 4516 15632 10491 0 0 0 0 0 END
START -19012 3672 -468 3505 15182 12334 0 0 0 0 0 END
START -20096 4520 892 2374 14232 14331 0 0 0 0 0 END
START -18120 5464 1356 1369 13047 16307 0 0 0 0 0 END
START -16936 7696 1480 964 12257 18060 0 0 0 0 0 END
START -18392 9168 1480 463 11567 19096 0 0 0 0 0 END
START -10512 9632 -3608 -131 12099 19692 0 0 0 0 0 END
START -11584 10436 -2668 -944 12427 19327 0 0 1 0 0 END