START 292 11564 7144 -12750 -24670 2477 0 0 0 0 0 END
START 492 11340 7056 -12773 -23955 2371 0 0 0 0 0 END
START 1268 11360 7304 -12741 -21966 2091 0 0 0 0 0 END
START 2040 12076 8660 -12680 -19698 2291 0 0 0 0 0 END
START 3384 12268 9624 -12073 -18066 1810 0 0 0 0 0 END
START 4624 12572 10492 -11728 -15253 1764 0 0 0 0 0 END
START 5184 11896 11004 -11152 -11710 1387 0 0 0 0 0 END
START 6148 12688 11616 -10770 -7424 1423 0 0 0 0 0 END
START 5648 11408 11256 -10456 -4371 944 0 0 0 0 0 END
START 5480 12360 12604 -10085 -801 503 0 0 0 0 0 END
START 5552 12412 11984 -9441 1961 62 0 0 0 0 0 END
START 4120 10968 12928 -8978 2876 -605 0 0 0 1 0 END
START 2336 9988 14736 -8196 2617 -1164 0 0 0 0 0 END
START 2824 10660 15600 -7072 2727 -1052 0 0 0 0 0 END
START 2292 10936 15704 -5698 2761 -886 0 0 0 0 0 END
START 996 11980 14680 -4542 2628 -938 0 0 0 0 0 END
START 372 11900 14148 -3591 1803 -1204 0 0 0 0 0 END
START 936 11048 13072 -2874 1094 -1410 0 0 0 0 0 END
START 2436 10504 12164 -2217 232 -1765 0 0 0 0 0 END
START 1276 9452 12568 -1468 -589 -2112 0 0 1 0 0 END
START 1096 8132 13224 -917 -329 -1984 0 0 0 0 2 END
START 1036 8496 14068 -431 333 -1379 0 0 0 0 0 END
START 2368 10472 12996 285 1220 -849 0 0 0 0 0 END
START 876 11452 12052 588 1280 -685 0 0 0 0 0 END
START 2848 11136 9732 625 1046 -1102 0 0 0 0 0 END
START 1360 10288 10604 260 504 -1850 0 0 0 0 0 END
START 1500 8504 10684 188 174 -2196 0 0 0 0 0 END
START -508 9188 12804 -183 327 -1193 0 0 0 0 0 END
START 1668 10524 12044 -60 843 -260 0 0 0 0 0 END
START 424 11504 11172 -141 779 -18 0 0 0 0 0 END
START 1604 11960 10284 -413 -190 -432 0 0 0 0 0 END
START 1052 11180 10780 -974 -1069 -939 0 0 0 0 0 END
START 1148 10848 10712 -1306 -1165 -1302 0 0 0 0 0 END
START 2060 8672 11160 -1666 -565 -1730 0 0 0 0 0 END
START 868 10152 12552 -2012 437 -1569 0 0 0 0 0 END
START 1608 11504 13068 -2017 2100 -1211 0 0 0 0 0 END
START 3064 13228 11480 -2146 2927 -1333 0 0 0 0 0 END
START 3304 14324 9356 -2890 907 -2292 1 0 0 0 0 END
START 4604 13060 7428 -4721 -1979 -3882 0 0 0 0 0 END
START 6924 10732 4284 -6801 -1266 -4467 0 0 0 0 0 END
START 5228 8804 5812 -8288 3606 -4214 0 0 0 0 0 END
START 604 7768 9348 -9189 5629 -4514 0 0 0 0 0 END
START -1420 8120 12548 -10096 4203 -4206 0 0 0 0 0 END
START -2056 8672 14504 -10343 1731 -3980 0 0 0 0 0 END
START -2872 9832 15128 -10456 -1173 -3322 0 0 0 0 0 END
START 1184 8268 10336 -11071 -1718 -2377 0 0 0 0 0 END
START 712 6500 10244 -11133 321 -2452 0 0 0 0 0 END
START 1116 8076 10092 -10812 2396 -2865 0 0 0 0 0 END
START -140 7932 10348 -11346 2684 -2797 0 0 0 0 0 END
START -2360 6876 10816 -12040 2014 -2946 0 0 0 0 0 END
START -344 5984 7692 -13307 1328 -3210 0 0 0 0 0 END
START -3884 -1864 14780 -11480 266 -719 0 0 0 0 0 END
START -5844 1836 30000 -4949 2433 -2206 0 0 0 0 0 END
START -4780 7172 24668 -4650 -3755 -1605 0 0 0 0 0 END
START 1080 5664 16108 -2416 -2913 -2446 0 0 0 0 1 END
START 3180 8100 13120 -1394 2514 -3355 0 0 0 0 1 END
START 2632 8884 14052 -724 6517 -2645 0 0 0 0 0 END
START 568 5684 15284 390 8885 -3180 0 0 0 0 0 END
START -1312 4888 16120 966 8502 -4808 0 0 0 0 0 END
START 976 2872 15764 1592 8411 -6156 0 0 0 0 0 END
START 1248 4460 17800 2142 11105 -5968 0 0 0 0 0 END
START 2320 6012 18536 3811 16614 -6060 0 0 0 0 0 END
START 1672 6212 16164 5548 21111 -7171 0 0 0 0 0 END
START 428 6784 15168 7113 23163 -8075 0 2 0 0 0 END
START 568 4924 12104 9000 26042 -8866 0 0 0 0 0 END
START -2632 4704 11492 10073 30084 -8779 0 0 0 0 0 END
START -8852 5572 11872 10829 32767 -7827 0 0 0 0 0 END
START -11708 4400 10348 11654 32767 -4897 0 0 0 0 0 END
START -17856 4780 12152 12327 32767 -2320 1 0 0 0 0 END
START -18160 6200 9584 12014 32767 879 0 0 0 0 0 END