START -920 6732 15604 -10149 2445 43 0 0 0 0 0 END
START -912 6636 15572 -9707 2151 41 0 0 0 0 0 END
START -804 6604 15668 -8922 1739 -46 0 0 0 0 0 END
START -444 6644 15412 -8032 1814 -341 0 0 0 0 2 END
START -164 6688 15812 -7325 2001 -455 0 0 0 0 0 END
START -536 6476 16164 -6671 1864 -199 0 0 0 0 0 END
START -736 5976 16192 -5859 1633 -294 0 0 0 0 0 END
START -640 6464 16200 -5058 1310 -284 0 0 0 0 1 END
START -584 6028 16060 -4511 640 -465 0 0 0 0 0 END
START 148 6308 15896 -3623 1347 -798 0 0 0 0 0 END
START -240 6028 14968 -3544 1160 -768 0 0 0 0 0 END
START -324 6564 16060 -3455 1870 -162 0 0 0 0 0 END
START -540 6964 15204 -2907 2322 -587 0 0 0 0 0 END
START -1020 5824 14204 -2884 1767 -871 0 0 0 0 0 END
START -2160 3900 14372 -2904 907 -685 0 1 0 0 0 END
START -1588 5776 16508 -2956 705 -123 0 0 0 0 0 END
START -520 6844 15960 -2557 802 242 0 0 0 0 0 END
START -1532 7116 14992 -1816 522 -36 0 1 0 0 0 END
START -948 5836 14056 -1702 -60 -501 0 0 0 0 0 END
START -3572 4696 14884 -1627 -810 -874 0 0 0 0 0 END
START -312 2532 13072 -1586 -688 -871 0 0 0 0 0 END
START -2536 4100 16376 -1828 -545 -326 0 0 0 0 0 END
START -2268 6136 18120 -1478 47 248 0 0 0 0 0 END
START -676 7480 15176 -1038 583 306 0 0 0 0 0 END
START 776 6424 12180 -764 411 -219 0 0 0 0 0 END
START -400 5272 12096 -943 205 -947 0 0 0 0 0 END
START 344 2380 12144 -1209 -142 -950 0 0 0 0 0 END
START -216 3808 14640 -1601 170 -269 0 0 0 0 0 END
START 1664 5944 13212 -1347 1197 -70 0 0 0 0 0 END
START 2452 7132 11104 -1045 1851 -363 0 0 0 0 0 END
START 1380 6144 10252 -1203 1832 -1047 0 0 0 0 0 END
START -1140 4896 11016 -1716 1171 -1401 0 0 0 0 0 END
START -4152 3252 13348 -2116 242 -1756 0 0 0 0 0 END
START -5560 4076 15824 -2905 222 -1559 0 0 0 0 0 END
START 972 3620 12372 -3138 1911 -1414 0 0 2 0 0 END
START -404 6164 12640 -2947 3787 -1255 0 0 0 0 0 END
START -260 7016 11676 -3084 4054 -1508 0 0 0 0 0 END
START -3000 6608 13840 -3051 3779 -2032 0 0 0 0 0 END
START -4900 5028 14680 -3202 3278 -2537 0 0 0 0 0 END
START -380 3900 12352 -3313 2840 -2891 0 0 0 0 0 END
START -2756 2892 14204 -3634 1369 -2905 0 0 0 0 0 END
START -3764 4036 15984 -4273 958 -2626 0 0 0 0 0 END
START -2148 5348 16876 -4757 2476 -2372 0 0 0 0 0 END
START -80 5824 16352 -4716 4160 -2329 0 0 0 0 0 END
START -1216 6104 16296 -4421 6196 -2600 0 0 0 0 0 END
START -1280 5984 16380 -4081 8104 -3391 1 0 0 0 0 END
START 1200 4636 15120 -3466 10450 -4299 1 0 0 0 0 END
START -660 2924 16484 -2545 12014 -5331 2 0 0 0 0 END
START -2264 1344 17476 -1257 15161 -6670 0 0 0 0 0 END
START 816 -476 14804 -246 18862 -7401 0 0 0 0 0 END
START -1636 1252 16260 416 22315 -7816 0 0 0 0 0 END
START -3420 3572 15616 2058 26771 -7328 0 0 0 0 0 END
START -5784 3808 13924 3431 29015 -7102 0 0 0 0 0 END
START -5616 4936 11212 4953 32159 -7881 0 0 0 0 0 END
START -4572 3624 7708 6370 32767 -7204 0 0 0 0 0 END
START -13296 3788 10596 7433 32767 -6270 0 0 0 0 0 END
START -15432 2876 10080 8028 32767 -5587 0 0 0 1 0 END
START -13712 3760 7656 8849 32767 -4301 1 0 0 0 0 END
START -20576 3476 10844 8744 32767 -703 1 0 0 0 0 END
START -17904 3588 6300 7904 32767 1001 1 0 0 0 0 END
START -16912 4540 4360 6709 32767 4148 0 0 1 0 0 END
START -22336 7012 6508 6190 32767 5742 0 0 0 0 1 END
START -19376 6944 2656 6349 32767 5447 0 0 0 0 0 END
START -17164 7904 1292 5749 32401 6126 0 0 0 0 0 END
START -17284 7488 388 4748 30392 7157 0 0 0 0 0 END
START -23372 5804 2768 3566 27068 8728 0 0 0 0 0 END
START -16908 3128 -3020 2571 23630 9595 0 0 0 0 0 END
START -19796 3916 -784 1207 20300 10985 0 0 0 0 0 END
START -18648 6596 -1364 -166 18648 11992 0 0 0 0 0 END
START -17800 8016 -1920 -915 18048 12756 0 0 0 0 0 END