START -4364 13696 13544 -4832 1559 -2352 0 0 0 0 0 END
START -4240 13208 13340 -4544 640 -2189 0 0 0 0 0 END
START -3296 12512 12124 -3761 -564 -1875 0 0 0 0 0 END
START -2512 12096 11088 -2904 -281 -1502 0 0 0 0 0 END
START -2488 12236 11064 -2156 876 -1297 0 0 0 0 0 END
START -2848 12412 11712 -1563 1406 -924 0 0 0 0 0 END
START -3220 12228 11932 -890 1265 -439 0 0 0 0 0 END
START -3284 11804 11080 -708 531 -65 0 0 0 0 0 END
START -2700 10980 9712 -450 380 -260 0 0 0 0 0 END
START -2312 11724 9524 -445 1293 105 0 0 0 1 0 END
START -2132 11108 8888 -571 1048 -86 0 0 0 0 0 END
START -2528 11328 10208 -763 920 249 0 0 0 0 0 END
START -1620 12172 10120 -518 1322 295 0 0 0 0 0 END
START -2220 11564 9340 -699 289 42 0 0 0 0 0 END
START -3440 9696 9900 -997 -980 -267 0 0 0 0 0 END
START -1920 11332 10828 -1257 -563 390 0 0 0 0 0 END
START -632 12264 9476 -1459 791 481 0 0 0 0 0 END
START -1868 13104 9244 -1571 1429 219 0 0 0 1 0 END
START -2448 12048 9112 -1978 419 -410 0 0 0 0 0 END
START -1312 11312 8176 -2184 -689 -1091 0 0 0 0 0 END
START -1636 9364 8872 -2146 -1594 -1397 0 0 0 0 0 END
START -3864 9636 10524 -2420 -2332 -1139 0 0 0 0 0 END
START -3796 11080 11928 -2695 -2292 -525 0 0 0 0 0 END
START -2744 12660 12376 -2892 -2661 -216 0 0 0 0 0 END
START -664 12784 10528 -3084 -2660 -306 0 0 0 0 3 END
START -1500 13916 9108 -3660 -3448 -341 0 0 0 0 1 END
START -352 14120 7508 -4462 -4303 -665 0 0 0 0 2 END
START -16 12332 6988 -5115 -4163 -1363 0 0 0 0 0 END
START -1620 11804 9468 -5778 -4618 -1932 0 0 0 0 0 END
START -864 11192 9568 -6192 -5231 -2597 0 0 0 0 0 END
START -280 8372 9936 -6493 -5457 -3014 0 0 0 0 0 END
START -2272 10212 12248 -7276 -5472 -2614 0 0 0 0 0 END
START -2076 10808 10196 -8463 -4507 -2777 0 0 0 1 0 END
START -1152 12004 9600 -9023 -2328 -2024 0 0 0 0 0 END
START -412 11704 9016 -9579 -869 -2987 0 0 0 0 0 END
START -652 11460 8260 -9881 -3010 -2937 0 0 0 0 0 END
START -1316 8732 8008 -10313 -4504 -2961 0 0 0 0 0 END
START -688 8100 8164 -10513 -4419 -3746 0 0 0 0 0 END
START -2968 6880 8664 -12722 -5985 -2819 0 0 0 0 0 END
START -2928 4108 9408 -13710 -6126 -2121 0 0 0 0 0 END
START -1032 2420 10696 -13595 -4806 -2943 0 0 0 0 0 END
START -2240 2572 12460 -12635 -4502 -2917 0 0 0 1 0 END
START -4148 4952 15304 -12581 -5342 -2576 0 0 0 0 0 END
START -1504 2596 15820 -11557 -5074 -2698 0 0 0 0 0 END
START 604 3140 20484 -7475 604 -4079 0 0 0 0 0 END
START 60 8052 19080 -4908 4472 -4042 0 0 0 0 0 END
START -2448 6628 18488 -3137 6202 -4151 0 0 0 0 0 END
START -3724 5024 17484 -1268 7009 -5247 0 0 2 0 0 END
START -252 4832 15576 361 8103 -5575 0 0 1 0 0 END
START -1356 3880 18464 1623 10430 -6097 0 0 0 0 0 END
START -3700 6512 21272 1835 12561 -5350 0 0 0 0 0 END
START -3432 8216 19568 2556 14403 -4770 0 0 0 0 0 END
START 1980 7680 13384 2913 17737 -5625 0 0 0 0 0 END
START 1968 8988 10668 2901 21164 -6409 0 0 0 0 0 END
START -368 7420 9860 3405 22351 -7206 0 0 0 0 0 END
START -4940 5896 11264 3371 22214 -7719 0 0 0 0 0 END
START -9068 4372 13576 3513 20186 -8166 0 0 0 0 0 END
START -5216 4208 9992 3167 21265 -7736 0 0 0 0 0 END
START -5968 5256 11516 3362 24206 -6701 0 0 0 0 0 END
START -7808 6488 9812 3875 24589 -5654 1 0 0 0 0 END
START -11980 6804 11628 4796 25927 -4579 0 0 0 0 0 END
START -11644 8328 8468 5361 26794 -3200 2 0 0 0 0 END
START -12944 8392 8292 5953 27174 -2698 0 0 0 0 0 END
START -16428 7724 8400 7013 28628 -692 0 0 0 0 0 END
START -17792 6324 7648 6945 27279 966 0 0 0 0 0 END
START -14632 3576 4708 6546 24896 1852 0 0 0 0 0 END
START -15108 5280 4636 5623 25158 4105 0 0 0 0 0 END
START -18788 9396 7172 5125 26274 6967 0 0 0 0 0 END
START -16152 13224 2536 4365 26129 9925 0 0 0 0 0 END
START -16628 10144 3824 4827 24505 10499 0 0 0 0 0 END