START -2736 7628 11428 -8791 4507 -1579 0 0 0 0 0 END
START -2652 7120 10940 -8704 4034 -1526 0 2 0 0 0 END
START -2320 7076 11016 -8533 3121 -1433 0 0 0 0 0 END
START -1412 6524 9620 -8847 2998 -1092 0 0 0 0 0 END
START -1020 5580 9568 -9179 3557 -1110 0 0 0 0 0 END
START -1448 5536 10276 -10072 4393 -1215 0 0 0 0 0 END
START -1832 5352 10696 -9676 4522 -869 0 0 0 0 0 END
START -2548 5892 11356 -9490 4464 -406 0 0 0 0 0 END
START -4328 4944 11944 -9823 2382 707 0 0 0 0 0 END
START -4892 3300 14068 -7138 -1149 1923 0 0 0 0 0 END
START -4076 4748 17600 -5316 -2860 523 0 0 0 0 0 END
START -692 7212 15744 -4325 -3089 126 0 0 0 0 0 END
START 1212 5400 11284 -4738 -1508 181 0 0 0 0 1 END
START -552 4496 11576 -5179 -90 19 0 0 0 0 0 END
START -48 6656 13424 -5181 1118 -191 0 0 0 0 0 END
START 212 6976 12492 -4681 2167 -730 0 0 0 0 0 END
START 1220 5272 12160 -4540 2597 -1681 0 0 0 0 0 END
START -648 4840 14608 -4459 3005 -2544 0 0 0 0 0 END
START -2576 3580 16664 -3702 2648 -3259 0 1 0 0 0 END
START -2264 3472 17420 -3341 2680 -3747 0 2 0 0 0 END
START -180 4076 16944 -3177 4042 -3763 0 0 0 0 0 END
START 360 5832 18648 -2728 5978 -3786 0 0 0 2 0 END
START 1508 6004 17260 -1571 8271 -3708 0 0 0 0 0 END
START 600 6704 16084 330 10468 -4594 0 0 0 0 0 END
START 108 4612 15132 2325 11513 -5856 0 0 0 0 0 END
START -144 3856 15276 3920 12538 -6727 0 0 0 0 0 END
START -1800 2096 15748 4897 13841 -6814 0 0 0 0 0 END
START -5604 4208 17184 5411 15809 -6172 0 0 0 0 0 END
START -4684 5660 15592 6108 18441 -4896 0 0 0 0 1 END
START -3992 6472 13212 6701 20951 -4904 0 0 0 0 1 END
START -5232 8128 10740 7249 24975 -4278 0 0 0 0 2 END
START -5944 9328 8884 7912 30668 -3314 0 0 0 0 2 END
START -6648 8672 6480 8571 32767 -1888 0 0 0 0 0 END
START -11528 7924 6536 8210 32767 365 0 0 0 0 0 END
START -16792 8100 9856 7975 32767 2087 0 0 0 0 0 END
START -16224 6744 8904 7184 32767 4556 0 0 0 0 0 END
START -15228 7132 8220 6425 32140 7694 0 0 0 0 0 END
START -16728 9688 9268 6776 30696 9196 0 0 0 0 0 END
START -16544 11192 7552 6833 29672 10293 0 0 0 2 0 END
START -12740 12280 3672 5784 28699 11327 0 0 0 0 0 END
START -9540 11888 40 4076 29176 12267 0 0 0 0 0 END
START -10280 12280 -536 2834 30244 12279 0 0 0 0 0 END
START -12256 10904 -1000 1235 31192 12471 2 0 0 0 0 END
START -12816 10832 -532 -1204 30191 13202 0 0 0 0 0 END
START -12776 10120 544 -2635 28726 13868 0 0 0 0 0 END
START -15020 9564 1488 -3675 26616 14419 0 0 0 0 0 END
START -11704 8712 -712 -5212 25186 14555 0 0 0 0 0 END
START -12800 7952 552 -5962 23486 14373 0 1 0 0 0 END
START -11896 10696 -556 -7583 22181 14711 0 1 0 0 0 END
START -13988 12468 1488 -8229 19342 14584 0 0 0 0 0 END
START -11728 11872 912 -8240 16396 14249 0 0 0 0 0 END
START -13404 12108 2436 -7705 12179 13922 0 0 0 0 0 END
START -7396 12544 -1536 -7333 9548 13270 0 0 2 0 0 END
START -10532 13252 512 -7751 7152 12795 0 0 0 0 0 END
START -7984 11672 -424 -6628 6347 10569 0 0 0 0 0 END
START -8120 11816 -488 -7108 4998 9696 0 0 0 0 0 END
START -9516 11064 764 -6911 3318 8700 0 0 0 0 0 END
START -9804 8452 1932 -6607 2205 8163 0 0 0 0 0 END
START -9132 10516 2304 -6523 1520 8139 0 0 0 0 0 END
START -6624 11760 1380 -5875 1554 7711 0 0 0 0 0 END
START -6096 12908 -232 -5639 1535 7011 0 0 0 0 0 END
START -4888 14640 -2112 -5607 2191 6196 0 0 0 0 0 END
START -7140 15044 -2400 -5990 2597 5418 0 0 0 0 0 END
START -7872 13040 -3040 -6732 -396 5668 0 0 0 0 0 END
START -6512 11732 1260 -6724 -5933 4667 0 0 0 0 0 END
START -500 10252 7028 -4716 -7899 2083 0 0 0 0 0 END
START -1788 9488 3536 -2797 -2145 1004 2 0 0 0 0 END
START -7964 11316 7040 -2106 1020 316 0 0 2 0 0 END
START -7696 12684 6232 -1063 3549 -441 0 0 0 0 0 END
START -8660 14172 3440 -381 5282 -327 0 0 0 0 0 END