START -544 13520 10260 -12010 -17059 -431 0 0 0 0 0 END
START -280 13896 10656 -11830 -16311 -160 0 0 0 0 0 END
START 0 14368 11856 -11497 -14747 423 0 0 0 0 0 END
START 328 14708 12260 -11293 -13680 1182 0 0 0 0 0 END
START 680 14300 12536 -10858 -12643 1506 0 0 0 0 0 END
START 1468 12860 12860 -10392 -11337 1580 0 0 0 0 0 END
START 2512 11936 12896 -9478 -9307 1245 0 0 0 1 0 END
START 2264 12132 14080 -8751 -6678 2072 0 0 0 0 0 END
START 2044 11324 13732 -7401 -4905 1416 0 0 0 0 0 END
START 1448 10384 13728 -6872 -4811 1289 0 0 1 0 0 END
START 2336 11372 14240 -5734 -3606 1138 0 0 1 0 0 END
START 2604 11180 13580 -4533 -2008 474 0 0 1 0 0 END
START 3028 10200 11820 -3730 -102 62 0 0 0 0 1 END
START 1228 9324 12368 -3115 560 -378 0 0 0 0 0 END
START 352 8444 12632 -2530 -12 -243 0 0 0 0 0 END
START -868 10504 15136 -1660 -464 339 0 0 0 0 0 END
START -124 11080 13880 -824 -1032 573 0 0 0 0 0 END
START 1768 11936 11140 -25 -1885 308 0 0 0 0 0 END
START 2556 11556 9696 584 -2510 -727 0 0 0 0 0 END
START 1380 10616 10576 71 -2385 -746 0 0 0 0 0 END
START 184 9656 11216 187 -2104 -1262 0 0 0 0 0 END
START 492 8692 11708 107 -1927 -874 0 0 0 0 0 END
START 192 10744 13624 300 -930 -94 0 0 0 0 0 END
START 888 12152 11276 373 -236 237 0 0 0 0 0 END
START 2636 11976 9500 119 -769 -241 0 0 0 0 0 END
START 2352 11100 9464 -422 -1845 -890 0 0 0 0 0 END
START 1848 9252 9936 -853 -2735 -1263 0 0 0 0 0 END
START 432 9380 12204 -1248 -2553 -831 0 0 0 0 0 END
START 528 10616 13468 -1312 -1585 -383 0 0 0 0 0 END
START 1828 11440 11884 -1222 -700 -152 0 0 0 0 0 END
START 2732 12948 10172 -1329 -596 -255 0 0 0 0 0 END
START 1664 13200 10936 -1694 -1057 -788 0 0 0 0 0 END
START 3132 11824 9272 -2249 -571 -1685 0 0 0 0 0 END
START 3120 11012 9348 -2747 -504 -2526 0 0 0 0 0 END
START 1508 10128 10564 -3422 -839 -3260 1 0 0 0 0 END
START 1776 8556 10392 -4324 -698 -3376 1 0 0 0 0 END
START 1524 10108 11392 -5350 3 -3219 0 0 1 0 0 END
START 2380 11728 10732 -6010 1162 -2773 0 0 0 0 0 END
START 2288 11704 8980 -7160 2217 -3039 0 0 0 0 0 END
START 2784 11904 6284 -8424 3624 -3339 0 0 0 0 0 END
START 2940 9488 5468 -10034 4479 -3815 0 0 0 0 0 END
START 384 7568 7624 -11465 5080 -4151 0 0 0 0 0 END
START -2596 6420 10384 -12482 4793 -3832 0 0 0 0 0 END
START -2604 4536 10732 -12745 2928 -3324 0 0 0 0 0 END
START -3564 4068 11472 -13245 441 -2995 0 0 0 0 0 END
START -1860 4616 12604 -13360 -14 -2793 0 0 0 0 0 END
START -2176 6488 13460 -12931 -158 -2179 0 0 0 0 0 END
START -1156 7016 11888 -12784 170 -1863 0 0 0 0 0 END
START -1472 7404 11100 -12793 -524 -1924 0 0 0 0 0 END
START -3468 3312 13944 -12180 -2198 -198 0 0 0 0 0 END
START -484 3556 22208 -6471 350 -1246 0 0 0 0 0 END
START -3548 7216 25988 -3424 -548 -2759 0 0 0 0 0 END
START -1368 5636 18640 -2487 -2099 -3434 0 0 0 0 0 END
START 2324 3356 14904 -584 1403 -4274 0 0 0 0 0 END
START 1596 6072 16648 -280 5070 -4292 0 0 0 0 0 END
START 2428 6904 18032 800 9577 -3740 0 0 0 0 0 END
START 3084 6092 15952 2327 14487 -4807 0 0 0 0 0 END
START 1180 5868 16752 3988 17797 -5979 0 0 0 0 0 END
START 2368 3552 14100 5588 21050 -6796 0 0 0 0 0 END
START 1608 3352 12500 7165 26190 -7297 0 0 0 0 0 END
START -2732 2508 13992 8246 32517 -6901 0 0 0 0 0 END
START -8752 5332 16904 9202 32767 -5079 0 0 0 0 0 END
START -9500 7168 15040 11250 32767 -3090 0 0 0 0 0 END
START -15364 9736 14668 12690 32767 127 0 0 0 0 0 END
START -19048 10744 12392 13062 32767 3736 0 0 0 0 0 END
START -14408 12004 5876 12193 32767 6767 0 0 0 0 0 END
START -13584 12164 3072 10584 32767 9462 0 0 0 0 1 END
START -12244 15820 1380 9314 32767 11636 0 0 1 0 0 END
START -12100 12416 -1748 7225 32767 14774 0 0 0 0 0 END
START -17532 9700 1800 6782 32767 15171 0 0 0 0 0 END