START -4996 4064 15076 -5742 -4156 431 611 511 533 603 561 END
START -4764 3800 14860 -5326 -4776 613 589 507 530 600 558 END
START -4020 3528 15608 -4608 -5651 -12 580 514 522 604 531 END
START -2712 4052 15652 -4254 -4634 81 553 501 522 582 550 END
START -2816 3528 14868 -3798 -3586 584 586 498 511 578 546 END
START -3976 2652 14748 -2486 -2814 106 593 494 501 631 549 END
START -5208 4596 15564 -830 -3606 1086 593 496 491 564 552 END
START -5636 4972 15616 -1462 -4910 -401 591 478 483 554 533 END
START -4688 3980 15664 -2591 -5848 -726 582 480 473 538 528 END
START -2088 5000 14120 -2680 -4594 -765 591 480 466 532 542 END
START -3200 3852 12820 -2030 -4285 -368 583 475 454 520 506 END
START -4176 2944 15600 -783 -6011 -916 578 467 458 489 551 END
START -32 4712 18636 -342 -3588 -1890 588 459 436 497 485 END
START 1724 3788 20424 -568 2706 -928 594 456 430 492 480 END
START -2980 5348 18136 -1662 4855 323 573 459 423 488 472 END
START -3476 3164 13196 -1576 2041 -355 597 467 429 496 485 END
START -1664 5212 12596 -1789 79 -576 598 465 435 495 487 END
START -660 5036 13584 -2273 991 -221 600 467 436 496 491 END
START -2268 6060 15888 -2878 1171 407 602 469 436 497 493 END
START -1620 5892 16448 -3307 804 400 603 464 448 488 494 END
START -1092 5072 15704 -3201 1084 -285 626 473 439 502 480 END
START -1808 4332 16844 -2948 1148 -154 601 464 440 503 496 END
START -1564 3668 17036 -2484 1730 -77 599 481 440 506 508 END
START -2484 4132 18700 -1897 1376 209 604 492 441 507 494 END
START -2028 4012 19364 -1578 1423 418 605 482 449 510 498 END
START -2084 4432 18532 -936 2291 456 603 460 451 520 503 END
START -2444 4176 18688 -377 2911 460 606 479 474 514 499 END
START -3936 3944 18968 226 2656 1055 607 482 440 514 499 END
START -4680 3732 19708 1127 1853 1284 606 482 447 513 499 END
START -5356 3956 21068 2219 855 1683 607 481 449 515 507 END
START -7464 1640 21108 3774 -1091 2137 562 486 451 522 513 END
START -6980 1828 21712 6614 -3377 1873 626 478 452 526 504 END
START -5452 1896 21652 8761 -4062 2099 607 482 452 516 501 END
START -3752 2296 20136 10985 -2439 2261 613 478 463 519 544 END
START -2212 840 17848 13364 587 2114 606 484 453 519 501 END
START -3480 1504 16048 14914 3192 2732 609 486 457 519 503 END
START -5644 740 15748 16944 4116 3371 600 494 455 518 503 END
START -6664 1340 15092 18077 3165 3928 608 488 458 520 503 END
START -6424 3052 14460 19394 1936 4053 608 486 455 520 504 END
START -4324 4988 12548 19826 1122 4523 661 489 463 532 501 END
START -2252 5156 10968 20160 1412 4857 612 485 448 520 503 END
START -2312 4836 9656 21195 3069 5393 609 486 455 519 504 END
START -2232 6020 8948 22180 4965 5826 610 485 455 522 512 END
START -3704 7428 8448 21849 5646 6144 608 506 458 540 507 END
START -3328 8448 7008 20801 5751 6163 608 487 455 518 497 END
START -1140 9024 5792 19692 6717 6208 611 491 455 521 506 END
START -640 9236 5156 18554 8306 6460 608 487 454 514 505 END
START -1520 8824 3592 18388 9921 6872 597 488 465 515 505 END
START -1860 11340 2272 18057 10470 7226 611 488 450 462 505 END
START -3344 14204 2228 16069 9583 7757 612 485 457 517 505 END
START -4488 14572 2344 13191 7040 7875 645 488 457 580 507 END
START -3704 14728 1952 10981 5032 8018 610 487 455 516 502 END
START -2928 14396 1824 9265 4054 7719 609 488 457 517 506 END
START -44 15420 1044 8082 4501 7475 589 490 460 516 482 END
START 432 15748 728 7068 6067 7613 608 489 457 523 506 END
START -1296 15616 1236 5442 6506 7687 610 488 449 518 506 END
START -1676 15456 1064 4258 6371 7521 613 488 460 518 509 END
START -1772 15720 1588 3441 6379 7294 609 488 458 518 501 END
START -596 16208 1040 2738 6491 7136 619 493 472 515 506 END
START 480 16096 800 1978 7243 6559 609 493 456 517 505 END
START 2332 16352 704 1561 9606 6023 612 495 457 515 506 END
START 616 16936 1724 625 11951 6249 609 489 457 520 506 END
START -2632 16572 2528 -611 10542 6076 599 490 458 519 509 END
START -2380 16920 3184 -1978 5921 5190 620 491 459 513 506 END
START 1404 15668 2748 -2495 2173 4057 610 486 458 492 507 END
START 3116 14900 4448 -1490 2428 3289 610 490 459 519 507 END
START 416 14892 5528 -515 815 2988 610 498 463 519 498 END
START -624 15160 6408 13 -4153 509 606 489 458 519 510 END
START 5684 15828 4740 -734 -1850 -1107 610 490 459 519 507 END
START 3552 14912 4188 -789 4968 1065 618 489 460 520 506 END