START -8712 4344 5928 -4962 29918 -4051 541 410 425 456 471 END
START -8860 5184 6060 -4998 30714 -4257 539 406 424 452 468 END
START -10004 7016 6032 -5857 32767 -3804 539 397 411 439 451 END
START -12196 7476 5092 -6690 32767 -2245 542 388 399 424 432 END
START -17900 6612 4760 -6553 32767 -1134 542 380 385 409 412 END
START -20080 7020 4472 -3412 32767 -188 547 373 378 399 397 END
START -17648 9248 4152 -2334 31603 -1577 553 369 371 390 383 END
START -14452 12152 3024 -3057 32767 -150 564 370 368 387 372 END
START -15500 11192 68 -3260 32767 2447 573 370 363 382 367 END
START -20848 10316 1996 -1333 32767 4034 581 371 364 383 365 END
START -22116 12004 2924 -880 28207 4689 588 372 358 379 359 END
START -19872 11960 3100 -1883 19349 4772 594 372 363 383 362 END
START -17520 9584 -656 -1454 13557 4895 598 372 365 385 359 END
START -16580 10864 -1472 -64 9040 5188 604 370 361 387 364 END
START -17040 12340 1588 -845 2998 6634 610 374 366 385 364 END
START -14624 9168 -2608 -2057 707 5249 614 374 367 385 363 END
START -14016 11868 -1896 -2401 538 6718 615 374 366 383 363 END
START -11596 6656 -5640 -1423 -669 5995 620 375 368 388 366 END
START -12836 13048 868 -2084 84 6084 621 377 368 390 365 END
START -10212 9980 -3268 -2068 2436 4376 621 375 367 388 368 END
START -15388 9020 2756 -2573 4094 5139 624 377 371 391 368 END
START -11052 14576 -7472 -1924 6486 4435 626 377 370 390 368 END
START -9168 7532 -3352 -2609 2536 3892 628 379 376 391 370 END
START -11196 12384 -844 -1446 663 4673 629 378 373 393 370 END
START -11160 8180 -2296 -1123 -2612 3202 633 380 373 394 373 END
START -9296 11392 -612 -957 -1484 4058 634 383 371 396 374 END
START -10456 9696 -3448 -464 -415 2409 634 379 374 397 372 END
START -7920 9416 -2700 -712 180 2599 631 378 372 396 373 END
START -9324 11996 -5476 1184 695 1465 631 379 375 398 369 END
START -10712 9084 -1576 673 -866 1320 634 380 375 399 373 END
START -8448 12000 -3880 1577 1351 370 634 380 375 399 374 END
START -14908 7876 728 950 545 -445 638 383 378 400 376 END
START -8152 12808 -7696 1533 2643 -743 638 381 376 400 374 END
START -11452 6368 -3188 832 191 -1456 641 379 375 400 375 END
START -12892 11484 1592 1828 372 -1036 640 382 377 401 375 END
START -10192 6612 -3464 1794 -2347 -2235 640 382 377 401 375 END
START -11408 8540 -320 1557 -4409 -1684 640 381 379 403 377 END
START -9168 10300 -5596 2848 -3849 -3403 644 384 379 402 372 END
START -10416 6228 -2296 1774 -2235 -4187 643 383 378 402 376 END
START -12784 9564 1304 1708 1023 -3901 643 383 378 403 378 END
START -11972 5120 -1300 2180 943 -6195 642 382 380 406 379 END
START -8544 6740 -1184 2309 434 -5979 644 383 379 403 377 END
START -11852 8672 -2420 3725 -715 -7842 644 383 378 405 377 END
START -7376 2520 -2400 3516 -2321 -8353 646 385 381 401 375 END
START -9280 7116 624 4595 -3843 -9127 643 384 381 405 377 END
START -14020 3288 2268 4996 -3605 -12306 644 384 379 406 378 END
START -7624 4308 -1916 4334 -1443 -13052 647 388 377 403 376 END
START -8188 7072 -4556 5032 -319 -13869 646 384 381 406 378 END
START -12860 272 -3624 4839 -4873 -14743 646 384 377 404 378 END
START -16948 2224 -2716 4204 -7905 -12332 646 385 382 406 377 END
START -20576 4284 -8804 4143 -4601 -10713 646 385 382 408 380 END
START -22884 -916 -5976 2060 -1112 -9424 646 385 381 406 378 END
START -23344 2824 -5008 462 2117 -5641 646 384 381 406 378 END
START -21520 6764 -10152 1277 2491 -3461 647 386 380 408 378 END
START -21920 2732 -6032 559 -816 -1950 647 383 382 407 379 END
START -24456 8556 1052 168 -2203 377 647 385 379 406 379 END
START -15168 6460 -7184 102 -203 -348 648 386 384 407 380 END
START -21384 4600 -188 -987 -794 796 648 386 382 406 379 END
START -15052 8956 -6840 -483 1570 1574 648 384 381 406 379 END
START -16748 2804 -3624 -979 -1768 750 648 385 380 406 378 END
START -15992 5460 -664 -1630 -3842 2276 648 385 384 407 379 END
START -16364 8924 -5588 -434 -2507 2220 648 386 382 409 380 END
START -16252 2688 -3032 -862 -2785 1026 647 385 380 409 380 END
START -10532 3348 -4724 -1469 -617 1444 649 386 383 407 380 END
START -21660 7756 3820 -1320 -573 2085 648 385 383 403 379 END
START -18428 4536 -1528 -338 -1770 1202 646 385 384 411 381 END
START -9940 1256 -6536 -764 -3015 956 650 386 384 408 380 END
START -20028 5996 4228 -883 -4711 2020 649 386 384 409 380 END
START -11116 8216 -8360 98 -64 974 649 386 384 409 381 END
START -15444 2032 -1280 -935 -1102 394 650 387 384 408 380 END