START -6332 11232 7756 1529 1044 -1912 520 513 529 562 547 END
START -9908 12704 8680 578 -534 -2751 517 512 530 562 547 END
START -7752 7980 10072 1288 3155 -4784 509 512 527 561 547 END
START 6664 9640 2416 895 18232 -4784 511 511 529 562 548 END
START -6084 10892 8804 -1604 25182 -3415 516 516 531 563 548 END
START -9136 9732 12960 -3389 18872 -2797 516 511 531 563 548 END
START -12476 9684 15896 -3123 9514 -4472 520 511 533 564 548 END
START -18300 15132 17644 -5567 -7286 -5576 527 511 533 563 548 END
START -11244 16124 12208 -11684 -22783 -5631 533 512 531 565 547 END
START 1800 6192 7312 -6238 -16294 -1159 525 511 526 567 549 END
START 2240 4716 9660 -2486 -1808 4260 516 509 519 560 546 END
START -3096 8640 11564 -559 9064 1770 514 506 518 559 548 END
START -5640 7520 12512 137 13957 -382 517 502 515 559 546 END
START -4472 10236 10852 1198 21261 -2020 518 484 496 546 540 END
START -5164 14844 10668 240 29383 -1213 512 456 465 514 520 END
START -6592 11928 8476 -1338 32767 -1815 512 437 443 483 487 END
START -120 14028 -1736 -903 32767 -1688 505 419 423 458 459 END
START -19848 13084 8832 -2574 32767 2253 503 405 405 437 433 END
START -26356 14836 8004 -2354 32767 3098 502 395 393 419 416 END
START -21936 12948 8516 -2021 32179 5119 501 388 383 413 404 END
START -11228 14256 -1240 -82 25329 5254 503 382 378 407 395 END
START -19712 15092 9060 -696 19703 6660 499 378 371 400 387 END
START -8044 18816 -4244 -1953 21564 6888 510 370 364 395 375 END
START -5104 10664 -2356 -5613 23584 7425 522 367 359 392 367 END
START -11040 14932 4604 -4869 22614 9405 541 368 359 392 363 END
START -14692 13068 4324 -4944 18261 8247 558 368 359 388 361 END
START -11064 14868 4424 -5380 13750 9283 568 367 356 390 363 END
START -9744 12668 1696 -4890 10092 7823 582 368 356 389 366 END
START -7024 10680 -1512 -5691 6617 8417 594 367 361 390 367 END
START -9204 11264 -4336 -2361 3622 6465 604 368 358 388 367 END
START -7320 10204 1352 -1693 1473 3912 609 368 354 385 365 END
START -6652 15548 3324 -1854 4237 4213 614 368 355 385 367 END
START -9280 9588 3296 -3194 4398 2612 615 368 360 386 369 END
START -7812 11292 1692 -2759 3512 2985 617 363 363 388 370 END
START -5672 10900 -3336 -528 2041 480 623 369 362 388 371 END
START -8200 10280 3604 -113 2073 -404 625 368 362 387 372 END
START -3696 15016 -1520 333 7286 -1335 627 364 362 385 372 END
START -7712 8964 1276 -542 7970 -2821 632 371 365 388 373 END
START -10448 14204 2852 120 8125 -3007 631 369 364 387 374 END
START -10484 6780 924 1266 5984 -4468 630 369 364 386 373 END
START -10384 10452 3072 2432 1931 -3819 630 369 364 387 374 END
START -8548 10324 -1472 4528 -1145 -5430 633 370 365 387 375 END
START -5992 6944 -520 4095 -1967 -7145 632 370 366 387 377 END
START -8100 11368 3752 2713 2282 -8835 630 368 368 392 379 END
START -8532 4472 -868 2250 6271 -11432 630 370 367 387 378 END
START -5508 6704 -1344 2319 7780 -11760 631 370 366 387 378 END
START -9352 9104 -3344 4024 5306 -13510 626 371 369 388 379 END
START -9480 5264 1252 3814 -66 -15124 629 370 368 388 379 END
START -12128 9628 3396 4472 -1926 -16805 628 370 365 388 379 END
START -4268 1068 -5932 3565 -594 -19831 628 368 368 387 376 END
START -10152 2436 -1064 4812 3356 -17980 629 370 370 388 381 END
START -14400 5764 -7440 5363 3402 -17811 632 374 373 388 382 END
START -22812 108 -124 4723 -5933 -16038 629 371 373 391 381 END
START -27252 3812 3096 4755 -15177 -12557 628 370 370 390 383 END
START -17460 2164 -10232 4261 -13593 -11896 629 370 371 389 382 END
START -16748 -2460 -6940 2227 -2329 -9542 630 370 372 385 379 END
START -24996 -172 -948 148 3159 -6476 635 373 373 390 383 END
START -21808 5944 -4892 704 4075 -3561 633 371 372 390 383 END
START -23424 1888 -2336 816 -1296 -2556 633 369 371 391 387 END
START -18516 4680 -2240 -205 -4127 -318 636 371 371 391 383 END
START -14820 9448 -3980 -71 -1456 466 635 372 373 389 384 END
START -15812 3528 -3616 -616 241 -804 637 375 372 389 383 END
START -19488 5304 2116 -1690 -399 760 636 371 372 389 383 END
START -17300 9124 -3312 -379 8 1489 635 373 374 390 384 END
START -12840 1300 -3892 -731 -2057 752 637 373 374 391 384 END
START -11900 5040 -1372 -1061 -2907 2273 636 370 372 390 382 END
START -12916 7628 -5300 -248 223 2140 636 374 374 391 385 END
START -13912 1828 -1936 -480 1 1137 637 375 376 391 385 END
START -17420 7092 3940 -862 -1402 2300 638 376 375 392 382 END
START -13032 7912 -5248 131 -1249 1355 637 374 375 391 385 END