START -7168 6696 9624 -545 1313 2 573 419 473 508 472 END
START -6472 7212 8908 -806 1776 -52 574 415 468 502 469 END
START -4996 7404 7172 -1321 5810 -202 578 410 458 490 453 END
START -4868 7952 7844 -1755 12334 -1601 579 400 437 469 434 END
START -5596 8552 7956 -3344 17653 -1707 579 388 415 444 409 END
START -7992 6568 6496 -4371 21145 -717 583 382 407 432 393 END
START -11984 2596 5884 -2609 22223 237 593 378 399 426 384 END
START -13476 6480 6816 220 21189 -2002 600 377 390 417 380 END
START -11700 8144 8200 -1030 21354 -3436 599 374 383 410 372 END
START -12136 6852 8172 -1475 26207 -2578 600 372 377 405 371 END
START -16276 6756 6564 -1864 23709 -697 611 374 374 399 371 END
START -17832 5480 4144 -680 19099 -1049 619 375 374 399 372 END
START -14852 8596 3240 1116 17742 -747 627 376 373 397 374 END
START -14692 10684 4056 903 18554 1121 631 374 370 396 371 END
START -15900 8272 3184 -690 18867 1425 635 376 372 395 373 END
START -13796 7644 -1140 437 22383 1745 636 373 374 396 377 END
START -16528 9160 2184 587 22331 3858 635 378 372 397 374 END
START -16252 7752 -1432 789 22133 2757 637 379 375 396 375 END
START -17188 10336 2988 -734 18934 3765 638 380 375 397 376 END
START -15404 11528 -2136 506 17621 3859 640 383 379 398 377 END
START -14848 6052 -1868 -1753 14200 2711 638 380 377 397 377 END
START -15636 7752 764 -1866 13333 3481 638 377 375 397 376 END
START -8340 12044 -4416 -1270 15646 3759 638 381 380 398 378 END
START -23228 7808 3084 -2036 10124 2132 640 382 377 398 378 END
START -16588 6848 660 -2544 7298 2964 643 383 378 398 379 END
START -4684 11836 -10324 -1278 6937 3308 642 383 377 401 381 END
START -19520 6376 1136 -1677 2761 2040 640 383 379 400 379 END
START -10772 8324 -1968 -2003 3006 2688 640 383 380 400 379 END
START -3680 10848 -10392 -795 2600 2187 641 380 378 400 378 END
START -14040 6060 -508 -1104 -2768 1440 640 384 381 402 381 END
START -19088 9868 6372 -1273 -4004 2204 642 384 382 402 380 END
START -4116 9544 -7872 98 -574 290 643 384 380 402 379 END
START -15756 6944 2244 -535 -1349 -230 643 384 382 404 380 END
START -6848 10736 -4524 404 2551 -615 642 383 384 406 381 END
START -14508 5644 380 736 203 -1987 642 384 382 405 383 END
START -6592 11124 -4452 930 2002 -1354 644 385 383 405 381 END
START -17156 5564 1860 954 -565 -3261 647 387 383 405 381 END
START -17940 6896 2984 746 -898 -2859 644 384 383 405 382 END
START -10124 8976 -6228 1467 2589 -3677 645 386 383 406 382 END
START -7152 4400 -6912 1118 -835 -4683 646 386 384 406 382 END
START -11936 9272 -1196 1490 198 -4263 646 385 384 406 381 END
START -4144 6056 -8220 2124 2649 -6419 646 387 384 406 383 END
START -23524 5516 5820 1621 -2 -5928 646 387 387 407 383 END
START -3008 9036 -12124 2733 4205 -5808 647 386 385 405 381 END
START -17668 3528 -452 2753 -1384 -6651 647 388 385 408 383 END
START -15464 5708 504 2775 -6101 -5831 650 388 385 406 384 END
START -6832 6080 -8692 3564 -5411 -7214 645 385 384 407 385 END
START -6920 2848 -7448 2386 -3122 -7364 648 388 386 408 384 END
START -8128 4624 -6436 2149 -3180 -6367 648 387 387 407 384 END
START -16060 5528 -3784 2614 -2585 -6843 649 389 388 409 387 END
START -19184 356 -804 1818 -4071 -6609 649 388 386 408 385 END
START -7684 2952 -9500 1128 -1366 -4750 648 388 381 408 382 END
START -12972 4708 -8032 1397 1208 -4526 648 389 385 410 384 END
START -18692 -548 -5260 253 3435 -4569 649 389 388 409 385 END
START -17944 2628 -3616 -762 5008 -1986 648 389 391 409 384 END
START -17896 6572 -4628 -83 4046 -560 651 389 388 411 387 END
START -17576 1212 -5652 -356 -579 -406 649 389 388 410 385 END
START -20836 3660 172 -1093 -3212 1054 648 389 389 411 386 END
START -10200 8156 -8040 -518 981 1602 651 391 390 411 387 END
START -18376 3828 -1940 -981 -693 -52 650 389 388 410 385 END
START -17876 4052 -1584 -1485 -812 814 650 390 389 410 385 END
START -17500 8696 -460 -1302 -742 1432 651 391 391 411 387 END
START -12572 5676 -6424 -572 -1099 534 650 390 389 410 386 END
START -14392 2128 -4220 -1186 -3456 519 650 390 388 411 385 END
START -11628 4480 -2820 -1483 -3602 1417 650 390 385 409 387 END
START -14120 8492 -1712 -773 -1439 1812 651 390 389 411 386 END
START -12608 3988 -5724 -641 -1164 149 649 393 386 409 384 END
START -15224 2516 -1708 -1409 -2175 518 650 389 386 409 386 END
START -18888 7684 1992 -1082 -1675 1480 651 390 390 411 386 END
START -18580 6400 -1324 -186 -2432 316 651 392 391 412 386 END