START -16664 8956 -2696 -2362 -302 4664 611 419 431 452 433 END
START -16612 8852 -2592 -2460 -461 4877 613 415 423 447 426 END
START -15900 8276 -2932 -2689 -1576 5543 620 401 406 433 407 END
START -15904 7800 -2972 -2674 -2083 6776 622 393 397 427 396 END
START -16204 7588 -1516 -2421 -3294 7491 624 386 389 422 386 END
START -15292 8568 -156 -2042 -3115 7047 623 381 382 412 378 END
START -15736 9164 736 -2057 -3635 7208 624 380 377 406 375 END
START -12672 9476 480 -1747 -1017 5885 626 379 374 402 375 END
START -11252 10472 -2048 -1712 2028 4305 630 377 373 400 375 END
START -10928 9744 -3448 -2340 2607 4063 634 381 375 399 376 END
START -10880 9452 -2256 -2138 1606 4514 636 380 377 402 378 END
START -12012 11024 -168 -1850 598 4284 639 381 375 400 377 END
START -11172 11684 420 -2246 -936 3795 641 382 377 403 375 END
START -10240 7652 -1872 -2331 -378 2543 645 383 381 401 378 END
START -7996 9588 -3328 -1075 1246 1544 645 383 377 401 379 END
START -10016 10324 1112 -1779 915 1682 646 385 380 404 381 END
START -8892 8280 -2268 -543 761 -158 644 387 381 404 381 END
START -10772 11196 1680 -906 155 -134 647 384 379 403 380 END
START -9008 6064 -3760 -33 1149 -2143 647 385 379 402 381 END
START -12624 8052 916 -627 266 -1651 648 385 380 404 379 END
START -10340 9100 -3536 821 1943 -2472 649 385 380 403 380 END
START -11180 4400 -2952 597 1464 -3511 649 387 382 405 380 END
START -14764 6356 1716 57 2 -2644 649 385 380 405 385 END
START -14676 10456 508 1624 -1109 -2386 651 387 382 404 383 END
START -11848 8040 -4252 2136 -2683 -3307 649 388 386 407 382 END
START -10668 4624 -5624 1929 -1594 -4108 650 387 382 406 383 END
START -11192 2552 -5032 1179 647 -4190 650 387 383 406 383 END
START -14624 3260 -1668 678 319 -3968 649 389 383 405 382 END
START -16492 3624 292 477 -1779 -3494 650 388 384 407 383 END
START -16692 6864 1528 342 -3163 -3055 653 389 385 407 384 END
START -16048 7488 -184 506 -2690 -2612 649 387 385 407 382 END
START -3980 9556 -8608 1282 2519 -2230 652 389 384 407 384 END
START -20312 6972 8 938 -2288 -4332 655 391 386 408 384 END
START -3816 4796 -6964 -157 1682 -3483 652 389 385 407 384 END
START -17908 9220 -2592 873 -646 -3747 652 389 385 409 384 END
START -6536 3780 -6864 -306 -2181 -4055 651 390 386 409 385 END
START -8344 7972 -4252 190 -2910 -3438 651 388 390 411 387 END
START -15204 3240 -1612 138 -5432 -4972 652 390 386 409 386 END
START -9252 3708 -2476 -847 -5383 -5296 654 392 389 410 389 END
START -9636 6844 -1144 -981 -2737 -5254 653 390 384 408 385 END
START -12228 8196 -1112 -327 -623 -6254 653 390 387 410 387 END
START -13076 5508 -2520 57 -152 -7804 653 390 390 412 387 END
START -11708 1452 -1864 -381 -567 -8330 654 393 388 407 385 END
START -9336 2860 -4772 -369 -119 -7587 653 391 388 410 387 END
START -18468 7668 3332 835 -490 -7446 652 394 390 412 389 END
START -15976 1396 -864 794 571 -8798 655 393 387 410 387 END
START -18064 5632 1252 388 2544 -7098 653 391 387 410 387 END
START -15052 2860 -5156 1102 5522 -7191 654 392 388 411 388 END
START -20656 180 -1968 -325 2284 -5224 654 395 391 412 388 END
START -23604 4252 1080 -376 -178 -2712 653 392 389 411 389 END
START -19284 5000 -4632 -55 -841 -1398 653 392 389 411 389 END
START -18100 1292 -5484 -496 -1550 -1192 655 389 387 410 388 END
START -17120 920 -3548 -1173 3 -543 654 391 389 411 388 END
START -10280 3552 -5468 -1768 1622 1253 655 391 388 412 388 END
START -24720 8228 6436 -1388 2037 1832 658 393 389 413 388 END
START -10952 5872 -6628 -1005 1119 241 655 392 389 412 388 END
START -20904 1872 1540 -1400 -1085 644 655 392 389 411 388 END
START -15920 6344 748 -1419 -1251 1743 653 391 386 415 391 END
START -13132 8572 -2468 -728 60 1594 655 392 389 412 388 END
START -10344 1480 -4364 -1038 -489 -220 657 392 389 412 389 END
START -12284 3452 -100 -1517 -1518 581 656 390 388 412 387 END
START -15056 7288 -992 -1107 -289 881 655 392 390 412 389 END
START -11348 2296 -5928 -754 -375 -352 655 392 391 411 389 END
START -17056 1684 484 -1439 -1956 219 654 389 389 413 389 END
START -13832 7644 -1252 -1011 123 944 655 392 390 412 389 END
START -14188 6572 -3484 -390 649 170 655 393 389 412 389 END
START -12972 816 -4932 -643 -495 -523 655 393 390 412 389 END
START -18148 860 948 -1005 -1412 132 649 391 389 411 388 END
START -23432 6832 5312 -613 -594 988 656 394 391 412 387 END
START -22164 3244 3228 -241 -1194 -1308 655 393 391 413 389 END