START -13148 7732 8832 -421 1033 1755 565 407 447 482 505 END
START -13096 7712 9196 -518 598 1764 566 406 445 479 502 END
START -12644 7660 9844 -673 314 1914 571 401 436 470 492 END
START -13632 7508 11236 -1127 1164 2237 574 397 433 464 485 END
START -15804 6792 11808 -2177 1620 3488 577 394 428 457 480 END
START -14196 5748 9536 -3961 2857 3431 577 390 424 453 468 END
START -9468 5464 7088 -5037 7371 3414 581 387 415 444 457 END
START -6416 7932 5400 -5093 16080 4119 582 385 408 436 444 END
START -7836 7140 5168 -4755 24231 5752 584 386 405 429 434 END
START -12408 9216 6712 -5959 25486 6282 582 380 397 422 423 END
START -12052 10924 5756 -7444 22903 5431 583 378 386 411 411 END
START -9864 9708 4360 -7068 23512 4457 581 374 382 404 398 END
START -9104 9612 3888 -6137 24237 3666 582 376 377 400 390 END
START -9308 12780 4940 -4269 23961 4399 582 375 372 395 384 END
START -10292 11604 5476 -4199 22536 4709 590 378 373 396 378 END
START -10724 8572 1352 -876 20546 4474 593 376 369 393 374 END
START -12216 12600 5272 1263 16072 4921 601 374 367 392 373 END
START -9256 9588 2388 1147 13128 3359 610 377 367 390 372 END
START -9048 13512 3488 2209 13475 4372 616 378 369 391 372 END
START -8292 8876 -700 1754 12303 3005 619 379 370 389 371 END
START -8968 11868 2324 2453 11676 3175 627 382 371 391 374 END
START -9996 11652 -3116 4112 11415 1956 628 380 371 392 374 END
START -12956 8548 2592 3489 7606 1905 633 381 372 390 373 END
START -8640 13024 -1368 3738 7407 2214 637 381 374 394 373 END
START -12120 7720 -1380 2906 2757 329 638 381 374 395 376 END
START -12372 11892 -684 3997 1332 418 639 383 376 397 378 END
START -8500 7740 -5388 3219 1798 -478 639 385 373 396 378 END
START -12260 11304 -2732 3435 2178 -1056 638 381 378 400 380 END
START -14756 6644 -1196 3909 -1853 -3076 638 384 379 405 381 END
START -10896 12264 596 2843 -5295 -157 640 385 379 403 381 END
START -8684 11452 -6420 3673 -4823 -994 639 383 380 405 382 END
START -12588 8700 616 2354 -5407 -2577 639 386 384 407 383 END
START -5072 13464 -8016 2419 4086 -2737 641 385 381 405 382 END
START -9208 6236 -4648 1448 4323 -3254 640 385 381 407 383 END
START -15916 12084 2392 1686 2078 -2279 639 383 386 410 384 END
START -15224 7396 -1124 2420 -161 -3103 640 385 384 408 384 END
START -12832 7856 -1236 2039 -1942 -1524 640 386 383 408 383 END
START -8488 12564 -8024 3455 -1302 -1521 641 386 383 409 384 END
START -20132 6908 2864 2991 -3077 -2810 643 387 385 407 383 END
START -11068 10460 -912 2452 -1108 -1746 646 389 384 412 383 END
START -7240 14008 -7932 3385 2111 -1911 642 387 384 409 385 END
START -13312 5660 -2956 2040 1284 -3065 643 387 383 409 385 END
START -16540 9304 1452 1499 -699 -2088 643 386 384 411 385 END
START -9552 11120 -6616 2446 -855 -2912 642 387 385 410 385 END
START -12492 5868 -2920 993 -2135 -3626 642 387 385 410 386 END
START -12720 9968 592 241 -2376 -3121 641 387 389 414 387 END
START -9564 8384 -5476 951 281 -4795 643 388 386 411 386 END
START -13848 4176 -852 -35 -2417 -6235 641 387 385 409 387 END
START -12776 10052 852 103 -1608 -6791 645 389 384 411 385 END
START -15120 5304 1964 -120 -2893 -9994 644 389 386 411 387 END
START -11220 7928 540 -1321 -1828 -10127 646 388 386 411 387 END
START -6708 4080 -5876 -1390 -654 -12604 642 388 386 412 391 END
START -15100 3164 96 -1939 -513 -11348 645 389 387 412 387 END
START -20780 2668 432 -382 -1136 -11126 643 389 388 414 385 END
START -18484 -344 -1748 -835 -3487 -9026 642 387 386 413 387 END
START -18960 4292 -1984 -278 -2126 -5892 645 390 388 413 387 END
START -18124 1544 -6088 -35 -1349 -4469 645 390 388 413 387 END
START -21936 -1560 -2880 -848 -2318 -2402 645 391 390 414 389 END
START -20572 2904 268 -1115 -1842 -104 646 391 384 412 387 END
START -17428 8116 -316 -457 363 967 647 390 388 413 388 END
START -20188 3020 296 -201 863 -148 646 389 387 413 388 END
START -17148 3188 -1124 -709 1497 501 647 391 389 414 388 END
START -20076 8052 2380 -434 1947 1598 646 392 390 415 389 END
START -18688 3976 432 -121 -24 -69 646 388 386 412 390 END
START -15212 4108 -108 -805 -1000 734 647 391 390 413 388 END
START -14352 9128 -288 -351 638 1406 647 390 388 414 387 END
START -14184 2744 -2032 -557 -253 -712 647 391 389 414 389 END
START -14480 3864 -524 -1239 -701 338 646 391 390 414 389 END
START -12928 9060 -5124 -356 306 266 646 389 389 410 388 END
START -13424 2332 -2076 -654 -1403 -826 647 391 391 415 388 END