START -8124 8464 6816 -620 9474 -1665 519 390 403 437 407 END
START -7672 8688 6624 -650 11551 -2003 519 389 401 436 403 END
START -6384 9612 5020 -560 20441 -2920 517 384 392 428 395 END
START -9508 10828 4240 -831 29168 -2660 517 378 382 419 382 END
START -12832 10176 4776 -1738 32375 -1679 529 377 378 411 376 END
START -14188 8624 5072 -2443 32767 -2325 542 374 374 405 369 END
START -13308 12172 3108 -3726 32767 -3560 557 375 373 402 370 END
START -14212 12448 1264 -5573 32767 -1370 575 378 374 400 370 END
START -16448 7644 508 -6313 32482 561 587 378 373 400 370 END
START -18672 7684 1372 -5892 23841 2758 593 378 373 396 369 END
START -19040 7592 452 -5703 14649 1899 605 377 373 396 367 END
START -14532 8512 -2060 -5435 10162 872 613 378 375 395 372 END
START -9292 9708 -3488 -4723 12119 195 621 382 377 397 371 END
START -10348 11128 -412 -4904 16718 1223 622 380 377 397 374 END
START -13036 8000 -576 -4880 16666 810 624 381 377 396 373 END
START -13484 11336 -1564 -3650 15115 724 624 382 379 397 375 END
START -14320 10112 1756 -4236 9266 400 629 385 381 399 373 END
START -10068 11248 -4084 -2824 9579 -375 631 382 378 398 375 END
START -11372 7528 -1176 -3129 7558 30 634 380 378 396 375 END
START -14736 13472 972 -1341 6660 1031 640 382 380 401 378 END
START -13140 10912 -3344 -1492 2013 -157 638 383 379 400 377 END
START -13924 7376 -1104 -1510 -3653 457 639 384 379 398 376 END
START -14256 10672 1744 -708 -7373 973 638 385 383 402 377 END
START -5848 14316 -8756 736 -4814 638 639 384 381 401 379 END
START -6284 6036 -5424 46 -3735 -634 638 383 380 401 378 END
START -18328 11908 4256 -590 -2068 -190 640 384 385 402 378 END
START -17592 7916 656 -529 -2380 -1683 641 385 382 403 379 END
START -15768 10132 748 -324 -3233 -118 642 385 380 403 380 END
START -13484 7056 -3188 769 -5571 -1590 639 384 378 403 378 END
START -12616 9672 120 739 -6360 -491 640 385 381 404 380 END
START -13276 6708 -2256 909 -3202 -2147 641 386 383 403 382 END
START -12860 9344 -560 -99 -662 -1171 641 386 387 406 381 END
START -12532 9164 -5280 839 1126 -2407 642 386 384 405 381 END
START -15472 7212 -712 469 -657 -912 644 387 385 404 380 END
START -14568 10576 -6556 2232 -1682 -1190 645 385 383 406 382 END
START -12680 5804 -3636 1841 -3527 -1249 644 386 384 406 382 END
START -15752 9712 1580 1204 -3133 -656 644 387 383 407 382 END
START -14456 5468 -2308 1475 -1976 -2190 645 388 389 404 380 END
START -13784 5244 -2428 1123 -2637 -1238 645 387 385 407 383 END
START -16020 9704 148 1401 -1741 -1158 642 385 384 410 385 END
START -10720 3436 -5168 1183 -636 -2358 645 384 384 406 381 END
START -12756 6496 -1620 264 -1521 -1221 644 388 386 407 383 END
START -16288 9200 -4232 1381 -2127 -1213 643 388 385 407 383 END
START -17452 3284 100 1151 -3744 -1683 646 390 386 407 383 END
START -13648 7864 180 1296 -4588 -684 645 389 386 408 384 END
START -16004 5756 -200 1763 -3965 -2939 646 389 386 407 384 END
START -12080 6196 -1860 217 -394 -3108 646 388 385 407 385 END
START -8036 9692 -3336 1069 3007 -2696 646 388 387 409 384 END
START -18312 3928 2020 1149 -1819 -4262 646 389 387 409 384 END
START -17500 6264 2696 925 -5543 -3697 646 390 386 409 384 END
START -8584 9412 -3180 2072 -5459 -4724 647 390 388 409 382 END
START -4748 3268 -5720 865 -4049 -7187 646 390 388 409 384 END
START -14124 7320 1608 -419 23 -6573 645 389 385 410 384 END
START -13716 3460 -1768 231 2035 -8069 646 390 388 410 385 END
START -19840 4012 2584 -210 -1893 -6846 647 391 388 409 385 END
START -16676 7308 -680 969 -2281 -6571 645 388 387 408 387 END
START -11212 416 -5380 188 -3026 -6686 647 390 388 410 385 END
START -21060 5664 2756 -428 -1331 -4462 649 391 387 410 385 END
START -16808 3152 -3624 -385 828 -4286 647 389 388 409 384 END
START -20904 2212 -284 -898 -348 -2983 648 391 388 410 384 END
START -20472 7084 776 -236 -269 -1260 648 390 389 410 385 END
START -18196 3024 -2136 71 -797 -1890 648 392 388 411 384 END
START -17724 4684 340 -412 -1423 -331 648 391 389 411 385 END
START -12940 8912 -5780 486 1499 -84 647 389 388 408 383 END
START -13876 2228 -3988 -149 672 -825 649 394 392 413 386 END
START -14868 6076 -808 -747 856 811 648 391 390 411 385 END
START -16524 6796 -3284 -109 479 -268 648 390 388 410 384 END
START -18372 3572 -412 -610 -1221 374 648 392 386 408 384 END
START -18560 9084 1320 -562 -732 1366 648 392 390 411 385 END
START -16620 3556 -1036 -584 -2423 -21 646 389 389 412 388 END