START -16468 9704 6608 -3179 11250 -7029 515 369 389 416 427 END
START -16804 9424 6908 -2742 11453 -6450 512 371 384 409 420 END
START -17440 12068 8496 -1229 11678 -4734 524 366 367 391 391 END
START -15976 13712 9168 -1089 16065 -2780 534 359 359 381 365 END
START -10340 10084 3688 -3830 24844 -4211 545 365 362 384 360 END
START -17512 9452 8456 -2833 27692 -760 555 364 358 381 355 END
START -19456 12404 4876 -5657 21903 -217 564 367 359 380 358 END
START -16132 9764 3276 -2847 15609 1823 571 364 361 379 359 END
START -12684 11612 1400 -2357 15721 2211 580 368 362 381 362 END
START -12032 12276 1172 -2319 18097 3299 584 369 363 379 362 END
START -13124 12828 2196 -2768 18357 4444 588 371 364 380 365 END
START -14172 11324 2896 -3202 16744 3581 593 373 367 381 365 END
START -11256 10184 184 -2964 16169 2864 597 372 367 382 366 END
START -11444 12168 -1536 -2739 18151 3619 603 372 368 383 367 END
START -13588 9928 1708 -3409 15443 3621 607 371 367 384 369 END
START -11568 11664 -2664 -2687 16299 3697 609 372 369 383 371 END
START -15088 10100 2016 -3212 12724 4581 615 374 370 385 369 END
START -13968 14460 -84 -3136 11310 4728 621 376 371 384 372 END
START -13256 8808 -1476 -3440 8301 3631 622 373 371 387 371 END
START -12152 9200 -724 -4207 6412 5069 623 374 371 386 371 END
START -9776 13236 -7632 -1783 6391 5077 625 376 373 389 373 END
START -9100 7680 -4220 -2621 4014 3751 627 374 371 388 373 END
START -15208 11568 2204 -2908 2488 4992 627 375 373 388 373 END
START -11820 10724 -3204 -2055 1402 3380 628 374 373 389 373 END
START -12500 7868 -1468 -2136 -1548 3452 625 374 372 389 374 END
START -11480 13456 780 -626 -3034 3712 631 376 373 390 375 END
START -10608 8052 -596 -9 -2376 1880 632 376 375 391 374 END
START -6316 10800 -212 -158 -1243 2076 633 373 372 392 375 END
START -8884 10288 -2120 720 1403 338 635 376 376 393 374 END
START -11416 7892 -424 283 829 119 638 378 376 393 376 END
START -9192 9692 -4820 1971 759 -518 637 376 378 397 379 END
START -13500 7976 1864 2560 -3558 -1282 635 377 377 395 377 END
START -9264 12956 372 3827 -2194 -1193 637 378 377 394 376 END
START -10568 7492 -712 3417 -2493 -3209 636 379 379 396 376 END
START -10500 8560 224 2483 -1323 -2596 639 379 378 396 377 END
START -8432 11552 -7064 3801 -14 -3940 640 377 379 397 378 END
START -15340 7100 1136 3870 -3616 -4566 641 375 376 396 378 END
START -14880 11124 3744 4438 -3646 -4928 641 379 378 398 378 END
START -9436 7208 -2140 4401 -3930 -7445 642 381 381 398 376 END
START -10832 6988 -404 2688 -4337 -8117 642 382 381 399 379 END
START -9280 11012 -1160 3627 -3141 -8741 641 380 378 398 378 END
START -5616 5536 -4508 3242 -6497 -11194 641 380 381 399 378 END
START -3780 7752 -3264 2631 -7834 -11964 640 381 382 401 380 END
START -6008 11772 -1880 1826 -3775 -13833 641 379 379 397 380 END
START -11924 3444 -1024 73 -377 -16739 641 381 380 399 379 END
START -16920 2196 2144 718 704 -16607 640 381 381 396 379 END
START -15696 4092 -4624 3169 877 -15539 640 381 379 396 377 END
START -20280 -1780 -460 3448 -4257 -13859 641 381 381 399 379 END
START -24400 344 1092 2903 -6567 -10503 643 383 380 400 380 END
START -18668 3588 -5644 3291 -4438 -7993 644 380 380 398 382 END
START -20268 -1796 -5636 2049 -5073 -6450 642 382 382 400 381 END
START -20972 -528 -3572 655 -4773 -3642 643 382 381 400 380 END
START -22280 5168 360 376 -2673 -1081 644 385 382 400 381 END
START -20288 648 -2336 210 -2900 -1624 643 383 382 401 383 END
START -18984 1620 -1752 -840 -2752 -180 643 383 382 400 382 END
START -18384 6924 -248 -551 -624 678 646 384 382 401 382 END
START -18640 3448 -1796 -539 461 -765 644 381 382 400 381 END
START -16124 2784 -660 -1215 236 344 641 387 385 402 381 END
START -14812 8716 -688 -728 1453 1296 645 385 384 402 378 END
START -20332 2412 1440 -1086 -2170 -135 645 383 383 401 381 END
START -19252 3804 1976 -1651 -3751 762 646 384 384 402 385 END
START -17744 8576 2172 -1530 -1192 1400 642 381 382 401 384 END
START -16424 3808 -912 -1216 -546 241 645 384 383 401 381 END
START -16888 2200 244 -1689 -1848 998 645 384 385 402 382 END
START -13656 8384 -1000 -616 -1745 1753 645 382 383 400 381 END
START -18984 2848 1192 -241 -3131 497 644 384 384 401 382 END
START -18416 3576 1740 -1105 -2648 1246 645 384 384 400 382 END
START -18504 8012 3216 -916 -188 2041 646 384 378 402 382 END
START -16120 4884 -1584 -483 -488 270 646 384 384 401 382 END
START -16244 3368 296 -1088 -1727 933 648 384 384 403 382 END