START 1812 14716 3976 -1973 3006 2532 520 370 383 410 397 END
START 1988 14796 4056 -1757 3243 2259 515 359 382 409 397 END
START 2912 15352 3888 -1215 3788 1367 536 373 384 413 400 END
START 3356 15484 4664 -630 4716 576 518 372 384 398 396 END
START 2044 15540 4852 -276 3861 204 534 371 385 402 453 END
START 1408 15344 4824 -42 2164 -343 518 365 387 409 403 END
START 1492 15480 4400 -14 1401 -666 491 375 377 404 399 END
START 936 15268 4072 -17 759 -1050 523 374 386 412 405 END
START 956 16784 4368 80 761 -1208 524 381 385 411 400 END
START 600 15160 4460 245 689 -1570 535 372 386 411 399 END
START 148 15648 4332 -181 554 -1263 526 373 387 408 400 END
START -576 17176 4692 -320 641 -824 551 380 391 433 393 END
START -1152 17040 4172 -266 429 -723 529 374 388 411 398 END
START -1328 17100 3832 -486 51 -634 539 373 357 412 402 END
START -1296 17284 4208 -815 -191 -332 532 374 392 413 429 END
START -1564 17480 4744 -1470 -689 7 531 374 388 413 396 END
START -1592 16328 5132 -1954 -797 54 531 337 398 490 408 END
START -1472 14044 3808 -1919 -835 -89 535 377 390 416 398 END
START -472 13584 1428 -997 98 -344 531 375 389 413 400 END
START -272 16008 2796 -828 323 -101 533 375 418 414 402 END
START -1668 16572 6084 -1935 -1330 63 529 375 393 413 401 END
START 36 12508 1024 -1160 -704 -613 536 385 383 397 332 END
START 152 16820 3820 -481 905 -321 535 379 396 416 421 END
START -1008 14308 5356 -1409 -425 -581 536 376 391 412 400 END
START 572 14832 720 371 2252 -945 534 377 394 414 402 END
START -1580 16688 6860 -560 1137 -627 533 376 391 414 402 END
START 840 13756 428 646 3035 -1460 536 365 398 405 396 END
START -984 17300 6408 289 3802 -812 537 378 392 419 395 END
START 1624 13908 -44 1563 6756 -1872 540 384 394 414 402 END
START -436 17340 5444 903 9212 -1833 531 381 387 418 404 END
START 1792 17176 1192 2458 14378 -2741 537 382 396 415 404 END
START -968 15056 6528 1924 15440 -2308 543 373 395 421 397 END
START -12 19808 4316 3138 18757 -2319 532 399 389 411 407 END
START 264 13392 2392 2689 18171 -2965 533 383 393 417 402 END
START -2556 16808 -1916 3933 20625 -3081 522 393 390 381 334 END
START -8036 15600 7700 3051 18608 -2087 520 387 392 426 402 END
START -7108 15496 3344 3415 18388 -2385 535 387 393 420 401 END
START 3368 17684 -3300 3047 16984 -1124 534 405 401 417 403 END
START -6400 13688 3208 2238 13608 -1318 541 392 394 425 401 END
START -7056 15552 236 2472 13001 -1534 542 404 401 428 401 END
START -1172 17204 272 2216 12942 -500 551 390 401 432 399 END
START -6052 15700 4768 2413 11812 -949 551 449 402 434 404 END
START -2052 13672 -1072 2600 12594 -1590 543 498 400 437 403 END
START 1180 17856 -4044 3430 14633 -1468 522 491 402 438 404 END
START -3276 15648 -1272 1813 12924 -396 544 553 406 440 403 END
START -8240 13344 2524 1806 7821 113 546 583 407 442 405 END
START -7336 14192 416 2129 5915 -552 559 613 406 443 408 END
START -2092 16716 -2196 2778 7320 121 554 646 406 440 398 END
START -1424 15524 -2200 2427 7964 221 553 659 407 445 410 END
START -984 13804 -2856 2462 8861 -32 551 667 416 436 416 END
START -1804 12300 -2608 2491 9288 -468 562 673 410 447 406 END
START -1404 15844 -7040 3386 10270 -670 559 676 411 445 409 END
START -2540 15816 -2012 2875 10299 -837 557 681 444 443 407 END
START -1344 13328 -3472 3336 11434 -1388 561 684 414 446 408 END
START -3644 12196 -3280 4095 13079 -2470 562 685 414 445 411 END
START -2412 15564 -3728 4726 17419 -1531 563 682 399 451 413 END
START -5936 14896 -2268 4286 18178 -1310 564 688 416 450 415 END
START -6580 12204 -1916 5004 16341 -2380 564 688 417 445 411 END
START -2360 13664 -7356 6151 15509 -2676 566 687 417 450 414 END
START -5296 15620 -3024 6697 15631 -2045 607 698 423 452 424 END
START -2516 12148 -5668 7905 17164 -2037 560 690 423 450 418 END
START -2576 11212 -6864 9308 18776 -2612 568 689 425 453 416 END
START -6912 14584 -2404 9769 19919 -1385 570 690 419 453 417 END
START -6948 11536 -3316 10722 15779 -1619 572 687 418 450 418 END
START -1896 11592 -7616 10901 14593 -2020 575 689 414 456 417 END
START -1760 17296 -10924 10255 14508 -1041 570 687 418 453 418 END
START -4072 14104 -8396 9294 12109 -1309 557 687 426 453 417 END
START -7480 14196 -6996 8410 10629 -1882 571 689 417 432 419 END
START -4464 18428 -10308 7156 8209 -1244 571 689 421 454 380 END
START -8648 16344 -7384 5292 4033 -591 572 686 418 452 417 END