START -13112 1372 11108 -1417 6844 73 628 398 401 424 425 END
START -14004 1008 11404 -1430 5558 133 627 399 402 424 426 END
START -13868 1672 11640 -1637 1543 225 628 398 401 423 425 END
START -12072 1376 10352 -2038 -386 392 628 398 402 423 425 END
START -9712 1128 9240 -2032 1281 195 627 397 400 422 424 END
START -9252 796 8448 -2273 5181 296 628 398 401 421 424 END
START -10504 672 8496 -1611 8467 -55 627 396 399 421 424 END
START -13584 468 9648 -1530 8766 42 628 396 399 420 424 END
START -15036 1724 10588 -1858 6380 431 629 396 400 420 424 END
START -14320 2064 10440 -1904 4524 1110 628 396 399 420 423 END
START -13188 1964 9640 -1612 3878 1230 628 395 399 420 423 END
START -12884 1720 9668 -1100 4398 1349 627 395 398 419 422 END
START -12480 1652 9752 -1237 5462 1138 628 395 399 418 421 END
START -13000 -252 8344 -1161 7064 1158 628 395 398 418 421 END
START -13936 588 7928 -265 6694 1103 628 395 399 418 421 END
START -14492 3620 10136 -428 4374 2014 628 395 398 418 421 END
START -14232 528 9596 -1328 2534 1916 628 395 399 417 422 END
START -11904 2384 8216 -501 3011 2239 628 395 399 417 421 END
START -14020 1044 10456 -1016 1661 2044 628 395 399 417 420 END
START -11100 1616 7380 496 3699 1576 629 395 399 417 420 END
START -12304 -196 8168 -435 3710 1210 628 394 400 417 420 END
START -12264 3576 8268 1001 5835 1493 628 395 400 417 420 END
START -11772 128 5272 666 6362 744 628 393 399 417 419 END
START -14280 3676 9884 737 6253 1539 630 394 399 416 419 END
START -11864 3248 5348 1453 9491 836 628 394 398 416 419 END
START -12156 -472 4236 329 11040 419 629 394 398 416 418 END
START -13856 3240 8228 259 13232 778 629 394 399 416 418 END
START -11768 3812 4048 840 16712 89 628 395 399 415 418 END
START -10516 -796 860 346 18805 -929 628 394 399 416 418 END
START -12012 -388 4412 -303 20718 -1448 628 394 398 416 420 END
START -11912 -228 3948 -49 26256 -1914 628 394 398 416 417 END
START -13712 3756 5460 106 32028 -2430 628 394 399 416 418 END
START -14988 3984 3192 -239 32767 -3643 628 394 398 416 417 END
START -14064 4576 436 -772 32767 -4989 628 394 399 416 419 END
START -12884 3740 -2580 -1152 32767 -6620 628 395 398 417 418 END
START -11752 2484 -4792 -913 32767 -7372 628 395 400 418 418 END
START -12284 2832 -6304 160 32767 -6007 628 396 393 417 417 END
START -13784 2344 -8396 1051 32767 -5535 629 396 399 417 417 END
START -12292 1876 -10468 1960 32767 -5523 629 396 400 416 417 END
START -14996 2636 -7780 2686 32767 -4712 628 396 399 417 417 END
START -16364 2588 -6996 3164 32767 -4328 630 396 400 418 417 END
START -13472 1208 -8280 3315 32510 -4065 629 396 398 417 417 END
START -10164 508 -9744 3494 31574 -4761 628 396 399 418 417 END
START -9368 208 -9760 3272 32767 -4939 628 396 400 418 417 END
START -11188 -848 -9372 3281 32767 -5212 628 395 400 418 417 END
START -13812 -2796 -10232 4008 32767 -5903 628 396 399 418 417 END
START -15868 -6168 -13304 5513 24052 -6488 627 396 399 418 416 END
START -11720 -5844 -19848 6598 13854 -6276 628 396 399 419 417 END
START -4508 -1096 -25464 6089 7860 -5262 627 396 399 419 416 END
START -2764 -36 -25196 4734 6199 -3947 627 396 400 417 417 END
START -9700 736 -18916 3588 5519 -3527 627 397 400 419 416 END
START -11320 660 -17288 2429 5305 -2984 627 394 401 419 416 END
START -8524 -848 -19892 1483 4177 -2427 627 397 401 419 416 END
START -5592 -1416 -22612 928 2277 -2044 627 397 400 419 416 END
START -6116 -3148 -21696 122 1819 -1690 628 397 401 419 416 END
START -6272 -4604 -20712 -685 2970 -1690 628 398 400 420 417 END
START -7028 -5024 -19536 -990 3454 -1771 628 398 404 420 416 END
START -7780 -5200 -18764 -1027 1419 -1918 627 399 400 420 418 END
START -7976 -2780 -18248 -531 -1569 -1593 628 398 400 420 416 END
START -6896 128 -16376 -138 -3156 -923 628 399 401 420 417 END
START -4960 -1712 -18856 425 -2662 -464 627 400 402 420 416 END
START -5964 -596 -17332 377 -2052 498 629 400 402 420 417 END
START -6808 -208 -16880 307 -2616 1778 628 400 401 420 417 END
START -7804 320 -15564 281 -4341 3331 629 401 402 420 417 END
START -8628 -996 -16400 256 -7359 5115 629 401 402 421 417 END
START -10724 -224 -14292 306 -11893 6968 629 401 400 419 418 END
START -11560 60 -12140 322 -16290 7825 630 404 400 409 418 END
START -12640 -828 -10804 548 -19456 8139 629 402 400 418 418 END
START -15176 -2596 -10808 359 -24635 8802 627 402 400 420 420 END
START -17360 -7084 -15160 654 -32768 9281 628 405 402 422 420 END