START -14192 956 5732 -1036 -1290 368 629 399 398 431 431 END
START -13924 960 5472 -1082 -1098 307 628 398 397 430 430 END
START -13464 812 5484 -1153 361 250 628 397 397 430 430 END
START -14152 872 5576 -1246 1951 335 628 398 397 429 431 END
START -14588 644 5160 -1224 3210 398 628 398 398 429 430 END
START -14568 812 5372 -988 4683 471 628 397 398 428 430 END
START -14736 744 5216 -886 6415 620 628 398 397 428 429 END
START -15104 1580 5424 -740 8428 980 628 397 397 427 430 END
START -15648 1200 4792 -655 9272 1374 628 396 396 425 428 END
START -16348 516 4720 -915 8458 1474 629 400 397 424 428 END
START -16260 532 4788 -1028 8153 1752 628 397 396 424 427 END
START -16192 12 4152 -1099 7609 1731 628 396 396 424 427 END
START -16148 44 3724 -851 6797 1955 628 397 396 422 428 END
START -15448 500 3392 -365 6072 1838 628 397 397 423 427 END
START -15020 2304 3508 -39 5434 1817 628 396 397 422 427 END
START -15076 2900 5056 -1079 4883 2204 628 396 397 422 428 END
START -14096 -236 2052 -1201 6865 711 629 397 398 423 427 END
START -13464 2664 2376 -271 9561 586 628 397 397 422 427 END
START -15608 40 2852 -1013 9789 497 630 397 397 422 426 END
START -13916 1592 636 157 11208 386 629 397 397 422 425 END
START -16604 1028 3404 -649 9779 1227 629 398 397 422 426 END
START -14444 2112 -56 122 11377 605 628 397 396 422 426 END
START -15680 156 1368 -1166 10730 324 629 397 397 424 426 END
START -15680 3624 2036 -502 12553 634 630 397 396 421 425 END
START -13832 428 -2972 -422 13902 -370 629 398 397 421 425 END
START -15496 -840 -916 -1339 12829 -275 629 398 397 421 426 END
START -16496 2012 1188 -1202 12620 661 630 397 397 421 425 END
START -16260 4224 80 -489 13569 619 630 397 397 421 425 END
START -14384 1532 -5000 -396 13998 -148 630 401 398 421 425 END
START -15068 -572 -5408 -900 13006 -318 629 397 396 423 425 END
START -14836 -1212 -3800 -1422 12574 -771 631 398 397 421 425 END
START -15100 -408 -1520 -1531 13233 -1224 631 397 396 421 425 END
START -13944 -988 -2392 -1434 14125 -2142 630 398 396 421 424 END
START -14072 -652 -1604 -772 15350 -2496 630 397 398 422 424 END
START -13992 -1424 -2636 -139 16093 -2692 631 397 397 421 424 END
START -14624 -1424 -2756 508 16626 -3443 630 397 397 422 424 END
START -14376 -2748 -5328 1366 16841 -4021 630 397 397 422 424 END
START -15352 -2948 -5460 2274 15671 -4370 631 398 398 422 424 END
START -13104 -3444 -9248 2909 14853 -4682 632 397 396 422 423 END
START -12012 -3444 -11292 3681 17337 -4725 631 396 398 423 424 END
START -10888 -1556 -14500 4420 20479 -4430 630 396 397 422 424 END
START -11800 1568 -13368 4497 23024 -4161 631 396 389 422 422 END
START -11992 1564 -14152 4383 23577 -3719 632 396 397 422 423 END
START -13336 2484 -10500 4187 23499 -3743 631 396 397 422 423 END
START -11132 1632 -11400 3945 25120 -3477 631 396 397 422 423 END
START -12740 -3176 -10520 3634 26543 -3888 631 396 398 422 422 END
START -11432 -5024 -15812 4406 25721 -4155 630 397 397 423 421 END
START -12036 -568 -15916 5120 22380 -4181 630 396 399 423 422 END
START -10612 768 -15668 5693 18242 -3025 630 396 397 422 421 END
START -11376 1784 -13432 5678 12819 -2740 630 397 399 423 421 END
START -11432 -1224 -11116 5276 9001 -2568 627 397 399 423 421 END
START -4300 -6120 -17752 4957 7529 -2823 629 398 400 423 419 END
START -1804 -7036 -21132 4528 7633 -3252 629 397 398 423 422 END
START -9372 -6280 -17204 3709 4657 -3060 629 397 399 422 420 END
START -11328 -5944 -16240 2766 3253 -2762 628 398 395 423 420 END
START -9440 -6788 -16944 1565 2003 -2320 629 398 399 424 422 END
START -13016 -6308 -14368 532 379 -1859 628 397 400 424 421 END
START -9752 -6780 -16268 -465 -717 -1437 629 398 400 424 420 END
START -10796 -6016 -17512 -1084 -2127 -940 629 398 400 424 420 END
START -9496 -6568 -16580 -1152 -2869 -535 630 399 400 424 421 END
START -8376 -5320 -18556 -1196 -3981 15 629 399 400 425 421 END
START -8900 -5776 -17212 -1161 -4949 367 630 399 400 424 420 END
START -7660 -6344 -17744 -911 -5744 839 630 399 400 425 421 END
START -8752 -6660 -17180 -736 -8320 1501 631 400 400 425 422 END
START -10432 -3500 -17092 -574 -12735 2576 631 400 401 426 421 END
START -9888 -3340 -18312 -498 -16984 3698 631 400 402 426 422 END
START -9472 -804 -17040 -577 -18997 4127 628 400 400 425 423 END
START -7800 432 -16752 -1403 -18402 4336 631 401 401 426 424 END
START -8420 1548 -15512 -3059 -15650 4728 631 401 396 426 424 END
START -11352 1180 -12688 -4916 -13542 4936 630 403 401 427 425 END