START -4348 15548 1148 -4086 -12198 3306 511 421 414 416 399 END
START -4188 15464 1216 -4182 -10441 2934 505 374 393 412 396 END
START -3536 14204 3548 -3046 -290 1702 507 374 391 409 397 END
START -5336 14204 6744 -1861 8555 1274 501 377 387 384 400 END
START -8208 15612 6660 -1501 5194 1758 505 379 380 400 397 END
START -7616 15080 4232 -1929 -701 1901 504 376 382 403 396 END
START -7248 13960 2036 -2484 -4289 2410 508 373 372 411 403 END
START -5240 12980 1476 -2597 -5832 2304 498 390 379 404 400 END
START -3084 14236 1552 -1687 -2074 1538 498 377 383 404 395 END
START -3084 13332 2372 -1254 1391 1253 499 339 382 401 402 END
START -4044 13712 3256 -1113 1915 1096 498 380 382 407 357 END
START -4264 14764 2580 -883 2156 681 500 379 383 407 397 END
START -4832 15016 2084 -898 3002 763 499 383 380 403 390 END
START -5828 14516 2564 -1037 2580 676 500 382 380 411 404 END
START -5964 13536 2732 -1103 804 114 503 389 376 410 399 END
START -5408 13296 2356 -944 -154 -267 502 384 396 409 375 END
START -4608 14776 1636 -398 -13 -525 502 383 384 410 423 END
START -4836 15996 3088 -246 268 -504 499 375 387 410 405 END
START -4768 13672 3108 -907 -70 -687 501 386 385 410 399 END
START -3592 11796 -132 -331 1545 -1297 502 385 395 409 399 END
START -5664 16476 2980 -52 2945 -596 500 386 380 410 397 END
START -7012 12996 2932 -637 1747 -967 507 377 387 412 400 END
START -6696 16720 2220 139 2369 -590 504 385 387 412 400 END
START -7512 13296 2772 -726 28 -468 501 386 393 413 403 END
START -5152 15936 -332 20 1488 -354 505 386 387 411 399 END
START -5816 13624 1652 -928 594 -44 502 395 396 410 383 END
START -4312 16484 -4832 132 2697 70 480 388 411 414 401 END
START -4804 14724 1672 -850 2237 624 505 387 387 415 402 END
START -7376 12960 2620 -559 1663 -303 503 386 389 411 402 END
START -9596 16252 6120 -440 1206 708 505 389 388 422 401 END
START 812 12604 -1900 -451 3760 -126 505 391 388 411 401 END
START -13368 16904 5448 643 7695 -329 510 415 398 416 404 END
START -10724 15276 8340 57 12253 -324 507 389 388 419 410 END
START -6844 13476 3656 771 17588 -1157 507 377 385 407 403 END
START -22620 18472 13456 634 17686 -609 509 388 392 413 404 END
START 1748 11836 -6436 -1067 22492 -3257 516 391 385 416 399 END
START -2060 12532 -5640 980 31984 -3204 508 357 429 419 393 END
START 12480 12804 -10572 2282 31215 -2919 516 396 385 436 400 END
START -23912 16140 11708 2546 28409 -1886 521 400 383 417 401 END
START -21688 14644 9680 1451 24965 -2320 525 422 384 415 403 END
START -10192 11388 -3476 523 24911 -3440 526 480 384 423 413 END
START -8064 15428 -2032 1658 23843 -3705 529 538 387 415 399 END
START -8188 11796 -2076 808 22286 -3957 529 578 385 417 401 END
START -1200 13896 -8036 1812 19745 -3993 546 593 388 418 403 END
START -8956 14144 -3176 1060 19863 -2509 533 611 389 418 360 END
START -8992 10588 -4004 1443 17064 -4131 536 624 389 425 396 END
START -8804 13388 -5392 2649 17090 -4283 535 634 393 420 403 END
START -7848 14716 -3404 2000 17693 -3487 543 637 392 428 416 END
START -5040 11428 -7780 1843 18174 -3872 538 651 397 415 403 END
START -8344 16036 -5924 1806 17324 -2208 536 657 393 419 404 END
START -9028 11164 -6196 1775 15135 -2809 538 663 397 417 402 END
START 3716 15456 -15940 2210 18541 -1712 536 667 402 419 406 END
START 5136 11548 -15232 1426 19716 -1509 540 654 401 421 400 END
START -804 14124 -13724 2450 17400 -1265 538 670 401 418 407 END
START -14252 14616 -2244 2600 17258 -226 543 663 396 431 401 END
START -5424 11696 -9020 3125 17389 -1064 540 679 405 423 408 END
START -4648 12296 -9884 4824 20215 -1318 539 676 407 424 403 END
START -4348 13996 -7868 5199 21700 -1581 539 677 411 423 408 END
START -5712 11268 -9652 6114 19402 -2192 547 675 411 423 404 END
START -3912 12260 -9108 7250 17654 -1997 549 679 375 429 408 END
START -8604 12776 -6784 6562 12374 -964 549 679 413 427 409 END
START -11056 10356 -8604 6132 6778 -1795 549 681 406 405 459 END
START -9340 13856 -8940 5092 1882 -761 549 681 415 428 432 END
START -3024 11240 -15844 4139 280 -1045 553 681 414 426 408 END
START -5468 13704 -12460 2835 -3149 1065 554 674 410 424 413 END
START -7084 12432 -11212 2128 -4613 394 552 702 413 437 407 END
START -11152 11416 -4380 930 -6728 396 555 680 411 426 406 END
START -10184 12812 -9800 577 -4586 98 559 680 412 427 406 END
START 8464 13260 -18232 198 1471 679 562 675 412 427 406 END
START -12752 10220 -7288 -202 -955 -898 556 682 410 427 410 END