START -13736 884 6264 -395 2556 -694 625 400 398 422 415 END
START -13904 956 6456 -385 2689 -736 625 400 398 421 415 END
START -14028 1200 6604 -320 2844 -796 624 400 398 422 415 END
START -14212 1560 6572 -459 3195 -833 625 401 399 421 414 END
START -14332 1532 6760 -583 3682 -836 625 399 399 421 415 END
START -14512 1516 6732 -553 3863 -842 625 400 400 422 415 END
START -14772 1264 6772 -557 3758 -720 625 400 400 421 415 END
START -14808 1596 6524 -267 3398 -505 626 399 399 421 414 END
START -14964 588 5912 -224 2594 -512 625 399 399 420 414 END
START -15752 560 6116 -287 1632 -133 625 399 400 420 413 END
START -15488 1348 6456 -401 673 71 625 397 400 420 413 END
START -15060 1520 6496 -356 126 242 626 399 399 419 412 END
START -14968 1092 6204 -381 -232 122 626 398 398 419 412 END
START -14664 -124 5368 -321 -157 -244 626 398 398 419 412 END
START -13600 -980 3612 343 852 -653 626 398 399 419 412 END
START -13572 1504 4140 827 1741 -484 626 401 398 419 412 END
START -15928 2216 6596 252 729 112 626 398 397 419 412 END
START -15520 -856 4188 -122 -47 -371 626 398 397 417 411 END
START -14376 2352 4376 700 824 -101 627 397 397 418 411 END
START -15712 568 5932 -481 66 82 626 399 397 418 411 END
START -14036 384 2404 378 1873 -274 626 397 397 417 411 END
START -16372 1800 6912 -543 427 434 626 397 397 418 410 END
START -13976 1212 2784 363 2525 -98 626 397 397 418 411 END
START -16300 -272 6216 -740 925 283 627 398 398 418 411 END
START -15120 3352 5724 412 2629 674 626 397 397 418 410 END
START -13744 -868 2008 222 3303 17 626 396 397 417 410 END
START -15132 892 6476 -156 4414 398 626 395 396 417 410 END
START -13272 2776 3064 1259 8688 20 626 395 397 417 410 END
START -12784 -1084 1628 726 10190 -1404 626 395 398 417 411 END
START -12556 -1268 3576 45 12135 -1974 626 393 399 416 410 END
START -13848 316 5508 41 15058 -2124 627 393 398 417 409 END
START -13088 3596 4536 634 18735 -2167 627 393 399 418 410 END
START -13332 3392 2016 1373 21678 -2545 627 392 398 417 410 END
START -13592 2576 -148 1656 23336 -3718 622 393 399 417 410 END
START -13360 1564 -2592 1719 24118 -4871 628 393 398 418 410 END
START -12284 2372 -3132 1737 25320 -5922 628 394 396 418 410 END
START -9320 1064 -6880 1930 31296 -7390 628 392 395 417 408 END
START -11016 988 -8216 2665 32767 -6698 624 392 396 419 409 END
START -15332 1092 -8076 2921 32767 -6707 628 390 395 419 409 END
START -15500 772 -9024 2386 32767 -7752 629 390 395 418 408 END
START -13296 928 -10840 1953 32767 -8656 630 391 395 419 409 END
START -12120 1760 -9224 1557 32767 -9176 630 391 395 419 407 END
START -12856 776 -8896 895 32767 -7991 630 390 395 418 408 END
START -13408 -1316 -8996 611 32767 -8039 630 390 395 418 409 END
START -10800 -3776 -11256 -220 32767 -9481 630 384 395 419 407 END
START -10908 -6800 -15652 -94 32767 -9686 630 390 395 419 407 END
START -12636 -5292 -17652 955 32767 -8810 631 389 395 418 407 END
START -14920 -216 -15308 1675 23808 -7037 629 390 395 419 407 END
START -14148 272 -13652 1475 13492 -5148 629 390 394 418 406 END
START -11804 -3516 -12496 992 7898 -4488 629 390 395 418 407 END
START -11308 -6732 -14228 575 6707 -4221 630 391 394 417 407 END
START -4484 -9388 -18628 456 6620 -4207 629 391 396 418 406 END
START -9824 -9268 -15912 662 3275 -3398 629 391 395 417 407 END
START -17824 -7208 -10644 40 -477 -2212 630 393 396 417 407 END
START -13336 -7424 -14680 -1100 -620 -1098 629 393 395 418 408 END
START -10636 -5040 -21432 -1497 -2058 -347 630 394 396 417 408 END
START -6712 -4312 -24408 -1784 -5329 919 630 393 397 418 409 END
START -9160 -5028 -22796 -2295 -9348 2154 627 394 395 418 409 END
START -8488 -3428 -20992 -2815 -11337 3659 631 395 396 420 410 END
START -10184 -3996 -19916 -2971 -14190 5296 633 395 396 419 411 END
START -13036 684 -15068 -3616 -19505 7245 632 396 395 420 412 END
START -15204 888 -14692 -5000 -25562 7964 632 398 396 421 413 END
START -11952 212 -14112 -5638 -28403 7620 633 398 396 422 415 END
START -13304 -268 -10980 -6008 -28887 7222 631 401 398 423 417 END
START -13628 -3912 -10684 -6672 -29950 6868 630 404 400 426 419 END
START -12796 -5956 -14016 -6234 -31646 5629 630 406 401 429 421 END
START -12536 -1784 -15336 -5059 -32038 5310 629 408 402 432 423 END
START -16820 2788 -8344 -5084 -32768 5690 629 410 404 434 425 END
START -19088 192 -3940 -6061 -32768 5076 628 412 405 434 428 END
START -22540 -1324 -1304 -6389 -32768 4819 627 414 406 436 430 END