START -13704 72 6540 -509 -968 -248 630 399 400 422 426 END
START -13696 48 6800 -494 -1064 -363 629 399 399 422 426 END
START -13136 -128 6232 -474 -1027 -441 633 399 399 422 426 END
START -13124 -168 6012 -368 -403 -674 629 399 399 423 426 END
START -13348 -24 6264 -391 53 -831 630 399 400 422 426 END
START -13212 -128 6112 -266 656 -909 630 400 399 422 426 END
START -14440 -68 6532 -357 -14 -1146 630 399 399 422 425 END
START -14104 620 6292 -269 317 -907 630 399 399 417 427 END
START -14188 92 5796 -409 332 -1117 630 399 400 423 426 END
START -14684 -816 5912 -710 260 -1016 630 400 401 423 426 END
START -14764 -1232 5704 -933 368 -855 630 399 399 423 426 END
START -14876 -1456 5324 -788 873 -650 630 399 400 418 426 END
START -14616 -272 5300 -532 1367 -228 630 399 399 417 425 END
START -14916 1192 6724 -609 1013 455 631 399 399 423 425 END
START -15972 1580 7732 -1442 -415 1094 630 399 398 423 425 END
START -15212 -1732 5556 -1500 -775 709 631 398 398 422 424 END
START -14064 1260 5788 -695 -251 1375 630 398 398 422 423 END
START -14856 -68 7324 -1767 -965 1449 630 398 398 421 423 END
START -13436 208 4896 -545 598 1208 630 398 398 421 423 END
START -15568 168 7904 -1788 -1019 1746 630 398 397 421 422 END
START -13968 1252 5512 -646 251 1576 631 398 400 420 422 END
START -15620 -1832 6196 -1966 -1002 1689 631 397 398 420 421 END
START -15600 2284 7824 -1445 -453 2684 630 397 397 419 421 END
START -14048 892 4336 -431 1565 2439 631 398 397 418 421 END
START -15720 -1944 5512 -1559 782 2534 631 396 397 419 420 END
START -16232 1604 8696 -1696 1066 3469 630 397 397 418 420 END
START -14488 3284 6924 -706 4118 3762 631 395 396 418 419 END
START -12740 -332 2452 -191 7696 3279 630 396 397 418 419 END
START -13244 -2056 2692 -898 9764 3109 630 397 397 417 419 END
START -14752 -48 6700 -1105 12364 3485 630 397 397 411 419 END
START -15264 2460 7536 -578 15350 3825 628 396 397 417 418 END
START -15756 4032 7128 84 17295 3803 629 396 397 416 417 END
START -14856 3136 3460 823 17433 3428 628 397 398 417 420 END
START -13928 1764 1752 658 15596 2679 627 396 397 417 418 END
START -12568 -1564 -92 80 14642 1843 628 397 397 417 417 END
START -12976 -1840 1600 -729 15246 972 627 397 397 417 419 END
START -14340 -1624 1864 -1010 16083 539 628 397 396 417 418 END
START -15472 -1528 1780 -662 15922 304 627 397 397 416 417 END
START -15848 -1272 1180 -549 15230 16 629 397 397 417 418 END
START -16964 1300 3028 -343 14570 2 628 397 398 417 418 END
START -17348 3708 2684 -235 13514 25 629 397 398 417 418 END
START -16908 2996 1736 -136 13016 -222 628 397 399 418 419 END
START -15056 4216 -88 -373 14077 -589 629 398 399 418 418 END
START -15304 3648 -224 -397 16961 -876 629 397 399 418 420 END
START -15876 2496 -320 -516 19709 -1429 629 397 398 418 418 END
START -16692 1532 -568 -357 21224 -1844 630 398 399 418 418 END
START -15936 24 -1832 -283 20822 -2908 630 397 400 419 419 END
START -14664 1752 -1792 -18 21789 -3713 630 401 400 419 419 END
START -12316 -2072 -5184 -245 24652 -4657 631 398 401 419 417 END
START -12116 -3488 -7912 520 28454 -4665 631 398 401 419 418 END
START -13432 -4040 -10184 1908 29425 -4769 631 398 400 419 418 END
START -12420 -832 -12732 3435 29006 -4990 631 398 400 420 417 END
START -13728 2512 -10300 4178 27324 -4628 632 398 401 420 417 END
START -14488 2872 -8608 4320 24092 -4346 635 398 402 420 417 END
START -14176 -512 -7716 4081 20954 -4234 632 398 401 421 416 END
START -11488 -2752 -9996 3958 20622 -4506 631 398 400 420 416 END
START -10496 -4240 -12264 4457 20801 -4533 631 398 400 421 416 END
START -15700 -5012 -9100 4990 18027 -4616 631 399 401 421 417 END
START -5576 -4652 -19644 5790 16314 -4724 630 399 401 420 416 END
START -6852 -4368 -18684 6462 13677 -4313 631 399 402 421 416 END
START -8220 -652 -17560 6712 11620 -4161 630 398 402 421 415 END
START -5832 32 -18852 6631 11957 -3458 630 399 401 421 415 END
START -9136 944 -16856 6140 11140 -3014 631 400 401 421 415 END
START -11672 1372 -15008 5266 8251 -2193 631 398 402 421 413 END
START -10708 864 -16248 3761 4134 -1308 630 399 401 422 415 END
START -9600 480 -17160 2220 1304 -813 631 399 402 422 414 END
START -10520 316 -16208 730 750 -395 630 399 399 422 414 END
START -10452 1480 -16716 -516 91 4 631 400 402 422 414 END
START -13816 1316 -15356 -1079 -1174 3 630 399 402 422 415 END
START -9424 -1212 -18744 -1775 -3361 328 631 399 402 423 415 END