START -13420 140 -408 1725 24236 -498 625 411 405 433 439 END
START -13232 132 -392 1999 25192 -761 627 411 406 434 439 END
START -13172 36 -608 2949 28133 -1520 626 410 405 432 440 END
START -12824 208 -2100 3655 30938 -2038 626 411 405 434 439 END
START -12680 -100 -4316 4701 32767 -2028 626 411 405 433 438 END
START -14144 400 -5604 5513 32767 -2146 626 409 406 433 438 END
START -15796 1444 -6944 5557 32767 -2629 626 409 405 433 437 END
START -16652 400 -8108 4027 30948 -3134 625 409 407 433 436 END
START -15440 492 -9504 4058 27309 -3558 626 408 406 433 434 END
START -15020 484 -10128 4206 23799 -3828 625 406 408 433 435 END
START -13676 -88 -11240 3620 20934 -3879 627 407 407 432 434 END
START -12032 36 -12256 3674 20025 -3499 626 407 407 433 433 END
START -12908 564 -10788 2952 19726 -2994 626 408 408 433 433 END
START -13084 -1696 -11440 2580 18432 -3532 626 407 408 433 432 END
START -12440 -852 -13772 2728 17102 -3728 625 406 408 433 432 END
START -13852 416 -11884 2005 12933 -2683 626 406 407 433 432 END
START -11880 -3268 -14860 1649 10237 -3426 625 407 408 434 432 END
START -11636 604 -12876 1540 9325 -2410 625 407 407 434 432 END
START -10148 -3864 -15796 1728 9636 -3312 625 407 407 434 432 END
START -11312 -2412 -11824 1560 8508 -2926 625 407 408 433 432 END
START -9804 340 -13868 2695 8985 -3137 625 407 407 434 431 END
START -10224 -4080 -14452 2464 6931 -3703 624 406 408 434 431 END
START -9540 -4368 -13112 1711 4824 -3198 625 407 409 434 431 END
START -9484 -436 -12380 2190 5506 -2623 625 408 408 434 431 END
START -8040 76 -16156 2836 7482 -3130 625 407 409 434 430 END
START -8044 -5608 -17548 2553 8003 -3904 624 406 407 434 430 END
START -8552 -6472 -16944 1991 6779 -3788 624 407 409 436 430 END
START -10472 -5720 -13960 1678 5048 -3090 626 407 409 434 431 END
START -10124 -5676 -14168 1540 3152 -2431 624 408 408 434 430 END
START -10436 -3620 -12956 1449 1981 -1584 624 408 409 434 430 END
START -9596 -4656 -14244 1173 853 -969 625 408 409 435 429 END
START -9152 -1000 -13976 897 1208 -868 624 408 409 435 430 END
START -8616 -292 -14580 692 2764 -871 625 407 409 435 430 END
START -9176 84 -14476 556 3794 -800 625 408 409 435 430 END
START -9088 -468 -16664 699 3252 -796 625 408 409 435 430 END
START -8560 -2924 -18312 518 1465 -465 625 408 409 435 430 END
START -8136 -2924 -18676 389 35 -109 625 408 409 435 430 END
START -7568 -5252 -19456 204 -729 -4 626 409 410 434 430 END
START -7288 -6868 -18684 -106 -958 -25 625 409 411 436 431 END
START -7240 -6424 -18252 -345 -1207 174 625 409 411 436 431 END
START -7288 -5776 -18096 -358 -1805 475 619 409 411 440 434 END
START -7308 -5144 -18536 -177 -2136 810 625 410 411 436 430 END
START -8076 -3600 -17980 96 -2670 1371 626 410 411 436 431 END
START -7936 -1504 -17164 350 -4659 2348 627 410 410 437 430 END
START -14792 144 -11728 338 -8843 3547 625 410 411 437 430 END
START -17700 916 -9168 404 -12774 4423 626 410 412 437 429 END
START -7796 -84 -16124 347 -15022 4943 625 409 413 436 424 END
START -15636 196 -11616 489 -15563 5383 620 410 412 437 430 END
START -9448 -536 -15636 588 -15871 5748 625 409 411 437 430 END
START -7704 -676 -15516 536 -17166 6074 625 409 414 438 431 END
START -10384 -228 -13112 261 -18978 6530 625 411 413 439 431 END
START -15016 -1316 -8128 -178 -20556 6750 625 410 413 439 431 END
START -14020 -1988 -9216 -991 -20820 6824 625 411 413 439 432 END
START -13372 -5428 -10952 -1421 -21362 6396 626 411 413 440 432 END
START -16420 -6568 -8840 -1486 -21440 5383 625 411 414 440 431 END
START -9092 -5076 -17020 -852 -21576 5446 624 412 414 440 432 END
START -13552 -3120 -13628 -206 -24379 6295 626 411 415 441 433 END
START -14168 704 -11004 -2 -27575 7165 627 412 414 441 434 END
START -15224 1752 -8964 -373 -31096 7201 625 413 414 441 433 END
START -18096 2184 -4932 -1090 -32768 7431 624 412 414 441 434 END
START -17464 -436 -4072 -1967 -32768 7537 625 412 413 444 434 END
START -19056 -1288 -1972 -2857 -32768 6654 624 412 414 442 435 END
START -15456 -4216 -6024 -3288 -32768 5695 624 412 415 442 435 END
START -13824 -2776 -6620 -2859 -32768 5423 624 413 414 443 436 END
START -13788 920 -3948 -2575 -32535 5825 624 412 414 443 436 END
START -13320 1840 -1352 -2524 -29112 5227 624 413 414 444 437 END
START -11204 2716 -208 -2558 -24047 4648 623 414 417 443 437 END
START -13260 2940 5300 -2558 -18743 4367 624 415 415 444 438 END
START -13320 2284 6344 -2708 -14270 3875 624 414 414 445 439 END
START -14268 948 6892 -2722 -11594 3394 624 414 415 445 440 END