START -3168 17272 2888 1817 7123 2392 531 393 391 414 403 END
START -3016 17368 3004 1734 6992 2557 525 395 468 400 400 END
START -2636 17340 2644 1740 7646 3035 489 401 390 414 408 END
START -1888 17456 2608 2224 9298 2649 546 406 389 415 402 END
START -868 16684 1396 2308 11147 2418 554 413 390 420 406 END
START -404 15592 360 2853 14673 1808 564 425 389 420 399 END
START -16 15804 1932 3885 19960 1218 522 448 398 417 391 END
START -804 18092 4400 6124 26517 -229 576 504 385 427 398 END
START -2704 16948 272 3891 25326 8 578 544 385 424 387 END
START -8 12932 -3284 4411 28190 -3931 575 602 392 425 400 END
START -1804 13420 -2912 5175 31025 -2434 572 626 390 419 395 END
START -4380 14340 -492 5294 29159 -1763 575 646 391 421 398 END
START -4136 15708 -1724 5320 25512 -2361 561 660 378 398 391 END
START -4036 15472 -2564 5004 25416 -2121 566 668 397 409 428 END
START -4552 14580 -2640 3961 24547 -762 566 674 399 424 400 END
START -6092 12268 -2928 4002 20857 -502 573 671 402 427 400 END
START -6120 14524 -4080 4399 17943 -312 563 676 402 428 400 END
START -5832 16548 -1448 3638 14680 -334 557 682 404 424 402 END
START -3592 12556 -5560 3511 13573 -697 558 684 405 426 401 END
START -4356 15856 -3648 3663 15250 -348 556 686 421 446 402 END
START -3308 12176 -6104 2520 15244 -1330 552 686 398 429 403 END
START -3672 16724 -3320 3338 16085 301 549 686 411 427 403 END
START -2944 11700 -7240 3939 15284 -532 579 675 406 440 397 END
START -3924 17508 -4568 3966 17332 23 550 687 412 446 407 END
START 8 11192 -9796 3382 18125 -366 552 686 409 428 405 END
START -11244 16836 -4064 5006 12688 824 552 686 411 429 408 END
START -15900 15476 4072 4027 9442 535 555 688 402 434 397 END
START -7044 13028 -2136 3834 9381 -460 557 687 410 429 401 END
START -6168 17704 -10152 4827 11856 474 557 689 410 424 401 END
START 3808 16476 -11420 4283 14962 576 560 683 409 433 407 END
START 3444 11820 -10564 4870 15539 -250 560 684 413 434 391 END
START -8584 12276 -2020 6398 13222 -596 559 680 413 407 393 END
START -4824 17068 -3864 7509 12842 207 560 683 409 432 406 END
START 1796 14916 -8364 6980 10796 403 562 684 410 432 403 END
START -8500 13736 -2560 6796 9259 218 565 690 385 487 398 END
START -4756 12528 -6148 6705 9120 -641 567 680 405 437 402 END
START -4588 14104 -7132 6854 6841 -365 566 685 411 434 401 END
START -1560 17960 -10196 6679 5578 1236 567 685 410 436 406 END
START -3656 13524 -6596 6371 262 1404 557 686 406 437 406 END
START -1276 11952 -10220 6378 -2989 1367 571 680 410 437 412 END
START 0 12928 -11588 5917 -2645 1446 579 693 400 438 405 END
START -4068 14912 -8396 5656 -1482 1629 569 687 407 439 410 END
START -1464 13692 -7932 5019 534 1892 571 687 410 438 407 END
START 1248 11904 -11780 4958 -296 978 573 688 410 438 407 END
START 1600 12588 -13176 4775 -399 448 571 685 409 436 409 END
START -6092 13232 -7800 4432 216 149 573 687 410 438 411 END
START 1556 14468 -13052 3941 1775 265 572 696 410 438 406 END
START 2160 16472 -15292 3018 990 457 575 691 410 438 406 END
START -3564 18040 -11024 2049 -637 977 618 678 406 442 409 END
START -7104 13512 -6568 1051 -3266 524 577 687 416 434 407 END
START -3308 13740 -10704 478 -2585 271 574 683 410 438 406 END
START -4016 14020 -8548 -257 -2772 174 593 689 410 437 452 END
START -2176 15104 -10020 -710 -2021 56 572 696 416 439 408 END
START 4368 17100 -15424 -673 -60 129 575 682 407 433 407 END
START -2732 13876 -6352 -1118 -7 -133 574 659 415 434 381 END
START -2180 12440 -10660 -913 1127 -732 579 683 405 424 407 END
START 372 12616 -12456 -1142 937 -564 575 683 407 439 406 END
START -2296 12980 -9992 -1207 186 -369 570 680 407 427 399 END
START -6636 14452 -7708 -1268 -1252 -27 578 683 403 438 409 END
START -5852 16616 -9120 -1290 -1071 611 577 684 409 438 404 END
START -5712 11820 -6688 -1434 -2305 155 575 677 406 449 401 END
START -1672 11080 -10468 -1040 -1744 209 577 685 390 437 409 END
START 992 13128 -11512 -958 -1134 499 577 687 408 440 408 END
START -3648 14372 -9284 -807 -1223 594 586 686 414 434 390 END
START -2148 11808 -7908 -875 74 506 575 687 406 437 410 END
START -5880 10976 -7640 -533 -533 -7 573 682 412 436 405 END
START 240 11684 -12260 -464 180 -11 574 683 395 436 380 END
START -152 13320 -11488 -449 -471 19 575 685 413 438 406 END
START -4636 14800 -8704 -456 -1167 143 574 675 418 436 408 END
START -1236 16144 -9832 -651 -201 434 575 684 409 438 406 END