START -13160 1344 3508 -3279 6902 2234 624 429 403 427 432 END
START -13448 1212 3332 -3337 7717 2220 624 429 404 427 434 END
START -13620 980 3360 -3269 9372 2147 624 428 405 428 434 END
START -13500 724 3016 -3101 10463 1878 625 424 403 426 434 END
START -13652 732 2868 -2614 11321 1797 625 426 403 426 433 END
START -14036 544 2808 -1936 11741 1516 625 423 403 427 433 END
START -14284 1008 3064 -1673 12077 1254 625 421 404 428 433 END
START -14112 1592 2464 -1209 12065 738 626 418 403 427 433 END
START -14004 724 1740 -1098 12120 60 625 417 403 427 435 END
START -14052 144 1112 -1027 12026 -91 625 415 401 427 432 END
START -13524 -196 112 -716 13023 -182 626 418 404 430 435 END
START -12600 -352 -1812 -238 16080 -523 625 413 400 428 432 END
START -12576 684 -3016 508 21090 -609 626 413 399 430 432 END
START -14672 2448 -2944 737 24108 -195 625 411 401 429 431 END
START -17700 2200 -2180 -154 23910 163 626 408 400 428 431 END
START -16276 -280 -5928 92 24239 -524 626 408 399 428 431 END
START -16296 2616 -4876 867 24522 316 626 405 399 428 431 END
START -16968 -228 -4928 176 24277 460 627 404 400 427 429 END
START -15496 2200 -7040 711 25882 385 627 403 398 425 430 END
START -15132 -792 -7360 -328 26629 -45 627 403 400 423 429 END
START -14856 3124 -6768 766 29201 249 626 403 400 422 428 END
START -13928 -1108 -11380 627 30049 -467 626 403 400 421 427 END
START -14708 -36 -8800 174 29451 -254 625 404 400 423 428 END
START -14068 3292 -9536 1225 30303 298 626 402 401 424 430 END
START -13492 1756 -13516 1845 28508 39 626 403 400 424 428 END
START -13856 -1940 -12548 1329 24103 -208 626 402 400 425 428 END
START -13896 -1400 -11636 1045 19372 161 626 403 402 425 428 END
START -14344 760 -10144 868 13852 332 627 403 401 426 428 END
START -12424 2700 -10788 1386 10306 534 626 403 402 427 428 END
START -11864 3860 -11848 1488 7008 396 627 404 402 426 428 END
START -10236 3656 -14336 1614 4917 46 626 395 402 427 428 END
START -7568 660 -18036 1532 4833 -609 626 406 402 427 428 END
START -6376 -580 -18592 1231 6131 -1164 622 405 403 428 428 END
START -6500 -1304 -18024 1421 7992 -1493 626 403 403 429 428 END
START -6996 -1936 -17264 1759 9700 -1497 626 403 403 428 428 END
START -8052 -2968 -17500 2351 9567 -1482 626 404 403 427 428 END
START -7832 196 -17840 2713 9482 -1697 626 404 405 429 428 END
START -7628 -2508 -18624 3152 8859 -1612 625 405 406 429 428 END
START -8080 796 -17464 3805 8708 -1303 626 405 407 431 428 END
START -7988 -1032 -17396 4286 7935 -985 627 406 407 430 428 END
START -8380 420 -16344 4611 6412 -525 625 403 407 429 428 END
START -8204 2104 -14484 5071 4720 -222 625 405 409 432 428 END
START -11580 3192 -10344 5538 3559 240 625 405 406 427 428 END
START -8248 652 -14428 6578 3061 334 625 408 407 427 428 END
START -14420 1672 -10344 7691 4058 -380 624 406 407 427 427 END
START -11388 1472 -12076 8705 3729 -216 624 406 408 428 426 END
START -6712 1100 -14516 9583 2489 -139 624 405 408 430 426 END
START -7696 4 -14412 10340 1196 -322 624 406 409 429 426 END
START -3572 -1780 -20152 10626 740 -856 624 405 410 429 424 END
START -4776 -456 -19000 10113 1855 -829 624 404 408 432 424 END
START -6044 -1104 -20056 8465 1639 -1019 623 402 408 430 423 END
START -2256 -2092 -23748 6331 1666 -1819 623 403 408 428 421 END
START -2012 -2828 -27708 3767 2323 -1089 624 402 409 428 423 END
START -9080 -1528 -22148 1472 -637 -740 624 403 409 428 423 END
START -8700 -2600 -24224 -624 -3379 -95 627 404 409 427 424 END
START -9640 -3188 -23492 -2988 -6214 949 625 404 406 428 424 END
START -9852 -3752 -21520 -3234 -9220 1780 625 405 407 427 425 END
START -9288 -3156 -19704 -3598 -11469 2890 625 405 408 427 426 END
START -9700 804 -16380 -4469 -13334 3888 625 405 407 427 427 END
START -10228 452 -12852 -5231 -13455 4803 625 406 407 428 428 END
START -10920 -536 -10516 -4696 -13362 3673 626 406 406 427 428 END
START -10336 -3528 -10164 -4349 -13329 2851 625 407 405 427 428 END
START -8744 -5876 -13184 -3823 -11682 2365 625 408 406 426 428 END
START -8152 -4884 -16948 -3822 -9128 2377 625 408 404 427 429 END
START -7552 -4344 -18020 -3168 -7255 2149 624 409 405 427 430 END
START -8288 -268 -15792 -1944 -4822 2610 625 409 405 427 430 END
START -9668 920 -12848 -1972 -4954 2685 626 410 405 427 431 END
START -10928 1056 -10268 -1551 -5110 2662 624 410 405 426 430 END
START -12368 -1760 -8912 -1873 -6296 2328 624 410 405 426 431 END
START -12780 -3340 -10856 -2034 -7308 1650 624 411 405 427 431 END