START -14488 1556 4776 -987 148 -327 629 406 406 438 435 END
START -14312 1600 4756 -938 108 -387 629 406 406 438 437 END
START -14320 1636 4964 -855 -53 -250 630 406 407 438 436 END
START -14712 1848 4596 -942 -267 -477 630 408 406 438 436 END
START -14656 1844 4504 -919 -267 -458 630 406 407 438 437 END
START -14776 1708 4568 -808 -153 -534 630 407 406 439 437 END
START -14712 2076 5216 -743 15 -287 629 407 407 438 436 END
START -14956 2188 4804 -742 143 -384 629 408 407 438 437 END
START -15352 1128 4840 -788 -359 -480 630 409 408 438 437 END
START -15296 1108 5224 -935 -710 -309 628 408 407 438 436 END
START -15248 916 4900 -1082 -788 -173 629 408 407 437 437 END
START -15308 1052 5188 -1033 -722 -259 630 404 408 438 437 END
START -14916 348 4084 -828 -424 -449 629 408 407 437 437 END
START -14480 636 3384 -353 183 -453 630 408 408 437 437 END
START -14208 2616 4400 -184 70 -46 630 408 408 437 437 END
START -15084 3240 6816 -832 -859 212 629 408 408 437 437 END
START -15236 -160 5204 -832 -977 -647 629 408 407 438 436 END
START -14732 3216 5568 98 -982 -156 629 408 405 435 436 END
START -16008 824 6944 -804 -2900 -36 630 406 391 433 435 END
START -14384 1788 4356 376 -2327 -409 630 406 403 434 435 END
START -16420 1528 7212 -754 -4424 72 633 404 402 431 434 END
START -14712 3420 5000 220 -3186 5 630 403 401 430 432 END
START -15972 332 6372 -944 -4197 -112 629 401 399 428 432 END
START -16212 4188 7348 -800 -4369 702 629 398 397 425 429 END
START -15372 380 2796 -939 -5086 218 630 398 396 423 428 END
START -16396 -272 4584 -2732 -8370 496 630 396 394 422 427 END
START -16748 4172 7408 -3310 -9337 1469 629 395 397 420 426 END
START -15000 4472 4916 -3348 -8403 1484 630 395 393 418 425 END
START -14040 3980 3892 -3537 -6330 1248 628 393 392 417 424 END
START -12960 1244 1832 -3926 -4368 1278 629 393 393 421 423 END
START -12620 -260 2024 -4090 -2478 1883 629 394 392 416 424 END
START -12768 -1036 3076 -4617 -792 2109 630 392 392 415 423 END
START -12924 -1288 4588 -4582 814 2599 629 393 393 415 423 END
START -12896 1140 7788 -4515 3731 2471 629 394 392 414 423 END
START -11764 1904 8268 -4025 8358 2520 629 394 394 414 423 END
START -12564 2416 8500 -3403 12590 2255 630 394 396 415 422 END
START -13124 2836 8512 -2852 16034 1734 631 394 394 415 422 END
START -13300 2900 7676 -2047 19303 1288 629 395 395 415 423 END
START -13996 2844 6936 -1518 22363 786 631 396 395 417 423 END
START -15556 3540 7448 -1093 24011 387 627 394 395 417 423 END
START -15184 1452 5580 -2453 24414 -692 630 396 396 418 424 END
START -12668 784 3140 -1051 28775 -1485 631 398 397 419 423 END
START -13364 1000 2064 -90 32767 -1566 631 398 397 419 423 END
START -16704 2688 1916 668 32767 -1398 632 397 397 419 424 END
START -20924 1408 1520 688 32767 -1424 632 396 398 419 423 END
START -21620 -216 -668 570 32767 -1657 631 395 398 419 423 END
START -18916 -2072 -4408 156 30798 -2152 631 396 398 419 423 END
START -15960 -2396 -8272 332 27879 -2616 631 398 399 419 423 END
START -13924 -1388 -10952 1072 26055 -2588 632 396 399 421 422 END
START -13272 3152 -9968 1795 25248 -1956 631 396 399 420 422 END
START -11412 3928 -9516 1749 27039 -2168 631 397 400 421 421 END
START -14812 108 -6704 1747 27777 -1735 631 396 400 423 422 END
START -13720 -2636 -9088 1110 27248 -2658 631 398 400 422 422 END
START -11424 -4104 -11400 999 24671 -3165 630 396 400 422 421 END
START -6388 -1420 -18752 2217 23069 -3052 628 397 401 419 421 END
START -2092 -384 -20884 3207 22604 -2186 627 397 400 423 421 END
START -11972 3080 -11084 3461 20459 -2805 627 397 402 423 422 END
START -3756 2160 -17136 3954 22545 -2524 626 397 402 414 421 END
START -9384 2612 -12900 4326 19248 -3113 626 398 403 423 421 END
START -8984 -320 -12288 4085 16430 -3064 622 397 401 423 421 END
START -7628 -1396 -13276 3746 13476 -3219 625 398 402 423 420 END
START -8336 -4680 -15208 3494 10243 -3370 624 397 402 420 420 END
START -5632 -5356 -18460 3807 9566 -3495 625 398 403 423 420 END
START -6980 -4836 -19088 4106 8971 -3058 623 398 403 422 421 END
START -5528 228 -19636 4407 8967 -2571 624 398 403 423 420 END
START -6196 -1980 -21060 4549 7316 -1974 624 398 403 423 420 END
START -8632 1448 -17060 4005 4860 -1284 625 399 404 423 420 END
START -7836 1464 -17296 3212 3486 -724 624 399 404 423 419 END
START -8064 1312 -16364 2176 2438 -399 624 398 405 424 420 END
START -8540 1900 -17360 864 912 7 624 399 405 424 421 END