START -12172 2048 9888 -1684 -1157 -371 628 404 406 437 436 END
START -12320 2236 10400 -1727 -1303 -320 628 404 406 437 436 END
START -12660 1912 10356 -1832 -2049 -106 628 403 407 437 435 END
START -12504 1916 10252 -1871 -2661 198 628 403 405 436 435 END
START -12660 1916 10460 -1712 -2430 621 628 403 406 437 436 END
START -12552 1724 10812 -1343 -1859 934 629 399 406 437 434 END
START -12612 2832 11228 -874 -1555 1111 629 403 406 437 434 END
START -11276 1808 10400 -265 -108 1309 629 403 407 436 434 END
START -10592 1148 10052 -154 1093 1076 629 403 407 436 434 END
START -10108 1296 9424 143 4195 783 629 403 407 440 434 END
START -11016 1644 9800 481 7096 584 629 403 407 432 434 END
START -12476 1648 9880 578 8279 534 630 403 407 435 426 END
START -13808 1132 9556 416 7380 678 630 403 407 435 430 END
START -12180 1116 8032 692 6827 767 630 402 408 435 430 END
START -10828 3012 7792 1032 8890 1013 630 402 407 434 427 END
START -10076 3400 8476 540 12849 676 630 402 408 434 426 END
START -9828 380 5544 1233 19412 -421 631 403 409 434 424 END
START -11932 3984 6824 2124 23805 -472 631 403 409 432 424 END
START -14100 1536 6660 966 23876 -1127 631 403 410 433 422 END
START -13196 3688 5036 1533 26000 -1059 631 404 411 432 419 END
START -12448 344 2276 100 27175 -1636 633 405 411 433 418 END
START -13248 4240 3592 558 31989 -1238 632 405 412 432 416 END
START -12108 2416 -1180 330 32767 -2501 632 405 412 430 415 END
START -14176 280 -1168 -1471 32767 -3112 631 404 412 428 414 END
START -18032 3368 1352 -1461 32767 -3132 631 405 411 429 414 END
START -18860 2712 -2036 -693 32767 -2150 632 405 405 429 413 END
START -17444 -24 -6196 -118 32767 -2213 631 406 412 428 413 END
START -15572 -796 -8168 -489 32613 -2677 632 406 412 428 413 END
START -16296 -1744 -6836 -681 31750 -2665 631 406 412 428 416 END
START -18336 516 -3784 -1308 28787 -2046 630 406 412 429 415 END
START -17832 -420 -5996 -2036 25051 -1358 631 405 412 428 416 END
START -15832 1192 -6536 -1969 22651 -1598 630 405 412 424 416 END
START -15236 868 -6468 -1565 22522 -1781 630 405 412 429 416 END
START -13940 1884 -6844 -1521 21863 -2537 630 405 412 429 418 END
START -15092 656 -5804 -990 18213 -3019 629 405 412 430 416 END
START -10760 1080 -7736 -943 18495 -3855 629 405 413 432 416 END
START -11532 1592 -6848 -654 18642 -3998 625 406 412 428 415 END
START -14044 1676 -5764 -231 17678 -3709 626 406 413 430 416 END
START -10368 -1308 -7848 475 17546 -4125 625 407 414 430 416 END
START -11776 -1376 -7036 1413 16880 -4123 624 406 414 432 417 END
START -11240 -2940 -8840 2642 15155 -4657 624 407 415 432 417 END
START -8436 -4672 -13700 3604 14551 -4620 622 407 415 428 413 END
START -8416 -4768 -16084 4609 15856 -4245 621 408 415 432 418 END
START -9296 -1784 -17484 5379 14995 -3568 621 408 408 433 418 END
START -9120 1748 -17088 5500 12462 -2812 620 408 416 433 418 END
START -9224 2672 -16412 5232 9456 -1934 620 408 415 433 418 END
START -8480 3376 -16452 4629 6709 -1490 620 408 416 433 418 END
START -9192 3196 -16064 3560 5298 -941 620 409 416 433 418 END
START -8492 1892 -16716 2531 4498 -812 619 408 416 434 417 END
START -11844 2952 -15136 1705 3815 -617 619 408 416 433 418 END
START -9444 -360 -15748 914 2461 -618 619 410 416 433 417 END
START -4960 1028 -18328 556 1070 -283 620 410 417 434 418 END
START -9372 1816 -15124 331 -979 335 620 410 411 434 418 END
START -9088 1364 -17180 361 -2630 477 621 410 417 434 418 END
START -5284 -2892 -23236 81 -3663 302 622 411 417 434 419 END
START -8264 -4204 -19324 -660 -4411 122 622 411 418 434 419 END
START -11088 -4988 -13308 -1207 -5169 450 623 412 417 434 420 END
START -11476 -5060 -13088 -1084 -8413 1379 624 411 416 433 420 END
START -14068 -5088 -12544 -284 -15825 2671 624 411 415 434 420 END
START -11264 -5780 -16232 140 -22486 3812 624 412 415 433 421 END
START -7888 -5712 -18400 799 -24010 4129 624 412 413 432 419 END
START -8404 -5952 -16820 1508 -22407 4368 625 413 415 432 419 END
START -10852 -5392 -14548 2267 -22740 4631 624 413 413 434 418 END
START -11972 -3580 -14796 2509 -24480 4481 625 415 415 436 420 END
START -13564 -428 -14116 2629 -27799 4447 624 417 416 438 422 END
START -14832 1416 -11320 2718 -31132 4069 625 418 418 440 424 END
START -15528 1320 -9608 2334 -32710 4368 624 419 418 441 426 END
START -16268 156 -7924 1992 -32768 4560 625 421 420 443 428 END
START -18380 -1460 -5848 1923 -32768 5373 625 422 421 445 430 END
START -16080 -5180 -7828 1675 -32768 5652 624 423 424 447 432 END