START -12780 1192 4004 163 5853 450 624 411 408 433 436 END
START -12408 1316 3760 225 6604 299 624 410 407 432 435 END
START -11508 1000 3628 559 9175 -165 625 410 408 433 435 END
START -12044 996 3456 626 12283 -525 625 411 408 432 435 END
START -14308 856 3208 1042 14136 -1074 624 411 409 427 435 END
START -15352 628 2796 1394 14770 -1236 625 411 409 433 435 END
START -15840 984 2300 1337 15178 -1412 624 413 409 433 438 END
START -14660 1116 892 1460 16592 -1924 624 412 408 432 435 END
START -14568 92 -264 1173 18731 -2332 626 412 410 432 435 END
START -14476 120 -1052 1131 21338 -2367 625 413 408 432 434 END
START -15724 64 -1780 1286 23510 -2282 625 412 408 433 434 END
START -14800 -272 -3700 1066 25882 -2982 626 413 408 433 434 END
START -13160 -1132 -6448 1208 31927 -3901 626 413 408 434 434 END
START -15676 256 -7232 2191 32767 -3134 626 413 412 433 434 END
START -20368 3056 -3844 1270 30430 -1641 627 413 407 433 432 END
START -19280 -896 -7524 -546 23111 -1205 627 413 408 434 433 END
START -16936 2216 -7436 -60 19000 -101 628 413 408 433 434 END
START -16784 -1284 -7964 -1088 14938 -641 628 415 409 436 432 END
START -15120 2104 -7612 -339 13268 -234 628 414 409 434 432 END
START -14340 -1920 -10040 -665 11547 -1184 629 414 407 434 436 END
START -14168 -668 -7548 -978 9605 -1011 628 413 409 434 432 END
START -13208 2432 -8944 10 10432 -441 629 414 409 435 426 END
START -12856 -1472 -12748 453 10218 -1116 629 413 408 434 432 END
START -13356 -2884 -10628 -249 9149 -1361 630 414 409 435 432 END
START -12548 -380 -9032 -651 10265 -1089 629 413 408 434 432 END
START -13168 1136 -8832 660 12132 -1264 629 414 409 434 432 END
START -13140 2472 -10428 1273 12382 -1570 629 413 409 435 432 END
START -12708 2232 -11048 1468 11377 -1812 631 413 404 434 431 END
START -10632 584 -13852 1293 11292 -2343 630 413 408 434 431 END
START -10656 -888 -14788 1768 11487 -2650 629 412 408 434 430 END
START -10852 -20 -14376 1495 10553 -2896 630 412 409 435 431 END
START -10468 -1892 -15772 2070 10805 -2463 629 413 408 435 430 END
START -11204 -172 -15264 2292 10083 -2265 629 412 409 435 430 END
START -10828 1648 -13584 3102 10346 -1681 629 411 408 435 429 END
START -11660 1500 -13372 3154 8730 -1424 629 413 408 435 429 END
START -11288 2000 -13556 3350 7085 -1166 628 413 409 436 429 END
START -13220 2492 -10136 3271 3404 -823 629 413 409 436 429 END
START -11548 2136 -10208 3104 1468 -563 629 413 410 436 429 END
START -9076 928 -10372 2952 1899 -770 629 413 410 437 429 END
START -7960 1428 -10652 2763 5109 -1651 628 413 410 437 429 END
START -8284 -656 -9608 2588 8937 -2484 628 414 410 437 428 END
START -16192 -3264 -7052 2644 9564 -3004 629 412 410 437 428 END
START -9228 -5676 -14004 3363 11030 -3953 628 412 410 437 427 END
START -14064 -7368 -10504 3973 8020 -4389 628 412 410 437 427 END
START -16968 -6436 -9928 4477 7488 -4282 628 411 410 436 426 END
START -1980 -4504 -23400 4897 8128 -3650 627 411 412 436 426 END
START -7104 -2484 -20496 4571 5299 -2803 627 410 410 436 425 END
START -10076 -1156 -17760 3904 2746 -2506 627 410 410 437 426 END
START -7580 300 -17588 2517 2537 -2009 626 410 411 437 426 END
START -7232 428 -17900 1246 2850 -1706 626 409 411 438 427 END
START -9516 -628 -18112 191 2287 -1405 627 410 412 438 426 END
START -10228 -600 -17488 -647 831 -875 627 411 412 439 428 END
START -11332 -728 -16672 -1237 -836 -131 626 411 412 443 428 END
START -10956 -1220 -16784 -1787 -3152 727 628 412 412 439 427 END
START -13000 472 -13904 -2246 -6951 2122 627 413 414 440 428 END
START -11000 300 -14996 -2326 -10129 3202 627 411 414 440 428 END
START -15228 196 -10048 -2494 -14075 4384 628 413 415 440 429 END
START -13328 144 -10468 -2493 -17695 5482 628 414 415 440 430 END
START -15480 -2856 -10000 -3103 -20782 6977 627 414 414 440 429 END
START -12072 -7556 -13544 -3119 -22908 6558 628 415 414 440 429 END
START -10464 -5660 -17388 -2819 -22841 6596 628 416 413 441 430 END
START -10868 -1036 -15544 -2650 -22539 8026 628 416 412 439 430 END
START -14336 324 -9672 -3360 -23834 10731 627 413 412 440 431 END
START -16632 -2252 -7520 -4154 -25686 9662 627 417 411 439 432 END
START -15532 -6284 -10440 -4102 -27827 7614 627 416 410 438 431 END
START -12412 -4104 -14508 -2606 -26717 7135 628 417 412 439 432 END
START -13628 680 -12076 -2025 -27454 7558 627 417 410 438 434 END
START -13396 1184 -7576 -2174 -28469 7286 627 417 410 438 433 END
START -16592 -2852 -4836 -2572 -28814 6068 628 417 410 438 434 END
START -13204 -4160 -8540 -2219 -27372 3959 628 417 411 437 433 END