START -15616 1436 5848 -1493 -413 -167 624 414 406 435 435 END
START -15840 1504 5596 -1595 -680 -76 624 414 406 435 435 END
START -15936 1376 5604 -1712 -1689 224 625 414 406 435 436 END
START -15868 1600 5548 -2038 -2535 478 624 415 407 436 436 END
START -15588 1784 5204 -2520 -3028 713 624 414 407 436 436 END
START -15196 1604 5088 -3062 -3179 814 624 415 408 434 435 END
START -14308 1740 5024 -2909 -2436 1293 624 415 406 435 435 END
START -13928 1324 5284 -2778 -1076 1168 624 416 406 434 435 END
START -14096 820 5708 -3256 1152 1093 624 416 406 435 435 END
START -14292 716 6048 -3424 2935 1192 624 416 405 434 435 END
START -14240 1088 5924 -3691 4443 1153 624 417 404 433 436 END
START -14024 232 5100 -3644 6349 927 624 416 404 432 435 END
START -13144 284 4316 -3518 9168 492 624 417 404 430 435 END
START -12544 1520 3136 -3377 13096 84 624 417 403 429 434 END
START -13380 2860 3892 -4089 16549 1199 624 417 403 428 434 END
START -14932 -236 2252 -4390 19953 1110 624 417 403 427 434 END
START -15584 2168 1276 -3010 22602 1488 625 417 403 426 433 END
START -17036 256 1732 -3963 22574 1622 626 416 402 426 433 END
START -14944 2336 -184 -2847 25436 1503 625 416 403 426 434 END
START -15176 -1188 -1792 -3537 27251 1493 625 417 402 426 433 END
START -15904 1396 240 -2953 29655 2139 625 416 403 427 433 END
START -14356 628 -4108 -1654 31898 1490 626 416 403 427 433 END
START -16220 -2064 -4084 -1808 30117 1175 626 415 404 427 432 END
START -17528 -376 -2044 -1744 26779 1055 626 414 403 426 432 END
START -16944 3220 -1668 -1084 23875 1263 627 412 405 425 432 END
START -15132 3048 -5368 -258 22725 769 627 411 403 426 433 END
START -13020 316 -8760 -174 22252 -192 627 410 404 428 432 END
START -13436 -1796 -8952 -2 22635 -309 627 408 404 430 432 END
START -14772 -2124 -7468 -119 21754 -571 627 408 404 431 431 END
START -15332 -880 -6752 642 21549 -281 627 407 404 433 432 END
START -16288 1112 -5772 1274 20263 157 627 407 405 435 430 END
START -15816 2584 -6136 1992 19158 -30 627 405 405 435 431 END
START -15308 4284 -8740 2723 16960 -167 627 406 405 434 431 END
START -12348 5340 -9724 2170 17924 -180 627 407 406 437 432 END
START -11788 4308 -11764 2881 17837 -414 627 406 406 438 430 END
START -13008 3920 -9304 2789 16763 -720 627 407 407 438 430 END
START -11580 3768 -10184 2864 16905 -911 626 405 408 440 424 END
START -11916 3284 -10436 3009 16535 -528 627 406 406 440 430 END
START -11768 2996 -10924 2936 14917 -1091 624 405 407 441 429 END
START -14060 -504 -8796 2641 12967 -1111 624 406 408 443 430 END
START -9844 -2016 -12108 2695 12609 -1864 623 405 407 442 430 END
START -12516 -3856 -12916 2590 10549 -2885 623 406 409 443 430 END
START -8776 -3312 -15928 3148 11241 -3371 622 405 410 444 430 END
START -6912 -20 -18484 3445 11029 -2498 622 405 410 444 430 END
START -8804 2048 -16140 3208 9625 -2172 621 405 409 444 430 END
START -6920 3076 -16436 2943 9107 -1778 620 406 410 445 430 END
START -7368 3056 -14572 2621 7905 -1442 621 406 410 444 430 END
START -9992 1664 -11688 2210 6483 -1486 622 406 410 445 430 END
START -9916 -1732 -12136 2133 5791 -1769 621 406 410 445 430 END
START -9364 -3812 -13288 2510 6186 -2262 621 407 412 445 429 END
START -10048 -5684 -12940 2850 5526 -2464 621 406 410 444 430 END
START -15164 -5248 -10492 3139 4500 -2373 620 406 410 445 431 END
START -3484 -4344 -25348 3122 4518 -2264 621 406 410 442 429 END
START -6672 -4072 -22448 3092 3294 -1994 620 405 410 441 430 END
START -5368 -4428 -23788 2523 2620 -1706 621 406 411 441 430 END
START -5552 -1964 -22664 1975 1169 -1438 621 405 411 437 430 END
START -4912 -2164 -22484 1601 -291 -908 621 405 411 439 429 END
START -3408 -2664 -24164 988 -1370 -374 621 405 412 440 429 END
START -7316 -2404 -22276 152 -4135 398 621 405 411 439 427 END
START -10400 -1848 -18860 -1133 -9470 1457 621 406 412 440 431 END
START -10304 296 -20964 -2298 -14641 2808 620 406 411 439 428 END
START -10372 -420 -21596 -3449 -19015 3554 621 407 411 437 427 END
START -10528 1620 -18004 -3730 -21466 4529 621 408 411 435 427 END
START -14828 1116 -11628 -4145 -26393 6266 622 409 409 432 427 END
START -15968 -4008 -9772 -3778 -32768 6862 622 408 409 431 428 END
START -13480 -5692 -11396 -2687 -32768 6196 622 409 409 432 429 END
START -10076 -5824 -16332 -1066 -32768 5851 623 408 409 431 430 END
START -12180 1312 -12080 -380 -32030 6287 623 408 409 429 429 END
START -12868 844 -8884 -863 -31491 5813 623 408 409 430 429 END
START -12632 -652 -6936 40 -29730 5372 624 408 408 431 430 END