START -14096 1024 7052 -653 2364 -139 622 387 391 415 414 END
START -14032 1032 7028 -675 2211 -69 623 388 396 415 412 END
START -14008 980 6996 -703 1881 20 623 386 391 414 411 END
START -14016 760 6908 -690 1799 56 624 387 390 413 410 END
START -14180 652 7116 -468 1410 41 621 388 391 414 411 END
START -13888 1132 7092 -488 1001 104 621 388 392 414 411 END
START -14076 868 7064 -641 872 209 621 387 390 413 410 END
START -14532 996 7104 -628 441 471 622 388 390 414 410 END
START -14292 880 6636 -418 -297 401 622 387 391 414 411 END
START -13776 380 6736 -554 -857 216 623 388 395 414 410 END
START -14084 360 6876 -911 -695 313 622 388 389 413 410 END
START -14364 996 7216 -1111 -381 354 621 387 390 413 410 END
START -14716 496 7120 -1298 -374 363 621 389 390 413 410 END
START -14172 -72 6320 -1356 76 127 621 389 390 413 409 END
START -13532 -664 5208 -1104 1400 -11 622 388 390 413 410 END
START -13224 444 5216 -114 2777 303 622 388 390 412 411 END
START -14508 2824 8276 -159 2493 786 621 387 390 414 410 END
START -14648 328 8084 -870 2104 333 622 387 389 412 410 END
START -12948 -500 4860 114 3933 -138 621 389 390 414 410 END
START -14820 2244 8564 -85 3627 443 621 388 391 413 410 END
START -13100 -1128 4480 -87 4631 -360 622 388 390 412 410 END
START -13720 3384 7188 167 5702 172 622 388 391 412 409 END
START -13020 -868 3504 -25 7764 -697 622 387 391 413 410 END
START -15668 3372 7704 -10 7889 309 622 387 391 412 409 END
START -13732 -152 2724 259 8861 -668 622 388 391 412 410 END
START -15012 1472 6848 -676 8622 -528 622 388 390 412 410 END
START -13068 3280 4228 263 13553 -1025 622 388 391 412 409 END
START -12672 -300 916 376 16437 -2236 621 388 391 411 410 END
START -15552 -1364 4464 -318 15214 -2151 622 388 391 412 410 END
START -16280 2128 6120 -197 14779 -1383 623 388 394 412 410 END
START -14356 2784 4252 194 17444 -1994 622 388 392 413 410 END
START -11716 1724 -1276 736 22053 -3227 622 388 391 412 411 END
START -12248 -1060 -2856 513 24446 -4337 623 388 391 412 410 END
START -12928 -1660 -3464 326 25771 -5500 623 389 391 413 410 END
START -12540 -3420 -4664 45 26547 -6181 622 386 392 412 409 END
START -14512 -3524 -3752 28 26948 -5759 622 389 392 413 409 END
START -16504 -3396 -3192 -274 26432 -5520 622 389 392 412 410 END
START -17728 -2436 -2944 -316 25238 -5544 623 388 392 412 410 END
START -15380 -3016 -5804 -659 25478 -5930 623 389 392 412 410 END
START -14672 -3820 -8232 -1063 26989 -6230 624 390 391 412 410 END
START -15016 -4252 -8356 -930 27441 -6019 623 389 392 413 409 END
START -15092 -5016 -10556 -250 24379 -5490 624 390 392 413 410 END
START -12804 -3972 -13056 344 22198 -5693 624 390 392 412 409 END
START -11068 -3872 -14028 412 21942 -5841 624 390 392 412 409 END
START -8268 -1660 -15992 369 25408 -6391 624 390 393 413 409 END
START -7776 -892 -16692 317 29506 -6200 624 389 393 413 410 END
START -10060 -768 -15344 457 31626 -6283 624 390 392 413 408 END
START -11180 -872 -14760 635 30842 -5570 624 391 392 414 409 END
START -12824 -132 -12012 1068 27759 -4883 624 391 395 414 409 END
START -13484 -192 -10636 1231 22376 -4716 624 390 391 412 408 END
START -12744 -3332 -10884 998 18493 -4552 622 391 393 413 408 END
START -15548 -3960 -10264 957 15463 -4082 622 390 392 413 408 END
START -6456 -7480 -17772 903 11979 -3637 622 391 393 413 408 END
START -10068 -6748 -15536 565 7815 -2745 623 391 393 412 408 END
START -10092 -6476 -14868 209 5561 -1993 622 391 393 413 408 END
START -9856 -7652 -16584 -225 3407 -1098 622 391 392 413 408 END
START -11276 -7120 -14912 -662 959 -373 622 392 393 413 408 END
START -9044 -7272 -16120 -884 -493 47 622 392 394 413 408 END
START -6900 -7188 -16528 -1225 -1512 501 623 392 394 413 408 END
START -8828 -6948 -14768 -1199 -1433 552 623 392 394 413 408 END
START -9132 -7068 -14568 -1030 -1487 605 623 393 394 414 408 END
START -7428 -7412 -15856 -719 -1436 530 623 392 393 412 408 END
START -7652 -7760 -16264 -465 -1938 441 624 394 394 413 410 END
START -8132 -7548 -16380 -255 -2290 241 624 393 394 413 409 END
START -6396 -6156 -18836 -131 -2495 125 627 394 395 416 409 END
START -6388 -5804 -19224 -98 -2376 128 625 394 394 413 408 END
START -6404 -7328 -18548 5 -1728 84 624 397 395 413 409 END
START -6856 -7564 -17344 -408 -1742 222 625 394 394 414 409 END
START -7344 -7060 -18244 -364 -1850 497 625 393 393 413 409 END
START -7688 -5648 -18812 -141 -2606 1078 626 394 393 414 409 END