START -5752 15628 -832 -4160 -7885 -6 549 365 404 437 403 END
START -5888 15496 -596 -3657 -5689 254 553 367 399 434 406 END
START -6528 14428 252 -1968 -546 61 553 365 398 440 403 END
START -7200 14000 948 -906 1235 -475 549 367 389 429 402 END
START -7108 13904 136 -829 861 -649 537 363 396 432 397 END
START -6728 13476 -1048 -1257 250 -1289 536 367 387 442 404 END
START -7148 14180 -2284 -1245 1354 -1418 552 367 399 433 403 END
START -8652 13856 -1296 -1554 1434 -563 545 370 392 440 402 END
START -9380 15120 -488 -1332 1245 -419 546 370 402 429 403 END
START -8752 15260 -1116 -1202 296 -543 545 369 398 437 402 END
START -7356 14480 -1860 -1035 -9 -488 531 372 400 430 399 END
START -7124 14104 -2016 -926 379 -310 552 372 399 436 402 END
START -7740 14256 -2184 -872 573 261 544 369 399 435 403 END
START -8100 14596 -1532 -677 925 269 543 370 402 439 402 END
START -8456 15240 -416 -819 419 427 542 371 399 436 402 END
START -8700 14448 1256 -1060 90 480 534 369 397 435 402 END
START -8372 12552 164 -1130 -329 356 542 382 416 434 401 END
START -7104 13016 -2820 -596 496 217 544 372 399 433 405 END
START -8932 15488 1392 -559 681 950 543 370 399 437 398 END
START -8960 12016 -332 -919 -989 783 544 370 399 434 402 END
START -7756 14924 -2428 -240 -396 867 525 379 400 482 389 END
START -9288 13272 1716 -796 -2019 384 540 373 395 402 404 END
START -6964 15364 -2508 37 -234 433 538 371 399 432 403 END
START -9328 13572 2480 -273 -1062 942 535 374 399 436 398 END
START -7272 15708 -2532 700 529 716 534 372 399 429 403 END
START -8928 12372 1644 260 -1761 -377 536 369 397 431 404 END
START -8884 16324 1556 1240 689 -1065 539 369 399 430 404 END
START -96 10724 -2660 1329 3804 -3529 538 370 395 430 405 END
START -5728 15164 -3136 2685 8342 -3822 581 368 396 432 418 END
START -196 10092 -6500 1674 8746 -6086 536 371 398 429 412 END
START -9204 14604 -7072 -22 7416 -5005 538 374 393 430 408 END
START -12644 13368 328 623 9340 -3705 543 367 398 436 418 END
START -1580 10224 -7908 750 8675 -3630 539 376 389 432 416 END
START -10676 11560 -996 1560 9592 -4082 543 382 385 430 411 END
START -7268 15644 -5920 1943 16531 -2269 545 386 391 432 408 END
START -7288 14216 -2900 815 19806 -1041 548 406 386 431 419 END
START -5868 11600 -8412 135 21857 -261 548 434 391 431 424 END
START -7808 15424 -6828 1706 23323 1151 548 477 395 433 421 END
START -11440 13628 -3240 628 20365 609 548 488 399 435 423 END
START -10072 14996 -6048 1319 18552 -493 546 548 401 434 423 END
START -13256 14464 404 -867 14584 -119 549 578 405 436 425 END
START -8260 15648 -7448 -2233 13777 -854 545 599 407 435 424 END
START 10100 13068 -20712 -2237 12404 1398 541 612 412 432 430 END
START 8864 10520 -17668 587 12308 620 535 626 410 437 424 END
START -12460 16780 -5124 -71 12709 698 530 636 413 425 419 END
START -5020 14288 -8816 -749 14081 1578 527 649 414 437 426 END
START -3816 12944 -9124 -1130 12306 739 528 657 413 436 427 END
START -11300 12700 -6280 -1202 10476 -146 523 654 419 443 411 END
START -8548 14068 -5384 -628 9332 1414 524 660 413 436 427 END
START -5564 10628 -7420 -465 7595 512 523 664 412 437 430 END
START -3252 15164 -10564 -286 9896 -144 526 662 408 437 416 END
START -12228 12348 -2756 -990 8155 -186 524 673 414 442 429 END
START -7376 12468 -8220 -492 8904 -1276 523 671 413 438 429 END
START 8012 13640 -19948 595 14058 -293 519 656 406 444 432 END
START -11344 12196 -2312 846 11675 -25 518 672 411 439 430 END
START -16960 12708 -148 583 12409 -672 521 672 413 440 430 END
START 20 14276 -16188 1524 14880 396 525 672 417 445 434 END
START -3784 13668 -8784 795 10009 79 525 682 431 438 424 END
START -8000 12064 -7352 1013 8839 -832 522 674 414 440 432 END
START -6252 11264 -7968 1839 10263 -2727 527 671 407 447 440 END
START -4144 14516 -10308 2107 12668 -1793 518 671 415 442 431 END
START -6064 12012 -7144 1160 9647 -585 516 673 414 442 433 END
START -4536 9800 -12708 2140 7538 -1469 547 673 422 441 415 END
START -5860 13892 -9548 2462 7657 -1581 522 670 416 443 433 END
START -248 9056 -12416 1744 7758 -3548 519 663 414 443 433 END
START 10764 14912 -21880 3468 13080 -2566 516 667 412 444 433 END
START 2652 10492 -18644 2508 7365 -1000 516 672 414 445 432 END
START -7428 9264 -8412 3171 1860 -1044 510 672 416 445 431 END
START 1500 11344 -19500 3951 360 -1806 509 672 412 446 433 END
START -3784 11848 -12364 3189 2435 -2550 504 670 410 447 433 END