START -14708 -188 5664 -1241 -1752 1154 623 403 407 432 430 END
START -14452 -92 5688 -1229 -1846 1167 623 403 409 431 430 END
START -14124 -196 5640 -1325 -1676 1059 623 403 407 431 430 END
START -13840 -236 5664 -1248 -1217 945 623 402 403 430 429 END
START -13744 76 5860 -1344 -760 673 623 401 405 430 429 END
START -13764 -116 5884 -1419 -256 674 623 402 406 430 428 END
START -14072 -548 5912 -1351 228 528 622 401 406 429 427 END
START -14336 148 6144 -1257 506 651 623 401 406 429 427 END
START -13984 128 6012 -929 737 332 623 400 405 428 425 END
START -14400 -672 5928 -1127 1006 73 623 400 405 428 426 END
START -14684 -692 5860 -1273 2120 14 618 400 404 427 424 END
START -15080 -508 6128 -1409 3390 220 614 400 404 427 424 END
START -15608 -880 6048 -1349 3821 481 623 399 403 420 424 END
START -15340 -1180 5012 -940 3882 447 623 399 403 425 424 END
START -14504 -220 4836 -331 3694 420 624 400 404 427 425 END
START -14612 2240 6724 -505 2697 646 624 399 404 426 425 END
START -14820 -80 6472 -1458 1011 469 624 399 404 426 425 END
START -13188 -1920 3432 -627 1181 47 624 399 404 426 425 END
START -13960 1420 5856 -386 295 417 623 399 404 426 423 END
START -14144 -1736 4804 -1005 104 -162 624 399 403 425 423 END
START -13416 1636 5020 -188 2145 -106 624 400 404 424 423 END
START -13468 -2380 2368 -881 4200 -767 624 399 403 425 423 END
START -14676 1752 5120 -428 7571 -99 624 400 403 424 422 END
START -13992 -936 944 62 11544 -701 624 399 403 423 422 END
START -16992 -640 4428 -642 13074 542 625 399 403 425 423 END
START -15544 2224 1940 350 17809 951 626 404 403 425 422 END
START -14492 -1496 -552 -746 20805 218 624 400 404 424 422 END
START -15188 -132 1968 -1324 25095 480 625 401 405 426 423 END
START -16408 2780 1920 -395 29849 822 625 401 402 424 424 END
START -15480 1192 -3016 -241 31751 -154 625 401 403 425 422 END
START -14752 -1324 -4112 -1552 31743 -1269 624 400 402 424 423 END
START -12940 -2300 -5920 -2885 32767 -1856 626 401 405 425 424 END
START -13200 -3284 -7372 -3114 32767 -1481 627 401 403 424 424 END
START -14740 -3872 -7844 -2752 32767 -1623 627 401 398 424 424 END
START -14836 -3480 -8192 -2250 32644 -1993 627 402 403 424 423 END
START -14176 -4056 -7708 -1794 30268 -2285 627 402 403 425 423 END
START -13580 -4140 -8792 -1171 28765 -2521 627 401 404 425 423 END
START -13112 -3816 -10412 -484 26997 -2332 627 402 404 425 425 END
START -13376 -3288 -12068 646 23730 -2558 628 402 403 424 422 END
START -10540 -4124 -13508 1289 22306 -2621 628 402 404 425 423 END
START -11772 -1960 -13640 2695 20118 -1963 628 403 406 425 423 END
START -12260 -196 -13564 3488 17770 -2534 628 402 405 425 424 END
START -11824 1748 -12304 4267 14425 -2879 629 403 398 425 422 END
START -7852 1924 -14404 4442 14444 -3397 629 402 404 425 422 END
START -9448 2312 -13420 4018 15369 -2469 629 402 403 422 422 END
START -11752 2004 -9800 3704 14483 -2240 629 401 402 424 422 END
START -11580 672 -9692 3491 11007 -2129 629 403 402 423 421 END
START -14000 216 -7736 3647 6696 -1961 629 400 396 424 421 END
START -14016 -836 -8328 4227 5608 -1740 630 401 402 423 420 END
START -10084 -620 -11476 4727 6375 -2360 629 400 403 422 420 END
START -8572 -272 -12936 4786 9067 -2654 629 399 400 422 419 END
START -13036 480 -10132 4386 8187 -2450 629 398 400 421 418 END
START -9984 596 -12516 3887 6749 -2085 629 397 399 421 418 END
START -9824 -492 -14976 4063 4110 -1603 629 397 397 420 420 END
START -9500 -336 -16784 3886 3064 -1451 629 398 399 420 417 END
START -9048 -4 -17032 3177 2750 -1112 629 397 398 420 417 END
START -9964 492 -15516 2277 2236 -629 629 396 400 420 417 END
START -9600 792 -16936 1076 257 -81 629 396 400 420 417 END
START -7712 -1148 -19756 357 -627 -20 628 398 400 420 417 END
START -7288 -908 -19052 -224 -272 -28 625 398 400 421 418 END
START -4188 -3000 -22296 -608 440 -18 629 398 399 420 417 END
START -5700 -2324 -19872 -908 -144 170 629 398 400 420 418 END
START -3604 -5600 -22480 -992 -2151 418 630 399 399 421 418 END
START -5312 -5476 -19216 -865 -3961 695 629 399 399 421 418 END
START -7232 -5692 -19076 -568 -3330 796 629 400 401 421 419 END
START -5312 -6436 -19432 -336 -2354 851 629 400 400 420 418 END
START -6300 -6676 -19476 -160 -2570 844 630 400 400 421 419 END
START -8220 -6664 -17780 -164 -4337 742 631 400 399 421 420 END
START -7452 -7252 -17824 -141 -6100 653 630 399 398 421 420 END
START -7372 -7064 -17500 102 -6934 536 629 399 402 420 421 END