START -15352 -960 3148 -639 646 417 628 394 390 414 416 END
START -15368 -1016 3296 -614 760 391 627 394 390 415 419 END
START -15580 -928 3252 -802 707 480 628 394 389 415 417 END
START -15780 -1044 3576 -692 203 816 628 394 391 415 417 END
START -16444 -896 3836 -951 -726 735 627 394 390 414 417 END
START -16520 -1224 3780 -1127 -1655 898 628 394 390 414 417 END
START -16312 -876 3988 -1177 -1821 1172 628 394 390 415 418 END
START -15860 -1004 3304 -1108 -1085 1301 628 394 391 413 417 END
START -16684 -1528 3340 -1055 177 1466 628 394 391 414 417 END
START -17796 -1884 3328 -1473 981 1988 628 395 390 415 417 END
START -17608 -1708 3344 -1463 1809 2454 628 395 391 414 418 END
START -16580 -1820 2384 -1588 4573 2801 628 395 391 415 418 END
START -15160 -2036 888 -1328 9712 3129 628 394 391 415 418 END
START -15196 320 1276 -880 14032 3624 627 395 392 414 418 END
START -16756 1728 3588 -1278 14871 4233 628 395 392 415 418 END
START -16604 -1792 2016 -1933 13869 3639 628 396 392 415 419 END
START -15444 440 1260 -610 12629 3404 628 395 391 415 419 END
START -16328 -1240 2452 -1378 9584 3605 628 396 392 416 418 END
START -12860 356 -392 -205 11052 2707 628 396 392 416 419 END
START -14404 -848 1328 -1089 10613 3228 628 396 392 416 419 END
START -13684 1404 -8 202 11965 2895 629 396 393 417 419 END
START -13996 -2188 -1172 -791 11355 1968 628 397 393 417 419 END
START -14400 1420 1280 -371 11869 1837 629 397 393 417 419 END
START -12892 1212 -3464 742 14395 1078 630 397 393 417 419 END
START -12356 -2100 -5224 256 15583 343 629 397 394 418 419 END
START -14508 -1060 -2216 153 16958 620 629 397 393 418 416 END
START -14436 3216 -2560 604 19609 470 629 398 395 419 419 END
START -12756 2048 -7064 1060 22701 -442 629 397 395 419 419 END
START -12408 -652 -9484 830 24501 -1040 629 398 394 419 419 END
START -14060 -2504 -8496 488 25244 -1301 629 398 395 420 419 END
START -15552 -2200 -6228 485 24860 -1532 629 398 395 420 419 END
START -14764 -2524 -7048 309 25298 -1822 630 398 394 420 420 END
START -14212 -2368 -7272 980 26678 -2342 629 400 395 420 419 END
START -14292 -1232 -7436 2270 28898 -2355 632 399 395 421 419 END
START -16080 -2084 -7040 2912 27262 -3096 630 400 386 421 418 END
START -15616 -1256 -6800 3249 23518 -3398 630 400 395 421 418 END
START -14432 -3008 -8176 3019 19974 -2928 629 399 396 421 420 END
START -14712 -3152 -8684 3314 15773 -2819 630 400 395 421 419 END
START -11884 -5092 -12928 3394 12659 -2764 629 400 396 423 419 END
START -10248 -4408 -15676 3760 10684 -2619 630 400 396 423 419 END
START -10312 -4100 -15860 4110 9663 -2397 630 401 397 419 419 END
START -4976 -1520 -18912 4260 9313 -2234 629 401 397 423 419 END
START -7968 -1220 -16560 4177 8044 -2091 629 401 397 423 419 END
START -5612 1064 -17080 4117 8793 -2081 629 401 397 424 419 END
START -7168 1060 -16296 4159 9262 -2041 629 401 400 423 419 END
START -10664 1552 -13684 4205 8500 -1908 629 400 398 424 418 END
START -10608 1596 -13516 4051 6890 -1740 629 401 397 425 419 END
START -9036 1348 -13976 3919 6007 -1756 629 401 399 423 419 END
START -8064 1116 -14808 3892 5412 -1636 628 401 398 424 419 END
START -8404 540 -15492 3782 5413 -1561 627 400 398 425 419 END
START -7960 316 -16516 3754 5739 -1505 627 401 398 424 419 END
START -8800 132 -16380 3571 5816 -1374 627 401 399 425 419 END
START -11136 24 -15624 3275 4746 -1235 627 402 399 425 419 END
START -7936 -2760 -19920 2718 3414 -892 627 401 399 425 420 END
START -7752 -3612 -21224 1816 2207 -597 627 401 399 425 419 END
START -6044 -3964 -23904 751 1294 -349 627 400 400 425 419 END
START -6148 -4812 -24648 -317 7 -112 627 401 399 425 419 END
START -10244 -6588 -17564 -1576 -2245 230 627 401 399 426 419 END
START -8072 -5796 -19796 -2193 -3993 694 628 401 400 425 419 END
START -8636 -6268 -18068 -2563 -6944 1264 627 401 400 425 419 END
START -8944 -4532 -17076 -2561 -10044 2064 628 400 400 425 419 END
START -9436 -2424 -16384 -2399 -11912 2772 628 401 400 425 421 END
START -8872 -2840 -16724 -2157 -12921 3495 629 401 399 425 421 END
START -11144 -164 -13808 -1952 -15224 4411 629 402 399 426 422 END
START -12632 580 -11268 -1993 -18944 5247 629 403 401 426 423 END
START -14520 -748 -9160 -1660 -23534 5731 629 404 401 427 424 END
START -13704 -1892 -10712 -2168 -28059 5983 628 408 402 429 425 END
START -12776 -6552 -12844 -2260 -31062 5802 628 410 403 432 428 END
START -10968 -7192 -16628 -347 -28368 5446 629 413 405 434 433 END
START -10780 -2220 -15072 64 -25591 5177 628 415 408 438 436 END