START -9528 13344 188 -1154 -1926 1572 480 360 380 429 406 END
START -9340 13352 208 -1205 -1996 1566 487 377 381 422 400 END
START -8704 13748 212 -1036 -1348 1535 480 350 376 429 407 END
START -7488 13092 -200 -737 -149 993 480 360 381 428 407 END
START -6232 11664 -2136 -703 1709 77 482 362 383 436 407 END
START -5676 12504 -2984 -686 5635 355 480 365 383 432 408 END
START -6932 14544 -1928 -123 11437 275 478 367 381 434 409 END
START -9264 14640 -1472 -407 13275 682 462 375 379 432 408 END
START -10704 15440 296 -479 13550 709 499 376 385 436 403 END
START -11400 14824 1076 -88 11187 1842 508 389 381 443 401 END
START -10244 14596 872 25 8367 2988 531 405 392 431 399 END
START -7648 14276 -888 -277 5893 2976 536 433 400 429 401 END
START -5400 13820 -2492 5 7676 2192 538 482 402 426 396 END
START -4580 12708 -2760 -337 9669 1572 538 523 400 447 366 END
START -5836 13788 -1300 1029 14109 2324 537 552 401 421 395 END
START -8084 15376 720 1297 15421 2845 535 579 404 441 400 END
START -9760 13824 1496 1471 15266 2375 528 604 404 418 402 END
START -7880 12560 -2756 1919 14731 1298 534 624 398 425 392 END
START -6828 16616 -1808 2350 16498 1361 533 630 402 434 396 END
START -7808 12524 -3024 1225 13256 1595 526 637 361 426 349 END
START -6796 14848 -4780 1908 15733 1723 527 642 401 427 396 END
START -6840 12260 -4108 1128 14043 396 522 640 398 426 403 END
START -3144 16728 -8772 2281 14636 740 524 654 400 430 399 END
START -16188 11852 2940 2024 12059 1602 522 648 402 429 400 END
START -19832 12784 3144 3647 12159 2280 525 644 394 439 404 END
START 5904 14024 -13476 4563 11367 3002 523 649 404 428 425 END
START -5024 11492 -5964 3611 5829 269 521 649 404 433 406 END
START -9292 11348 -2780 3893 4178 82 520 649 398 415 414 END
START -9436 15260 -7116 4957 6878 1003 515 648 404 434 408 END
START -12144 14212 -1040 4401 7078 428 516 647 404 434 409 END
START -2964 11352 -9400 4748 10532 -471 515 646 405 433 405 END
START -784 15140 -10224 5253 15126 -498 515 648 405 409 419 END
START -7588 12132 -3868 4892 17022 -1222 513 647 405 437 406 END
START -8172 12404 -6504 4193 18752 -5237 512 630 412 441 380 END
START -11108 13940 -2964 4784 23470 -1759 513 645 404 437 416 END
START -560 9776 -12964 4875 21293 -2856 512 646 404 438 414 END
START -4316 12828 -11540 4815 18695 -4744 533 645 404 438 414 END
START -5640 12748 -8484 4394 17695 -4627 511 644 404 411 413 END
START -5924 10100 -9716 3113 17666 -5112 517 645 406 437 380 END
START -5304 14284 -9492 3686 19986 -3254 510 639 404 438 420 END
START -6432 8980 -10284 3242 18716 -2875 508 649 404 436 411 END
START -1548 14004 -15616 4396 19768 -2393 510 642 403 435 419 END
START 5208 7636 -17404 4003 17856 -3044 509 643 405 436 416 END
START 752 12876 -19344 5027 13889 -2229 510 642 404 439 416 END
START -12652 11120 -3736 4662 15276 -1395 510 642 403 437 411 END
START -5296 8944 -9756 4428 12671 -1756 509 641 360 432 417 END
START -1684 9328 -14236 4406 10271 -2121 509 641 405 438 416 END
START -1972 13656 -17864 4867 8300 -1161 512 648 400 436 419 END
START 1336 12648 -16424 3075 2194 -332 508 639 406 439 419 END
START -7744 10620 -11100 2408 -655 -190 513 641 405 442 417 END
START -12452 12720 -9156 1755 -2006 -361 507 638 405 442 410 END
START -3892 14268 -14064 411 -2400 969 508 641 404 441 426 END
START 5820 11120 -21664 -575 -3542 459 507 640 406 439 418 END
START -10216 10696 -8576 -1176 -4939 -270 507 640 410 440 417 END
START -10084 15604 -12188 -1241 -3176 899 508 640 405 441 420 END
START -12964 11728 -5580 -2420 -4217 322 508 641 409 447 419 END
START -10360 9840 -7836 -2238 -2761 -591 508 640 408 440 418 END
START 3148 12108 -18184 -1898 -759 -276 506 643 416 439 419 END
START -796 12092 -12696 -2542 -1413 555 505 642 408 446 416 END
START -4836 9084 -11380 -2028 -2419 -79 508 640 406 440 419 END
START -8684 10848 -8664 -1953 -2901 -205 513 640 406 446 416 END
START -4792 11092 -9948 -2113 -2117 609 506 641 408 441 417 END
START -5924 8692 -9844 -1721 -2436 -270 509 642 405 440 418 END
START 5388 13676 -23576 -682 -493 101 508 639 407 440 422 END
START -7076 12600 -8524 -1430 -1116 1073 509 642 408 440 421 END
START -2556 10320 -12000 -1265 -1174 377 509 635 408 441 417 END
START -188 9140 -14308 -1065 -650 -353 508 640 407 440 419 END
START 3092 11848 -17316 -548 665 79 509 639 407 441 423 END
START -8024 13080 -8064 -695 -142 498 509 640 410 437 419 END
START -1580 10944 -12152 -978 -1314 249 511 641 425 440 419 END