START -12528 976 8260 -660 -531 71 630 424 419 462 458 END
START -12388 1012 8296 -597 -461 103 630 424 420 462 459 END
START -12568 1104 8500 -590 16 101 630 424 421 462 456 END
START -12572 1108 8628 -540 376 -5 630 425 420 462 458 END
START -12668 1396 8628 -686 587 -106 630 423 419 462 459 END
START -12344 1272 8464 -800 466 -106 630 423 420 461 458 END
START -12236 1176 8332 -615 432 -148 626 422 420 462 459 END
START -12336 1056 8292 -808 316 -241 630 424 420 462 459 END
START -12048 1884 8144 -788 691 -265 630 424 420 462 459 END
START -11492 1524 7944 -653 1196 -541 631 423 420 461 459 END
START -11944 916 7748 -767 1623 -837 630 423 420 461 459 END
START -12548 480 7372 -896 2021 -960 631 423 419 460 459 END
START -12640 776 7300 -884 2446 -913 631 422 419 460 459 END
START -12968 2468 7936 -1037 3013 -594 630 421 418 458 459 END
START -14640 2900 9428 -1938 3019 39 629 419 415 456 458 END
START -15544 -44 8064 -2847 3350 111 630 417 415 452 453 END
START -15572 992 6584 -2497 5855 529 630 414 410 448 455 END
START -17692 3768 8880 -3378 7358 2293 629 411 406 445 453 END
START -15780 508 4836 -4374 10487 2536 630 410 406 443 452 END
START -16532 3112 7224 -4498 13611 4673 629 406 402 438 451 END
START -15424 644 3704 -4044 15022 4818 630 406 401 436 450 END
START -17656 1744 8240 -4902 10977 5598 629 406 400 433 451 END
START -14936 3028 6132 -3946 9483 5508 629 405 400 434 451 END
START -13580 -1036 3500 -4386 8765 4869 633 405 400 431 449 END
START -13964 -1000 6372 -4756 8853 5410 629 403 399 431 448 END
START -14212 2876 8192 -3891 10907 5166 629 404 399 417 448 END
START -12208 2048 5416 -2751 11141 4102 629 404 399 421 448 END
START -10676 12 2728 -1425 11184 3094 629 406 400 429 447 END
START -10260 -1836 1228 -1492 12711 2456 630 406 400 430 448 END
START -11176 -1372 2104 -1230 15590 2102 630 406 400 429 447 END
START -13980 144 3324 -917 17441 1707 629 407 402 429 447 END
START -15584 1920 4008 -559 17638 1589 630 407 402 430 447 END
START -16168 3268 3932 0 17928 1079 631 408 402 427 447 END
START -15008 4680 2588 1009 19132 -8 631 407 405 432 447 END
START -13204 3780 -796 1874 20458 -592 631 409 404 433 448 END
START -13708 3516 -1224 2583 21340 -775 631 410 405 433 448 END
START -13984 3860 -1524 2548 21811 -1295 632 410 405 435 448 END
START -14180 4124 -2700 2418 21471 -1984 630 411 405 435 447 END
START -13172 4824 -4336 1845 22023 -2178 631 411 406 435 447 END
START -14948 4588 -4544 1958 21733 -2033 631 410 407 435 446 END
START -15236 3664 -3136 2008 21492 -2479 631 410 408 435 446 END
START -15912 2480 -2716 2036 21326 -3031 632 410 407 434 446 END
START -14836 1444 -3464 1751 23899 -3767 631 410 408 435 445 END
START -11868 -2076 -9232 1631 27504 -4225 632 410 408 436 445 END
START -12248 -2500 -12084 2298 31652 -4342 632 409 408 437 445 END
START -11420 100 -15928 3167 32767 -3736 631 409 408 438 445 END
START -13964 1568 -14540 3818 32767 -3330 630 408 408 437 445 END
START -14580 3196 -10160 3588 31579 -2924 631 408 409 439 445 END
START -16984 976 -7980 2915 26604 -3029 630 407 408 439 445 END
START -14780 -2132 -9708 2528 22412 -3713 630 407 409 440 444 END
START -11132 -4076 -16752 3014 18213 -3994 630 408 411 440 444 END
START -11656 2332 -15604 3530 15307 -2260 630 407 411 440 443 END
START -14924 2964 -11248 2883 9136 -1117 629 407 411 440 444 END
START -15176 -660 -9156 2546 5323 -904 629 407 412 438 443 END
START -10260 628 -11352 2514 4426 -547 629 408 413 441 443 END
START -18920 516 -4760 2463 4496 -810 629 408 414 441 442 END
START -12012 -488 -8980 2632 6079 -1040 628 408 413 441 442 END
START -4748 -1980 -14452 2862 7222 -1517 628 408 414 442 442 END
START -8500 -2356 -11904 3268 6566 -1804 627 408 414 441 441 END
START -12928 -2448 -8520 3850 5045 -1887 626 408 415 441 441 END
START -9756 -2552 -10440 4397 5133 -1968 627 409 414 442 441 END
START -10340 -4612 -12424 4642 3815 -2035 626 409 415 442 441 END
START -9292 -5192 -14920 4631 3260 -2351 625 409 415 443 440 END
START -6564 -6400 -19352 4495 3206 -2531 625 409 406 442 441 END
START -7852 -6180 -18980 4109 3373 -2309 621 409 415 442 440 END
START -6756 -5864 -20008 3819 3403 -1849 625 408 415 441 439 END
START -6600 -5400 -20948 3472 1535 -1467 625 408 415 442 440 END
START -6528 -1680 -20880 2772 605 -956 626 408 416 443 440 END
START -5588 -688 -20896 1856 794 -731 625 408 416 441 440 END
START -2636 -2080 -23832 1092 1643 -513 627 408 416 443 440 END