START -11020 1508 9920 -969 -78 140 619 381 383 408 403 END
START -11104 1444 9904 -919 2 143 618 381 383 408 403 END
START -11148 1336 9976 -827 -21 28 619 381 382 407 403 END
START -10816 1552 9696 -839 529 82 618 381 384 408 404 END
START -11324 1548 9876 -832 1034 -35 619 382 383 408 404 END
START -11268 1536 9792 -803 1552 -142 619 382 383 407 404 END
START -11512 1824 9892 -885 1985 -199 619 381 383 407 404 END
START -10616 2136 9756 -677 2622 -356 619 382 383 408 404 END
START -10672 1164 9244 -709 3937 -798 619 381 384 407 404 END
START -11272 840 9240 -812 5690 -896 619 381 383 408 404 END
START -12904 1284 9880 -739 5967 -676 619 382 383 408 404 END
START -13948 1664 10368 -740 4699 -600 619 382 384 408 404 END
START -12944 976 9584 -883 3644 -513 619 382 385 408 405 END
START -11952 500 8480 -612 3814 -543 619 382 385 408 403 END
START -11980 2284 8708 -129 3947 -225 619 382 385 408 404 END
START -11860 3372 10228 -782 3692 8 619 380 386 409 405 END
START -11924 532 8888 -1363 5128 -439 620 381 384 408 406 END
START -10220 688 6244 -235 8836 -1111 619 382 387 408 404 END
START -11980 2524 9356 -844 10392 -928 619 383 387 409 404 END
START -12264 400 5604 -178 12675 -1617 620 373 386 407 403 END
START -15892 1444 9364 -606 10363 -878 619 382 387 408 406 END
START -12860 1228 5316 255 11216 -1340 620 383 388 407 403 END
START -13856 40 7496 -916 10415 -1294 619 382 388 408 403 END
START -12560 3336 7356 302 14519 -1300 619 382 390 408 403 END
START -12172 -936 3500 552 17636 -2287 619 382 388 407 403 END
START -14952 232 7080 -161 18021 -2098 619 382 389 408 403 END
START -14976 3580 6440 649 21619 -1998 619 382 390 406 403 END
START -14520 2320 1748 1154 24070 -2575 619 383 391 407 407 END
START -14648 -680 -752 332 24013 -3058 619 383 391 406 402 END
START -15000 -544 2156 -571 25294 -3712 623 382 391 408 402 END
START -12836 1556 1964 -243 30852 -4493 620 383 390 407 402 END
START -11824 2516 -1096 219 32767 -5532 619 383 389 407 402 END
START -10888 1680 -5356 20 32767 -6739 620 383 387 406 402 END
START -12264 -1164 -9916 484 32767 -7606 620 384 387 407 402 END
START -13844 -3100 -11640 816 32767 -7419 621 384 387 407 402 END
START -14988 -2548 -11864 1143 32767 -6712 620 385 374 407 402 END
START -15724 -2164 -12156 814 32767 -7336 620 385 387 407 403 END
START -14136 -3524 -13404 1008 32387 -8202 621 384 387 407 404 END
START -10108 -2316 -15212 1746 29136 -8511 621 385 388 408 404 END
START -8444 -1120 -16308 2156 29906 -8474 621 385 388 408 405 END
START -10036 64 -14468 2424 31096 -8808 621 385 388 408 405 END
START -11728 -92 -13580 2507 29507 -8087 621 384 388 410 404 END
START -10768 -376 -14832 2659 25632 -7210 621 385 391 408 404 END
START -11344 -56 -15196 2603 18830 -6468 622 385 389 408 404 END
START -10692 -56 -14392 2644 16107 -4934 621 386 391 408 405 END
START -11228 360 -14216 2341 13563 -4108 621 386 389 407 404 END
START -11916 192 -13336 1524 10159 -2967 621 386 390 408 405 END
START -11388 -3652 -13424 996 6118 -2134 621 386 391 408 404 END
START -10440 -4368 -13376 739 3846 -2086 623 384 393 408 404 END
START -9724 -4896 -13420 524 3124 -1889 619 387 391 408 405 END
START -9568 -5440 -13684 325 1310 -1480 621 387 391 408 404 END
START -10152 -6196 -13720 123 -668 -1252 622 387 391 410 405 END
START -9684 -7424 -15400 131 -1859 -1275 622 389 392 408 405 END
START -8276 -7340 -17476 251 -2465 -1149 622 387 391 408 405 END
START -9864 -6092 -18940 408 -2220 -822 622 388 392 409 405 END
START -5688 -5520 -22796 240 -1224 -661 623 388 392 409 405 END
START -2720 -5760 -24396 108 -781 -618 623 388 392 409 406 END
START -5888 -6376 -19988 -208 -1894 -585 623 389 392 409 406 END
START -8892 -6756 -16584 -158 -2101 -579 623 388 393 409 406 END
START -8500 -7224 -16432 -235 -1947 -446 624 389 392 409 406 END
START -7996 -6392 -16912 -129 -3405 -96 624 389 393 410 406 END
START -7904 -7068 -17044 -86 -4122 177 624 389 392 409 406 END
START -6524 -7940 -17500 61 -4705 402 624 389 391 410 406 END
START -8924 -8288 -14496 121 -6186 968 625 389 390 410 406 END
START -9136 -8176 -14772 67 -7354 1584 621 389 391 410 403 END
START -10076 -8328 -15116 -70 -8454 2263 624 389 390 411 403 END
START -7948 -8864 -17180 -17 -10132 2622 625 389 390 410 403 END
START -8768 -8888 -17652 551 -10298 3396 625 390 389 412 404 END
START -10924 -8564 -17020 885 -14658 4777 624 392 390 412 405 END
START -9612 -5204 -18320 1135 -17855 6035 625 393 390 413 406 END