START -12904 748 6884 -827 -351 37 628 417 412 440 448 END
START -12836 800 6744 -815 -81 22 629 418 410 441 448 END
START -13432 884 6620 -764 321 -61 629 418 411 440 447 END
START -13696 852 6644 -747 242 -99 629 418 412 441 448 END
START -13892 1068 6440 -718 -180 -87 629 418 412 441 448 END
START -13564 1152 6376 -864 -366 -231 629 418 412 442 448 END
START -13308 1544 6240 -1171 -66 -154 629 419 412 442 448 END
START -13620 1228 6188 -1467 301 -410 630 418 413 442 448 END
START -14452 332 6348 -2103 41 -465 629 419 412 443 449 END
START -14820 728 6744 -2238 -48 -79 629 419 413 442 450 END
START -14516 1648 7224 -2176 170 200 628 419 412 443 448 END
START -14420 1892 7496 -2222 477 458 628 418 412 443 449 END
START -14872 1980 7700 -2639 889 511 629 419 413 442 449 END
START -15332 112 7572 -2832 1893 467 628 417 413 443 448 END
START -15176 -880 6268 -2681 3073 355 628 418 411 442 449 END
START -14796 964 5996 -1825 3475 1197 629 417 411 441 447 END
START -16084 1444 8384 -2502 2593 1883 628 417 411 440 447 END
START -14024 160 5168 -2203 3804 1203 628 416 410 438 447 END
START -15512 2992 7960 -2761 3447 2203 629 416 410 438 447 END
START -13704 72 3272 -2704 5422 1539 629 417 410 438 447 END
START -15240 2456 6924 -3337 6174 2240 628 416 409 438 447 END
START -13604 2032 3436 -2579 9744 1998 628 417 410 437 447 END
START -15244 -664 3664 -3679 10206 2676 629 417 410 436 447 END
START -17228 1700 6856 -4264 11096 3751 628 417 409 436 447 END
START -15872 3696 5056 -3946 14401 4465 628 417 409 435 447 END
START -15004 1620 1252 -3555 16859 4244 628 417 409 435 446 END
START -14984 -1236 164 -4012 17190 3960 629 416 408 435 446 END
START -16388 -1808 2048 -3967 16953 3796 628 417 410 438 446 END
START -16964 -384 3932 -4034 15961 3571 629 418 411 437 445 END
START -15776 1368 4376 -3414 16059 3651 630 417 410 437 444 END
START -14616 2996 4148 -2826 17604 4020 630 417 411 438 444 END
START -13520 3628 2708 -2110 20412 3173 630 416 412 438 443 END
START -11616 3736 1052 -1897 24341 2788 631 416 411 437 443 END
START -13216 4508 -72 -645 28498 2560 632 416 411 437 442 END
START -14656 4632 -964 -241 30168 1624 631 415 410 438 441 END
START -14588 4004 -4120 35 29624 850 631 415 412 437 441 END
START -13844 3504 -5168 305 28882 229 631 414 412 437 439 END
START -13408 2084 -7484 1088 27799 45 631 413 411 437 438 END
START -13132 3676 -7072 1533 27283 -706 631 413 411 437 438 END
START -13976 4676 -6272 2260 26310 -745 632 413 414 438 436 END
START -14976 5180 -4784 2496 24199 -723 632 413 412 440 436 END
START -15560 3736 -4232 2093 21447 -1098 632 413 411 438 435 END
START -15844 536 -4944 1838 18297 -1288 632 406 413 438 434 END
START -11828 -2216 -9008 2000 17708 -2665 632 412 412 441 434 END
START -9820 -1204 -14464 3031 19332 -2836 631 411 412 438 433 END
START -8388 2004 -16444 3932 20209 -2680 631 411 413 438 433 END
START -15520 5036 -9800 3936 17591 -2146 630 410 412 439 432 END
START -6120 2708 -14148 2589 15976 -1211 630 410 413 439 431 END
START -14396 2844 -8204 2012 11382 -1007 631 411 414 440 432 END
START -21408 2356 -2984 1813 9336 -1237 630 410 413 441 432 END
START -13756 992 -8480 1965 11713 -1797 631 410 413 441 431 END
START -7924 -660 -13120 2248 12998 -2011 630 411 414 441 430 END
START -10152 -3688 -12784 2720 12652 -2615 630 410 414 441 430 END
START -9564 -4552 -13372 3282 11827 -3137 631 410 414 440 429 END
START -9208 -3540 -17440 4302 11786 -2966 629 410 415 441 430 END
START -9204 224 -16124 5051 11131 -2893 629 410 414 441 429 END
START -7584 1020 -16252 5292 9567 -2661 629 410 414 442 429 END
START -4364 560 -18980 5123 9855 -2416 628 410 415 441 422 END
START -524 -2496 -23808 5640 10284 -3223 627 410 414 441 428 END
START -4616 1364 -18348 5280 11378 -3731 628 409 415 440 427 END
START -4000 1240 -19332 4689 12230 -4178 627 408 414 439 426 END
START -5252 856 -19348 4068 10915 -4128 627 408 413 439 427 END
START -7600 32 -18964 3142 8148 -3519 626 408 415 442 428 END
START -8868 -1132 -20012 2862 6661 -3867 626 408 408 443 431 END
START -7672 -1796 -20768 2254 5146 -3493 625 407 416 444 427 END
START -5228 -1668 -21932 1325 3912 -2670 626 409 417 445 428 END
START -8996 752 -17568 510 1682 -1921 625 408 418 447 428 END
START -8164 -232 -19400 33 544 -1583 625 408 417 448 428 END
START -6672 -1624 -20712 -481 -159 -1335 625 409 418 448 431 END
START -6156 1156 -19208 -842 92 -691 627 411 419 449 430 END