START -14844 792 5092 -815 -216 136 630 416 409 438 443 END
START -15024 872 5188 -782 -146 168 629 416 409 438 441 END
START -14672 1200 5460 -809 -114 201 628 416 410 439 442 END
START -14536 1172 5508 -906 -88 253 628 417 410 438 441 END
START -14736 1076 5620 -988 -349 217 629 416 410 438 442 END
START -14696 1060 5572 -929 -742 212 628 416 410 438 442 END
START -14916 912 5768 -939 -1281 263 629 417 409 435 442 END
START -13920 1192 5264 -631 -1240 364 629 416 410 439 442 END
START -13608 880 5308 -609 -764 -15 630 417 410 439 442 END
START -14412 56 5212 -836 -212 -163 629 416 409 439 442 END
START -14876 -148 5480 -1049 -142 -268 629 418 408 438 442 END
START -14952 -556 4948 -944 -406 -428 629 417 410 443 443 END
START -14672 -800 4640 -609 -392 -533 631 417 409 438 443 END
START -13776 748 4332 -128 193 -410 629 417 410 438 442 END
START -14212 2692 5832 -321 319 190 629 417 410 439 443 END
START -15452 1364 6620 -1302 -144 285 629 421 410 439 443 END
START -14504 -892 3776 -890 343 -618 628 418 411 439 444 END
START -14432 2792 5928 -756 -569 225 629 416 410 439 443 END
START -14308 -1172 4352 -1382 -798 -314 629 417 410 439 443 END
START -14808 3128 6912 -896 -816 153 629 417 410 439 443 END
START -14972 -1084 3512 -1503 -279 -637 628 418 410 439 443 END
START -17400 1916 7592 -2529 -1499 584 629 416 410 439 443 END
START -16596 2724 5012 -1690 -666 764 629 416 409 438 442 END
START -17144 -1632 3560 -2535 -1549 1145 629 416 409 437 443 END
START -17692 -628 5932 -2908 -2553 2489 629 416 409 437 442 END
START -17872 2976 8184 -2800 -1724 3445 629 415 409 437 443 END
START -16348 4132 6788 -2284 811 3800 629 415 408 436 441 END
START -14940 708 2824 -2293 2710 3870 629 414 408 436 441 END
START -14952 -1156 2636 -2841 3958 4320 629 413 407 434 442 END
START -14792 -1508 3432 -3189 5886 4857 629 413 407 434 442 END
START -15136 -668 4792 -3108 8045 5222 629 412 410 433 442 END
START -15236 1904 7084 -2759 10163 5164 630 412 407 432 441 END
START -14244 2756 6992 -2203 12998 4517 631 412 408 433 442 END
START -13084 1044 5968 -1688 15880 3952 630 412 407 435 441 END
START -11608 1236 4892 -813 20034 3090 631 413 408 436 442 END
START -10984 2844 4144 334 25108 2286 631 411 408 436 441 END
START -12584 2992 4572 1888 29487 1679 631 413 409 435 440 END
START -16624 3860 6136 1846 29620 1021 631 411 409 436 441 END
START -17828 4236 4184 1428 26342 200 631 412 408 436 440 END
START -16296 3492 2944 2188 23914 -1040 631 411 410 436 440 END
START -14760 2576 1200 2670 22759 -1688 631 410 411 435 440 END
START -14632 1644 736 2614 22283 -2476 631 411 410 435 432 END
START -14316 -504 -960 2610 22268 -3529 631 410 410 435 439 END
START -13532 -1952 -4340 2590 21803 -4239 630 408 410 436 437 END
START -12144 -2440 -8480 3004 23389 -5117 630 408 411 436 437 END
START -10492 1108 -11736 3452 25617 -5715 630 408 411 435 436 END
START -11448 3284 -11556 3578 27454 -4653 630 408 410 436 437 END
START -12872 3840 -8740 2905 28290 -4712 630 409 412 436 435 END
START -12732 1712 -8424 2181 26732 -5327 629 409 413 437 435 END
START -20688 -348 -3600 1758 25304 -5641 629 408 412 438 435 END
START -6852 -4784 -15172 1716 26143 -6154 628 409 413 437 434 END
START -17804 -2836 -9544 2232 24437 -6188 628 409 413 438 434 END
START -2112 -400 -21304 3147 25410 -5702 628 410 414 438 434 END
START -14116 1780 -12904 3442 20557 -4711 628 409 414 438 434 END
START -8416 1716 -15168 3332 16730 -3965 628 410 414 438 434 END
START -11320 1304 -12660 3046 12460 -3706 627 410 414 440 433 END
START -7844 -3072 -14144 2778 10960 -3966 626 409 413 439 434 END
START -7328 -4588 -14324 2951 11792 -4573 627 410 415 438 433 END
START -7276 -5716 -16396 3812 11874 -4904 626 412 416 440 434 END
START -5816 -5128 -19096 4045 11453 -4585 627 411 417 439 432 END
START -8236 -776 -19104 4416 9323 -3878 626 411 418 440 434 END
START -6300 152 -20296 3856 7861 -3347 628 411 417 439 432 END
START -7508 736 -18668 3098 7251 -2835 626 411 418 440 432 END
START -7252 -44 -18944 2585 6114 -2270 626 410 418 440 432 END
START -10620 1180 -15180 2112 4423 -1627 626 411 418 440 432 END
START -11856 1432 -14252 1165 2727 -1049 626 412 419 440 432 END
START -8672 -1236 -15916 368 897 -633 626 411 419 440 432 END
START -4912 152 -19368 2 -373 72 626 411 420 441 433 END
START -9808 -1460 -18408 341 -1882 332 627 411 420 441 432 END
START -5608 -2576 -21040 26 -3181 677 627 413 420 440 432 END