START -13628 76 7768 123 659 439 631 413 411 449 456 END
START -13676 -100 7740 148 882 477 631 414 410 448 456 END
START -14020 -20 7720 184 1042 609 631 413 410 447 457 END
START -14652 -76 7684 118 107 887 631 412 410 448 456 END
START -14564 204 7608 -43 -1628 1072 632 412 410 446 455 END
START -13720 148 7480 -374 -2742 1094 633 412 410 447 455 END
START -12564 36 6904 -503 -2871 863 631 412 409 446 454 END
START -11980 -312 6888 -770 -2268 653 631 411 409 446 454 END
START -11680 328 6900 -825 -444 504 629 411 408 445 453 END
START -11492 588 6780 -519 913 215 632 410 408 444 453 END
START -12664 -228 7136 -502 769 -126 623 411 408 444 452 END
START -12920 256 7288 -721 -125 -148 632 410 408 444 451 END
START -12664 596 7012 -976 -622 -110 632 410 408 444 452 END
START -12700 1356 7820 -1202 -610 304 632 410 407 442 448 END
START -13616 1624 8948 -1768 -783 452 632 409 407 441 448 END
START -13888 -1268 7308 -1747 -711 21 632 408 406 440 446 END
START -12464 -92 6300 -770 184 188 632 407 406 439 445 END
START -13536 2288 9568 -1556 -581 675 631 406 406 438 444 END
START -12800 -1564 6656 -1452 -61 -229 631 406 405 437 443 END
START -13068 2496 8904 -1360 -57 562 632 406 404 434 441 END
START -13248 -1808 6492 -1455 -322 -183 632 404 404 435 440 END
START -14936 1420 10336 -1891 -1517 761 632 404 403 432 436 END
START -13720 1176 7480 -1074 -1283 658 632 400 399 429 434 END
START -14884 -2516 6904 -2310 -3505 927 632 398 398 426 432 END
START -16620 -160 10392 -2083 -4478 2587 630 397 397 423 429 END
START -15228 2912 9796 -1266 -3463 3249 631 395 396 421 427 END
START -13592 480 6684 -1032 -1843 3245 631 394 394 419 426 END
START -15824 -2360 7048 -1674 -1493 3671 631 393 393 417 414 END
START -14384 -1720 7996 -1859 -735 4489 631 390 393 414 423 END
START -15728 1012 10828 -1667 -709 5446 630 393 393 414 413 END
START -16440 3340 11968 -1345 -90 6318 630 391 392 415 421 END
START -12660 4288 9640 -705 3387 6204 630 392 392 411 421 END
START -8752 2392 5136 -187 10695 5359 630 391 393 411 420 END
START -9340 884 3640 235 17737 4899 630 391 392 410 419 END
START -13160 -732 4760 -357 18893 4785 630 390 391 408 419 END
START -16268 -468 8180 -1258 15751 4732 629 391 393 410 419 END
START -14192 -268 7784 -1843 13121 3902 630 391 392 407 419 END
START -11768 -1912 4584 -2060 13609 3706 630 393 393 407 419 END
START -11476 -1732 4312 -1896 15450 2431 630 392 392 408 417 END
START -12216 -1876 3012 -1616 18028 961 630 392 392 407 417 END
START -12148 -1780 3480 -1484 19401 -662 630 393 393 407 418 END
START -12144 -2276 2716 -1184 20702 -1777 632 393 394 410 418 END
START -10560 -1868 -1164 -619 22578 -2220 631 394 394 410 418 END
START -10184 1104 -2680 89 26175 -2675 633 388 395 412 418 END
START -11392 0 -4720 843 29692 -3119 634 394 386 412 418 END
START -13004 1792 -5348 1426 31277 -3128 635 395 395 412 417 END
START -14688 3944 -4276 2131 31647 -2880 633 396 396 413 418 END
START -16440 5236 -2344 1762 30232 -2465 633 396 396 413 417 END
START -18140 4216 -980 1156 28411 -2227 635 396 396 414 416 END
START -17008 2048 -1944 524 27130 -2792 634 396 397 415 416 END
START -14548 -464 -4748 129 27615 -3447 634 396 396 415 417 END
START -14540 -2944 -7732 827 29131 -3485 634 396 396 415 416 END
START -12940 -1300 -12328 2277 29454 -4268 632 396 397 416 416 END
START -14332 3784 -8196 3417 28428 -3693 631 395 397 416 418 END
START -10596 2504 -9140 3199 26557 -3729 629 395 396 417 416 END
START -10056 1524 -8452 2686 25467 -3993 627 395 397 417 416 END
START -19944 388 -3252 2389 25243 -4203 625 396 396 418 416 END
START -19804 -1524 -6228 2944 25598 -4808 623 396 397 418 416 END
START -11248 -5360 -14116 3614 23081 -4986 623 396 397 418 416 END
START -11904 -4724 -15356 4103 19052 -5074 620 396 398 418 415 END
START -10940 -1612 -16196 4368 16719 -4685 619 396 399 418 414 END
START -10348 -752 -16788 4105 14336 -3714 619 396 400 420 410 END
START -10072 2848 -15984 3010 12009 -2517 617 397 401 420 416 END
START -8800 -180 -14324 1654 11198 -2288 611 397 401 421 414 END
START -9496 -3492 -14072 249 11992 -2385 615 399 402 421 417 END
START -15360 -6836 -14432 718 7609 -1308 615 398 402 422 417 END
START -10284 -6748 -17920 1939 2851 -513 614 399 403 422 419 END
START -8692 -1976 -20088 2042 2001 929 615 399 403 423 421 END
START -8460 -3056 -20584 2064 381 1847 615 399 404 422 421 END
START -3584 -1164 -22496 2060 -1045 1742 615 400 404 423 421 END