START -13272 1484 7124 -665 327 -73 626 391 394 415 417 END
START -13160 1592 7064 -638 441 -139 626 391 394 415 419 END
START -13584 1624 7120 -601 487 -269 626 391 394 415 415 END
START -13708 1772 6900 -672 364 -213 626 390 394 416 418 END
START -13924 1656 7008 -717 211 -131 626 391 394 416 418 END
START -13916 1720 6808 -644 290 -40 626 394 394 416 418 END
START -13944 1740 6564 -681 341 127 626 390 395 404 418 END
START -13264 1808 6404 -494 952 13 626 392 394 415 418 END
START -13860 1408 6660 -729 1447 -221 626 392 394 416 418 END
START -14296 1260 7300 -1000 1601 -65 627 392 394 416 418 END
START -14336 2048 7276 -1048 1208 87 627 392 394 418 418 END
START -13876 2036 7288 -1173 1150 37 627 391 394 416 419 END
START -14048 1808 7128 -1152 1579 38 627 391 394 415 419 END
START -14480 1152 7160 -1153 1753 -276 626 391 390 417 419 END
START -13828 -196 5144 -672 2462 -702 627 392 394 417 418 END
START -13396 1736 5320 -217 2797 -399 626 393 394 416 418 END
START -14500 2932 8028 -986 1893 -102 627 392 394 416 419 END
START -13816 -484 5864 -910 2677 -796 627 392 395 417 418 END
START -13500 3232 6432 -455 3499 -400 626 392 395 416 418 END
START -13596 0 6024 -1335 4108 -890 630 392 394 416 418 END
START -12680 1984 3948 -53 7096 -909 627 385 399 416 418 END
START -14432 -388 4908 -1063 6925 -1210 627 392 396 416 417 END
START -14708 3540 6536 -373 9405 -765 627 392 399 416 417 END
START -13596 -452 2372 -403 11283 -1645 627 391 394 417 410 END
START -16056 724 6468 -1300 10389 -1327 627 392 394 416 418 END
START -14744 3744 5892 -878 12150 -1165 627 391 395 417 417 END
START -12600 1516 1084 -231 15017 -2049 628 392 394 416 417 END
START -13408 -1812 -260 -304 15822 -2514 627 391 395 415 416 END
START -14616 -1960 440 -690 15340 -2437 628 392 394 416 416 END
START -16036 -560 3044 -924 15651 -2394 627 392 395 415 416 END
START -15872 1768 3584 -665 18018 -2744 628 392 395 416 417 END
START -14780 3524 1656 -288 22098 -3626 629 383 398 415 416 END
START -13840 3180 -1504 -304 24957 -4229 629 392 394 415 415 END
START -13876 1232 -4932 -236 26586 -4262 628 391 394 416 415 END
START -13824 -148 -6480 157 27017 -4117 629 392 394 414 415 END
START -12852 -1336 -7976 -154 29292 -5153 629 391 395 416 415 END
START -13280 -544 -8812 54 32657 -5565 629 391 394 415 415 END
START -14552 -1372 -9140 -135 32767 -6316 630 392 395 413 414 END
START -14136 -2476 -10860 -106 32767 -6665 629 391 395 416 415 END
START -12652 -680 -12108 402 32767 -5997 629 391 395 415 415 END
START -12144 -820 -13608 769 32767 -5564 630 391 394 415 416 END
START -14548 1156 -11592 1084 32767 -5528 631 390 395 414 413 END
START -13884 1428 -11988 1056 32767 -5604 630 391 395 416 414 END
START -11592 416 -12052 866 31949 -6242 630 390 395 416 413 END
START -11112 340 -11600 790 32767 -6037 630 390 394 416 414 END
START -13096 -1032 -11484 597 32767 -5245 630 390 394 415 413 END
START -14392 -3184 -12156 662 31901 -4180 631 390 394 415 413 END
START -15068 -7212 -14576 1498 22579 -3692 632 391 394 414 412 END
START -12292 -4176 -17720 2164 12396 -3020 631 391 393 414 412 END
START -8712 -1460 -19112 2113 5071 -1600 631 390 394 414 412 END
START -12840 2552 -14604 975 1314 -1020 630 390 394 409 411 END
START -1444 572 -19132 33 3539 -921 632 390 394 414 411 END
START -10000 1932 -14572 -392 3633 -336 631 390 393 413 411 END
START -4632 1040 -18600 -747 2960 -162 631 390 393 415 413 END
START -6960 0 -17504 -583 1614 79 631 390 394 414 411 END
START -4256 -4408 -22632 -528 615 -677 631 391 394 415 413 END
START -4444 -5708 -20940 -840 500 -673 631 391 394 414 411 END
START -7476 -6636 -15412 -957 -510 -346 632 391 394 414 411 END
START -9032 -6088 -13500 -906 -2473 126 631 391 394 414 411 END
START -7240 -5084 -13596 -945 -3149 410 632 392 395 416 412 END
START -7028 -4448 -13644 -1011 -1705 643 632 393 395 415 412 END
START -8636 -6068 -13968 -872 -2512 938 632 392 395 416 412 END
START -7956 -5812 -14092 -778 -3957 1177 632 392 396 415 412 END
START -7732 -5732 -14228 -715 -4255 1018 633 393 396 416 412 END
START -8012 -5392 -13784 -626 -4642 1012 634 391 396 415 412 END
START -6880 -6936 -16304 -642 -5227 1020 633 392 396 416 412 END
START -7532 -7220 -16416 -460 -5942 970 633 392 397 416 413 END
START -8452 -7068 -16272 -31 -7730 1309 633 393 396 416 413 END
START -9340 -7164 -15920 482 -10527 2022 633 393 395 416 413 END
START -11212 -7080 -15580 1041 -15040 3059 632 394 387 414 413 END