START -13672 1856 6232 -576 17 207 619 381 381 406 405 END
START -14004 1932 6256 -604 -57 245 619 380 381 406 406 END
START -13696 1748 6164 -732 -144 9 619 379 381 406 405 END
START -13900 1868 6120 -770 149 -114 619 379 381 405 405 END
START -13760 1508 6068 -865 18 -116 619 379 381 405 404 END
START -13360 1328 5752 -652 543 -374 618 379 380 405 405 END
START -13880 2184 6340 -304 1161 -627 617 380 381 406 403 END
START -14004 1396 6076 160 1904 -601 617 378 381 406 404 END
START -15340 1412 6944 -34 1115 -452 618 378 381 405 403 END
START -15728 2692 7592 -221 295 72 617 378 383 406 404 END
START -15380 3236 7644 111 -294 598 615 378 380 405 403 END
START -14708 3560 7256 107 -546 673 618 378 382 405 404 END
START -13628 3232 6744 107 -73 687 618 379 383 407 403 END
START -13272 3696 7012 167 818 863 618 379 382 405 403 END
START -12612 3508 7000 -11 2175 829 619 378 381 405 403 END
START -13476 2388 7312 -140 3519 673 615 378 383 405 402 END
START -13208 704 5044 -51 4548 -83 622 379 383 405 402 END
START -13096 2476 4904 481 5195 63 619 381 383 405 402 END
START -14428 3640 7580 -336 4239 253 619 379 382 405 402 END
START -13432 -100 4532 -380 5570 -433 619 379 383 405 402 END
START -12964 3952 5768 17 7938 -319 616 380 383 407 403 END
START -13068 -276 3964 -682 9933 -1070 619 379 383 406 402 END
START -13144 3712 4152 -14 13076 -949 620 382 383 406 402 END
START -14060 -680 1808 -416 14565 -1787 619 380 383 405 402 END
START -16424 2708 5716 -950 14672 -1665 620 380 382 405 403 END
START -14608 3084 1264 -140 17442 -2076 620 380 383 406 402 END
START -14784 -932 -712 -620 17932 -2788 620 380 383 406 403 END
START -16356 976 3404 -1159 17768 -2696 620 381 384 406 405 END
START -14948 4356 2160 -1265 20912 -2353 621 380 384 406 402 END
START -14112 2844 -2448 -908 23881 -3070 620 381 384 407 402 END
START -13236 1112 -3980 -1013 25665 -4141 620 381 384 406 403 END
START -13668 -1620 -3400 -1459 27852 -4972 620 381 384 406 404 END
START -14604 -2436 -3744 -1641 28357 -5297 620 381 387 407 402 END
START -15820 -2644 -4176 -1545 26446 -5055 620 381 386 407 402 END
START -15140 -3180 -5184 -1181 23870 -5496 620 383 384 406 403 END
START -15484 -2212 -3940 -823 22582 -5316 620 381 385 407 402 END
START -14496 -2356 -5424 -698 22876 -5593 619 381 386 408 402 END
START -13544 -3048 -8028 -748 23970 -5442 620 382 386 407 402 END
START -14644 -2516 -8320 -533 24477 -5068 620 383 386 408 402 END
START -15468 -3172 -9124 -551 22549 -4831 620 382 386 407 403 END
START -14984 -3300 -8384 -620 18433 -5326 621 383 386 407 402 END
START -11660 -4752 -11432 -1158 17685 -5127 620 383 386 407 402 END
START -10516 -5044 -14628 -586 19294 -5002 620 384 386 407 402 END
START -10232 -3684 -14880 260 19617 -5194 620 383 388 408 403 END
START -8268 -4376 -15056 1241 20341 -5322 620 383 387 407 402 END
START -9524 -1556 -14180 2213 20744 -5364 620 384 387 408 403 END
START -9504 -1480 -15092 2865 18739 -5043 619 384 389 410 402 END
START -9788 888 -14048 3284 16401 -4672 620 385 387 408 402 END
START -8324 1000 -15352 3578 15403 -4465 619 384 387 408 402 END
START -8464 1100 -15084 3344 14580 -4106 618 385 387 407 403 END
START -10016 1760 -13876 3154 12903 -3740 619 384 387 408 403 END
START -10712 12 -13796 2557 9699 -3042 618 386 388 408 403 END
START -8752 -760 -15260 2212 7323 -2754 618 386 387 408 403 END
START -8412 -624 -14896 1926 5678 -2344 618 385 387 408 403 END
START -8084 -436 -15268 1608 5649 -1778 618 386 388 408 403 END
START -8800 108 -15744 1382 5500 -1120 617 386 388 408 403 END
START -10340 164 -15868 1387 3618 -658 618 386 389 408 403 END
START -6836 -3080 -21052 1180 2422 -542 619 386 389 408 404 END
START -7540 -5712 -22928 501 1596 -423 617 386 390 408 405 END
START -9688 -6896 -16292 -584 -194 -76 618 386 390 408 404 END
START -9444 -6436 -16228 -1414 -1255 526 618 386 390 409 404 END
START -9224 -4560 -14440 -1932 -977 1004 618 386 389 408 404 END
START -9016 -2492 -13476 -2116 -551 1403 618 386 389 409 404 END
START -9896 -3512 -12884 -1984 -742 1749 619 387 390 409 404 END
START -9720 -2176 -12424 -1646 -1711 1930 619 387 390 409 404 END
START -9636 -3472 -12360 -1315 -2673 2092 619 387 391 409 404 END
START -9464 -2256 -11836 -1175 -3365 2278 619 387 390 408 405 END
START -9772 -4068 -12096 -1125 -3636 2596 620 387 388 407 405 END
START -10788 -3108 -11988 -1218 -4866 3242 622 387 389 409 404 END
START -9596 -5916 -14060 -868 -6829 3776 621 388 386 408 404 END