START -13584 980 6888 -677 1667 -425 627 386 385 411 404 END
START -13832 972 7044 -716 1489 -436 628 386 384 410 404 END
START -13756 1104 6988 -873 987 -410 628 386 384 411 405 END
START -13676 1160 6988 -1050 1086 -426 628 386 384 410 403 END
START -13792 976 6816 -889 1718 -397 628 386 384 406 404 END
START -13752 1076 6744 -857 2089 -351 628 388 385 411 407 END
START -14080 848 6716 -875 2230 -404 627 387 386 411 404 END
START -13560 1252 6672 -740 2692 -293 628 387 386 410 404 END
START -13452 836 6408 -444 3078 -542 627 387 385 410 404 END
START -14224 332 6520 -532 2747 -724 628 388 377 411 405 END
START -14496 -64 6656 -705 2042 -595 628 388 387 411 405 END
START -14484 188 6696 -796 1667 -610 628 388 387 412 406 END
START -14404 -264 6492 -681 1523 -686 628 388 386 412 405 END
START -13812 -500 5548 -186 1724 -766 629 389 386 412 405 END
START -13328 1348 5728 135 1832 -504 629 390 387 412 401 END
START -14520 2520 7852 -592 1355 -195 628 392 386 412 406 END
START -14720 -500 6148 -988 1383 -683 628 389 387 412 406 END
START -13472 1792 5240 -95 2461 -619 629 388 387 412 406 END
START -15272 1396 7476 -1228 1735 -206 628 390 387 412 406 END
START -12772 648 3576 -428 4009 -827 628 389 387 412 405 END
START -14980 1196 6908 -1415 3931 -274 628 390 387 413 404 END
START -13212 1992 4176 -343 6782 -748 627 390 386 412 405 END
START -15396 -1300 5024 -1475 5703 -800 627 389 387 412 404 END
START -15316 2852 7440 -1008 5894 -424 627 389 387 412 405 END
START -13368 1316 3268 -42 7705 -1013 627 390 387 411 405 END
START -14604 -1688 3764 -1022 7611 -1303 627 389 388 412 405 END
START -15096 -532 5536 -1165 8780 -1102 628 388 388 412 405 END
START -15756 2444 6872 -150 11414 -719 627 388 387 411 405 END
START -14684 2048 2672 659 13298 -903 627 387 387 412 410 END
START -14380 -628 144 528 13845 -1532 627 390 388 412 404 END
START -15892 -1956 2152 -91 14245 -1245 627 386 387 413 405 END
START -18880 -580 4348 -159 13869 -437 627 384 387 413 404 END
START -18464 1108 4840 -270 12752 -245 628 384 387 412 404 END
START -17536 2164 4152 191 13850 -61 628 385 387 413 405 END
START -16124 3472 776 790 15859 -168 628 385 390 412 404 END
START -14196 1248 -3136 956 18265 -824 627 385 387 413 403 END
START -11872 -604 -5516 898 22351 -2551 629 388 388 412 403 END
START -11036 -1100 -6732 1399 28545 -4126 628 385 389 417 403 END
START -13284 844 -5980 1712 32767 -5576 629 387 389 412 402 END
START -13648 1080 -7524 1649 32767 -6113 631 386 389 412 403 END
START -13308 1200 -8500 1586 32767 -5932 629 391 389 412 403 END
START -14272 1016 -8348 1584 32767 -5065 631 387 390 412 402 END
START -15548 2812 -6552 536 32232 -4406 631 387 390 413 403 END
START -15748 2632 -7788 32 28296 -4653 631 387 390 412 404 END
START -14328 1520 -8164 -146 27630 -4994 632 387 390 412 403 END
START -14268 316 -7816 -325 26874 -4207 632 387 390 412 403 END
START -15456 -1452 -7624 -721 25052 -3982 632 388 390 412 403 END
START -13824 -3592 -9796 -966 21929 -4556 632 388 391 413 404 END
START -13676 -5436 -10132 -949 19924 -4865 632 388 391 412 402 END
START -2384 -3392 -23244 -133 20026 -5079 631 387 390 412 402 END
START -3368 -2024 -20896 36 19462 -4229 632 388 391 412 402 END
START -11880 -276 -14544 195 16793 -3434 633 389 391 412 402 END
START -8712 1072 -14968 452 14090 -2786 632 389 390 412 402 END
START -8988 1148 -14304 613 10996 -2514 632 388 390 413 402 END
START -9392 652 -13760 681 8847 -2297 632 388 390 413 401 END
START -10000 516 -13888 1049 7955 -2399 631 388 391 413 402 END
START -7968 652 -15100 870 8724 -2473 632 389 391 414 402 END
START -8756 -20 -15184 1355 8982 -2630 632 389 392 415 403 END
START -6076 -3816 -19316 1416 7544 -2537 631 389 391 414 402 END
START -6024 -1412 -18104 1632 6512 -2382 633 387 391 414 402 END
START -6384 -2000 -18620 1665 4938 -1920 631 389 391 415 402 END
START -7608 -2952 -19632 1734 2256 -1358 632 393 391 413 403 END
START -7540 -428 -17648 1635 337 -700 628 389 392 414 403 END
START -4520 -4580 -22792 1235 -12 -840 632 389 392 414 403 END
START -6736 -5224 -21504 775 -496 -783 631 390 393 415 403 END
START -7192 -6032 -19032 186 -1309 -740 631 390 392 415 403 END
START -7716 -6724 -18484 -327 -1570 -621 632 389 392 415 404 END
START -8340 -7072 -15712 -739 -2244 -590 632 390 393 415 403 END
START -9080 -6928 -15920 -978 -1898 -401 632 390 394 415 403 END
START -6456 -6924 -18052 -1147 -1375 -244 631 392 394 415 403 END