START -13896 1892 7680 -748 -518 142 614 371 374 393 387 END
START -13304 1788 7644 -702 -603 85 615 370 374 393 386 END
START -12768 1768 7504 -455 -12 71 614 370 373 392 386 END
START -12976 2064 7324 -511 503 -229 615 371 375 394 388 END
START -13004 1840 6660 -561 1338 -379 615 371 375 393 387 END
START -13712 2228 6900 -568 1800 -277 616 371 376 394 388 END
START -13472 2320 6584 -550 1902 -289 616 371 376 394 387 END
START -13432 1776 6916 -398 1790 -404 612 372 377 394 389 END
START -13736 1912 7548 -286 1059 -317 615 373 382 394 388 END
START -13136 2268 7692 -361 863 -476 616 371 377 395 389 END
START -13116 2804 7324 -158 788 -620 616 371 377 394 388 END
START -13700 3384 7156 11 -84 -512 615 372 378 394 388 END
START -13560 3516 7012 88 -766 -318 615 372 378 393 388 END
START -13584 3488 6964 -6 -849 69 616 372 378 394 389 END
START -14372 2876 7280 -140 -867 151 616 371 378 394 389 END
START -14936 164 6652 -196 -670 -411 616 371 377 395 388 END
START -13992 1308 5596 269 -29 -797 616 372 378 395 389 END
START -14356 4360 7664 -3 -490 257 618 372 379 394 388 END
START -14960 680 7120 -889 -1192 1 616 372 379 398 389 END
START -13656 -216 4844 38 -549 -879 616 372 379 394 389 END
START -14092 4432 7792 -263 -1209 356 616 372 379 395 389 END
START -12600 -572 4568 -654 732 -982 617 372 379 395 388 END
START -13800 4324 8092 -371 1562 -48 616 372 379 396 389 END
START -13852 -572 5272 -331 2585 -768 618 371 379 396 390 END
START -14860 3428 8700 -435 1679 215 617 372 379 396 389 END
START -10920 1492 4308 590 5509 -836 618 372 379 396 390 END
START -12792 1752 7508 95 8148 -478 617 372 379 396 390 END
START -11744 4344 5680 1734 12718 -885 615 373 379 397 390 END
START -11568 764 3088 1152 16106 -1960 616 374 378 397 390 END
START -11400 1668 5040 482 20587 -2673 620 373 378 399 390 END
START -10568 4644 4592 1698 29599 -3780 616 373 377 398 391 END
START -9708 3128 -944 2038 32767 -5520 620 373 378 399 390 END
START -11052 -1756 -2424 1500 32767 -7180 616 373 376 397 390 END
START -15920 -2224 -1392 1729 32767 -6528 617 375 376 397 388 END
START -20832 96 692 2202 32767 -5967 617 374 376 398 388 END
START -20388 2944 -1424 3171 31822 -5550 618 374 377 398 388 END
START -19508 3508 -3920 2828 26139 -4900 619 374 376 399 389 END
START -15816 1536 -7452 1587 22387 -5264 618 374 376 399 388 END
START -14224 -456 -9960 1056 20169 -5214 615 374 376 398 387 END
START -13584 -2420 -10680 793 19195 -5609 618 375 376 399 388 END
START -14004 -3584 -8840 630 19182 -6097 619 374 376 399 388 END
START -10668 -3820 -11760 -2 21323 -5862 618 374 377 399 388 END
START -15012 -4360 -8320 23 21611 -5191 617 374 377 398 388 END
START -15216 -4684 -7316 78 17563 -6002 618 376 377 399 389 END
START -10892 -3136 -7376 543 17291 -6461 619 376 377 400 389 END
START -11136 -1912 -7076 741 19518 -6197 618 375 380 400 392 END
START -10340 -2828 -8340 998 22723 -6583 617 376 378 401 392 END
START -11096 -2524 -9644 1877 24991 -6316 617 377 379 401 391 END
START -12036 -1436 -10636 2789 25583 -6543 617 376 379 401 390 END
START -11868 -2496 -11560 3012 24172 -6893 615 377 379 401 389 END
START -11772 -4372 -13072 2893 21561 -6302 615 377 379 402 389 END
START -12336 -6008 -14516 2932 16537 -5545 614 377 379 401 389 END
START -10968 -7052 -16196 2939 10545 -5075 613 378 380 402 389 END
START -10696 -7016 -16452 2700 5723 -4530 613 378 380 402 390 END
START -8520 -7288 -19084 2159 4185 -3845 612 378 382 403 390 END
START -8868 -7560 -18128 1303 3875 -2939 612 382 380 402 392 END
START -10396 -7296 -18240 557 2831 -1995 611 381 382 406 389 END
START -9764 -8300 -15820 22 1809 -1244 611 379 381 403 388 END
START -10424 -8224 -14124 -485 430 -595 611 380 381 404 388 END
START -9528 -7344 -14972 -742 -903 82 611 380 382 403 389 END
START -10464 -3600 -12904 -1069 -1006 1045 612 379 381 403 392 END
START -8520 -4108 -14364 -1359 293 1237 611 380 382 404 390 END
START -10796 -2084 -13060 -1449 500 1807 612 380 382 404 393 END
START -10116 -1012 -13576 -1399 -596 2156 613 381 381 403 390 END
START -10656 -1556 -12452 -1478 -1980 2268 611 380 383 404 392 END
START -9808 -2968 -12756 -1526 -2649 2271 614 381 382 404 393 END
START -10248 -2028 -12248 -1820 -2950 2329 613 382 382 404 393 END
START -9928 -4068 -12800 -1430 -3311 2129 615 382 383 404 392 END
START -9644 -5956 -13548 -1336 -3700 2211 617 382 382 404 393 END
START -10820 -5716 -12644 -1254 -5177 2399 618 372 382 403 392 END