START -2984 15088 3428 -1413 -388 344 493 374 437 424 405 END
START -2840 15196 3604 -1442 -673 440 463 370 417 424 410 END
START -2100 15036 3264 -1592 -1154 528 497 378 438 417 401 END
START -1316 14920 2884 -1455 -790 380 495 375 438 424 405 END
START -1268 14996 3360 -1324 -186 220 498 374 443 419 387 END
START -1584 14980 3660 -1112 349 21 498 359 440 426 408 END
START -1884 15312 3660 -943 206 7 488 377 441 423 405 END
START -2248 14816 3856 -948 -649 58 498 371 440 443 407 END
START -1620 15988 3064 -730 -784 44 498 376 437 425 407 END
START -1288 14004 2696 -406 -435 -469 499 378 438 425 405 END
START -1440 14472 3200 -781 -213 -304 498 375 439 427 406 END
START -2016 15520 3800 -871 137 -77 496 343 438 427 407 END
START -2280 16640 4844 -680 545 129 497 371 440 419 412 END
START -2576 17020 5340 -396 889 161 499 376 428 428 406 END
START -2788 16796 5108 -496 346 402 499 377 408 425 402 END
START -2500 15460 4320 -644 -107 479 502 376 438 427 408 END
START -1524 13936 2740 -352 207 380 505 382 429 431 405 END
START -716 14972 1512 560 1825 367 499 378 443 414 410 END
START -864 18364 3200 1155 3782 857 501 378 438 425 406 END
START -2336 18400 5844 647 4163 1626 511 379 440 428 405 END
START -1032 14564 3124 670 4266 1253 503 378 440 425 405 END
START -104 16592 1412 1720 6610 1651 499 372 438 423 389 END
START -2184 16824 5484 1024 6035 2167 507 383 440 425 407 END
START -112 14776 472 2091 7722 1106 505 378 437 425 404 END
START -2024 17924 4752 1894 8466 1715 511 380 450 428 354 END
START -1480 14372 968 821 9135 692 509 384 432 427 408 END
START -3872 17668 1568 -884 9251 887 472 384 423 423 456 END
START -1636 11824 1060 -520 7091 311 521 380 412 431 406 END
START -1764 17780 4188 1779 8083 611 526 390 396 425 399 END
START 1740 16528 3020 1749 9706 169 531 397 385 423 413 END
START -10060 14088 9792 2532 8265 -871 535 426 394 424 438 END
START 6168 17204 -4440 3187 13111 -1450 536 468 391 428 406 END
START 28 17404 100 1955 13176 -820 545 516 386 424 404 END
START -2732 13500 2712 1604 11642 -317 549 551 393 429 407 END
START -6516 13020 2868 2565 10718 -954 556 583 395 378 406 END
START -6680 16696 4292 2992 15521 -978 550 600 405 428 411 END
START -932 15572 480 2706 17282 -978 555 617 394 428 408 END
START -5320 12828 1408 2686 16637 -2112 541 633 390 437 412 END
START 232 14928 -7924 3413 17554 -1904 559 641 389 449 403 END
START -328 15816 -1348 2510 15283 -1476 563 652 397 433 405 END
START -2352 13544 740 2473 12330 -1901 557 604 404 434 402 END
START -4756 13232 -672 2328 13124 -2680 557 665 399 434 412 END
START -1180 15980 -3884 2841 17752 -1914 555 669 399 436 406 END
START -3488 14936 -1124 2571 16367 -1638 557 673 401 435 404 END
START -4384 12408 -1000 2662 14830 -2251 557 678 404 441 405 END
START -4240 13812 -2664 2982 13340 -2136 561 677 397 435 403 END
START -4780 15852 76 2885 10891 -1991 561 681 399 436 407 END
START -1224 13136 -6156 2599 9523 -2076 555 684 412 427 407 END
START -5628 12148 -2692 2862 10842 -3051 561 694 407 414 405 END
START -6816 15804 -936 3251 12541 -2109 567 687 419 441 407 END
START -7992 14568 -56 3192 13892 -1879 559 683 410 443 355 END
START -1388 12264 -5740 3452 14840 -2720 573 691 417 436 410 END
START -784 15040 -7992 4562 15381 -2470 572 678 415 442 407 END
START -6420 16188 -600 5016 16379 -2045 576 672 414 443 403 END
START -6396 14136 -2036 5862 17701 -2372 574 685 416 443 389 END
START -3100 10440 -4572 7563 17600 -3657 577 688 417 439 410 END
START -2200 13272 -5520 8708 17008 -3853 577 687 415 449 409 END
START -2588 13212 -5200 8838 15105 -3444 578 688 406 446 405 END
START -4768 10084 -6476 9874 15261 -4088 577 685 422 443 413 END
START -5332 14416 -7984 10702 14572 -3533 579 694 414 442 411 END
START -7212 13712 -4192 9992 13730 -2663 578 686 414 442 410 END
START -5220 10988 -8056 10210 13476 -3104 583 685 414 444 409 END
START -5952 13416 -8772 9879 11832 -2688 582 685 410 446 410 END
START -8040 15336 -7036 9017 10048 -1179 588 684 411 442 409 END
START -4696 13232 -11624 8532 5820 -499 579 680 413 447 416 END
START -4400 15512 -12296 7347 2250 333 584 682 406 445 409 END
START -3156 17128 -11932 5709 -200 1621 586 684 408 441 406 END
START -9988 13992 -8908 4694 -3134 1086 584 680 412 433 405 END
START -2556 15536 -13424 3599 -3594 1238 583 689 410 443 406 END
START -2736 19272 -14156 2513 -4983 1684 582 682 414 442 405 END