START -11912 1700 5744 -1092 4279 -639 620 376 376 400 399 END
START -11908 1728 5480 -1081 5428 -808 620 376 377 399 399 END
START -11928 1860 5420 -1243 8652 -1441 620 377 378 400 399 END
START -14552 1576 5772 -929 9717 -1098 621 377 378 399 399 END
START -16880 2084 6472 -840 7860 -799 622 376 377 400 399 END
START -16248 2100 5992 -1053 6394 -499 621 377 379 400 399 END
START -16396 2040 6056 -1223 5266 -196 621 376 378 400 400 END
START -15860 2500 6044 -952 4862 256 622 377 379 400 399 END
START -15160 2048 5144 -668 4918 121 621 377 379 400 399 END
START -15196 1336 4264 -698 5019 350 622 377 379 400 398 END
START -15336 972 4124 -621 5639 414 621 377 379 400 400 END
START -15852 1012 4532 -536 5496 420 622 377 371 400 398 END
START -16192 768 4096 -556 4517 386 622 377 380 401 399 END
START -15384 1044 3524 -338 3278 203 621 377 380 401 399 END
START -14584 2364 3392 -127 2790 392 622 377 379 401 399 END
START -14548 3196 4896 -626 2561 450 622 377 380 401 399 END
START -13876 584 3024 -899 3598 -125 621 377 380 402 399 END
START -13088 2060 1504 180 5984 -877 622 378 380 402 399 END
START -14512 3532 4264 -607 6236 -809 623 377 380 402 399 END
START -13440 836 56 -77 8305 -1925 622 378 380 402 399 END
START -15100 4288 3076 212 7772 -1395 622 378 381 403 400 END
START -14484 176 -388 152 8034 -1770 618 378 382 403 400 END
START -15968 4032 4176 271 7253 -1059 622 379 381 404 400 END
START -13772 2968 320 792 8890 -1721 623 379 382 404 400 END
START -14768 1212 2952 -602 8261 -1851 623 380 382 405 400 END
START -13156 4320 3648 50 12322 -2191 623 378 382 403 400 END
START -10624 1856 -1544 243 17154 -3660 622 381 383 405 400 END
START -12232 -400 -240 -920 19100 -4301 624 380 383 405 400 END
START -14756 1276 2224 -979 20404 -3717 624 381 384 405 401 END
START -15460 4020 2108 -951 22403 -4361 622 381 387 405 400 END
START -14064 3120 -1696 -530 24954 -5431 623 381 384 405 400 END
START -14044 -24 -4684 323 26885 -6583 622 381 385 406 400 END
START -14288 -2592 -6348 570 28641 -7346 622 381 385 407 400 END
START -14620 -2996 -8380 1009 29644 -7702 622 382 385 406 400 END
START -15776 -3664 -9040 1607 30210 -7202 621 382 386 406 400 END
START -16488 -3772 -11440 1975 29434 -6535 622 382 385 407 400 END
START -15792 -5164 -12768 2550 28992 -6373 620 383 386 406 400 END
START -13584 -5352 -14948 3386 30193 -6113 620 382 386 407 401 END
START -12752 -3168 -15492 3254 30144 -4508 621 382 386 407 400 END
START -11188 -2768 -18700 2480 29841 -3808 619 383 385 406 400 END
START -9028 -1528 -19196 2184 31097 -3813 622 383 385 408 401 END
START -7860 -2700 -21732 3143 32558 -3748 620 383 385 407 400 END
START -8256 -1580 -20228 4014 31786 -3927 620 382 386 407 401 END
START -7688 -1336 -19136 3700 31654 -2919 620 383 386 407 401 END
START -7212 -1388 -17796 3424 29142 -1341 619 383 386 408 401 END
START -7028 -1496 -16232 3116 24268 -1292 619 382 386 407 401 END
START -6628 -2192 -12860 2392 18059 -1998 618 383 386 406 401 END
START -5708 -3188 -11816 2168 11935 -2308 618 384 387 408 401 END
START -5004 -5704 -11688 1649 8894 -2789 619 385 388 407 402 END
START -4992 -5960 -12796 981 6786 -3048 619 385 387 407 402 END
START -5376 -6696 -14004 458 4501 -2966 619 384 388 409 397 END
START -4056 -7200 -16032 16 2487 -2851 619 385 390 408 402 END
START -1380 -7396 -18024 -573 -694 -2260 619 385 389 408 401 END
START -3952 -6700 -15856 -1279 -5692 -1492 620 386 390 408 401 END
START -5556 -6976 -14428 -1433 -8358 -1045 620 385 389 408 402 END
START -10344 -5812 -11712 -1494 -11110 -238 620 386 390 409 403 END
START -4076 -6720 -19268 114 -11626 282 621 386 390 409 403 END
START -13096 -6960 -11432 -520 -16442 1447 621 387 390 409 403 END
START -3160 -7068 -21508 848 -16947 2996 622 387 389 409 403 END
START -9424 -6372 -16448 2089 -19707 4360 622 388 389 409 403 END
START -6060 -6564 -18828 3222 -18175 5876 622 387 388 410 403 END
START -10520 -7548 -16392 4514 -14722 7450 622 387 387 410 403 END
START -9104 -8916 -19404 5462 -13731 8544 624 388 386 410 404 END
START -9192 -10188 -20912 5310 -15278 8645 623 389 385 411 405 END
START -9120 -8760 -18636 5202 -12026 7418 623 389 386 412 406 END
START -12184 -5304 -16892 3310 -13273 4651 623 390 385 412 407 END
START -9572 -3788 -18412 1890 -14451 1474 623 391 385 412 408 END
START -8952 -3512 -18492 1314 -13792 -1370 623 392 385 413 410 END
START -9408 -1288 -16776 918 -12812 -2963 623 393 386 414 411 END
START -13104 -328 -12572 -13 -11932 -3873 623 393 387 415 413 END