START -12548 1844 7336 -1655 1086 1457 625 394 393 430 430 END
START -12856 1876 7280 -1494 970 1448 624 393 394 430 429 END
START -13328 1360 7496 -1057 314 1387 624 392 392 417 427 END
START -13604 1508 7740 -619 0 1345 624 392 393 425 426 END
START -14116 1656 8156 -300 -135 1410 624 390 388 422 423 END
START -14208 1632 8656 -138 -599 1358 624 388 387 420 421 END
START -14584 1660 8652 -266 -1016 1489 624 386 386 418 419 END
START -14804 2152 8696 -35 -1745 1582 623 384 385 417 418 END
START -14268 1076 8988 -138 -2895 1415 624 384 384 416 416 END
START -13384 1760 9036 -806 -2902 1458 623 383 383 415 414 END
START -12828 1748 9136 -967 -1155 1309 623 380 381 413 413 END
START -14012 1536 9844 -1007 -128 1508 623 379 381 412 411 END
START -14480 484 9444 -930 -848 1561 623 378 380 411 410 END
START -14404 76 8516 -247 -2317 1523 622 378 381 410 409 END
START -12116 1444 7676 319 -2635 1592 622 378 381 410 407 END
START -11288 3832 8908 236 -1185 2057 622 377 381 409 397 END
START -10864 2336 8452 -589 1679 1323 622 381 380 410 406 END
START -10020 1472 5300 -10 6634 550 621 382 381 408 405 END
START -13116 4076 8392 -181 7861 1407 621 378 381 408 404 END
START -15520 764 7776 -885 5175 1052 621 377 381 408 404 END
START -13356 3916 7708 -141 4377 1385 621 379 381 407 405 END
START -12284 468 6888 -960 4420 859 621 379 382 408 404 END
START -10704 4140 7152 316 8983 733 621 380 382 407 402 END
START -10664 -112 5420 -299 11547 -583 621 378 383 406 403 END
START -13152 3196 9472 -41 13366 -221 623 380 383 407 403 END
START -10740 2120 3912 453 15835 -1250 621 379 384 407 401 END
START -11040 -416 3912 -664 16864 -2341 621 379 384 405 401 END
START -11604 1600 5784 -706 21758 -2992 620 379 385 407 402 END
START -10336 3700 3080 -204 29653 -4557 621 380 385 406 402 END
START -10388 1736 -1160 273 32767 -6334 620 379 385 406 402 END
START -11796 -1108 -3964 -315 32767 -6941 619 380 386 407 403 END
START -13968 -2868 -3456 -98 32767 -7696 619 381 386 402 403 END
START -13560 -2396 -3552 -250 32767 -9086 619 382 387 407 403 END
START -13828 -1276 -2868 -280 32767 -9078 620 384 387 407 403 END
START -15536 -1760 -4112 -821 32767 -9137 619 384 388 408 404 END
START -16732 -1232 -5012 -393 32767 -8880 619 384 386 408 404 END
START -17736 -1856 -6596 515 32767 -7833 619 384 387 409 403 END
START -16344 -504 -8260 942 32767 -7708 619 385 386 408 403 END
START -15592 1072 -9204 1477 31145 -7385 619 385 387 408 403 END
START -13128 1504 -10384 1722 29267 -7055 618 386 387 409 403 END
START -13452 460 -9992 1465 27118 -6912 618 385 388 409 404 END
START -12256 704 -11512 1840 25560 -6636 617 385 388 408 404 END
START -12280 552 -11852 2004 22337 -5940 617 385 389 408 403 END
START -12660 -1420 -11268 1650 18679 -5352 618 387 388 409 396 END
START -12408 -1636 -11912 1447 15966 -4620 617 387 390 409 403 END
START -12092 -4536 -12616 1559 12896 -4545 617 388 391 409 404 END
START -11616 -6824 -14176 1665 10642 -4000 616 386 389 409 404 END
START -10184 -7772 -16160 1900 7570 -3452 616 388 391 409 403 END
START -11664 -7420 -13744 2252 4878 -2979 616 387 390 410 404 END
START -4668 -6204 -23160 2331 5279 -2472 616 387 391 409 403 END
START -7852 -6060 -19688 1907 4157 -1781 617 388 391 409 404 END
START -8488 -6876 -18640 1448 3041 -1191 617 389 392 409 404 END
START -6192 -5492 -20692 822 2343 -664 617 389 392 409 404 END
START -6660 -7968 -19256 239 1439 -501 617 389 392 410 401 END
START -8292 -7820 -17316 -228 395 -340 617 389 393 410 404 END
START -8360 -8056 -16720 -585 -251 -187 618 390 393 410 404 END
START -7540 -7960 -17136 -672 -570 13 618 390 392 410 404 END
START -8280 -7796 -16580 -925 -1673 479 618 389 392 410 405 END
START -8564 -7732 -16012 -971 -2700 749 618 390 393 410 405 END
START -7500 -7828 -16672 -954 -2408 867 618 391 393 411 405 END
START -7728 -7756 -17124 -885 -2206 941 619 390 393 410 404 END
START -8192 -7724 -16780 -686 -2824 1043 620 390 392 411 404 END
START -8424 -8120 -16744 -104 -3999 1143 621 392 392 411 404 END
START -7152 -7884 -17276 148 -5090 1600 622 389 390 414 405 END
START -5932 -7676 -19032 413 -5742 2113 622 390 389 409 404 END
START -6664 -7020 -19060 773 -4195 2289 623 387 388 409 404 END
START -6684 -5504 -21152 960 -3673 2717 623 388 389 410 404 END
START -5252 -5108 -21912 1249 -9162 4017 622 388 379 410 404 END
START -19724 -1744 -10560 1937 -19255 6247 622 390 388 411 406 END
START -11720 -2688 -17140 2329 -24908 7298 622 392 389 413 405 END