START -13900 1512 5068 166 479 -1038 626 409 407 433 436 END
START -13868 1524 5404 7 -174 -1100 626 409 406 434 435 END
START -13908 1552 5352 -398 -1787 -1246 628 408 406 433 434 END
START -13672 1532 5072 -795 -2885 -1321 626 409 406 433 434 END
START -13796 1940 5388 -1171 -3445 -1443 626 411 406 432 434 END
START -13900 1848 5656 -1559 -3321 -1480 627 408 406 432 434 END
START -14244 1968 6092 -1876 -2869 -1476 626 409 406 432 434 END
START -13940 2484 5928 -1900 -1653 -1101 627 409 407 428 434 END
START -12984 2544 5612 -1865 496 -1137 626 408 407 432 434 END
START -12988 2176 5564 -1870 2876 -1146 627 408 406 431 434 END
START -13868 2076 5880 -1859 4468 -791 627 408 407 431 433 END
START -14740 2424 6448 -1678 4370 -200 627 409 406 431 433 END
START -15300 3132 7516 -1791 3148 325 627 408 406 429 433 END
START -15588 2136 7984 -2426 1906 586 627 408 406 429 432 END
START -14280 -240 5996 -2223 2305 16 627 408 406 429 432 END
START -12884 2016 5776 -1202 3949 236 627 408 405 428 432 END
START -13588 2084 7300 -2187 5216 761 626 408 405 428 432 END
START -12824 -272 4188 -1340 8365 -34 626 408 405 427 432 END
START -15980 2528 7956 -1186 7697 875 627 408 405 427 432 END
START -14768 40 3908 -639 7964 220 627 408 405 427 432 END
START -16488 2736 7584 -1193 5849 1128 626 408 405 427 432 END
START -14224 1912 3880 -381 7036 617 627 408 405 425 432 END
START -15284 -400 4544 -1478 6731 537 627 408 405 427 432 END
START -14656 3308 5960 -1199 8344 937 627 408 403 426 432 END
START -11916 1604 1312 -332 12896 90 627 409 409 426 432 END
START -12956 -840 324 -971 15066 -184 627 409 405 426 432 END
START -16656 1536 5180 -1211 15289 150 626 408 404 426 432 END
START -16496 3444 5132 -1491 15088 -428 626 409 396 426 432 END
START -13272 3444 1968 -778 17184 -1371 625 408 404 429 432 END
START -10716 2368 -1720 80 22127 -2110 625 410 405 427 436 END
START -10884 448 -4212 765 26888 -2699 625 411 406 427 432 END
START -13460 -2296 -4088 1445 28848 -3169 625 410 406 428 432 END
START -14392 -1356 -4940 1729 28939 -3794 626 411 406 428 431 END
START -15244 -1740 -4924 1530 27884 -4221 626 410 407 428 431 END
START -13832 -1144 -7916 1229 27414 -4428 626 410 407 429 430 END
START -11748 252 -10140 1834 29464 -4453 626 410 407 429 430 END
START -11556 -72 -12040 2481 31993 -4652 626 410 407 429 429 END
START -15080 428 -9948 3087 31602 -4342 626 411 408 431 429 END
START -14760 868 -10504 2496 29529 -4311 626 412 409 431 428 END
START -12068 1244 -12920 1690 28689 -4176 626 412 410 433 428 END
START -13988 2872 -9644 1478 28525 -3794 627 411 410 433 428 END
START -8964 2232 -12872 1195 29342 -3988 625 412 412 434 428 END
START -19476 -1772 -6000 1761 26325 -3658 627 412 412 435 427 END
START -12688 -2912 -11120 2552 21917 -3498 626 413 414 436 428 END
START -19876 -4180 -6140 2515 14538 -3425 627 414 414 437 427 END
START -15232 -4760 -12120 3464 14007 -4007 626 413 414 438 430 END
START -5288 -1552 -20164 3502 14626 -3843 627 413 415 437 428 END
START -8608 1636 -14744 3560 15136 -3635 627 414 416 437 428 END
START -5184 688 -15864 2975 15798 -3685 626 415 417 437 428 END
START -10096 -80 -12908 3232 12491 -2586 625 414 418 438 428 END
START -14916 904 -9580 3611 8396 -1866 625 414 419 432 428 END
START -10320 312 -11880 3771 7401 -1594 626 414 418 437 428 END
START -8896 -528 -12964 3808 6417 -1354 625 412 418 437 428 END
START -11304 -2612 -11972 3880 2819 -981 624 412 417 438 429 END
START -8532 -6604 -16780 3352 156 -1060 626 412 417 438 428 END
START -7072 -7188 -18336 2589 343 -1642 625 411 418 439 427 END
START -10452 -6276 -18144 1549 1502 -2032 622 411 418 440 428 END
START -10636 -5828 -19188 1042 1973 -1979 624 409 418 439 427 END
START -4172 -2940 -22452 487 1887 -1663 627 409 418 440 428 END
START -7840 -2372 -19116 -10 591 -1283 625 408 418 439 428 END
START -7464 -5824 -19160 -383 48 -1069 625 408 419 440 428 END
START -7608 -6216 -18124 -536 -333 -719 625 410 419 439 428 END
START -6264 -6416 -18204 -348 -837 -359 625 412 420 439 427 END
START -7680 -6248 -16808 -99 -1347 -71 626 411 419 440 428 END
START -7912 -6128 -16452 196 -1929 70 625 412 419 440 428 END
START -8980 -7372 -15056 578 -3386 320 626 412 418 440 429 END
START -8988 -7332 -15716 1265 -5743 889 626 412 419 440 429 END
START -8996 -6528 -16396 2041 -8366 1622 627 412 418 440 428 END
START -8372 -5444 -17304 2422 -10013 2382 628 412 416 439 429 END
START -8420 -936 -16664 2216 -10617 3756 627 413 406 440 429 END