START -15240 1044 6024 -130 16849 -2307 626 399 400 422 419 END
START -15124 1188 5880 -84 17022 -2294 625 399 401 421 418 END
START -15760 1020 5364 147 17544 -1850 625 399 401 421 418 END
START -16404 1524 5368 180 16636 -1855 625 398 400 421 418 END
START -18384 1516 5464 114 13746 -999 626 398 400 420 418 END
START -18852 1224 4856 -90 8682 -576 625 398 401 420 417 END
START -18104 1000 4148 -147 3975 103 625 399 400 420 418 END
START -16428 1504 3860 -207 1176 491 627 399 401 421 419 END
START -13672 1768 2604 -165 1894 213 625 399 401 421 417 END
START -12896 496 1916 -272 4613 -297 625 399 400 421 418 END
START -14156 -48 2576 -422 6718 -249 625 399 401 420 417 END
START -17008 -732 3124 -405 6409 -133 625 399 401 421 419 END
START -17192 -664 2924 -130 4079 -21 626 399 401 421 418 END
START -15836 -128 1652 189 3440 -99 626 399 401 421 418 END
START -14416 1764 1752 581 4785 29 627 400 400 420 418 END
START -16236 2544 3232 589 6194 260 626 399 397 420 418 END
START -16164 292 2136 -127 6306 62 626 399 401 421 418 END
START -14932 -424 -644 300 8096 -14 626 399 400 419 417 END
START -15012 2980 1584 282 9115 305 627 398 400 419 418 END
START -15488 -528 188 -334 10201 -271 626 399 400 420 418 END
START -16252 3184 1952 518 11164 212 627 403 400 418 416 END
START -15168 -1340 -900 -199 9756 -1029 626 399 402 419 417 END
START -14568 2336 2116 67 11239 -1064 626 398 401 419 418 END
START -11544 516 -3624 941 16208 -2551 625 398 400 419 418 END
START -13292 -1528 -1988 283 18369 -3628 625 398 400 418 416 END
START -14944 -88 -804 144 20718 -3442 626 399 401 419 417 END
START -14356 3188 -3320 1135 23511 -3615 625 399 401 419 416 END
START -13324 904 -7132 1334 24721 -4752 626 398 400 418 416 END
START -13288 -2072 -7820 944 25119 -5703 626 398 401 420 417 END
START -13612 -2820 -8148 488 24898 -6074 627 398 401 419 417 END
START -14616 -3216 -6904 253 23461 -6102 626 399 401 419 416 END
START -12508 -2312 -7560 -499 25728 -6440 627 399 402 419 416 END
START -12020 -3204 -9604 -889 31282 -6365 627 398 402 420 417 END
START -14520 -2716 -9420 -1063 32767 -5960 626 399 402 420 416 END
START -15132 -4312 -10428 -717 31450 -6232 626 399 402 420 416 END
START -12904 -5332 -12436 -141 28303 -6367 627 399 402 419 414 END
START -11220 -5400 -15204 287 26003 -6442 626 399 402 419 415 END
START -10192 -5224 -15288 689 24479 -5944 625 399 402 419 414 END
START -9820 -3148 -16748 1145 22313 -5255 625 400 402 420 415 END
START -9128 -2808 -17768 1549 21132 -4803 624 399 402 420 415 END
START -9252 -24 -17232 1854 19282 -4251 623 400 402 420 414 END
START -9272 460 -16536 2092 16676 -3782 623 400 402 419 414 END
START -9032 1292 -15656 2160 13779 -3432 622 400 402 420 414 END
START -9668 1492 -14776 1935 10597 -2795 622 400 400 420 413 END
START -10424 940 -14536 1306 6810 -2161 622 400 402 420 414 END
START -12048 -2632 -13288 731 3409 -1808 622 400 403 420 414 END
START -14232 -2708 -11848 112 700 -1424 622 400 402 420 413 END
START -10764 -3204 -14508 -550 88 -1028 622 401 402 420 413 END
START -8668 -3072 -15220 -938 -125 -734 622 401 402 420 414 END
START -10568 -2000 -13344 -1108 -1597 -179 623 400 403 421 414 END
START -9284 -3120 -13544 -1100 -2752 143 623 400 402 421 414 END
START -8804 -1016 -13012 -1057 -3043 571 623 401 403 421 414 END
START -8640 44 -13228 -988 -2830 911 623 401 403 421 414 END
START -7360 660 -15428 -500 -2022 877 623 401 403 421 404 END
START -7732 392 -15900 -232 -2143 773 624 402 404 421 414 END
START -7932 -2204 -17604 49 -3994 686 625 402 404 421 413 END
START -7708 -2472 -17848 249 -6542 853 625 402 403 421 415 END
START -6396 -2668 -18480 282 -7735 1047 625 403 403 421 414 END
START -5860 -2428 -18916 276 -6478 1309 624 403 403 421 413 END
START -7156 -1644 -18348 196 -5746 1862 627 403 401 422 414 END
START -8884 -356 -17008 137 -7054 2873 626 402 401 422 415 END
START -10684 716 -15352 108 -8914 3427 626 401 401 421 414 END
START -10544 376 -16008 -64 -11027 3811 625 403 401 422 415 END
START -13248 928 -13412 -350 -15571 4492 626 403 400 422 416 END
START -16008 -2688 -10488 -362 -19896 4953 626 404 402 423 417 END
START -19420 -3024 -7780 -546 -21703 5073 625 405 403 424 418 END
START -10512 -5816 -15356 -708 -24198 5189 626 406 402 425 419 END
START -13328 -5704 -15984 -320 -27293 5561 626 407 403 427 419 END
START -14684 -2176 -15276 703 -28082 5533 626 407 404 427 421 END
START -13024 -1464 -15280 965 -29792 5839 626 408 406 429 422 END