START -14080 1112 5388 -788 -1468 124 628 416 410 437 438 END
START -13836 1052 5332 -839 -1460 81 629 417 411 437 438 END
START -13624 1012 5284 -941 -1283 -45 628 416 410 437 439 END
START -13680 1088 5248 -1130 -1916 -342 630 416 410 436 438 END
START -13764 1276 5328 -1562 -2510 -622 628 416 409 435 437 END
START -14072 1088 5612 -2242 -3638 -1058 628 416 410 435 438 END
START -13940 864 5240 -2345 -4596 -1375 628 416 409 436 438 END
START -14984 164 5732 -2394 -5300 -1412 628 415 409 435 438 END
START -16208 1244 6824 -2705 -5447 -928 629 406 411 435 438 END
START -16508 1588 7144 -2700 -3947 -79 628 416 409 434 438 END
START -17324 1612 7328 -2328 -1321 1549 628 416 409 436 437 END
START -17552 1388 7864 -2292 940 2289 628 415 408 433 438 END
START -16656 80 7208 -1589 2984 3122 628 416 408 433 438 END
START -15172 -420 6408 -918 4387 3200 629 416 407 432 438 END
START -14208 748 6068 268 4849 3529 625 406 408 432 438 END
START -14408 3104 7924 -30 3339 4079 629 416 408 432 438 END
START -14140 -884 5732 -344 1972 3239 629 416 409 433 438 END
START -12964 1912 5772 742 1133 2847 628 416 410 432 438 END
START -13856 848 7096 -455 -547 2953 629 416 409 433 438 END
START -10396 1448 4092 830 2775 1860 629 416 408 432 438 END
START -11356 -312 5380 -181 5417 1680 629 416 409 433 438 END
START -9388 2472 3712 1431 10434 972 629 417 409 433 439 END
START -10040 -1336 1024 947 14627 4 629 416 409 433 438 END
START -12480 3596 4580 1546 18005 149 629 416 409 433 439 END
START -13000 1860 -140 2425 22404 -1032 630 415 409 435 438 END
START -14952 -796 -952 1890 23071 -2124 630 414 410 434 437 END
START -16196 -296 2060 1160 22538 -2645 630 414 410 435 437 END
START -15612 2316 3260 1243 24186 -2666 633 414 411 435 436 END
START -14248 4048 1000 1527 28832 -2853 630 412 409 433 436 END
START -15524 3472 -2104 1859 31954 -3060 633 413 410 434 435 END
START -16764 1244 -4096 2231 31499 -3862 632 412 410 433 434 END
START -16596 1648 -4976 3060 29384 -4196 632 412 410 434 433 END
START -15952 488 -6240 3484 26662 -4062 632 411 410 433 433 END
START -13984 -484 -8024 2982 25781 -4172 632 410 410 433 432 END
START -12796 -1136 -9388 2951 26296 -4212 632 412 410 433 431 END
START -12396 1016 -10692 3190 27198 -3759 631 409 410 434 431 END
START -13184 1176 -10736 3066 26059 -3850 631 408 410 435 429 END
START -10976 3072 -10828 2999 27030 -3258 631 407 410 434 429 END
START -13288 2900 -9928 2639 25831 -2889 631 407 410 434 428 END
START -13240 2620 -7800 2298 24712 -3092 631 407 406 426 429 END
START -13512 916 -7776 1878 22728 -3063 632 408 409 433 429 END
START -14156 -1700 -9032 1831 20272 -3151 631 407 412 434 429 END
START -11668 -5768 -13764 2282 17862 -3855 630 407 410 433 429 END
START -9756 -4376 -15248 3319 16665 -4298 632 408 410 434 428 END
START -8220 1168 -14204 3796 16290 -3698 630 408 411 434 428 END
START -15272 3152 -7532 3802 14130 -3220 629 408 411 434 428 END
START -5368 224 -12540 4767 12718 -3184 628 408 411 435 428 END
START -12756 -68 -8996 5407 10517 -2906 628 409 411 435 428 END
START -15280 -696 -8588 5747 9267 -3026 628 408 413 435 428 END
START -11744 -1432 -12432 5674 8225 -2773 627 408 412 437 428 END
START -12036 -2136 -12148 5381 5311 -2586 627 408 413 436 428 END
START -10616 -6136 -15176 5165 2110 -2492 626 407 413 437 428 END
START -10464 -7612 -17000 4761 342 -2488 627 409 413 437 429 END
START -9520 -6252 -20636 4072 -1251 -1971 627 407 413 438 429 END
START -9984 -4412 -20732 3203 -3117 -829 627 408 414 438 429 END
START -10560 -2336 -19276 2182 -5545 484 627 408 414 439 429 END
START -12284 376 -14636 1084 -7632 1783 627 408 414 439 429 END
START -11544 -1404 -13744 174 -9027 2707 628 408 414 441 430 END
START -14092 -3340 -12324 -592 -10770 3174 627 409 414 438 430 END
START -5756 -7540 -18928 -939 -10760 3049 628 409 414 440 431 END
START -7648 -7916 -18432 -1245 -13097 3484 628 409 413 440 431 END
START -12784 -6484 -16828 -1154 -14563 4022 628 409 413 440 431 END
START -12004 -2616 -16984 -887 -17236 5325 629 410 412 439 432 END
START -11444 220 -14020 -1238 -18527 6239 629 410 412 440 432 END
START -20200 -108 -5528 -2201 -23441 6848 628 410 411 439 433 END
START -18712 -2920 -7740 -3270 -30168 7674 628 410 411 439 433 END
START -19456 -6664 -11932 -3636 -32768 7557 628 409 410 438 433 END
START -15052 -4056 -17696 -2969 -32768 7792 627 410 409 439 434 END
START -18804 276 -10788 -2433 -32768 7854 629 411 409 439 434 END
START -19356 -400 -5516 -3882 -32768 8209 628 412 409 441 435 END