START -12116 1568 7884 -693 3036 -604 621 392 396 421 418 END
START -12132 1632 7972 -715 3417 -683 616 392 397 421 417 END
START -12100 1572 7612 -714 4589 -780 622 392 391 420 419 END
START -12864 1720 7696 -707 5132 -757 622 392 396 419 419 END
START -13168 1564 7632 -762 4980 -840 622 392 395 422 418 END
START -13284 1692 7380 -725 4746 -771 622 392 395 420 417 END
START -12828 1484 7084 -812 4890 -939 622 391 396 419 418 END
START -11704 1892 6520 -810 6843 -1112 623 391 395 419 417 END
START -12100 1156 6020 -555 9768 -1491 621 392 396 419 417 END
START -14232 680 6544 -612 10875 -1477 622 392 395 419 416 END
START -15812 1148 7224 -780 9672 -992 622 392 394 418 415 END
START -16480 1552 7348 -912 7731 -656 622 391 395 417 415 END
START -16548 784 7128 -977 5721 -385 622 393 394 418 415 END
START -16152 332 6500 -1115 3765 -201 622 391 394 417 414 END
START -15396 -308 4800 -518 2561 -96 622 391 394 417 414 END
START -13988 1800 5312 -135 1993 303 623 392 394 416 413 END
START -14828 2756 7004 -646 1547 687 622 392 394 417 413 END
START -14556 -108 5284 -923 2594 30 622 392 394 416 412 END
START -13088 1232 3296 -6 5104 48 623 390 392 415 413 END
START -15264 2336 6540 -814 5246 713 623 390 392 416 415 END
START -14652 -548 3008 -336 6303 -352 623 390 393 416 413 END
START -16248 3492 7052 -326 4971 688 623 391 393 415 412 END
START -14220 36 2584 -235 4677 -79 623 392 393 416 412 END
START -14612 3028 6344 -567 5379 409 623 391 393 415 411 END
START -11532 636 1452 209 10162 -700 623 392 388 415 411 END
START -14412 -52 5496 -580 11289 -883 624 392 394 415 410 END
START -14668 3216 4036 749 14194 -774 623 391 394 415 406 END
START -13304 -8 -64 858 15437 -2095 624 392 393 415 410 END
START -14224 -336 2832 -53 16360 -2435 622 392 394 416 411 END
START -12504 2520 2576 760 23153 -3504 623 392 394 416 410 END
START -10356 2484 -2676 1436 30533 -5268 622 392 394 415 410 END
START -11552 756 -4572 1279 32767 -7115 623 392 395 416 410 END
START -12968 -2364 -5804 1007 32767 -8133 624 393 394 416 410 END
START -14640 -4368 -5828 1375 32767 -8012 624 392 395 416 409 END
START -12860 -3896 -7660 1097 32767 -8985 625 394 395 416 409 END
START -14936 -3200 -6956 395 32767 -8788 625 392 395 411 409 END
START -13740 -4288 -9828 -193 32767 -9251 625 393 395 416 410 END
START -15444 -3664 -9416 29 32767 -8402 626 393 392 416 410 END
START -16336 -3312 -8700 343 32767 -7960 627 392 395 416 409 END
START -15456 -2808 -9520 501 30873 -7367 627 393 395 416 409 END
START -14660 -3752 -11244 63 27082 -6441 627 393 396 416 409 END
START -15148 -3984 -11972 -238 21299 -5061 627 393 396 415 410 END
START -13380 -6312 -14060 -52 15876 -4747 628 393 396 415 409 END
START -11848 -7076 -13928 428 11616 -4857 627 393 396 417 409 END
START -8708 -6576 -16608 561 10558 -4877 626 394 397 417 409 END
START -8004 -6764 -17788 424 11780 -4394 627 394 396 416 410 END
START -7648 -6392 -17708 453 12571 -4235 628 395 397 416 410 END
START -8392 -3232 -17412 1087 11882 -3829 626 394 397 416 410 END
START -7984 -1816 -17624 1242 10332 -3346 626 395 397 416 411 END
START -9040 1124 -14508 844 9077 -2808 627 394 397 416 410 END
START -8832 548 -13508 628 8435 -2660 626 395 397 416 411 END
START -8364 1192 -14244 526 7954 -2492 626 395 396 416 411 END
START -8524 348 -14068 35 7001 -2038 625 396 397 416 411 END
START -10924 884 -14016 407 6583 -1947 626 394 397 416 411 END
START -9252 552 -15424 230 5827 -1659 625 395 397 416 411 END
START -10248 -592 -15812 249 4161 -1246 625 395 398 416 412 END
START -5960 -1772 -19252 153 1628 -592 625 395 398 417 413 END
START -4320 -3668 -21756 118 332 -578 624 395 398 416 412 END
START -5256 -5280 -20776 -372 634 -764 625 395 398 416 412 END
START -8924 -7480 -15384 -908 510 -514 626 395 398 416 411 END
START -9220 -7348 -15412 -1105 -1828 46 627 395 398 417 412 END
START -8900 -6404 -13984 -1280 -4270 615 626 396 399 416 413 END
START -7812 -5284 -13828 -1328 -5435 1030 627 396 399 417 413 END
START -7584 -6424 -14416 -1767 -5344 1389 627 396 399 417 413 END
START -7816 -6232 -13776 -1238 -5213 1414 628 398 399 416 411 END
START -8916 -7340 -14592 -1004 -5832 1794 629 396 398 417 414 END
START -9768 -7544 -16212 -472 -8881 2590 630 396 396 416 409 END
START -12932 -7440 -15288 305 -16355 4020 628 396 396 416 413 END
START -11364 -7524 -17676 712 -23313 5182 619 397 396 416 410 END
START -5436 -5580 -21028 1437 -23418 5141 629 397 396 416 409 END