START -13064 -2752 -11132 -474 -1565 496 625 411 404 432 444 END
START -12976 -2880 -11492 -463 -1640 526 628 410 404 432 444 END
START -13036 -2820 -11700 -407 -1516 660 627 411 404 432 443 END
START -13484 -2792 -11688 -569 -1190 883 627 411 403 433 444 END
START -13996 -2564 -11208 -994 -1185 1109 627 410 404 433 444 END
START -14340 -2544 -10848 -1362 -1876 1382 628 411 404 433 444 END
START -14512 -2324 -10332 -1638 -3076 1767 627 411 404 433 445 END
START -14164 -2168 -10912 -1628 -4694 1712 628 410 404 433 444 END
START -14068 -2660 -10788 -1598 -6470 1579 628 411 404 433 445 END
START -14124 -2464 -10568 -2053 -8144 1794 627 410 405 433 444 END
START -14572 -2556 -10824 -2171 -10900 2292 628 412 406 434 447 END
START -14396 -2060 -11264 -1825 -13714 2726 628 412 405 433 444 END
START -14476 -304 -9868 -1857 -16714 3084 627 412 405 434 446 END
START -15224 -876 -8008 -2746 -19479 2870 627 412 406 434 447 END
START -13680 -2424 -10280 -2795 -20656 1887 627 412 406 435 447 END
START -14080 644 -6416 -3411 -22365 2120 627 412 408 435 447 END
START -13280 -2872 -8348 -3789 -23521 1195 627 413 406 435 448 END
START -14516 616 -3924 -3940 -25520 1176 626 413 406 435 448 END
START -13280 -860 -6720 -3546 -26417 -379 626 413 407 436 448 END
START -14856 -2944 -3336 -4531 -28970 -893 627 411 406 436 449 END
START -15392 40 -600 -4149 -29282 -944 626 411 406 436 449 END
START -14796 -780 -3424 -3373 -29405 -1744 627 410 406 435 449 END
START -17260 -3932 -2372 -4395 -32768 -2420 629 411 406 435 450 END
START -17312 -3420 -932 -5514 -32768 -2314 627 409 407 435 448 END
START -18368 -2164 2896 -6784 -32768 -1241 627 409 407 435 447 END
START -17844 -2576 3576 -5834 -32728 870 627 408 405 434 445 END
START -15260 -360 4556 -3999 -24352 2046 627 408 405 434 445 END
START -11372 820 5576 -2931 -10192 2538 627 406 405 433 444 END
START -11784 988 4940 -1745 4386 2994 627 406 404 432 443 END
START -14816 -2020 3024 -385 11558 3145 628 406 403 431 442 END
START -17392 -3116 4132 613 11595 3504 628 406 403 429 440 END
START -18620 -3412 4820 559 7685 3946 628 405 403 429 439 END
START -18412 -3988 4736 -38 3289 4478 628 405 402 428 439 END
START -18420 -3936 6164 -348 652 5217 629 404 402 428 437 END
START -18060 -3412 6040 -414 -479 5973 628 404 402 427 436 END
START -17248 -1516 7588 -221 -233 6389 628 403 401 426 435 END
START -16028 -1552 7376 314 2123 6591 628 403 401 426 436 END
START -15720 -1416 6816 896 6194 6826 628 402 401 425 434 END
START -16664 896 7764 1209 9803 6953 628 402 399 425 433 END
START -17704 2824 6940 1792 11184 7335 628 400 399 423 432 END
START -17808 2616 6972 1795 10118 7364 627 401 393 423 430 END
START -16968 1888 6028 1404 9119 7303 627 400 398 422 430 END
START -15584 3116 5308 1034 9592 7133 627 399 398 422 428 END
START -14680 1612 4188 525 11591 6400 628 398 398 421 427 END
START -14568 2252 4064 545 14204 6279 626 398 398 421 426 END
START -16132 460 3140 49 15003 5674 628 397 397 420 427 END
START -15436 1100 2604 -292 15715 5021 627 399 399 421 426 END
START -13344 -720 -592 -842 17838 3685 628 398 399 421 424 END
START -12604 -48 -1028 -1053 21965 2183 626 396 399 421 425 END
START -11764 -1024 -4120 -961 26497 886 628 396 398 422 425 END
START -11172 -1236 -7196 -836 29497 -148 628 396 399 421 426 END
START -11016 3272 -8088 -139 32108 -375 627 397 397 421 424 END
START -13624 5324 -5904 84 32192 -396 628 397 399 422 424 END
START -14160 5564 -5832 332 30311 -644 627 397 396 421 424 END
START -15284 5696 -3540 -59 26890 -1027 627 397 399 422 425 END
START -14212 3540 -3228 -428 24287 -1691 628 398 395 423 425 END
START -12216 -196 -5372 -121 24011 -2973 627 398 400 423 425 END
START -10580 -2160 -11644 1240 24898 -3342 627 397 399 423 424 END
START -10832 -488 -13368 2856 23979 -3748 627 398 399 424 424 END
START -10560 4684 -11492 3825 22923 -3187 627 398 399 423 424 END
START -12508 4656 -8380 3876 20227 -2737 627 398 400 423 423 END
START -16060 -396 -6428 4284 17052 -3240 626 398 400 424 423 END
START -8216 -2292 -12208 4874 15733 -3648 626 398 400 424 420 END
START -14144 -3020 -6968 5454 15325 -4378 626 399 401 424 423 END
START -12352 -3628 -9200 6247 16489 -4300 625 400 401 424 425 END
START -8576 -4148 -16292 7613 16283 -4609 626 399 401 425 425 END
START -9620 -4484 -15636 8793 14284 -4360 625 400 400 425 422 END
START -9092 -2856 -17052 9681 11562 -3924 625 401 402 424 421 END
START -8776 -2988 -18204 9619 8987 -3362 624 401 401 424 421 END
START -7156 -1028 -20336 8941 7480 -2783 625 401 401 424 421 END