START -11340 260 10548 -1146 302 -480 615 388 388 420 417 END
START -11416 276 10808 -1181 -21 -513 615 388 389 420 416 END
START -10840 224 10544 -1337 -403 -580 615 388 388 419 418 END
START -10880 48 10532 -1274 168 -575 615 388 388 421 416 END
START -11020 224 10692 -1075 1429 -550 618 388 388 419 417 END
START -11116 104 10460 -694 2957 -396 618 388 387 419 418 END
START -11784 44 10572 -299 4283 -96 615 389 388 419 417 END
START -12152 684 10772 261 5995 302 615 389 389 420 417 END
START -12564 112 10492 651 7344 306 616 389 393 419 418 END
START -12840 240 10632 729 8991 773 615 388 388 420 417 END
START -13064 1556 10240 1041 10827 1261 616 389 389 420 417 END
START -12720 2448 10080 1244 12595 1551 616 390 389 420 418 END
START -12872 2032 9240 1411 14840 1603 617 391 388 420 417 END
START -13252 1144 8860 1469 17103 1522 616 391 390 420 417 END
START -14252 24 8404 1548 17232 1461 616 391 392 421 417 END
START -14876 388 7728 2096 15776 1836 616 391 390 420 414 END
START -15364 2624 8612 1693 12439 2427 616 391 391 422 418 END
START -15980 124 8008 652 8823 2378 616 391 390 420 417 END
START -13712 48 5452 1524 7471 2067 616 391 390 420 417 END
START -12920 2572 6960 912 6466 2176 616 390 390 420 417 END
START -10904 -1720 2904 893 9989 1411 616 391 390 420 417 END
START -13364 2936 6196 1170 11945 1747 616 391 392 420 417 END
START -12748 -436 2356 1427 13778 668 616 391 390 419 418 END
START -15744 1920 6132 383 12470 1184 616 391 390 420 417 END
START -13896 3432 3364 1167 14147 527 616 390 392 420 418 END
START -13048 -816 992 119 14514 -219 616 390 389 419 417 END
START -14060 3664 4152 203 17425 231 616 391 390 420 417 END
START -12656 1992 -728 1034 21536 -598 617 390 390 419 417 END
START -15100 -708 -384 262 21184 -1057 617 390 391 419 417 END
START -17332 816 2432 -571 19058 -695 617 391 391 419 418 END
START -16408 3492 2332 -160 19495 -558 617 391 391 420 418 END
START -13592 3308 -2328 282 21199 -1405 617 393 394 419 419 END
START -12000 768 -5532 103 23600 -2229 618 390 391 419 418 END
START -13096 -1496 -6384 -57 25909 -2652 618 390 396 419 418 END
START -14296 -2132 -5564 46 26849 -2690 618 392 392 419 417 END
START -15732 -1800 -4460 105 27187 -2570 618 391 393 419 418 END
START -14708 -2304 -6140 117 28943 -2779 618 391 393 419 418 END
START -14748 -1788 -6464 326 30828 -2714 618 391 392 419 418 END
START -15220 -1096 -6140 642 32570 -2768 619 391 392 419 418 END
START -15092 -2244 -7524 1015 32767 -2894 618 391 393 420 417 END
START -14896 -2064 -7456 1226 31565 -3158 619 392 393 420 417 END
START -14000 -3452 -10080 1508 28985 -3350 618 392 393 420 417 END
START -13584 -3936 -10748 2287 25557 -3593 618 391 393 419 416 END
START -12100 -3544 -13576 3045 21176 -3872 618 391 392 420 417 END
START -9488 -732 -16228 4153 19552 -2941 618 392 393 420 416 END
START -10904 -532 -16248 4596 13920 -3156 619 392 394 420 418 END
START -6760 2828 -14736 4795 14544 -3151 619 392 394 421 417 END
START -6836 2664 -14428 4567 13283 -3000 619 393 393 420 417 END
START -10736 1268 -10028 4743 12513 -2095 618 392 394 421 417 END
START -9616 -1324 -11768 4967 9552 -2587 619 393 395 421 416 END
START -10092 -3340 -11516 5281 8084 -3252 619 393 395 420 417 END
START -7716 -6616 -15748 5677 7334 -3605 618 394 395 421 416 END
START -12712 -5344 -15792 6105 4700 -3264 619 393 395 421 416 END
START -452 -1940 -24456 6013 3393 -2824 619 396 395 421 416 END
START -4872 -984 -21148 5293 1673 -2606 619 394 396 421 415 END
START -6940 -1452 -20684 4430 1984 -2387 620 395 396 421 416 END
START -3952 -3316 -24496 3525 4474 -2497 619 394 396 422 416 END
START -5472 -4648 -24732 2497 4316 -2328 619 395 395 422 416 END
START -8548 -3340 -21344 1624 944 -1776 617 394 396 422 416 END
START -8904 -5140 -20276 802 -3212 -1095 619 394 396 422 416 END
START -8312 -6072 -19732 16 -5096 -806 621 396 396 423 416 END
START -7648 -6560 -19144 -863 -4037 -538 620 395 395 421 415 END
START -8008 -7044 -18048 -1323 -2736 -362 613 396 396 424 416 END
START -9784 -5932 -17204 -1303 -3854 108 620 396 396 423 416 END
START -10196 -6020 -16876 -1073 -7279 854 620 398 385 423 416 END
START -10696 -6084 -16688 -723 -11048 1725 621 396 396 424 418 END
START -11316 -3300 -16536 -626 -14738 2689 620 397 394 425 418 END
START -11900 -40 -15780 -976 -18936 3860 620 398 395 425 419 END
START -12220 668 -16188 -1698 -22979 4973 620 400 397 426 420 END
START -14448 -812 -13464 -2923 -27747 6810 618 402 398 428 422 END