START -4040 16896 3120 -960 1762 -1331 504 377 380 404 399 END
START -4172 16932 2908 -1071 1811 -1090 504 377 383 406 383 END
START -3580 16680 2872 -1034 2444 -733 500 371 376 403 400 END
START -3084 17260 3012 -571 3687 -276 505 378 378 405 399 END
START -2668 17792 3312 -138 4778 -95 514 370 395 397 404 END
START -2324 18200 3372 212 5851 -51 512 380 376 403 398 END
START -2404 19552 3628 548 6336 259 507 379 382 406 401 END
START -2892 20644 4044 605 5902 922 503 376 384 403 400 END
START -2692 20008 3716 1071 5747 856 507 378 380 411 402 END
START -2360 19148 3180 466 4839 1679 502 363 406 413 401 END
START -2464 19344 3496 260 4160 2895 514 384 377 408 410 END
START -2536 19428 3124 699 3855 3274 512 382 380 405 400 END
START -2344 19232 2852 966 3652 3227 514 384 380 407 400 END
START -1808 18584 1572 331 3898 2747 515 383 383 407 400 END
START -2020 17500 484 -747 4699 1650 521 381 397 400 401 END
START -2364 16428 3028 -588 5179 1226 518 385 385 416 400 END
START -2892 14700 3368 379 5193 1220 520 388 384 408 402 END
START -2508 13952 676 1726 6170 133 521 393 382 407 404 END
START -2276 15464 -420 2442 8907 -1225 522 395 389 409 402 END
START -3764 14356 3448 2234 9773 -2013 519 404 385 409 402 END
START -2440 11636 -140 3218 10917 -2709 530 422 401 412 402 END
START -3328 15260 1404 3765 13314 -3390 531 453 384 412 402 END
START -1116 12536 288 5501 16966 -6306 531 515 382 414 402 END
START -2852 17128 -1596 5129 20422 -3758 531 558 389 413 401 END
START -2072 9272 -6440 5375 21838 -5912 531 590 390 423 400 END
START -4996 10504 -1840 5249 20853 -4606 530 618 387 415 403 END
START -4036 13596 -6460 6446 19597 -5791 536 629 379 419 399 END
START -6184 11468 -288 5387 17785 -6355 548 654 325 420 402 END
START 4140 10036 -10192 5755 20824 -6646 534 656 391 419 403 END
START 7476 12220 -13312 5239 23220 -4156 536 654 389 420 403 END
START -3088 9396 -5932 5015 17488 -4778 530 660 401 422 402 END
START -11828 13776 -2692 5559 18213 -4354 527 661 395 424 405 END
START -15728 12332 3388 4497 18322 -4725 531 664 396 424 399 END
START -3384 9948 -4296 4873 21614 -5412 538 666 395 423 385 END
START 2380 13836 -13484 6138 24190 -4890 534 669 402 428 408 END
START -5144 13300 -4964 5716 22917 -4620 533 668 405 431 408 END
START -9616 10668 -3096 5885 20031 -4861 516 665 400 429 405 END
START -7444 11756 -6040 6882 19831 -4797 533 675 404 427 410 END
START -6192 13344 -4304 7106 20219 -3879 537 673 402 433 410 END
START -2132 10872 -9712 7648 21603 -4598 540 673 405 432 408 END
START -7164 11160 -8064 8286 22417 -5010 545 678 407 409 408 END
START -8736 14920 -5816 8232 22869 -3766 537 677 409 423 360 END
START -4404 11364 -10520 8446 21050 -3954 538 677 409 433 405 END
START -8096 11800 -8932 8246 18300 -3660 539 678 408 432 405 END
START -7768 15328 -9468 7072 16371 -1722 536 680 409 432 403 END
START -6344 11412 -12792 6483 12534 -1755 544 675 410 431 404 END
START -5704 13060 -12916 6256 12199 -1256 542 677 411 433 402 END
START -7016 13676 -11068 4877 9744 -113 535 686 415 436 387 END
START -5276 11420 -13904 4873 7318 -65 544 677 410 449 363 END
START -4984 14784 -12132 3526 3691 1497 543 681 410 434 403 END
START -5056 10360 -13560 2699 326 1139 545 680 413 433 404 END
START -6572 17424 -15336 1683 -824 2408 546 677 402 435 401 END
START -13716 11036 -4860 705 -5547 1454 545 677 410 435 402 END
START 8980 12628 -23620 373 -2503 1674 544 680 410 434 399 END
START 1564 14780 -12252 -193 -1227 2379 544 677 412 399 400 END
START -9080 11460 -7728 -473 -2889 1076 545 679 418 446 394 END
START -3844 10528 -12448 -700 -1431 76 545 678 408 436 400 END
START -2016 12296 -13780 -958 -1190 -5 545 676 408 434 404 END
START -5212 15804 -12620 -1264 -1938 457 546 678 412 435 402 END
START -3644 13240 -10928 -1919 -1917 24 545 677 409 434 401 END
START 920 11172 -14960 -1970 -845 -511 535 665 409 417 347 END
START -3612 12264 -10708 -1875 -1443 -493 549 676 411 434 401 END
START -5460 14116 -7588 -2445 -2327 435 544 676 409 434 409 END
START -3960 10888 -11128 -2310 -3860 -543 552 662 420 395 407 END
START -2540 12252 -11452 -2063 -2786 -392 546 681 409 434 400 END
START -2028 13876 -8480 -2190 -1246 608 547 675 412 434 404 END
START -1680 11884 -11828 -2021 -2247 -343 545 677 409 434 402 END
START -1412 11156 -12444 -1630 -2084 -389 548 681 418 441 419 END
START -6900 12684 -8448 -1124 -2107 -166 569 676 411 417 401 END
START -4936 15940 -11260 -965 -832 607 543 675 409 441 392 END