START -9288 348 12928 -340 -476 -731 629 409 403 431 432 END
START -10000 296 13320 -236 -655 -640 630 409 403 431 432 END
START -8468 72 12140 5 -1226 -587 630 409 403 431 431 END
START -8260 348 12188 172 -1249 -529 630 409 403 431 431 END
START -8120 412 12436 121 -1029 -581 629 409 403 430 430 END
START -8172 360 12424 66 -512 -675 630 408 404 431 431 END
START -8732 416 12336 115 -240 -617 630 408 403 430 431 END
START -8184 468 12072 188 -60 -795 630 400 404 431 431 END
START -8912 380 12204 -51 -254 -619 630 407 405 431 431 END
START -8868 1560 12384 -382 -842 -261 630 407 402 429 431 END
START -8632 1888 12432 -417 -1479 -201 630 406 402 430 430 END
START -7864 2020 12072 -622 -1555 -276 630 403 404 429 429 END
START -7400 2140 12112 -916 -775 -348 629 405 402 429 428 END
START -7804 1676 12500 -1359 382 -411 629 405 402 428 428 END
START -8372 156 12092 -1537 1292 -744 629 403 400 427 427 END
START -8680 -940 10916 -778 1924 -652 628 402 400 426 426 END
START -10212 1912 13388 -325 577 507 628 401 399 426 425 END
START -10480 -212 14216 -1052 -1212 719 627 400 399 425 423 END
START -7728 1292 11760 38 1008 134 627 400 399 424 421 END
START -8316 2132 14228 -348 2362 627 627 399 398 423 419 END
START -7436 336 10488 827 6040 -106 625 398 399 423 419 END
START -10396 1712 14616 196 5674 545 626 398 398 422 418 END
START -9460 1620 11416 1280 6623 249 625 398 398 421 416 END
START -11992 -408 13772 32 3217 481 625 397 398 422 416 END
START -10852 3844 14120 1224 2811 950 624 396 398 421 417 END
START -7920 192 9752 1246 3264 16 625 396 399 420 413 END
START -9216 640 13744 394 4161 399 626 396 398 419 413 END
START -7384 3404 11752 2090 9693 309 625 397 397 420 413 END
START -5488 -440 7136 2267 15723 -884 625 397 398 419 413 END
START -7252 -1904 8068 1549 20882 -1132 624 396 397 417 411 END
START -13868 -1024 11280 2008 22436 -235 621 395 398 416 411 END
START -16112 1660 13136 1984 18578 -131 624 395 397 416 410 END
START -12508 3236 11152 1803 17470 -27 624 395 397 416 411 END
START -7268 3768 7296 2030 24779 -1293 624 395 397 415 411 END
START -5044 3172 2064 2039 32767 -2781 624 395 397 415 411 END
START -9180 1660 172 1718 32767 -3506 624 396 397 415 411 END
START -13628 216 -576 1613 32767 -3770 624 396 399 414 411 END
START -16248 -2256 -808 1578 32767 -4138 624 396 397 413 411 END
START -15320 -284 -1952 1605 32767 -4245 624 396 398 414 411 END
START -13876 -404 -3388 1187 32767 -4645 625 396 398 414 410 END
START -10968 -636 -6356 677 32767 -5461 624 396 396 413 412 END
START -7940 -760 -9520 15 32767 -6740 624 396 397 413 410 END
START -10860 -1236 -11440 866 32767 -5357 624 397 393 413 410 END
START -17856 -164 -10292 2298 32767 -3675 624 396 398 416 410 END
START -19776 3936 -5128 1852 32767 -3367 625 396 398 413 409 END
START -16024 3176 -6528 385 32767 -3328 625 396 397 414 409 END
START -14348 1536 -7620 -21 32767 -3484 626 397 397 413 409 END
START -13620 -860 -8056 413 32767 -3080 626 396 397 413 403 END
START -14896 -3264 -9336 1079 32767 -3798 625 395 396 412 408 END
START -12584 -5304 -11060 1800 32767 -4302 626 396 398 414 408 END
START -3292 -3004 -23376 2909 32767 -4741 626 396 398 413 407 END
START -2996 -1736 -21780 3567 31798 -4045 626 396 398 412 408 END
START -16152 1548 -10828 3882 22646 -2283 625 395 397 412 408 END
START -7968 -120 -17348 4430 15702 -1875 625 395 397 412 408 END
START -17276 160 -7860 3664 8153 -2228 625 396 398 413 408 END
START -6860 1212 -15596 2934 6807 -2119 625 396 399 413 409 END
START -9116 1112 -14052 2006 6155 -1527 625 396 398 413 408 END
START -9404 520 -15168 1259 3150 -1088 625 396 398 413 409 END
START -9364 680 -15324 967 -469 -369 625 396 399 413 408 END
START -9140 1756 -17028 746 -2286 -129 626 396 398 408 409 END
START -6272 1424 -18732 85 -2419 78 627 396 399 413 409 END
START -5132 -420 -20968 -263 -1333 -298 626 397 399 414 411 END
START -5992 -160 -19856 -723 -226 -97 626 397 399 413 409 END
START -9136 280 -16884 -665 -1073 0 626 397 399 414 410 END
START -10568 -1500 -17536 -632 -5000 250 626 397 399 412 411 END
START -13300 -752 -15996 -563 -12834 1472 627 398 400 414 407 END
START -13812 900 -14100 -682 -21238 2605 628 397 400 414 410 END
START -13956 956 -13528 -1005 -27725 3519 628 398 400 415 410 END
START -12856 -4 -14208 -1497 -32420 4464 628 398 400 415 411 END
START -13824 -3644 -12112 -1387 -32768 5279 628 399 399 417 412 END