START -7092 13396 -1344 -256 -1874 -645 635 375 339 441 400 END
START -7376 13520 -1124 -486 -1276 -480 638 371 388 439 400 END
START -7740 13784 -1188 -813 789 -116 635 371 392 438 399 END
START -9280 13712 476 -736 1993 -236 631 370 387 441 402 END
START -9028 13936 168 -702 1220 -343 630 371 392 439 400 END
START -8816 14036 -32 -764 500 -232 627 370 390 440 402 END
START -8748 13808 -484 -1012 -285 -40 631 371 393 447 403 END
START -8788 13712 -464 -1327 -232 234 623 375 395 442 403 END
START -8764 13528 -640 -969 469 5 615 370 394 438 403 END
START -8936 12660 124 -1513 -232 489 608 372 391 439 401 END
START -8464 13832 112 -1089 730 123 602 370 404 441 401 END
START -8472 13952 -888 -865 1727 148 592 372 393 439 399 END
START -8600 13580 -1544 -718 2838 -6 579 367 394 444 352 END
START -9136 13940 -2056 -859 3529 598 575 373 404 440 399 END
START -9640 14332 -2408 -1083 4023 1069 569 372 391 439 404 END
START -10276 15436 -480 -1479 4030 1667 561 372 390 451 402 END
START -10748 14200 144 -2608 3532 2341 545 384 391 444 403 END
START -9448 13584 -2660 -2876 3833 2738 533 371 392 437 403 END
START -8348 16680 -1820 -2783 6038 2727 523 373 417 436 400 END
START -7844 13488 -568 -3674 6436 1281 518 374 393 438 363 END
START -6080 15692 -4900 -3295 11405 1665 516 372 395 437 403 END
START -9360 14404 760 -3596 13245 3621 516 378 407 440 409 END
START -8520 16656 -3108 -3313 14797 4430 511 372 396 443 407 END
START -7760 12044 -988 -3806 11963 3095 510 372 393 436 401 END
START -6492 17024 -3728 -3085 12169 3121 513 377 391 443 405 END
START 4332 11084 -8744 -3359 10900 2206 513 376 393 410 406 END
START -6336 17328 -7744 -2603 12488 2372 509 377 394 438 405 END
START -18572 16220 7520 -3422 17472 3165 507 377 393 439 407 END
START -4408 12376 -2532 -3902 17031 3164 506 377 392 440 409 END
START 272 13484 -11288 -3301 13224 3128 507 376 389 436 409 END
START -344 14120 -6256 -3167 7315 966 506 388 390 439 409 END
START -8072 13432 312 -3353 4978 -509 509 384 395 443 408 END
START -2840 12556 -2612 -2696 5948 -102 510 386 413 439 409 END
START -1036 14604 -7036 -582 8431 2546 511 391 386 436 415 END
START -8212 14640 916 -185 6987 2161 514 402 385 435 405 END
START -4704 12668 -2872 816 8153 678 524 419 393 434 416 END
START -7280 14080 -2868 1594 6284 548 541 442 397 432 414 END
START -3680 15320 -4600 2241 7082 2600 544 453 419 431 421 END
START -7236 12364 -2864 1561 6811 3417 537 481 399 428 413 END
START -13772 13040 1184 1727 5817 1481 534 523 400 428 398 END
START -5768 15940 -4540 1943 8246 1270 534 559 400 428 417 END
START -12780 15240 1876 1726 6857 2407 533 590 399 428 417 END
START -5764 11208 -3632 1939 6222 2219 556 607 383 429 413 END
START -1144 13080 -9376 2741 7222 1773 528 618 398 430 416 END
START -9020 15808 -2312 3308 8049 1471 525 632 397 430 419 END
START -10756 13096 -1972 2728 5524 2108 523 639 390 426 418 END
START -7472 11484 -3772 3312 6850 68 525 643 397 432 417 END
START -2476 12476 -8636 4343 7353 -549 519 642 398 431 420 END
START -5388 14364 -3884 5154 8975 -441 513 643 403 437 426 END
START -4120 10640 -4840 6052 9779 -2745 511 645 403 392 414 END
START -4436 15660 -9556 7446 14268 -2976 511 644 402 436 418 END
START -8952 12416 -2236 6083 13918 -1891 512 633 407 430 398 END
START -20824 11932 1600 6804 10464 -2930 512 642 404 436 420 END
START -2464 14592 -11512 6735 13580 -2338 507 641 406 437 418 END
START -7620 10536 -5964 7241 10422 -3675 505 639 405 439 419 END
START -2344 10660 -10720 8079 10603 -5892 503 636 407 394 415 END
START -1596 13744 -10184 8196 15205 -5214 500 639 409 446 422 END
START -1032 11168 -12016 7864 16917 -4177 497 636 408 441 419 END
START -6788 11580 -10888 7571 18630 -3302 495 635 409 440 420 END
START -7096 14520 -9412 6590 18733 -982 490 587 415 438 416 END
START -8060 9852 -10052 6199 14796 -1564 490 633 407 442 418 END
START -352 13232 -16640 6361 12401 -945 490 632 412 439 420 END
START -9124 12268 -8808 5859 7754 -1364 497 631 410 441 393 END
START 36 10912 -15976 4450 5440 -1350 490 640 412 443 419 END
START -1068 12852 -17664 3966 4376 -319 490 632 413 443 419 END
START -8960 14064 -9572 2407 3486 348 489 631 403 486 423 END
START -5384 12712 -13236 1352 3349 485 489 632 411 453 418 END
START -1672 11128 -15432 593 1131 253 491 632 412 445 420 END
START -10880 12440 -8928 391 -2254 383 455 639 407 433 423 END
START -2188 14660 -13432 225 -626 1339 492 630 413 431 420 END