START -136 15176 3716 -1282 566 426 495 367 384 409 401 END
START 0 15124 3384 -1044 1196 197 532 368 385 408 401 END
START 248 15056 2920 -471 2900 -298 505 369 387 401 396 END
START -228 15128 2872 -264 3264 -542 507 368 386 410 396 END
START -784 15188 2688 -333 2206 -661 505 374 382 409 402 END
START -1236 15796 2612 -401 1161 -896 505 365 384 410 402 END
START -1224 16892 2720 -399 778 -761 493 378 384 389 402 END
START -1440 15992 2776 -265 325 -792 507 372 388 409 402 END
START -1356 17012 3220 -655 -507 -409 506 372 387 410 404 END
START -492 17132 3236 -261 -694 -519 505 371 397 409 399 END
START -312 15860 2976 39 -176 -798 507 373 388 400 402 END
START -516 15032 2092 -110 -156 -791 510 371 383 409 398 END
START -812 14708 1596 -304 94 -663 507 374 388 410 399 END
START -1312 14300 1428 -508 95 -416 507 375 387 412 404 END
START -1160 14620 1164 -383 173 -400 512 374 390 409 403 END
START -1232 16032 1828 -344 431 -78 508 374 387 411 402 END
START -2056 17292 3680 -779 73 316 516 358 361 410 411 END
START -2376 15964 4592 -1644 -737 381 507 371 388 424 404 END
START -1508 13316 1628 -1568 -591 -219 509 374 389 412 403 END
START -892 16532 1896 -652 1247 100 510 375 389 410 405 END
START -2628 16000 4696 -1844 -251 383 511 375 388 415 405 END
START -1064 12776 156 -1308 240 -523 513 375 394 414 402 END
START -2272 17676 4436 -1184 1171 224 510 349 394 415 409 END
START -1016 12980 1384 -1472 919 -609 510 376 390 411 405 END
START -1700 17944 4444 -604 3022 59 497 366 330 419 405 END
START 48 12852 1804 -655 3360 -663 508 377 392 416 409 END
START 2092 17488 380 669 6764 -743 514 361 391 415 407 END
START -6384 15864 6196 654 6773 -706 511 384 394 411 407 END
START 760 14984 1172 1856 10283 -1855 514 380 392 418 404 END
START -4436 19424 7268 2336 11263 -475 520 383 398 437 402 END
START -9896 14100 9056 2339 11987 -1181 515 381 398 417 404 END
START 7860 18580 -3856 3964 17659 -1253 514 382 396 422 406 END
START -2540 17392 3584 2643 15652 -1008 510 378 412 424 403 END
START -5876 14212 3376 2789 15243 -1657 512 387 399 412 397 END
START -1148 18156 -712 3977 19655 -751 518 384 399 427 407 END
START -3536 16248 1252 3457 18008 -213 515 396 379 430 446 END
START -8160 14028 3128 3326 14842 -300 532 397 401 430 403 END
START -2488 16236 -6872 3853 13253 432 519 401 408 432 407 END
START -3648 16348 -1580 3066 7808 1135 500 398 382 430 360 END
START -6072 14160 1148 2946 1403 1332 523 404 400 435 406 END
START -2400 12720 -444 3079 -2225 521 524 419 401 431 404 END
START -672 15796 -216 3881 -1034 678 535 427 398 419 363 END
START 1596 15596 -1388 3220 650 -346 529 445 405 431 409 END
START 1512 13984 -208 3917 6433 -1874 525 506 400 432 409 END
START -1284 13816 192 4217 9998 -3325 529 557 401 431 408 END
START 2064 15956 -6748 4694 15444 -3453 531 593 400 432 407 END
START -1688 15888 -2216 3932 17011 -2913 533 622 400 433 410 END
START -7160 12812 -248 3344 14470 -3765 533 642 405 492 400 END
START -5288 12732 -3476 3737 13032 -4600 535 666 402 434 407 END
START -5168 15956 -1396 3666 13704 -4246 537 671 405 437 412 END
START -7600 15352 -548 2931 12606 -3363 547 679 407 442 365 END
START -5704 11836 -2760 3026 12799 -3845 541 683 407 447 412 END
START -3872 15548 -9288 3996 13889 -4303 539 684 408 437 411 END
START -2908 15792 -3524 3557 15091 -4281 555 683 408 440 408 END
START 132 13484 -6560 3273 16398 -4141 544 684 409 444 414 END
START -3364 11840 -5528 3640 17018 -5076 547 685 412 438 410 END
START -4664 15648 -9408 4673 17728 -4990 548 686 414 443 409 END
START -4376 14928 -4772 4436 17211 -4768 562 684 407 434 411 END
START -4212 12004 -7000 4915 16945 -5193 553 688 439 445 406 END
START -3672 14412 -7000 6412 19049 -4434 555 680 416 444 410 END
START -4540 13712 -5148 6606 19772 -3975 560 691 423 446 409 END
START -596 10844 -9576 7677 22180 -5007 560 686 420 442 414 END
START -3864 15532 -7356 8720 23993 -4283 552 689 417 444 401 END
START -4416 13380 -7464 8218 20727 -4119 564 687 416 445 405 END
START -3760 10932 -8324 8451 18613 -4261 564 676 417 442 408 END
START -3604 14676 -10676 7963 15009 -3507 567 684 419 445 399 END
START -7352 14864 -8808 6658 7955 -2086 566 686 416 445 404 END
START -6620 13560 -10464 6184 3158 -1259 564 684 416 445 404 END
START -6008 17680 -12848 5458 -306 638 568 685 415 448 404 END
START -3680 13780 -11792 3781 -1911 1223 570 683 415 444 403 END