START -9904 13260 -1800 -1155 2145 1674 501 382 384 433 412 END
START -9796 13324 -1792 -1206 2066 1466 499 383 386 437 417 END
START -8300 12992 -2588 -1616 3622 363 500 381 386 433 412 END
START -7368 13120 -2388 -990 7824 -735 501 381 386 431 411 END
START -7332 13580 -2188 -498 11844 -258 501 387 387 431 411 END
START -8168 12780 -2644 -270 13311 107 502 381 387 430 411 END
START -9556 13532 -1744 -142 12583 1822 503 384 387 432 408 END
START -9348 13372 -2788 -901 9992 1181 503 385 387 433 404 END
START -8292 13792 -2084 -1625 10229 141 505 388 386 433 402 END
START -8212 13516 -2088 -1502 12137 258 507 388 385 433 406 END
START -9484 13904 -1428 -694 12040 1592 508 391 385 433 406 END
START -10800 14132 -576 -1268 8270 2852 504 394 389 433 405 END
START -9912 13172 -932 -1681 4335 1249 510 394 386 434 408 END
START -7828 12004 -2536 -2218 3254 -432 509 415 391 439 405 END
START -5900 12016 -5176 -1059 6579 -1507 521 407 387 431 409 END
START -6564 16416 -3940 -120 12557 67 519 416 385 436 417 END
START -9508 13792 -692 -453 12358 1712 521 424 384 427 412 END
START -8276 12168 -6384 -589 10111 831 523 433 391 436 405 END
START -8248 15564 -4492 -713 10703 520 527 442 389 437 407 END
START -7744 12036 -4572 -1390 9941 -963 539 454 391 435 410 END
START -7224 17116 -4416 -947 12705 -368 543 464 393 438 410 END
START -6172 10336 -5460 -1437 13086 -295 537 470 394 436 406 END
START -18240 15208 6236 308 10276 2457 535 486 397 437 451 END
START 3104 11028 -11808 -804 9801 -7 534 508 412 437 409 END
START -18900 14348 684 -437 4010 -993 534 528 395 436 409 END
START -1224 15524 -10692 -246 10349 13 539 558 396 438 409 END
START -3792 12236 -6964 -447 12388 -832 537 574 395 439 406 END
START -12572 11080 -2132 -1082 9342 -2146 534 593 397 437 411 END
START -5160 15904 -11060 688 14472 -852 526 610 402 446 416 END
START -3096 15212 -6776 -32 15727 -316 528 631 403 435 424 END
START -9068 11792 -4748 -430 13285 -395 528 641 409 444 415 END
START -11128 13920 -5508 778 12413 70 527 640 411 443 407 END
START -9840 15032 -4380 -55 11805 559 532 652 413 444 420 END
START -6260 10768 -7780 678 11398 -450 527 656 410 440 418 END
START -9324 15640 -5880 971 11266 1509 527 659 412 437 423 END
START -8176 10384 -6996 145 8160 925 531 660 408 442 421 END
START -5944 14536 -9352 764 8245 587 528 663 411 443 421 END
START -6380 10780 -7012 307 6385 -691 529 666 411 443 423 END
START -256 15556 -11476 1330 9690 86 530 665 410 442 422 END
START -7076 9544 -6488 786 6938 -578 527 667 410 443 422 END
START -8392 13932 -14060 1966 8156 -561 525 667 411 441 381 END
START -9028 12344 -4664 1814 6491 -1028 527 667 410 443 423 END
START 6048 10352 -15748 2008 10984 -2244 528 668 411 443 423 END
START 1592 13816 -14760 2857 12565 -298 525 667 408 444 422 END
START -6408 12664 -7524 2557 9748 -533 525 669 411 443 425 END
START -10328 10044 -6016 2937 9238 -2176 523 668 410 444 423 END
START -9680 12396 -6756 3846 10358 -2685 523 668 410 443 416 END
START -6364 14188 -8776 4061 11141 -1108 519 668 412 446 421 END
START -2496 10680 -11112 3586 10384 -1731 520 669 410 445 423 END
START -3668 12360 -14140 5138 11780 -2105 509 669 416 452 420 END
START -6164 10752 -9824 4507 11105 -2167 512 665 410 445 428 END
START -3740 14420 -13000 4648 12058 -1372 509 663 410 447 429 END
START -4928 9640 -3108 3818 10429 -707 506 664 408 448 423 END
START 2408 7760 -16996 4338 10246 -1815 502 685 408 431 426 END
START -3900 12568 -12976 4912 9788 -617 496 657 411 449 440 END
START -9204 9728 -6428 4051 6257 -75 496 656 411 447 423 END
START -5348 7696 -10132 4211 5904 -502 494 655 411 444 422 END
START -292 9012 -14072 4823 3874 363 495 656 410 447 424 END
START -476 12176 -15220 5175 1710 698 493 654 412 448 417 END
START -7400 13404 -10744 3764 -1031 858 494 654 413 448 424 END
START -7472 11312 -10548 2153 -1094 522 495 654 412 449 425 END
START -400 10300 -18316 1682 2010 -144 494 653 421 448 425 END
START 168 14452 -17544 797 3622 658 494 654 420 449 425 END
START -7580 12784 -10488 -707 -160 1232 487 652 413 449 425 END
START -4056 10444 -15156 -697 -1929 263 499 654 415 451 425 END
START -5540 14120 -11236 -1063 -3042 919 497 655 416 449 426 END
START 11204 9604 -23636 -1843 -2343 25 497 653 418 446 424 END
START -10280 10556 -8556 -1834 -4533 -652 498 653 416 450 431 END
START -7104 13492 -10104 -1979 -1492 619 497 644 429 448 427 END
START -12492 11652 -6164 -2459 -2663 166 500 652 420 449 424 END