START -13752 140 5960 -715 -2180 599 635 414 412 442 434 END
START -13672 20 5808 -674 -1975 632 635 414 413 443 435 END
START -13540 72 6028 -591 -1269 687 636 405 412 442 435 END
START -13528 88 6060 -466 -621 608 635 415 413 443 435 END
START -13400 316 5956 -338 49 443 634 416 414 443 435 END
START -13548 252 6292 -518 121 232 634 416 413 443 436 END
START -13276 332 5728 -407 56 67 634 416 415 444 436 END
START -13852 92 6172 -716 -403 -204 634 416 414 444 436 END
START -13380 1304 6352 -817 -537 -189 634 417 414 444 436 END
START -13444 1120 6084 -877 -658 -539 633 416 415 444 436 END
START -13116 568 5624 -944 -642 -688 634 417 414 444 437 END
START -13316 400 5540 -1024 -165 -814 633 417 414 444 436 END
START -13572 1540 6024 -1201 409 -778 633 416 413 444 437 END
START -14468 2084 6812 -1808 128 -548 633 416 414 444 436 END
START -15264 160 6692 -2429 -714 -503 633 415 413 442 436 END
START -14988 -1176 5228 -2199 -843 -716 633 414 412 442 434 END
START -14920 2432 6628 -2340 -1455 254 633 413 409 439 432 END
START -16184 -800 6768 -3447 -2825 451 633 410 408 437 430 END
START -15104 1584 6196 -2677 -2464 1133 633 408 407 435 428 END
START -15620 -1712 6064 -3828 -4265 1287 632 405 406 432 427 END
START -14836 1772 7796 -2857 -3659 2072 635 404 405 431 424 END
START -13492 -1284 5092 -2535 -3024 1367 631 403 403 428 424 END
START -15112 -872 8088 -3468 -4082 1693 631 403 405 428 423 END
START -15620 1904 9240 -2655 -3511 2237 632 402 403 427 421 END
START -13752 1612 7000 -1885 -3085 1823 631 402 402 426 420 END
START -13492 -1852 5092 -2741 -4333 1594 630 401 402 425 420 END
START -14272 -1844 7556 -3270 -4977 1995 631 401 402 424 418 END
START -14972 336 10220 -3132 -4051 2440 630 400 401 423 418 END
START -14112 2620 10524 -2197 -1536 2780 629 400 401 423 418 END
START -13360 2312 8448 -1062 1387 3004 629 401 401 422 417 END
START -11864 1584 6524 -159 5032 2592 628 400 402 422 417 END
START -8736 -236 3352 -22 10868 1851 629 401 402 422 416 END
START -9560 -2508 3052 -6 17765 1653 628 401 402 421 416 END
START -12096 -620 6040 -66 23189 2095 628 401 402 421 416 END
START -15620 192 6640 1018 26029 2471 628 401 402 421 416 END
START -16584 3100 7252 1170 26815 2076 628 401 401 422 417 END
START -15348 3080 4976 1099 28054 1623 628 401 401 422 416 END
START -14072 3232 3120 1290 30263 1326 627 401 402 422 416 END
START -12252 2760 -912 1747 32767 445 628 403 401 423 415 END
START -13668 3364 -1796 1574 32767 -315 627 400 402 423 415 END
START -15820 3152 -2736 1750 32767 -551 626 400 402 423 415 END
START -17876 4012 -3160 950 32767 -810 626 400 402 424 415 END
START -19268 3492 -4452 670 32767 -490 625 400 402 424 416 END
START -18444 3952 -4252 230 30626 -639 625 401 402 424 415 END
START -15148 3704 -7436 -59 29039 -1064 626 400 402 424 416 END
START -14032 4396 -6628 -687 29002 -1310 625 400 403 424 416 END
START -14776 1212 -5132 -1365 30433 -1505 626 400 403 425 417 END
START -16656 -412 -4888 -1584 30639 -2469 625 400 403 425 416 END
START -12688 -4188 -8712 -1165 30025 -3741 624 401 403 425 416 END
START -6400 -2076 -18080 -55 29792 -3796 624 400 404 426 416 END
START -2040 -1124 -20832 825 30291 -4144 624 402 404 426 417 END
START -9880 940 -14052 1674 27856 -3517 625 402 405 426 416 END
START -17616 3292 -8024 2278 24951 -3880 624 401 404 427 416 END
START -12700 3084 -10756 2824 22210 -4281 624 401 405 427 416 END
START -9560 2464 -11416 3627 20125 -2022 624 403 406 427 416 END
START -11656 1400 -11532 4249 15184 -1870 622 403 405 427 416 END
START -12392 -868 -11160 4399 11730 -1473 624 402 405 427 416 END
START -11572 -580 -11852 3971 9274 -1166 624 402 406 427 416 END
START -7612 -3248 -16980 3241 7314 -658 623 402 406 426 415 END
START -7680 -3352 -17832 2614 5401 -288 623 402 406 427 416 END
START -8716 -2484 -16672 1795 3448 129 624 402 407 427 411 END
START -8996 972 -15636 1045 1376 569 625 404 407 427 411 END
START -8184 1732 -16108 726 -475 972 624 403 407 424 416 END
START -6000 2012 -18340 623 -2006 973 625 405 408 428 416 END
START -4184 -328 -20652 185 -2714 816 626 405 408 428 416 END
START -6460 -1352 -19512 -115 -3009 786 626 405 409 428 417 END
START -8476 -1532 -18324 -166 -5697 1440 628 406 408 427 418 END
START -11360 -1552 -16652 127 -12504 3028 628 407 408 428 419 END
START -15616 1148 -13596 681 -24425 5430 628 407 407 429 421 END
START -15476 756 -14916 1393 -32768 7232 629 408 408 429 421 END