START -13512 1148 7136 -1324 -2332 457 625 427 429 463 446 END
START -13360 1068 6724 -1433 -2671 469 625 420 428 462 445 END
START -12464 1080 6460 -1704 -2743 308 624 421 424 459 443 END
START -11976 1372 6328 -1944 -2272 253 625 420 421 456 440 END
START -11748 900 6516 -2134 -1213 -97 624 415 419 452 437 END
START -11872 1296 6696 -2224 238 -615 625 414 416 450 435 END
START -11448 1272 6744 -2841 2153 -597 625 412 414 446 433 END
START -13824 680 7304 -2363 3389 -792 624 411 414 444 431 END
START -14516 348 6936 -2025 3153 -567 624 410 412 442 430 END
START -15504 -304 7356 -2029 2196 -376 624 409 413 439 428 END
START -14168 628 7048 -2418 2640 483 624 407 411 437 426 END
START -14204 -932 6408 -1826 5170 304 624 406 410 436 425 END
START -12820 -516 5748 -1546 9532 532 625 405 409 435 423 END
START -13380 144 5316 -541 14401 836 625 405 408 433 422 END
START -15408 2104 6500 -157 16438 1547 625 404 408 432 421 END
START -17976 1404 7592 -773 14678 2123 625 404 408 431 420 END
START -16500 92 5328 -240 13010 1865 626 403 407 430 420 END
START -16360 2728 6232 -255 10249 2534 626 403 407 429 419 END
START -15452 -668 4276 -1257 8366 2242 627 402 405 429 418 END
START -14800 2736 4848 -328 9189 2462 627 401 405 428 419 END
START -15656 -1072 3624 -1344 7819 2318 627 401 406 429 420 END
START -15320 2308 4312 -430 8206 2771 627 401 405 427 417 END
START -13800 -712 824 33 10140 1924 628 402 406 427 417 END
START -15796 1516 4708 -324 10599 2225 627 402 407 427 417 END
START -13764 2132 1260 598 13685 1648 627 401 398 427 417 END
START -15480 -1068 452 -718 12526 1253 627 402 407 427 418 END
START -17048 1036 3384 -975 10894 1703 627 401 406 426 416 END
START -15012 3248 1076 -20 11393 1496 627 401 406 426 409 END
START -12756 520 -2796 140 12230 377 627 402 407 427 417 END
START -14600 -1092 -580 -369 11362 173 628 401 408 427 416 END
START -15364 1660 2192 -360 11697 281 628 401 407 427 416 END
START -13504 4180 40 309 14421 209 628 403 409 427 417 END
START -11768 1312 -4600 196 17474 -929 628 401 407 427 416 END
START -11784 -772 -5888 -485 20495 -1978 628 400 408 427 416 END
START -12628 -1568 -5720 -806 24380 -2819 627 400 408 422 415 END
START -12720 -2288 -7776 -713 29320 -3538 627 401 408 427 416 END
START -14072 -2460 -6832 -78 32767 -4418 628 401 409 429 417 END
START -12532 -2052 -8248 -281 32767 -4016 628 401 408 428 417 END
START -15540 -2364 -8388 -199 32767 -3769 628 401 408 428 417 END
START -15808 -3352 -9208 62 32767 -4337 629 401 409 429 416 END
START -17496 -3536 -8380 300 32767 -4484 629 401 409 429 417 END
START -18080 -4040 -8236 1164 28685 -4727 629 401 409 429 416 END
START -14864 -3344 -9352 1978 23894 -5038 629 401 410 429 416 END
START -11596 -4432 -11708 2506 18228 -5910 628 401 409 429 416 END
START -9844 -3272 -13912 2796 19455 -4183 629 402 410 430 416 END
START -9972 -4060 -14720 3468 17040 -3710 628 402 409 429 415 END
START -8868 -2980 -16452 3900 14316 -3340 628 401 409 430 415 END
START -8424 -468 -16788 4116 12477 -2997 628 402 409 429 416 END
START -7876 -800 -17212 4261 10714 -2601 627 403 410 430 416 END
START -6876 -820 -16904 4425 9182 -2183 627 407 402 431 417 END
START -7520 -440 -16200 4535 7124 -1900 627 405 412 431 416 END
START -6788 20 -16884 4773 4694 -1637 626 403 411 431 416 END
START -5596 -48 -18960 4780 3767 -1805 628 404 412 432 416 END
START -4444 -4720 -23360 4335 3896 -1968 627 404 411 432 417 END
START -4860 -2232 -21404 3737 4484 -1857 627 405 412 432 415 END
START -5428 -3792 -22608 3218 3447 -1813 628 405 412 432 415 END
START -8508 -5152 -20040 2615 1202 -1423 628 405 413 432 415 END
START -7792 -4640 -21728 1751 -1254 -1167 628 400 408 434 415 END
START -9116 -5776 -16940 922 -2381 -996 628 405 413 432 416 END
START -8348 -5600 -16188 -90 -1897 -777 628 405 413 432 416 END
START -8624 -4432 -16060 -772 -810 -301 629 406 413 432 415 END
START -11152 -2172 -12520 -1108 -1670 486 629 407 414 432 415 END
START -11576 -2192 -11920 -956 -4074 1225 630 407 413 432 416 END
START -11432 -236 -11800 -809 -7259 2116 630 407 417 432 416 END
START -11796 -1120 -11584 -525 -9655 3047 631 407 411 431 416 END
START -11392 -96 -12024 -502 -12070 3718 631 408 412 431 418 END
START -10616 460 -12112 -172 -11679 3457 631 410 413 433 418 END
START -11800 -748 -10484 -175 -11135 2952 631 410 414 432 419 END
START -12868 -424 -10596 -510 -13222 3034 631 411 414 433 421 END
START -14700 -2908 -11512 -803 -18373 3629 629 415 416 435 423 END