START -5936 14216 -436 -778 -1249 2174 515 406 400 438 415 END
START -5280 12896 244 -892 -1264 1796 518 410 367 434 422 END
START -5532 14596 -12 -1350 457 2534 513 407 397 444 413 END
START -8808 14032 2612 -1580 -641 2202 514 406 397 436 410 END
START -6320 13148 1488 -1345 -702 1083 528 401 391 434 387 END
START -5384 14196 1236 -1400 -417 566 511 406 400 438 408 END
START -6000 13968 1552 -1525 -373 719 509 408 396 437 411 END
START -6068 14424 1136 -1610 452 1096 512 408 394 441 414 END
START -5028 14496 468 -1577 914 922 512 407 397 437 408 END
START -7524 13228 2692 -1656 -46 176 510 400 370 395 411 END
START -6896 12728 2636 -1528 -1274 -402 509 404 392 437 416 END
START -7088 12832 2596 -1346 -1399 -730 512 407 396 434 411 END
START -6120 12592 2280 -1359 -1039 -1009 548 411 400 391 411 END
START -5424 14008 1540 -1192 -750 -1355 519 406 402 435 412 END
START -6216 14412 2820 -1026 -951 -1908 512 405 397 432 413 END
START -6468 14740 3568 -1405 -687 -531 513 406 398 439 414 END
START -7816 12520 3084 -1429 -1451 -1120 512 407 398 438 412 END
START -4060 13680 2580 -1073 -1145 -1171 514 405 397 435 408 END
START -7476 14544 3728 -870 -65 -107 512 405 395 436 412 END
START -6232 11964 612 -426 789 -618 513 422 403 439 417 END
START -8244 15996 1540 -92 1317 -701 512 405 391 435 412 END
START -7548 12956 2220 -865 420 -623 512 415 397 438 409 END
START -7360 15620 1956 159 2026 435 514 410 396 443 417 END
START -9184 12252 4428 -552 572 966 513 406 398 438 413 END
START -5508 15128 60 619 1492 884 515 406 398 444 408 END
START -8228 13112 2956 -354 -919 570 514 407 397 437 414 END
START -3720 13200 -2720 875 274 5 516 385 348 435 412 END
START -7540 15640 2800 -345 670 857 515 411 395 433 414 END
START -9900 11144 3652 -432 -678 -97 513 405 396 438 409 END
START -2504 15964 -1228 -223 1512 819 511 377 398 443 357 END
START 3280 12328 -4444 -956 73 649 514 405 397 440 412 END
START 4096 11448 -5836 -327 2661 342 464 403 395 427 425 END
START -17064 16028 9180 146 1953 1269 521 408 395 434 423 END
START -4436 14456 -272 -633 2755 1445 506 409 400 445 411 END
START -6728 12360 1064 -913 815 646 513 409 398 439 411 END
START -348 15412 -7524 -10 2104 334 514 403 399 439 407 END
START -9272 15884 3904 -650 1052 594 492 403 401 431 434 END
START -3588 12688 -896 -961 332 129 514 411 395 437 414 END
START -8400 12312 2068 -553 87 -394 520 407 400 433 412 END
START -10116 16228 3740 -291 565 389 514 409 396 439 415 END
START -10552 14096 4492 -1200 -843 305 515 407 396 438 413 END
START -8764 12856 2244 -700 -242 -467 505 416 399 470 411 END
START -15916 16640 9296 -801 12 550 513 405 399 437 409 END
START 2556 12632 -5304 -840 1917 -60 521 407 397 440 410 END
START -11400 16196 1548 -140 180 -136 510 407 366 429 407 END
START 7792 14744 -6408 -521 5606 178 514 409 418 438 408 END
START -4404 12600 1688 -71 6113 -1055 514 406 396 437 414 END
START 7520 17068 -7932 1036 19208 -235 517 407 398 440 412 END
START -2452 15124 -1100 391 20664 -664 512 412 396 437 414 END
START -21592 14528 14272 345 23363 -2375 511 406 396 436 412 END
START -136 16340 -532 673 29279 -547 508 405 396 438 405 END
START -16548 12564 8468 -45 29365 -1856 509 405 397 436 411 END
START 3416 14744 -10264 428 32767 -3058 507 407 397 432 411 END
START -7204 10112 -2168 888 32767 -2708 508 410 408 433 408 END
START -10320 10764 -4084 2511 32767 -957 509 412 403 432 411 END
START -5680 12452 -8288 3281 32767 1840 513 412 409 438 422 END
START -9852 10688 -3868 3589 32767 476 518 425 395 445 435 END
START -10940 12188 -3728 3699 25391 -832 514 427 444 456 438 END
START -5940 14556 -6408 3213 22696 -402 518 438 443 467 452 END
START -676 10848 -9104 3438 20356 -457 503 453 463 484 521 END
START -2628 14836 -10568 3580 18107 -776 525 459 472 497 479 END
START -10104 14808 -2108 3350 16626 529 526 470 484 511 493 END
START -6352 11048 -7216 3940 12120 -358 526 479 494 525 501 END
START -5316 12368 -10120 4204 8259 -1496 527 490 503 533 515 END
START -6336 15604 -9892 3483 6953 -937 528 495 509 544 518 END
START -3504 13480 -11088 2090 7572 -1044 529 501 514 544 520 END
START -3508 11636 -12628 2209 8875 -1287 497 517 504 525 526 END
START -2616 15492 -10420 2025 10576 -664 534 530 504 531 499 END
START -7580 14232 -6436 1164 9811 249 535 580 486 505 485 END
START -7584 11808 -6544 1472 7447 -1653 540 627 462 524 461 END