START -12276 1716 7404 -302 -2170 340 624 391 393 423 424 END
START -12308 1372 7600 -229 -2113 324 625 392 393 422 425 END
START -12368 1440 7748 -298 -1944 -13 624 393 395 423 426 END
START -11808 1824 7532 -296 -1298 -128 624 393 394 423 426 END
START -12436 1480 7660 -361 -231 -256 625 393 394 423 426 END
START -13124 1396 7896 -522 208 -345 625 393 395 424 426 END
START -13184 1400 7656 -507 424 -215 625 393 395 423 428 END
START -14192 1284 7788 -741 479 -53 623 393 395 423 426 END
START -13792 2080 7588 -741 829 311 624 395 395 424 427 END
START -13320 1956 7268 -659 1282 318 624 394 395 424 426 END
START -12996 1400 6708 -663 1894 242 625 393 394 423 427 END
START -12980 664 6324 -723 2809 274 624 392 395 423 426 END
START -13080 648 6080 -630 3468 389 624 393 395 422 425 END
START -13052 1072 5868 -313 3712 595 624 393 395 423 425 END
START -13276 2584 6768 -85 3294 946 625 393 395 423 425 END
START -14132 3320 8668 -451 2713 1048 624 392 396 422 424 END
START -13724 20 7068 -774 2746 394 624 393 396 423 424 END
START -12836 1308 6116 133 3302 402 625 393 397 422 423 END
START -13824 3516 9324 -473 2025 948 624 394 397 423 423 END
START -13056 -224 6400 -412 2552 -111 624 392 399 422 423 END
START -13324 3788 8704 -422 2793 578 625 393 399 423 422 END
START -12764 -700 4520 -262 4692 -426 624 394 399 423 424 END
START -14508 3268 8392 -323 5491 290 624 393 399 422 423 END
START -13172 1144 3436 423 8203 -456 626 393 397 421 424 END
START -15808 1100 7328 -711 7359 -138 624 392 400 421 420 END
START -15576 4092 7052 280 8975 101 625 394 400 421 421 END
START -14076 -284 2252 176 9397 -805 625 393 402 422 423 END
START -15028 396 6200 -225 9235 -889 626 392 403 422 420 END
START -12016 3256 4640 1305 14376 -1397 622 395 404 421 420 END
START -10916 1676 1100 2015 18767 -2317 627 394 404 422 420 END
START -12092 -468 416 1784 21397 -3495 627 394 404 423 420 END
START -14604 -1332 2016 963 22159 -4695 627 395 403 422 418 END
START -15648 180 3400 198 22733 -5327 628 395 403 422 418 END
START -15436 1352 3144 158 23966 -5841 628 395 401 422 418 END
START -13244 3328 732 428 27635 -6663 628 396 402 421 417 END
START -13808 3188 -1116 1129 30506 -6991 628 396 401 422 417 END
START -14456 3072 -2852 1017 31046 -6943 629 396 401 423 417 END
START -15252 2180 -5192 998 29185 -6682 630 396 400 422 416 END
START -15084 2040 -6848 1219 27368 -6633 624 397 400 422 416 END
START -14592 2864 -6556 787 26520 -6484 630 396 401 422 417 END
START -14060 2220 -7524 589 27090 -6150 630 397 400 422 416 END
START -14324 1532 -7536 735 28226 -6291 629 396 400 422 416 END
START -13800 1616 -7904 814 29118 -6679 629 397 401 424 417 END
START -14564 1584 -8096 827 29881 -6264 629 398 400 423 415 END
START -14412 1252 -8772 700 28747 -5747 628 398 401 424 416 END
START -14576 368 -8820 535 26959 -5080 625 400 403 425 416 END
START -14560 -1988 -9356 260 24502 -5020 628 398 402 423 416 END
START -13780 -4908 -10588 243 21590 -5096 627 400 401 424 415 END
START -11924 -6652 -12504 668 19021 -5711 627 399 402 424 416 END
START -9096 -5372 -19052 1438 19268 -5669 626 398 402 424 417 END
START -6728 -620 -17308 1520 22389 -5231 625 399 402 426 417 END
START -14976 72 -12732 1453 20982 -4531 625 399 402 425 417 END
START -13788 -220 -13848 1600 17953 -4003 624 399 403 424 417 END
START -8676 -1316 -18172 1607 13408 -3249 624 399 399 424 417 END
START -11968 -272 -15808 1357 9098 -2654 624 398 402 424 416 END
START -8120 -1208 -18564 908 7741 -2088 624 400 403 424 416 END
START -7368 -2592 -19536 573 6861 -1550 623 400 404 424 416 END
START -9164 -3308 -18660 390 4648 -1288 624 401 404 424 416 END
START -7764 -4808 -19264 436 1987 -948 624 401 402 425 418 END
START -7792 -5724 -18564 402 -944 -612 625 401 404 424 418 END
START -7376 -5796 -18056 203 -2602 -350 625 400 404 424 417 END
START -6212 -6260 -18636 74 -2645 -155 626 401 404 425 417 END
START -5960 -6148 -18496 -114 -2353 -63 625 401 405 425 417 END
START -7244 -5872 -17592 -40 -2701 273 625 396 405 425 418 END
START -9204 -7456 -15840 89 -5213 841 626 392 405 425 418 END
START -9748 -7592 -15608 351 -9347 1764 626 401 405 425 418 END
START -9112 -7416 -17220 854 -12081 2736 626 402 404 425 419 END
START -9076 -6640 -17936 1302 -13944 3844 625 404 395 427 420 END
START -10040 -1940 -16684 1528 -16606 5573 626 404 403 426 420 END
START -15100 -12 -11640 897 -20821 7370 626 406 403 427 420 END