START -8908 12812 -32 -920 -213 495 516 385 401 435 402 END
START -8836 12940 -160 -962 -267 416 567 383 411 443 406 END
START -8448 12884 -544 -890 -380 40 524 385 403 441 402 END
START -8528 12996 -636 -973 -65 89 517 383 406 436 401 END
START -9216 13108 -388 -855 705 337 517 387 404 428 395 END
START -9896 12832 -184 -692 645 556 518 386 403 436 402 END
START -9728 13276 -472 -411 805 661 517 385 405 437 402 END
START -9348 13280 -88 -601 84 968 517 387 402 436 402 END
START -8216 13600 -1628 -245 1486 652 517 385 406 436 401 END
START -8120 13212 -1592 -462 2733 499 512 382 409 436 400 END
START -9348 13776 112 -354 4211 1263 516 384 403 442 401 END
START -11008 14752 1580 -297 3468 2556 515 382 399 432 407 END
START -11016 13992 96 -1652 295 2685 513 383 400 431 408 END
START -10256 13672 -176 -2252 -1621 1272 512 380 408 433 402 END
START -7740 13028 -2732 -2680 -765 -2 511 382 404 433 402 END
START -6972 13432 -3068 -2056 1513 -33 510 381 401 434 404 END
START -7572 14976 -508 -1694 3140 1818 510 381 400 435 403 END
START -9004 13800 836 -1636 3768 1039 522 379 403 431 405 END
START -7060 11792 -4112 -1567 5314 20 511 381 398 428 404 END
START -8080 14528 -808 -1222 7851 1094 511 376 392 429 385 END
START -8672 11896 -1360 -1693 7150 1200 514 384 401 414 403 END
START -8252 14384 -2644 -1269 8007 1389 516 383 400 430 403 END
START -7308 10520 -4372 -1665 5643 -390 525 385 398 430 403 END
START -7680 13960 1464 -741 6500 -241 522 391 395 430 408 END
START -4848 11296 -4712 -194 7866 -745 529 397 390 433 407 END
START -7456 12644 1064 214 8867 109 534 417 386 437 408 END
START -6388 16552 -7812 1238 11368 -616 543 441 385 436 409 END
START -12768 11744 1284 853 9009 -159 548 472 383 433 409 END
START -6788 13212 -5684 799 8310 -990 552 495 366 423 413 END
START 4700 13768 -13096 1164 12802 -1228 553 521 392 439 409 END
START -17172 11672 3032 980 10646 -791 555 542 394 434 408 END
START -11092 16928 -6772 1499 14326 727 553 568 383 430 400 END
START -3268 14884 -7584 1289 17509 610 554 592 402 411 357 END
START -5244 12480 -6124 1149 17083 -353 552 610 404 433 405 END
START -7792 13532 -7992 491 11495 -195 546 619 408 438 408 END
START -11576 15212 -1916 -53 9993 954 545 627 406 435 408 END
START -5916 12016 -6460 -1085 8749 -78 543 633 411 434 407 END
START -6048 15072 -7616 -434 10115 136 539 646 413 433 418 END
START -9768 11376 -3536 -983 9744 583 537 645 409 433 414 END
START -6088 15004 -9856 -289 10683 1275 539 650 414 436 410 END
START -16888 11976 2544 -552 8587 612 498 653 405 435 411 END
START -13372 14724 -5708 -15 9466 -155 535 654 415 439 415 END
START -4308 14196 -8860 48 11400 271 532 661 414 437 411 END
START -24740 11524 6964 -75 7274 -541 531 646 414 438 412 END
START -2528 11672 -9640 58 10534 -902 528 663 411 436 409 END
START -9132 14476 -4864 1244 11651 92 530 664 415 437 414 END
START 232 15492 -10148 1329 14226 542 532 665 411 442 415 END
START -1656 12732 -10872 1094 10883 1037 531 664 415 438 413 END
START -3836 10640 -11076 1346 9146 -1367 532 665 416 439 413 END
START -7284 13920 -7688 2248 10591 -3075 532 667 416 444 415 END
START -5604 12840 -5524 2191 11433 -2825 532 686 416 438 414 END
START -9296 12920 -2900 2478 12379 -1386 531 667 416 440 414 END
START -11012 13520 -6544 3380 11291 996 532 661 409 451 417 END
START -5856 10516 -9292 3156 9299 -2101 528 668 422 441 423 END
START -4300 9760 -11580 3762 9117 -4931 528 667 415 443 416 END
START -796 16768 -12836 3264 13216 -3474 531 671 416 443 416 END
START -8700 12156 -7132 3433 10916 335 526 667 417 443 418 END
START -7536 8608 -10456 3559 7927 -1186 527 668 416 444 418 END
START -3536 10980 -15156 4612 8929 -3543 527 666 417 444 418 END
START -5804 13436 -10388 4186 10782 -2817 524 667 414 442 408 END
START -3648 11556 -11452 2243 14780 -1777 522 668 416 449 418 END
START -12348 12248 -2932 2862 14179 410 521 662 414 448 420 END
START -9344 7280 -8120 3695 13721 -1047 525 661 411 444 421 END
START 3396 9740 -18128 3700 14254 -2695 516 659 414 446 420 END
START -5768 12100 -9508 3668 15910 -2057 513 656 414 444 421 END
START -11616 9788 -3268 3674 15678 -1943 512 655 416 447 421 END
START -9528 9036 -7724 4749 15298 -794 510 654 416 448 422 END
START 1180 11224 -15780 4792 12520 -50 509 654 416 447 420 END
START -5036 11660 -10704 4239 6343 596 509 656 416 448 422 END
START -5932 9292 -11112 3799 756 140 473 652 417 450 423 END