START -15756 800 3840 -1015 -85 -139 627 423 409 434 440 END
START -15712 924 4080 -1106 -93 -144 627 423 408 434 440 END
START -16132 624 3872 -1178 -356 -77 627 423 409 434 436 END
START -16104 588 3700 -1135 -900 60 627 423 408 432 440 END
START -15852 452 3480 -1120 -1625 202 627 423 408 432 439 END
START -15312 608 3520 -768 -2102 400 627 417 408 432 439 END
START -15468 496 3716 -654 -2539 479 627 422 408 432 440 END
START -14336 1048 3384 -302 -2246 693 628 422 408 432 439 END
START -14344 896 3104 -26 -1547 449 627 422 408 432 440 END
START -14532 -8 3004 72 -693 409 627 419 409 432 439 END
START -15340 -424 3360 214 387 578 627 418 408 432 439 END
START -15580 -660 3276 366 1163 671 628 417 409 431 438 END
START -15236 -1056 3204 856 1919 582 626 417 408 432 438 END
START -15020 -492 2608 1445 2553 498 629 417 410 433 440 END
START -14500 1728 3228 1453 2933 663 627 417 409 433 439 END
START -15664 1844 4484 621 2471 1137 627 416 409 435 439 END
START -15032 -1336 1816 672 3085 133 628 415 411 436 438 END
START -14380 1712 2060 1874 3887 271 627 416 409 434 439 END
START -15544 512 3444 1237 3727 294 628 416 410 434 439 END
START -12808 324 -156 2750 7150 -977 629 413 410 434 439 END
START -12652 552 2908 2115 9020 -484 628 415 410 434 439 END
START -13356 3188 1276 2800 14521 -347 628 414 409 434 438 END
START -15680 -676 -524 1458 15366 -1165 629 414 410 434 438 END
START -18948 1056 3216 848 13258 -737 628 413 410 433 437 END
START -17412 3168 1400 1713 12609 -1202 629 412 409 433 437 END
START -16260 308 -1508 1312 10214 -1943 630 411 409 432 437 END
START -15084 -932 -1192 -163 7322 -1263 630 412 410 432 436 END
START -15128 -876 -556 -1009 8279 -603 630 411 409 432 437 END
START -14808 1324 176 -632 12329 -677 630 411 409 432 436 END
START -13688 3140 -2512 450 18274 -749 630 413 409 432 436 END
START -13424 2120 -5776 936 23722 -1081 630 411 409 431 435 END
START -14424 1464 -7156 1483 26446 -1459 630 411 409 431 435 END
START -15588 204 -7300 1539 25998 -1791 630 409 409 431 434 END
START -15412 1640 -7244 1409 23816 -2439 631 410 410 431 434 END
START -14832 964 -7920 1284 21134 -2713 631 410 409 431 429 END
START -12916 236 -8636 1371 19468 -2905 630 408 409 431 433 END
START -12356 372 -9960 1728 19154 -2938 630 409 410 431 433 END
START -12056 916 -10536 1951 19208 -3175 630 410 410 432 433 END
START -11844 1540 -10928 2391 20519 -3101 631 410 410 431 434 END
START -13684 3000 -8580 2580 20920 -2754 631 408 411 431 432 END
START -14688 2768 -8048 2721 19504 -2835 631 408 410 431 432 END
START -14404 2048 -7528 2771 17718 -3352 631 408 410 431 432 END
START -12404 -2832 -9412 1894 18017 -3668 631 408 411 431 431 END
START -7672 -4888 -13264 2120 20214 -4894 631 407 410 432 429 END
START -13496 -3648 -13588 2560 21153 -5567 630 407 411 432 430 END
START -10076 -212 -14980 3096 24695 -6393 630 407 410 433 431 END
START -14672 1500 -10696 3196 24662 -5428 629 407 410 433 430 END
START -10404 972 -12960 3397 24897 -5072 628 408 411 433 429 END
START -17300 268 -8896 3451 19751 -4430 627 406 410 433 424 END
START -14032 -2512 -12256 3528 13403 -3744 626 406 410 434 428 END
START -11336 -6516 -14688 3407 6862 -3268 627 407 410 434 428 END
START -7272 -6724 -16268 2983 4027 -2972 626 407 412 435 427 END
START -9856 -5404 -18876 2390 2593 -2347 628 407 412 434 427 END
START -6876 -5168 -22276 2006 1654 -1817 626 406 411 435 427 END
START -7928 -4996 -22232 1519 -839 -1175 627 407 412 436 428 END
START -8888 -5200 -19380 1039 -1654 -676 627 408 412 436 428 END
START -5936 -4216 -21952 743 -1778 -225 627 408 413 436 431 END
START -9128 -4400 -17152 658 -2708 379 629 407 412 436 429 END
START -10972 -4624 -15132 670 -6025 1172 628 412 413 435 429 END
START -10120 -4908 -16088 1173 -10245 2125 627 408 413 438 431 END
START -10536 -1780 -16048 1686 -13363 3148 628 407 412 438 431 END
START -9036 -1496 -17188 1393 -13578 3927 627 409 413 439 432 END
START -9912 436 -14564 693 -12448 4243 627 410 413 440 433 END
START -11632 312 -13324 225 -11443 4416 627 411 415 440 434 END
START -14340 640 -12004 -541 -15414 5221 626 412 413 442 434 END
START -15136 -68 -11808 -1026 -21911 6622 626 414 415 443 435 END
START -14268 -3928 -11904 -1622 -24746 6960 626 415 416 444 437 END
START -10376 -6148 -14672 -2082 -21520 4787 626 416 416 445 438 END
START -8856 -2900 -16248 -2213 -15741 3685 626 419 417 445 438 END
START -11888 2032 -12772 -2740 -12284 4615 626 419 419 446 437 END