START -13968 1592 5356 -754 1355 -554 625 405 403 431 432 END
START -13940 1456 5112 -681 1680 -619 625 404 402 432 432 END
START -13964 1300 5024 -556 2532 -726 625 406 403 432 432 END
START -15044 1568 5484 -541 2747 -797 625 406 402 431 432 END
START -15856 1432 5416 -542 1869 -594 625 406 403 431 432 END
START -16144 1340 5288 -417 368 -301 625 406 406 431 433 END
START -16068 1528 5324 -502 -944 -147 620 406 403 431 434 END
START -14796 1736 4836 -422 -1133 62 625 405 402 431 432 END
START -14568 1140 4552 -286 -482 -24 626 406 403 431 432 END
START -15392 696 4592 -561 -50 108 626 406 402 431 432 END
START -15488 1104 5072 -935 -168 265 625 407 403 433 432 END
START -15656 1212 5240 -1074 -588 328 626 406 402 432 433 END
START -15628 460 4772 -1209 -1239 157 625 406 403 425 432 END
START -15280 -32 4080 -1142 -1806 -9 625 406 403 431 432 END
START -14664 956 3520 -838 -2406 175 625 406 403 430 432 END
START -14552 3076 5420 -1267 -3412 897 626 405 401 429 431 END
START -14792 228 5252 -2012 -3803 399 626 409 403 430 432 END
START -12892 1416 3680 -997 -2281 -14 625 406 404 430 431 END
START -14400 2360 6752 -1935 -2955 386 626 405 403 429 432 END
START -13096 772 3620 -901 -1453 -586 627 406 402 430 433 END
START -15028 736 6780 -2028 -2844 -210 626 406 403 430 432 END
START -13860 2372 4832 -985 -1790 -407 626 405 402 429 431 END
START -15140 -1156 4440 -2075 -2305 -653 627 404 403 428 436 END
START -16792 2588 7824 -2288 -2570 538 626 404 402 428 431 END
START -15612 3688 5316 -1562 -318 701 625 404 402 428 431 END
START -15112 124 2084 -1787 2034 559 625 405 402 426 432 END
START -16888 344 5908 -2826 3086 1363 626 405 399 426 432 END
START -16120 4596 7096 -2564 6477 2035 626 405 402 425 431 END
START -13620 4176 3520 -1951 11255 2039 626 405 402 425 431 END
START -12000 1820 772 -2049 16465 1472 628 405 402 425 431 END
START -12784 -548 1372 -2214 20712 1170 627 405 402 425 431 END
START -14732 -1760 2528 -2733 21044 321 628 405 402 424 431 END
START -15232 -2760 2928 -2721 19677 -309 628 406 396 425 432 END
START -14744 -1896 3416 -2150 18210 -1157 629 405 402 427 431 END
START -11720 -2360 8 -1339 18864 -1489 629 406 401 427 430 END
START -11328 -1756 4 -550 21165 -1712 631 406 403 427 430 END
START -12664 760 2380 -658 23046 -2144 630 405 404 427 431 END
START -14004 568 1496 -1057 23371 -2276 632 406 405 427 430 END
START -14608 -756 32 -1129 23230 -2904 629 405 403 429 430 END
START -13424 -2232 -2048 -925 24482 -3751 630 405 402 429 429 END
START -13088 -2992 -4608 -136 27879 -3761 630 406 403 428 429 END
START -13568 -4500 -9272 995 31325 -4417 630 406 401 429 428 END
START -12924 -4364 -11112 1992 32767 -5556 630 405 403 428 428 END
START -13684 -1152 -12852 3638 32767 -5139 629 406 404 429 428 END
START -16588 2100 -9004 4687 32767 -4655 629 405 404 429 427 END
START -16980 2412 -7212 4732 30098 -4261 629 406 404 428 427 END
START -15972 984 -7072 4866 26556 -3995 629 406 405 428 427 END
START -16136 -1052 -6940 4821 22915 -3972 629 405 405 429 427 END
START -12900 -5504 -9856 4642 19441 -4857 628 405 404 428 426 END
START -15380 -4388 -9188 5431 18113 -4700 627 404 405 430 426 END
START -3608 -3204 -22968 6319 16956 -4036 627 404 406 429 425 END
START -18764 2188 -8424 6295 11476 -3303 625 405 398 429 425 END
START -10316 1560 -13976 6040 10142 -3153 625 404 406 430 425 END
START -5448 1652 -16796 5210 11218 -2951 624 404 407 431 425 END
START -12188 1296 -11064 4224 11130 -2702 624 404 406 432 425 END
START -10048 -448 -13180 3304 9931 -2884 624 405 406 432 425 END
START -11760 -5324 -12892 2734 7541 -3126 624 405 407 431 425 END
START -9256 -7284 -16028 2523 6990 -3515 623 404 406 431 425 END
START -7464 -8600 -19440 2077 7062 -3026 623 405 407 431 424 END
START -7228 -3684 -22768 2142 6268 -2456 624 405 407 431 425 END
START -4044 -2216 -22976 1959 5496 -1703 623 402 407 432 425 END
START -13512 -724 -14756 1124 1920 -889 623 401 407 431 425 END
START -15248 -64 -12960 402 1416 -423 623 406 407 432 426 END
START -8584 -216 -17056 15 1011 74 623 406 408 432 424 END
START -8728 -4992 -19024 -314 -793 199 624 406 407 431 426 END
START -10056 -4848 -18032 -609 -2642 788 624 406 408 432 426 END
START -8680 -2164 -18160 -698 -4257 1477 623 406 408 432 426 END
START -10320 -1704 -16468 -745 -6853 2568 624 406 408 432 425 END
START -10116 -1092 -16088 -909 -9461 3814 625 406 408 432 426 END
START -12616 268 -12248 -1218 -12613 4876 625 407 407 432 426 END