START -13868 540 6824 -860 573 467 629 394 392 424 431 END
START -13868 508 6744 -853 656 448 629 394 393 424 431 END
START -13432 308 6620 -779 1204 384 629 394 391 423 431 END
START -13068 212 6224 -653 2294 316 628 393 392 423 431 END
START -13324 380 6208 -470 3406 184 630 395 392 423 430 END
START -13596 372 6376 -350 4050 -39 629 393 392 423 430 END
START -14244 556 6604 -490 3830 -73 629 394 393 424 430 END
START -14272 508 6312 -331 3125 -214 629 393 391 424 430 END
START -14572 -148 6212 -491 1499 -337 630 394 392 425 430 END
START -14836 -232 6672 -787 213 -200 630 393 392 424 430 END
START -14240 232 6436 -1023 11 -78 630 394 393 425 431 END
START -14120 448 6432 -1049 393 -67 630 394 393 425 431 END
START -14240 60 6300 -1063 850 -256 631 395 393 425 431 END
START -14380 -756 5520 -1011 1295 -647 631 387 392 424 430 END
START -13852 -44 4516 -383 1982 -647 629 394 393 426 431 END
START -14656 2108 6556 -567 1424 -19 630 394 393 425 431 END
START -15400 264 7124 -1292 780 -116 630 394 392 426 431 END
START -13984 68 4112 -399 2379 -333 630 394 392 425 430 END
START -15460 1828 7752 -874 2063 607 630 393 392 426 432 END
START -14500 -1164 4000 -732 3441 -118 630 394 392 425 431 END
START -15556 1732 7772 -961 3714 875 628 394 393 425 430 END
START -13820 -528 3088 -239 6441 180 630 394 392 426 431 END
START -16168 820 7332 -1014 6855 814 630 394 393 425 430 END
START -13908 1524 3228 323 11218 701 630 394 392 425 430 END
START -13752 -1980 2108 -704 13857 443 629 394 392 424 430 END
START -14960 1972 5888 -556 18420 761 630 394 392 423 430 END
START -13492 3184 2644 502 24832 675 629 393 392 423 428 END
START -14744 -1112 -640 51 26977 264 629 393 391 422 428 END
START -18396 -384 3536 -889 24765 480 627 393 392 422 428 END
START -18196 1724 3780 -825 23182 683 628 392 392 421 428 END
START -15980 3084 -72 -153 22321 543 629 393 393 422 428 END
START -14272 -568 -3820 -144 20961 -199 628 393 391 421 427 END
START -12700 -20 -4856 -617 20063 -679 629 394 392 420 426 END
START -12704 -2580 -4496 -1222 20739 -778 629 394 391 420 428 END
START -13552 -2360 -5644 -1275 21683 -1006 629 394 392 420 425 END
START -13656 -1932 -7724 -1127 21531 -1241 629 394 391 419 427 END
START -13764 -2488 -8368 -552 20961 -1469 629 394 392 419 427 END
START -13408 -760 -9532 -288 20483 -1434 629 394 391 419 427 END
START -13112 -964 -10372 -69 20214 -1553 629 395 391 419 427 END
START -13136 1500 -10212 301 20093 -1174 629 395 391 419 427 END
START -13132 1628 -10596 386 19498 -1553 630 396 392 418 426 END
START -12804 2216 -10660 504 19474 -1608 629 395 391 418 426 END
START -12880 2488 -11012 470 18872 -1479 629 395 391 418 427 END
START -14636 3072 -7536 294 17340 -1622 629 395 392 421 426 END
START -14224 2280 -7604 266 16154 -1732 629 395 391 419 427 END
START -13720 456 -7440 119 15369 -1950 630 396 391 419 426 END
START -12340 -1988 -9364 151 16294 -2394 628 386 392 419 427 END
START -9152 -4116 -13488 604 17860 -2758 630 395 392 421 427 END
START -9548 -4940 -13836 1160 17045 -3227 628 395 391 420 429 END
START -9124 -2804 -17728 2043 15124 -3407 629 396 391 420 426 END
START -708 -2608 -24128 2663 16485 -3414 628 396 392 420 426 END
START -16788 2484 -9864 3089 14140 -2666 628 396 392 420 425 END
START -8744 2076 -14700 3492 13534 -2285 628 396 392 421 426 END
START -7956 1948 -13680 3275 11337 -1932 621 396 392 421 425 END
START -14008 604 -8652 3131 8866 -1953 628 396 392 420 425 END
START -12452 -1420 -9604 3464 9315 -2043 628 396 392 420 425 END
START -9564 -4104 -13148 3404 8081 -2469 628 397 393 421 424 END
START -11040 -6136 -16256 3505 5704 -2461 627 396 393 421 424 END
START -7520 -5320 -20060 3650 4952 -2109 627 397 394 422 424 END
START -7996 -460 -18968 3155 4357 -2187 627 397 394 422 424 END
START -10876 708 -16540 2830 5812 -1367 627 397 394 422 428 END
START -14180 1196 -14232 2288 5043 -808 628 399 399 423 424 END
START -8636 672 -18288 1817 3912 -732 628 397 395 423 425 END
START -9436 -796 -18300 1339 2792 -804 627 397 396 423 424 END
START -5080 -400 -20748 725 1804 -250 627 398 396 423 423 END
START -6572 -1592 -20412 1 59 473 627 399 395 423 424 END
START -8552 -3000 -20060 -537 -2477 595 628 399 398 423 423 END
START -8424 -1572 -19940 -666 -4760 1560 628 399 397 423 424 END
START -12148 476 -15596 -1028 -9358 3344 628 401 398 424 425 END
START -15160 1952 -11924 -1989 -15465 5477 628 401 399 425 426 END