START -13560 7700 -3268 -904 -954 346 661 590 616 663 626 END
START -13564 7536 -3512 -924 -893 320 660 589 617 663 626 END
START -13412 7608 -3380 -865 -526 202 661 589 617 662 626 END
START -13584 7756 -3180 -743 -239 201 661 589 616 663 627 END
START -13488 7732 -3108 -559 -276 158 661 589 616 663 627 END
START -13808 7424 -3324 -491 -572 114 661 589 616 663 626 END
START -13092 7748 -3664 -310 -296 -14 661 589 616 663 626 END
START -13940 7216 -2912 -396 -517 -237 661 589 616 663 626 END
START -13484 8312 -2560 -227 -209 74 661 589 616 663 626 END
START -13096 8204 -4152 66 -202 -173 660 589 615 662 626 END
START -12988 7916 -4552 65 -830 -637 661 589 616 663 626 END
START -12384 7508 -5008 -184 -673 -984 661 589 616 663 627 END
START -13176 7472 -5516 -421 209 -967 661 588 616 663 626 END
START -12512 7516 -5992 -616 277 -855 661 589 616 662 627 END
START -11868 7684 -6628 -710 496 -654 661 589 616 663 626 END
START -10536 7520 -7376 -770 175 -400 661 589 615 663 626 END
START -12400 7804 -6096 -787 -38 -203 661 589 616 661 627 END
START -9572 7492 -7476 -723 -341 -126 661 588 616 663 626 END
START -15220 8284 -3240 -586 -237 -71 661 589 615 663 627 END
START -13220 8148 -4780 -427 473 -93 661 589 616 663 627 END
START -14380 8832 -4224 -346 1344 -164 661 589 615 662 627 END
START -14576 8900 -4580 -269 2392 149 660 589 616 663 627 END
START -11428 10328 -6964 -428 2785 437 660 589 616 663 626 END
START -14928 12020 -3504 -936 1822 1262 660 589 617 664 627 END
START -15708 11980 -2964 -1334 643 2134 659 589 617 664 627 END
START -11248 12436 -6152 -1866 998 2956 658 590 617 664 627 END
START -15120 13044 -2600 -2641 790 3834 653 591 618 664 627 END
START -16676 12468 -836 -3487 70 4829 658 591 618 664 627 END
START -16224 12312 -828 -4275 -1189 5597 659 592 618 665 627 END
START -14064 11336 -1356 -5108 -3010 6395 658 589 619 664 627 END
START -13960 9876 -1024 -5788 -4126 6343 658 594 619 665 628 END
START -10448 7032 -3556 -6222 -2923 5386 655 595 620 665 627 END
START -11128 6348 -3004 -6498 -2206 4102 659 594 620 665 629 END
START -8784 5492 -4644 -6617 -907 2209 658 590 619 666 628 END
START -10728 5348 -3464 -6627 -493 45 658 595 620 666 628 END
START -10388 4416 -3240 -6492 -82 -2392 656 596 621 666 628 END
START -11500 3804 -2480 -6226 842 -4916 658 597 621 668 629 END
START -8272 2704 -5756 -5744 2289 -7232 658 597 621 667 628 END
START -8620 2056 -6420 -4901 2856 -9191 658 596 621 666 629 END
START -12740 2544 -4444 -3832 2956 -10372 658 596 620 667 625 END
START -7968 3168 -7456 -2522 3843 -11210 658 597 621 667 628 END
START -12704 4432 -4420 -1350 3067 -11023 658 596 621 665 628 END
START -12252 2576 -6168 65 4412 -11187 659 597 621 667 628 END
START -15080 2416 -5096 1214 4321 -10422 658 596 621 666 628 END
START -18316 2416 -2936 2327 3772 -9529 658 596 622 667 628 END
START -22112 3420 124 3394 3398 -8333 659 596 621 667 628 END
START -21564 3904 -240 4481 3647 -7086 656 596 622 667 628 END
START -23812 5096 1348 5372 3567 -5995 659 595 621 667 628 END
START -17700 4860 -3220 5996 3133 -4847 660 596 622 667 629 END
START -20388 4084 -2292 6401 1723 -3811 658 595 621 667 629 END
START -22016 5104 -1836 6688 486 -2745 659 595 621 667 629 END
START -20444 6024 -3436 6799 -1126 -1435 659 595 622 667 629 END
START -20780 7092 -3676 6656 -2747 1 660 595 621 666 629 END
START -19592 8288 -4216 6020 -3473 1232 660 595 621 667 629 END
START -16028 9388 -6216 4907 -4257 2869 660 595 621 667 629 END
START -16928 10224 -5172 3919 -4823 4434 660 597 621 667 628 END
START -16628 10796 -4232 3056 -5522 6201 657 595 621 667 629 END
START -10996 11692 -7672 1866 -5042 7789 660 596 621 667 629 END
START -13548 12872 -4584 389 -5470 9275 660 596 621 667 629 END
START -9400 11120 -7164 -874 -4943 10115 660 596 621 667 629 END
START -13004 11204 -2908 -2179 -5021 10994 660 596 621 667 629 END
START -8312 10064 -4880 -3563 -4098 11211 661 597 621 667 629 END
START -11372 10136 -1956 -4717 -3723 11171 661 598 621 667 629 END
START -8748 8276 -4136 -5671 -2530 10355 661 598 619 667 629 END
START -10396 6956 -3256 -6374 -2426 9506 661 597 622 667 629 END
START -8932 7132 -4240 -6757 -1490 8270 661 597 622 667 629 END
START -7272 7136 -5948 -7013 434 6929 661 597 622 668 629 END
START -7228 6316 -6084 -7224 1865 5618 661 597 622 667 629 END
START -9180 6488 -5696 -7406 2675 4450 661 598 622 668 629 END
START -15212 7164 -2352 -7469 3226 3554 661 597 621 668 629 END