START -14392 7008 -2428 -775 -356 186 663 598 621 667 625 END
START -14408 6984 -2672 -744 -348 224 663 598 621 667 629 END
START -14552 6916 -2772 -734 -386 263 663 598 621 667 628 END
START -14660 6860 -2800 -779 -520 335 665 597 621 667 629 END
START -14396 6780 -2916 -753 -649 371 663 597 620 667 629 END
START -14320 6636 -2884 -851 -757 378 663 598 621 667 628 END
START -13900 6748 -3280 -791 -367 174 663 597 621 667 629 END
START -14904 6240 -2672 -1000 -565 12 663 597 621 667 629 END
START -14336 7272 -2268 -929 -284 438 662 599 621 667 629 END
START -13500 7984 -3280 -783 -149 394 663 598 621 667 629 END
START -12736 7080 -4312 -597 -366 56 662 597 621 667 629 END
START -14448 6740 -3420 -592 -434 -186 663 598 622 667 629 END
START -14540 7020 -3420 -551 -367 -309 662 597 621 667 628 END
START -14276 7244 -3964 -473 -452 -196 662 597 621 666 629 END
START -16452 7204 -2336 -323 -354 -50 662 597 621 667 629 END
START -12548 7468 -5036 -185 102 -23 662 597 621 667 629 END
START -15448 7580 -2928 -86 192 -11 662 598 621 667 629 END
START -17968 7644 -1496 -100 -429 -27 663 597 622 667 630 END
START -11100 7556 -6580 75 28 142 662 597 621 667 629 END
START -17568 7036 -2556 -26 -737 140 663 597 621 668 629 END
START -16632 6480 -4308 11 -794 632 663 598 621 667 629 END
START -16112 6356 -5752 -227 -1480 1464 663 597 621 667 629 END
START -19200 7772 -3028 -428 -2103 2845 663 597 622 667 629 END
START -14976 9280 -5412 -694 -1976 4262 663 597 621 667 629 END
START -15468 9996 -2972 -862 -2161 5443 662 597 621 667 628 END
START -12564 11316 -3232 -949 -1742 6199 662 596 622 667 629 END
START -15688 11520 452 -1226 -1731 6713 663 594 621 667 629 END
START -14552 10988 892 -1573 -1676 6959 662 597 621 667 629 END
START -10656 10736 -1020 -1927 -2590 7263 662 598 621 667 629 END
START -13540 11232 1444 -2173 -4587 7363 662 597 621 667 629 END
START -10184 8416 -1896 -2344 -4137 6937 662 597 621 667 629 END
START -12776 7456 -560 -2560 -4336 6427 662 598 622 667 629 END
START -13408 7900 -172 -2825 -3636 5886 664 597 621 667 629 END
START -9380 7516 -3932 -3072 -2107 5221 661 598 621 667 629 END
START -10432 7308 -4180 -3545 -1329 4588 662 598 621 668 628 END
START -13276 7864 -1492 -3987 -864 3674 661 598 620 667 629 END
START -7192 7620 -4940 -4065 546 2406 661 597 621 667 629 END
START -5488 6956 -4736 -3999 1293 654 661 598 621 667 629 END
START -8476 7020 -2644 -3775 2381 -1600 661 598 620 668 629 END
START -10980 6172 -1812 -3390 3273 -3880 662 598 621 667 629 END
START -7552 5356 -5756 -2782 4431 -6123 662 598 620 667 629 END
START -7648 5864 -5944 -2268 4500 -7854 662 598 620 667 629 END
START -13692 7108 -684 -1863 3055 -9171 661 598 621 667 628 END
START -15128 5272 -1348 -1393 3535 -10031 662 597 620 667 628 END
START -14400 4004 -2604 -1023 5367 -11201 662 598 620 667 628 END
START -20144 3720 -452 -1023 4562 -11207 663 597 620 666 628 END
START -19304 2908 -1836 -701 3488 -10895 663 597 620 666 628 END
START -19112 2320 -1936 -334 1858 -10113 662 597 620 667 628 END
START -22348 1484 772 263 712 -9481 662 597 620 667 628 END
START -20016 1584 -576 899 1824 -8734 662 596 620 667 628 END
START -18472 1624 -1280 1806 2587 -7889 662 596 620 666 628 END
START -19308 1904 -2056 3071 2620 -7296 663 595 620 666 628 END
START -20100 2560 -1572 4553 1668 -6300 663 596 620 668 628 END
START -19784 4068 -2352 5868 218 -5123 663 596 620 666 628 END
START -19008 4564 -3268 6969 -446 -4146 662 596 620 667 629 END
START -19056 6068 -2568 7462 -2018 -2655 660 595 620 667 628 END
START -18032 7516 -3556 7726 -3286 -1097 663 595 620 666 628 END
START -15108 9580 -6424 7801 -2666 658 663 594 620 666 628 END
START -17128 10908 -2740 7247 -3550 2448 663 594 620 666 628 END
START -15788 9960 -5844 6668 -3944 4128 663 595 619 666 628 END
START -15216 10660 -4024 5908 -4570 5713 662 594 619 666 628 END
START -16800 10696 -1528 4894 -4920 7010 663 595 620 667 629 END
START -14188 10508 -2244 3693 -4827 8153 662 595 620 666 628 END
START -16432 10472 160 2363 -6073 9269 663 595 620 667 629 END
START -12384 8260 -2424 1295 -5802 9958 663 595 621 666 629 END
START -12152 7468 -2420 414 -5835 10267 663 595 620 667 628 END
START -14828 8036 -504 -389 -6072 10487 663 595 620 666 628 END
START -11788 8260 -2900 -1221 -5013 10497 663 596 620 667 628 END
START -8588 8428 -5000 -2020 -3165 10209 663 597 620 666 628 END
START -9524 9860 -3900 -2897 -1883 9701 660 596 620 666 628 END