START -10636 5716 -8316 -2452 4598 -7581 581 567 593 653 604 END
START -11216 5860 -8076 -1987 4067 -7661 593 567 597 653 615 END
START -12360 5992 -7504 -637 1644 -8152 598 570 596 651 616 END
START -12380 4904 -8016 806 -678 -8577 597 569 593 648 615 END
START -13432 4732 -8860 2226 -1679 -8379 595 569 597 655 614 END
START -14420 4240 -9488 3269 -3001 -8293 595 558 596 654 615 END
START -14296 4872 -9716 4210 -4020 -8111 591 558 630 650 611 END
START -13684 4212 -9084 4877 -3754 -8500 599 569 593 655 614 END
START -13036 4964 -8844 5378 -2104 -8637 599 565 596 653 616 END
START -12800 5776 -9292 6380 -367 -8606 559 567 597 651 612 END
START -14952 5188 -9400 7170 -844 -8346 595 558 595 653 617 END
START -13676 6000 -13292 8113 -1372 -8124 600 555 591 653 616 END
START -15028 6148 -11792 8148 -3842 -7722 599 553 593 649 614 END
START -13824 6420 -12160 8195 -5198 -7166 598 585 586 648 615 END
START -12288 7012 -13432 8192 -4493 -6536 602 553 591 652 615 END
START -11612 8052 -16792 8139 -2738 -5328 600 549 592 653 614 END
START -13736 8560 -14488 7129 -3138 -4256 603 550 591 653 616 END
START -17772 8476 -10892 5873 -3518 -3036 600 555 596 652 645 END
START -17892 9220 -9372 4705 -3346 -1544 600 552 591 651 614 END
START -11624 8796 -13476 3589 -2151 -379 602 549 592 652 614 END
START -12092 8520 -12716 2802 -381 1049 597 534 647 661 615 END
START -9456 8816 -14996 1765 211 2486 602 548 591 654 614 END
START -16620 8792 -9980 915 -592 4085 603 549 590 653 615 END
START -9812 9044 -15236 -321 782 5977 598 534 577 646 628 END
START -19504 9156 -6900 -1586 -1390 7492 606 545 590 650 613 END
START -12668 9156 -10880 -3066 -1460 8769 604 546 591 652 614 END
START -14416 9192 -7964 -4262 -919 9874 598 555 576 651 609 END
START -9064 10644 -11292 -5687 -349 10826 603 550 592 649 616 END
START -4740 11488 -13460 -6740 1490 11627 600 552 590 651 607 END
START -4624 10428 -11076 -7773 2373 11915 602 552 592 649 615 END
START -3592 10004 -11776 -8700 3808 11984 593 546 596 648 604 END
START -2904 10028 -12940 -9354 4817 11679 594 554 596 652 614 END
START -3144 8384 -12288 -9845 4764 10819 601 557 594 650 615 END
START -6012 8836 -9984 -9884 3967 10285 602 557 593 650 614 END
START -2600 8548 -12156 -9947 3080 9675 602 560 596 665 615 END
START -7324 9020 -8400 -9725 1680 8750 599 560 595 653 615 END
START -3236 8672 -11424 -9380 1892 7446 604 560 596 653 615 END
START -7036 9308 -8596 -8764 2626 5965 599 568 597 660 615 END
START -6952 9744 -9628 -8123 3046 4582 600 561 595 650 616 END
START -13820 9880 -4648 -7485 3009 2956 603 560 595 652 615 END
START -9184 9232 -6748 -6856 4273 1246 600 558 584 652 617 END
START -952 9100 -12772 -6137 7649 12 622 561 597 650 615 END
START -15720 8680 -2300 -5748 6516 -1805 603 560 595 652 620 END
START -7136 7768 -10132 -5187 7881 -4085 603 562 595 660 617 END
START -13020 7916 -6652 -4338 8294 -5286 599 563 594 652 614 END
START -8428 8124 -11712 -3841 6321 -6391 603 561 594 652 615 END
START -7296 6988 -11488 -3252 4634 -6778 612 558 595 656 621 END
START -10044 5916 -11692 -2885 961 -8033 596 549 595 654 616 END
START -10980 4824 -10128 -2219 -1138 -8637 599 562 595 653 613 END
START -12448 2740 -7100 -1089 -890 -9630 600 561 602 652 610 END
START -12440 4356 -7212 838 2125 -9606 597 550 599 653 613 END
START -15196 5300 -6288 2792 4170 -8965 605 562 594 656 612 END
START -16472 4776 -6900 4390 2934 -7728 605 560 594 653 612 END
START -15624 3308 -9284 5737 -1076 -7748 596 557 583 652 610 END
START -14036 5708 -8776 7168 -4849 -8270 604 564 594 653 614 END
START -12644 5276 -8604 7876 -8172 -8092 603 559 594 651 613 END
START -11940 4708 -11808 8993 -8558 -8984 610 557 591 650 613 END
START -12320 7340 -9516 9045 -9922 -8311 605 564 592 650 613 END
START -11324 5816 -12808 9512 -8939 -9369 601 558 591 651 615 END
START -8700 10668 -13448 8862 -7313 -8431 603 556 592 653 613 END
START -14460 8704 -11860 7995 -7002 -9359 570 569 599 650 627 END
START -14788 12548 -13436 7212 -4667 -7435 605 560 592 659 613 END
START -9772 10908 -17156 5059 -8179 -6069 607 559 591 653 630 END
START -14152 9312 -14972 2969 -10793 -4373 606 555 591 653 613 END
START -16256 9960 -13260 908 -13140 -1969 545 544 554 650 608 END
START -11548 10896 -13780 -1290 -15525 -47 604 555 589 654 613 END
START -12140 11256 -10560 -2971 -17430 1500 606 559 589 656 609 END
START -13276 7860 -8268 -3969 -18675 2566 602 557 592 653 614 END
START -11760 7164 -8280 -4124 -17327 3535 604 555 558 646 607 END
START -5768 8548 -8924 -3925 -15858 4059 557 556 588 654 612 END