START -13492 8156 -4044 -850 -177 -166 659 588 614 662 626 END
START -13520 8216 -3976 -837 -204 -179 659 588 615 662 625 END
START -13504 8192 -4040 -806 -98 -37 659 589 615 662 625 END
START -13648 8112 -3992 -755 -226 -26 659 588 615 662 625 END
START -13628 8036 -4128 -735 -317 80 660 588 615 662 625 END
START -13372 8332 -3952 -662 -316 120 659 588 614 662 626 END
START -13704 8120 -4028 -734 -382 189 659 588 614 662 625 END
START -13012 8684 -4016 -629 -100 278 659 589 615 662 626 END
START -13356 8132 -4276 -640 -536 -131 659 588 615 662 625 END
START -14740 6980 -3508 -730 -555 -264 659 588 615 662 625 END
START -14068 7464 -3264 -766 -534 257 660 588 615 662 625 END
START -14544 7956 -2328 -863 -555 585 659 589 615 662 625 END
START -14692 8272 -2016 -921 -704 765 661 591 614 662 625 END
START -16196 8652 -684 -1047 -803 910 659 589 615 662 625 END
START -14444 8552 -1676 -1073 -858 1029 661 588 614 662 625 END
START -17436 8980 600 -1168 -1341 985 659 588 615 662 625 END
START -14928 8184 -1244 -1256 -1553 956 659 588 614 662 625 END
START -10820 6592 -4556 -1407 -951 529 658 588 615 662 625 END
START -12556 6100 -3848 -1628 -776 161 659 589 611 662 625 END
START -10352 6744 -5204 -1888 -761 -121 660 588 616 662 625 END
START -18100 8548 -1128 -2280 -1763 -437 659 588 615 662 625 END
START -12284 9048 -6048 -2635 -1297 -679 658 589 615 662 625 END
START -11220 9380 -7368 -3215 -1381 -352 660 589 614 662 625 END
START -15828 10492 -3428 -3944 -2641 318 659 589 615 661 625 END
START -9260 10012 -7560 -4499 -1679 670 660 588 616 663 625 END
START -11588 9792 -5416 -4751 -1414 292 655 589 615 663 626 END
START -10380 9620 -4424 -4563 -1264 -442 658 589 615 662 626 END
START -6552 8808 -7296 -4369 843 -1216 660 589 615 663 625 END
START -10188 8672 -4300 -4318 1677 -1860 659 590 615 662 625 END
START -12424 8012 -2364 -4268 1768 -2610 660 589 615 663 624 END
START -10000 6032 -4052 -3865 2905 -3507 659 589 615 663 626 END
START -15380 4888 -548 -3270 3225 -4602 658 590 615 663 626 END
START -13948 4116 -1920 -2709 3277 -5568 659 589 614 662 626 END
START -10756 3100 -4536 -2120 3092 -6032 660 590 616 663 625 END
START -15524 3724 -1672 -1374 379 -6235 659 589 615 663 625 END
START -19416 3564 608 -619 237 -6811 659 590 616 663 626 END
START -17340 1624 -2188 -50 525 -6814 660 590 615 663 626 END
START -19764 1784 -672 571 294 -6280 660 591 616 663 626 END
START -19720 2384 -644 1322 -647 -5575 660 590 616 662 626 END
START -20808 1248 -16 2068 -1124 -5212 659 588 615 663 626 END
START -17844 2092 -2832 3408 -10 -5194 660 590 615 664 625 END
START -17044 1532 -4564 4724 1330 -4743 660 590 617 663 625 END
START -20260 3072 -4192 5954 690 -3700 659 589 615 663 626 END
START -20412 4964 -4176 7266 -2378 -1881 659 589 616 664 625 END
START -19276 5532 -3536 7699 -3780 -606 660 589 615 663 625 END
START -18616 7288 -4180 8325 -3432 300 659 589 615 663 625 END
START -16380 7548 -5280 8213 -3834 1689 659 588 615 662 626 END
START -12496 11224 -7376 9276 -2697 2734 659 589 615 663 626 END
START -15508 11244 -4040 8284 -3814 4080 659 589 616 662 625 END
START -15436 11012 -4548 7599 -3340 5298 659 588 616 663 625 END
START -16284 11008 -3696 6459 -4490 6438 660 589 616 662 626 END
START -16012 11120 -3136 5050 -5649 7409 659 589 615 662 626 END
START -10556 10832 -5884 3445 -4854 8117 659 589 616 663 626 END
START -15040 11420 -1944 1863 -5341 8861 659 590 616 662 626 END
START -11664 9180 -4456 362 -4966 9301 658 589 616 663 625 END
START -12920 8452 -3404 -888 -5530 9740 659 589 616 663 626 END
START -13828 9192 -2876 -1871 -6012 10073 660 589 615 664 626 END
START -10384 9276 -5412 -2756 -5028 10110 659 590 616 662 626 END
START -12396 11024 -3800 -3628 -4170 10395 659 590 616 663 626 END
START -7676 11120 -6228 -4284 -1313 10072 659 590 616 663 626 END
START -10112 11644 -3564 -4578 563 9573 659 590 615 663 626 END
START -8080 11452 -5184 -4747 2531 8558 659 589 615 663 625 END
START -5080 11556 -7568 -5030 2599 7861 659 590 616 663 626 END
START -8080 12452 -5732 -5460 1671 7290 659 590 616 663 623 END
START -13228 12584 -2020 -5925 2930 6640 658 590 616 663 626 END
START -6796 10948 -7000 -6339 4691 5852 659 590 616 663 626 END
START -12828 11408 -1572 -6734 4199 5046 660 591 615 663 626 END
START -12208 10552 -1544 -6964 5173 4316 660 590 616 663 626 END
START -7620 9172 -4512 -7132 6309 2805 660 591 616 664 626 END
START -11080 8072 -2340 -7106 6458 1966 660 591 617 663 627 END