START -5316 11072 -8824 -7655 5572 -4573 573 559 600 654 619 END
START -5500 10896 -8556 -7740 6583 -4738 573 560 601 654 620 END
START -6500 10064 -7584 -7622 9559 -5467 587 570 603 652 610 END
START -8188 8668 -6584 -6942 11165 -6029 578 565 601 654 620 END
START -10240 6860 -6624 -5661 12309 -6588 582 565 601 655 621 END
START -13556 6132 -6756 -4134 11481 -6781 583 567 600 655 619 END
START -14620 5852 -7216 -2869 8312 -6473 582 571 597 646 624 END
START -14632 6144 -6324 -1416 5863 -5823 586 572 592 654 616 END
START -13572 4304 -6828 205 3427 -5641 591 558 598 652 615 END
START -13968 3712 -7316 1958 2965 -5281 598 564 598 649 613 END
START -14776 4300 -6844 3671 1606 -5858 587 572 602 654 615 END
START -14100 5544 -7820 5285 278 -5975 594 573 599 652 615 END
START -14800 5108 -8608 6406 -1720 -6348 601 567 599 694 614 END
START -12076 4536 -10564 7359 -2601 -7327 598 572 601 654 616 END
START -11244 4336 -11368 8228 -1187 -7878 605 569 602 655 617 END
START -16696 4676 -8560 8977 -798 -7788 608 570 600 655 618 END
START -15680 4712 -11008 9574 -1645 -7474 610 576 606 653 622 END
START -16312 5888 -11252 9743 -3236 -7105 613 569 606 656 619 END
START -12860 6232 -13880 9705 -4287 -6870 609 569 607 657 619 END
START -15804 7316 -11216 9442 -4594 -6577 616 569 607 658 619 END
START -16260 8756 -11668 9377 -4868 -5157 610 570 609 658 619 END
START -15580 9068 -12096 8670 -4497 -4051 608 548 612 659 620 END
START -15744 9680 -9468 8222 -2984 -2188 607 571 614 663 620 END
START -11548 10604 -14404 6653 -2633 -754 594 539 622 661 609 END
START -13156 9872 -13032 5378 -3221 686 599 577 614 662 621 END
START -11456 9116 -13924 4311 -3899 2730 602 574 618 662 621 END
START -15748 9080 -10320 2835 -5690 4482 592 577 619 662 623 END
START -12420 8444 -10856 1870 -5213 6075 590 529 617 654 626 END
START -9620 9596 -11596 732 -2041 8321 589 560 618 662 624 END
START -8872 11368 -11516 -1117 1901 10492 590 575 618 663 623 END
START -9600 10696 -11096 -3097 2784 11622 572 576 609 662 631 END
START -7732 9676 -11852 -4441 3358 12332 590 572 616 662 623 END
START -9296 11892 -11488 -5419 1961 12838 589 574 615 661 623 END
START -4860 12052 -11880 -6856 262 13398 589 573 615 660 623 END
START -3380 11904 -12728 -8300 -3247 12895 598 572 646 659 620 END
START -5304 11376 -11060 -9300 -4386 12494 534 576 618 663 639 END
START -2760 11212 -11952 -10182 -5698 11050 586 577 619 663 624 END
START -7320 9472 -6428 -10503 -4746 9474 588 577 619 663 623 END
START -1920 9288 -9352 -10481 -713 7846 588 579 615 666 595 END
START -3216 9728 -7824 -10457 4929 6443 585 579 618 664 625 END
START -9172 9476 -6836 -10646 9759 4547 587 575 615 663 624 END
START -9272 9292 -8344 -10693 13198 3173 599 571 613 646 614 END
START -7676 7796 -11072 -9898 12735 1428 591 576 613 662 624 END
START -11440 7512 -8132 -8712 9750 497 589 575 611 661 622 END
START -13336 6936 -5980 -7538 6965 -699 593 571 617 662 622 END
START -11832 6096 -6140 -6009 5703 -2501 592 576 618 662 622 END
START -12224 6676 -6412 -4386 6721 -3637 595 577 612 663 619 END
START -10856 6300 -7496 -3045 5906 -4471 596 577 610 662 620 END
START -15564 3640 -5980 -1635 3219 -6298 595 575 608 654 622 END
START -12020 3256 -9500 -250 2287 -7959 602 577 611 663 619 END
START -13516 5432 -7204 950 2392 -8228 598 577 612 661 621 END
START -13144 4048 -7960 1747 2230 -8453 601 581 610 653 612 END
START -11084 3668 -11648 3132 3780 -9086 598 575 613 661 619 END
START -11556 6496 -10004 4243 3494 -8097 602 574 611 658 621 END
START -12008 5476 -10520 5219 5074 -7839 591 575 611 664 621 END
START -15340 9080 -9268 6262 4625 -7583 613 577 614 667 623 END
START -10384 6908 -12792 6857 1953 -6836 611 577 610 662 622 END
START -14476 6080 -11760 7243 -2197 -7163 608 575 612 663 622 END
START -18172 6876 -9476 7035 -5504 -6869 616 577 614 635 621 END
START -14428 9956 -11308 6723 -7294 -6006 623 581 611 664 622 END
START -14936 10700 -7408 6176 -6925 -5109 611 577 614 663 623 END
START -15548 9588 -8864 5120 -5730 -4730 611 577 614 663 624 END
START -12720 7996 -12100 4561 -4201 -4458 612 578 613 643 625 END
START -13124 9940 -10828 4052 -3313 -3719 611 577 615 668 621 END
START -10628 11004 -11028 2763 -3360 -2484 610 578 615 664 625 END
START -11596 8356 -11604 2300 -3226 -2557 610 577 617 664 624 END
START -10976 11916 -9520 1700 -2487 -1514 612 579 615 665 625 END
START -10752 9024 -9464 567 -1938 -1172 611 576 616 662 627 END
START -9068 10276 -10244 271 -6 -566 611 579 615 664 624 END
START -12332 8400 -6948 -747 -652 254 613 581 616 697 625 END