START -8140 10864 -9368 -5658 -1928 6464 555 521 571 625 602 END
START -7864 10820 -9292 -5996 -1971 6237 555 517 570 626 598 END
START -6512 11368 -9760 -6931 -1863 5259 553 518 569 623 599 END
START -5660 11764 -9636 -7933 -1150 4111 552 514 571 626 590 END
START -5192 11568 -9760 -8743 -128 2911 572 517 569 621 599 END
START -5528 11068 -9592 -9386 661 1738 550 518 567 621 599 END
START -5552 11448 -9020 -9811 602 948 550 517 570 620 602 END
START -5576 11096 -8496 -10024 32 -154 553 521 571 622 596 END
START -4360 11212 -7896 -10404 935 -1172 556 523 572 616 598 END
START -4176 11476 -7700 -10277 3213 -2279 558 526 574 624 599 END
START -5448 10584 -7560 -9679 5197 -3449 557 545 568 615 598 END
START -6700 9112 -8300 -8991 6824 -4167 560 531 579 628 601 END
START -7872 8592 -9004 -8353 7474 -4701 561 534 578 630 601 END
START -9148 8608 -8804 -7966 7635 -5137 566 539 585 633 605 END
START -9924 9108 -7048 -7866 7794 -5866 564 542 585 637 605 END
START -11364 8584 -4440 -7558 7299 -6846 568 542 587 637 604 END
START -11604 6484 -4708 -6687 6494 -8324 571 552 578 646 622 END
START -10668 4196 -7684 -4508 8178 -9779 576 550 594 644 606 END
START -13432 5420 -8108 -2736 8718 -9628 580 550 596 646 607 END
START -16856 3996 -8808 -1931 5434 -9543 582 552 599 648 609 END
START -16068 5484 -9752 -1040 2624 -8619 585 557 607 642 610 END
START -15204 5680 -7004 -591 603 -7131 586 564 601 650 608 END
START -11932 3780 -9280 1444 5216 -7184 599 556 602 651 610 END
START -14708 6904 -5888 2752 8256 -5916 602 548 608 656 618 END
START -15784 3752 -9072 4495 7198 -5227 619 558 605 653 610 END
START -18264 6968 -5692 5753 3471 -3391 603 564 602 653 614 END
START -16752 3864 -9064 7460 -899 -4320 596 614 593 661 615 END
START -16744 5504 -5840 8048 -5423 -3945 604 558 605 652 613 END
START -13484 4792 -9500 9743 -6994 -4811 607 559 603 651 616 END
START -11192 2752 -11512 10120 -7868 -5432 609 560 605 652 612 END
START -12096 9000 -12092 11079 -5086 -5104 611 564 622 650 615 END
START -6976 4100 -15900 10513 -4203 -6158 611 561 603 654 610 END
START -1612 9956 -23048 10273 -3185 -5215 612 562 607 654 614 END
START -23888 8536 -3868 8997 -4546 -4446 609 567 607 654 613 END
START -21260 7524 -8156 8162 -4238 -3463 606 561 608 654 658 END
START -26080 7744 -5204 7247 -3511 -2559 604 563 610 654 616 END
START -14852 8860 -14140 6216 -2188 -819 603 562 613 655 615 END
START -18524 11052 -9736 4724 -1166 1394 601 571 614 656 614 END
START -12656 10212 -13784 2686 -2124 3890 604 549 611 654 624 END
START -13852 8124 -12468 1625 -1572 5032 601 561 606 655 617 END
START -15448 10104 -9568 552 -1210 7222 601 561 609 655 616 END
START -13052 11916 -10000 -616 298 10551 604 561 610 658 626 END
START -12484 10508 -8592 -1489 216 11993 605 562 611 656 616 END
START -9528 11088 -10168 -3101 -126 12962 603 563 610 655 617 END
START -8456 10272 -11216 -4629 -398 13290 633 564 596 655 620 END
START -9092 12520 -9960 -6548 -1432 12977 605 565 591 657 621 END
START -2568 13008 -8620 -8128 -1799 13233 607 564 609 654 618 END
START -8932 12392 -5376 -9752 -3348 12299 603 564 608 657 619 END
START 1236 10852 -14484 -10766 -2391 11119 614 567 603 660 619 END
START -2316 10272 -14156 -11845 -3232 9675 605 566 600 655 619 END
START -9124 9136 -9752 -12654 -4543 8287 605 557 596 654 620 END
START -2408 8024 -11388 -13084 -2876 6930 603 553 592 652 618 END
START -2088 8032 -9704 -13023 -148 5884 606 553 590 616 621 END
START -8616 7128 -4200 -12574 3841 4265 604 566 594 652 615 END
START -8164 7016 -6144 -11329 8120 1575 606 556 592 653 617 END
START -10144 6124 -4884 -9773 10848 -869 602 558 594 645 615 END
START -13692 6172 -3024 -7991 11416 -2632 609 565 592 655 616 END
START -9768 7136 -6060 -6003 12901 -3670 612 564 592 654 617 END
START -10032 7388 -9640 -4499 12323 -4587 613 566 590 653 617 END
START -8368 6332 -9668 -3252 10316 -5704 598 557 589 652 603 END
START -14740 6360 -6896 -2141 8324 -5302 614 572 594 651 614 END
START -19564 5908 -2628 -969 4743 -6202 613 574 592 650 612 END
START -16768 6104 -3816 442 2126 -6101 616 575 590 657 614 END
START -12800 6112 -5532 1971 487 -6698 620 574 597 652 614 END
START -9764 4972 -8048 3245 -509 -7582 615 576 596 652 614 END
START -12508 4620 -8924 4295 -1177 -8210 616 564 607 652 614 END
START -12968 4928 -10452 5051 -1502 -7962 630 577 599 655 615 END
START -16780 6976 -9124 5372 -2548 -7348 621 579 605 659 616 END
START -10236 8652 -13428 5192 -1896 -6313 627 577 607 658 617 END
START -10132 8388 -10928 4676 34 -6489 628 578 593 655 620 END