START -12400 8332 -3308 -1064 -1060 695 662 589 617 661 627 END
START -12420 8336 -2984 -1010 -573 641 662 589 617 663 628 END
START -13024 8176 -3012 -902 290 398 662 590 616 663 627 END
START -13644 8136 -3016 -798 238 423 662 589 616 663 627 END
START -13684 8220 -2872 -618 -414 351 660 589 617 663 627 END
START -13208 8240 -2996 -489 -478 456 662 589 617 663 627 END
START -13004 8224 -3180 -372 -228 126 663 590 616 663 627 END
START -13600 7952 -2616 -363 -132 319 662 589 616 663 628 END
START -12940 8964 -3040 -189 29 500 661 588 616 663 627 END
START -12568 8856 -4572 16 -354 67 662 589 616 663 627 END
START -12904 8052 -4080 -221 -137 -345 661 588 616 662 627 END
START -14472 8132 -3504 -249 131 -507 662 588 616 662 627 END
START -14540 7428 -4048 -222 -200 -548 662 588 616 663 627 END
START -15708 7584 -3460 -227 -616 -495 661 588 616 663 627 END
START -16080 8216 -2964 -240 -711 -495 662 588 616 663 628 END
START -13036 8416 -4772 -268 -469 -423 661 588 616 663 627 END
START -16888 8544 -2508 -295 -241 -336 662 589 615 662 627 END
START -12108 8404 -5660 -332 125 -285 662 588 616 662 627 END
START -8900 8636 -7924 -480 -10 -354 662 588 616 663 627 END
START -10776 9004 -6540 -676 -315 -334 663 587 616 662 627 END
START -9148 9428 -8152 -993 -153 -197 661 587 616 662 627 END
START -9892 10476 -7832 -1359 -173 -54 662 587 616 663 627 END
START -9728 12168 -8300 -1717 197 624 662 587 616 662 626 END
START -9264 12000 -8316 -2561 -35 1635 661 587 616 663 627 END
START -10956 12296 -7076 -3409 -438 2985 661 587 616 662 628 END
START -17024 12944 -2020 -4220 -416 4553 662 588 616 663 627 END
START -6788 13452 -8908 -4770 1860 5419 662 589 616 662 626 END
START -11900 13420 -3836 -5458 2528 6126 662 589 616 663 627 END
START -13356 12428 -2820 -6243 3341 6485 662 589 616 662 628 END
START -7812 10880 -6364 -6395 4040 6015 662 589 616 663 628 END
START -8800 9636 -3972 -6746 3380 4945 662 590 617 663 628 END
START -12040 8812 -88 -6759 3424 3052 661 590 616 663 627 END
START -8652 7148 -1708 -6827 4499 1233 662 590 616 663 627 END
START -5724 5684 -3500 -6350 6345 -1218 664 590 616 663 627 END
START -11896 5388 580 -5920 6490 -3516 661 589 616 663 627 END
START -11488 5220 128 -4963 5193 -5792 661 590 616 663 628 END
START -12708 3168 -472 -4234 4650 -7665 662 590 617 664 628 END
START -12736 1212 -1536 -3198 3559 -9517 662 590 617 663 627 END
START -17880 1980 1028 -2071 1479 -10736 661 590 616 663 627 END
START -12564 1940 -4908 -838 747 -12006 661 590 616 664 628 END
START -18816 2300 -1352 275 -858 -12377 661 590 616 663 627 END
START -18888 2348 -2596 1256 -1664 -12560 662 590 617 663 627 END
START -14644 1676 -6264 2334 -500 -12259 661 590 617 664 627 END
START -20008 3560 -3000 3632 23 -11640 661 590 617 664 627 END
START -19144 3356 -4580 4274 -19 -10348 660 589 616 663 627 END
START -19900 5128 -4552 5118 1556 -9110 661 589 616 663 627 END
START -15796 4964 -7516 5864 1798 -7519 662 589 617 664 627 END
START -22696 7272 -2068 6869 764 -5812 661 589 616 664 627 END
START -20556 7656 -4212 6755 -1186 -4373 661 589 616 664 627 END
START -16900 7972 -5108 6726 -833 -2874 661 589 617 664 627 END
START -19772 9892 -2104 6245 -3089 -1192 661 589 617 663 627 END
START -20732 11124 -772 6057 -4876 851 661 589 617 664 627 END
START -18660 10120 -1984 4798 -6254 2572 661 589 617 664 628 END
START -17044 8860 -4276 3536 -7096 4043 662 589 617 664 627 END
START -19492 9336 -2772 2339 -8369 5822 661 589 616 664 627 END
START -17872 9472 -3920 1164 -8108 7371 661 590 617 664 627 END
START -12068 9280 -7548 -93 -6949 8860 662 591 617 663 627 END
START -13884 10176 -5648 -1316 -5890 10343 663 592 617 664 627 END
START -9668 10592 -7368 -2621 -5137 11935 662 592 618 664 627 END
START -10608 10480 -5360 -3220 -5097 12949 662 592 618 664 627 END
START -6224 11320 -7304 -3729 -3439 13622 662 592 618 664 627 END
START -10008 12148 -2596 -4598 -2836 13922 661 593 618 665 628 END
START -8504 11428 -2928 -5359 -943 13630 661 593 619 664 627 END
START -10912 11432 -12 -5990 -886 12705 661 594 619 666 628 END
START -6492 10688 -2256 -6414 525 11357 661 594 619 665 628 END
START -4372 9900 -4160 -6801 1869 9655 661 595 619 666 628 END
START -8908 10000 -1092 -7032 2674 8007 662 595 619 665 628 END
START -13940 9856 1800 -7474 2691 6672 662 596 619 666 628 END
START -13476 9664 836 -7734 3266 5322 663 596 621 667 628 END
START -14120 9380 1400 -8018 4115 3899 662 596 620 666 628 END