START -13320 9000 -3240 -1007 -323 139 660 591 617 664 627 END
START -13332 8996 -3476 -1018 -374 208 660 594 616 665 628 END
START -13128 9016 -3340 -1045 -454 277 661 591 617 665 627 END
START -13108 9164 -3228 -1037 -474 357 660 591 617 663 627 END
START -12940 9184 -3252 -1079 -466 333 661 591 617 664 628 END
START -12820 9360 -3596 -1089 -199 388 661 591 617 664 627 END
START -13172 9304 -3208 -1328 -406 326 661 591 617 664 627 END
START -12552 10232 -3296 -1344 87 554 661 591 617 664 623 END
START -12700 9592 -3904 -1633 -244 220 660 591 617 664 627 END
START -13276 8664 -3896 -2039 -345 105 661 591 617 663 627 END
START -14856 8304 -3176 -2209 -493 418 661 592 617 663 627 END
START -13576 8736 -2632 -2462 -681 705 661 590 617 664 626 END
START -13404 7956 -2504 -2714 -576 708 660 591 617 664 627 END
START -16332 7004 -792 -2905 -624 677 660 591 617 664 627 END
START -13536 6848 -2308 -3009 -742 950 661 592 617 664 627 END
START -17940 6820 476 -2941 -1035 910 661 591 618 664 627 END
START -16256 7076 -932 -2846 -1140 810 660 591 618 664 627 END
START -10712 6816 -5504 -2637 -790 632 660 591 616 663 627 END
START -12412 6368 -3836 -2402 -464 49 661 590 617 664 627 END
START -10504 6528 -5768 -2220 -319 -661 661 591 617 664 627 END
START -13220 7276 -2984 -1905 -552 -1988 660 591 615 664 627 END
START -9216 6880 -4232 -1625 1212 -4521 661 592 616 663 626 END
START -5112 5516 -6536 -1501 4041 -7857 661 591 617 664 626 END
START -8660 3860 -4724 -1374 7015 -10950 661 592 617 664 627 END
START -10056 2428 -5172 -850 8739 -13297 660 592 617 664 626 END
START -14400 4296 -2896 -228 6047 -14379 660 592 617 664 626 END
START -17408 3088 -2920 1025 2304 -14339 659 594 618 664 626 END
START -15236 2456 -6168 2389 405 -13888 659 592 617 664 626 END
START -17480 1796 -4780 3899 -958 -12127 659 593 617 664 626 END
START -24212 2832 1184 5572 -3798 -9723 659 592 617 665 626 END
START -20432 3500 -560 7271 -3222 -8029 659 593 617 664 626 END
START -14712 2084 -3324 8574 -1225 -6195 658 592 617 663 626 END
START -19672 2284 -844 10227 754 -4880 659 593 618 665 626 END
START -22104 2968 -1820 11294 2593 -3806 659 591 617 664 626 END
START -22560 5556 -4784 12187 343 -2112 659 590 616 663 626 END
START -22332 7264 -6416 10901 -1214 -235 660 590 617 663 627 END
START -19932 8876 -6748 10609 -3292 1549 659 590 616 662 626 END
START -20020 10628 -6804 9160 -4368 3273 660 589 616 662 627 END
START -16892 10248 -7688 7385 -4784 5254 661 591 617 662 626 END
START -12748 11860 -10424 5311 -4744 7139 660 591 617 662 626 END
START -15312 12092 -7116 3109 -4877 9185 661 591 618 662 627 END
START -11820 12192 -7900 1162 -5517 10681 660 591 617 662 626 END
START -13736 11856 -4536 -1184 -5821 12093 661 591 617 663 627 END
START -15120 11296 -2164 -2946 -5829 13384 660 592 617 659 627 END
START -13452 10100 -2484 -4298 -5855 13607 661 592 617 662 627 END
START -13716 8364 -2156 -5334 -5713 13508 661 593 618 663 627 END
START -9408 9116 -5884 -6214 -3899 13230 660 592 617 662 626 END
START -12204 10260 -3804 -7164 -3118 13064 661 592 618 663 628 END
START -7552 10612 -6724 -8005 -1611 12677 662 592 618 663 627 END
START -7628 11456 -5560 -8391 -1265 12000 661 593 618 663 627 END
START -3528 11548 -8164 -8715 1236 10756 660 592 618 664 627 END
START -7452 12328 -4604 -9141 1531 9323 662 593 618 664 627 END
START -10836 12408 -2320 -9413 2901 7899 660 593 618 664 627 END
START -7432 10508 -5628 -9515 4407 6546 660 593 618 664 628 END
START -13336 10692 -1372 -9675 4799 5475 660 593 618 664 627 END
START -10336 10312 -2512 -9727 6052 4222 660 594 619 664 627 END
START -6252 9404 -4644 -9669 6535 3094 661 594 618 664 627 END
START -10484 8948 -620 -9432 6779 1676 660 594 619 665 628 END
START -14936 7968 1688 -8810 7150 453 661 594 618 664 628 END
START -15424 7644 1948 -8246 6848 -786 661 594 619 664 628 END
START -15052 6260 1460 -7403 6704 -2111 662 594 618 664 628 END
START -9516 3732 -2792 -6553 6709 -3623 661 593 618 664 627 END
START -9960 2344 -2612 -5617 6805 -5344 662 594 618 665 627 END
START -17040 2596 1804 -4512 6679 -7047 662 594 618 664 627 END
START -18600 1792 1632 -3223 7176 -8424 662 595 619 664 626 END
START -11632 1692 -4172 -2050 5498 -9619 662 595 619 665 628 END
START -19224 3776 912 -1011 3215 -10323 662 594 618 664 627 END
START -14684 3776 -3816 26 3645 -11015 662 595 618 664 627 END
START -11676 3980 -7088 1019 3346 -11369 662 594 618 664 628 END
START -17120 5084 -4224 1908 979 -10734 662 595 619 664 627 END