START -8016 9108 -7220 -7883 5128 -1719 596 592 625 669 626 END
START -8412 8748 -7044 -7550 5007 -1900 595 588 625 670 626 END
START -8916 7932 -7252 -6256 4142 -2538 597 594 625 670 626 END
START -9480 7344 -8352 -4881 3075 -2726 600 610 623 666 632 END
START -10840 7052 -8904 -3694 1353 -3063 607 561 626 668 624 END
START -10756 6608 -8656 -2597 46 -3727 600 595 625 669 627 END
START -10164 6744 -8236 -1498 -564 -4347 598 594 623 669 626 END
START -9712 6080 -8568 -570 -246 -5263 602 595 624 670 626 END
START -9752 5968 -9628 531 754 -6104 609 596 623 669 627 END
START -11236 5148 -9612 1549 1091 -7073 605 595 623 670 625 END
START -12468 4992 -9300 2142 1135 -7031 603 595 613 668 624 END
START -12360 6264 -9180 2943 1432 -7192 605 589 624 671 626 END
START -12440 6344 -8484 3827 2100 -7609 606 594 622 669 625 END
START -10356 5640 -10100 5068 4227 -7310 622 589 621 670 625 END
START -13264 5896 -10308 6174 4000 -7019 606 591 619 670 627 END
START -14944 6548 -10744 7210 2131 -6393 609 592 619 668 626 END
START -14292 6476 -10392 8216 338 -5724 606 590 617 659 619 END
START -12496 6784 -12148 8874 -931 -5377 609 589 620 667 627 END
START -11744 7548 -15076 9475 -2098 -4818 611 590 619 668 625 END
START -14016 8088 -14408 9479 -5033 -4389 610 586 619 667 626 END
START -16356 7276 -9380 9110 -7552 -4221 615 584 619 670 629 END
START -16324 8016 -8112 8707 -6857 -3873 607 580 618 664 626 END
START -10244 8204 -13684 8066 -5039 -3863 608 578 618 669 625 END
START -10596 9032 -13760 7350 -3546 -3184 609 589 604 667 626 END
START -12800 8964 -13112 6179 -3139 -2238 602 574 617 667 626 END
START -12468 8404 -13476 5436 -2983 -1303 601 574 638 669 627 END
START -17904 9440 -9716 4260 -2722 391 595 573 616 669 626 END
START -18588 9464 -8868 2803 -4102 1538 602 580 664 660 633 END
START -8468 9628 -14808 1431 -3690 3104 598 575 614 668 625 END
START -9104 9452 -13028 -12 -2378 3954 600 571 615 659 626 END
START -19400 10024 -5744 -1532 -2510 5478 607 573 628 664 627 END
START -15272 10832 -7932 -3397 -2575 6960 603 573 612 666 629 END
START -13632 11520 -8576 -4945 -1710 8603 600 574 613 665 626 END
START -10384 11700 -9736 -6411 -999 9990 601 574 614 665 627 END
START -12960 12856 -7432 -7278 -1076 10994 603 573 611 663 620 END
START -13552 12624 -5768 -8642 -1894 11500 600 572 615 668 627 END
START -12592 11952 -3720 -9591 -3007 11612 605 575 614 664 626 END
START -9468 11448 -4796 -10327 -2392 11705 602 577 616 665 626 END
START -3624 10572 -10320 -10875 -708 10777 603 567 618 660 624 END
START -12516 10336 -3356 -10947 1495 9558 604 568 618 666 640 END
START -11068 10224 -4312 -11109 3546 8305 604 588 618 668 626 END
START -10192 9420 -5880 -11223 5259 6884 606 581 618 668 628 END
START -13952 9308 -4224 -10711 7409 5634 604 588 605 669 628 END
START -7144 8920 -10064 -10389 7709 4312 601 582 618 666 624 END
START -6700 8380 -9456 -9617 7944 3252 605 584 619 667 626 END
START -10072 7716 -8036 -8664 7584 1638 607 589 634 651 623 END
START -8048 6520 -10012 -7195 7921 270 604 582 617 681 628 END
START -7452 6824 -10588 -5539 7233 -702 607 583 619 667 628 END
START -13292 7092 -6392 -4240 5723 -1463 614 584 611 667 621 END
START -13328 7760 -7672 -2937 4454 -2163 604 586 615 667 627 END
START -12608 6200 -7496 -2034 2636 -3160 606 579 616 668 626 END
START -11392 5304 -8680 -1097 1586 -4506 607 580 615 666 625 END
START -10484 4632 -8860 83 1278 -6117 607 577 622 667 625 END
START -12076 5188 -7100 1265 1055 -7401 608 578 584 669 624 END
START -9968 5892 -6508 2656 2281 -7383 606 576 614 667 625 END
START -7036 5732 -13068 3816 2723 -7845 607 576 611 671 628 END
START -8788 5100 -13068 4742 1410 -7527 606 581 611 667 624 END
START -19600 5384 -5724 5895 118 -6972 610 576 614 663 624 END
START -18052 5660 -6560 6610 1348 -7309 615 572 616 666 612 END
START -7436 6080 -14480 7494 1433 -6860 611 577 616 668 627 END
START -10224 8540 -13792 8364 -1141 -5847 613 577 615 667 625 END
START -19072 7888 -5268 8642 -3285 -5617 610 580 627 669 615 END
START -15924 5832 -8392 9071 -4246 -5801 615 575 617 667 628 END
START -18924 5788 -6608 9361 -4621 -6206 613 576 616 667 626 END
START -9776 6384 -13524 9876 -3906 -6268 614 575 615 666 626 END
START -8040 8444 -13896 9567 -3843 -5761 613 573 615 666 626 END
START -10252 6392 -13704 9041 -4360 -5891 618 571 615 666 627 END
START -10980 6636 -14276 9248 -3788 -6070 614 570 615 666 626 END
START -11504 8616 -11980 8000 -4247 -5005 619 575 618 665 646 END
START -14168 5460 -11388 7667 -3879 -5515 614 570 616 667 626 END