START -14468 7644 -2428 -465 -530 736 661 591 617 661 621 END
START -14372 7752 -2288 -427 -559 752 661 591 616 660 621 END
START -14228 7496 -2700 -317 -728 802 662 591 616 661 620 END
START -14132 7764 -2868 -244 -617 937 662 591 616 661 621 END
START -14916 7984 -2788 -446 -765 1206 660 591 616 661 620 END
START -15388 8252 -2736 -561 -1316 1733 660 592 616 661 620 END
START -15864 8164 -2344 -737 -2009 2073 660 592 615 661 620 END
START -15172 9480 -2288 -1186 -1447 2886 661 592 616 661 621 END
START -14276 11040 -1980 -1672 -583 3298 661 592 613 661 620 END
START -14128 11820 -2504 -2204 -406 3429 660 592 617 661 620 END
START -12816 11440 -3808 -2924 -680 4302 662 592 617 661 620 END
START -12020 12056 -4092 -3149 -2707 5342 661 592 616 660 621 END
START -13748 14180 -632 -3787 -4293 5806 661 592 616 661 620 END
START -9616 12788 -2668 -3975 -4052 5839 660 592 616 661 620 END
START -4744 10984 -5768 -3877 -3662 4957 661 591 616 661 621 END
START -11956 10732 1120 -3623 -4466 3949 660 592 617 661 620 END
START -5712 9352 -2536 -3433 -3292 3279 660 592 617 661 621 END
START -7744 8216 -1384 -3114 -3555 2078 661 592 617 661 620 END
START -12996 7724 3084 -2716 -4932 542 661 592 616 661 620 END
START -11204 6528 2112 -2048 -5613 -1483 661 592 616 660 620 END
START -6292 4336 -2708 -1622 -3931 -3287 661 592 616 661 621 END
START -9172 2336 -1524 -989 -2328 -5110 660 590 617 661 621 END
START -14404 2240 1120 -665 1806 -7505 660 592 616 660 621 END
START -16080 2044 -132 -76 3819 -8046 659 592 617 661 621 END
START -11240 1300 -5716 245 4771 -8845 660 592 616 661 621 END
START -13540 1452 -5364 680 5858 -9211 661 592 616 661 621 END
START -12280 544 -7180 1082 6021 -9445 661 593 616 661 620 END
START -19100 1444 -2500 1599 5621 -9789 661 592 616 661 620 END
START -19484 2528 -2716 2016 6551 -9363 660 592 615 661 619 END
START -15852 1936 -6272 2409 7503 -8852 660 593 615 660 620 END
START -16376 2268 -5520 3015 6576 -8241 660 593 615 660 620 END
START -17424 3440 -4896 3789 4483 -7696 663 592 615 660 620 END
START -17664 5084 -4928 4221 3660 -6656 661 592 615 660 619 END
START -16376 6908 -3396 4740 4087 -6130 660 592 615 660 620 END
START -14864 5172 -7180 5143 4832 -5880 660 592 615 660 619 END
START -17744 6312 -4200 5289 4388 -5718 660 593 615 660 618 END
START -19780 6948 -2688 5016 4559 -4691 660 592 615 659 618 END
START -17788 6656 -3848 4738 4989 -4128 657 593 615 659 616 END
START -19444 7896 -2324 4298 3436 -3648 660 592 614 658 615 END
START -18992 6920 -2800 4029 1428 -2223 660 591 615 658 615 END
START -20132 6836 -2140 3598 -1657 -1299 661 592 615 658 616 END
START -20632 7132 -2596 3252 -3332 -385 660 592 615 658 615 END
START -17164 7836 -5096 2703 -4322 1100 660 592 615 658 615 END
START -14852 7792 -6352 1971 -3794 2309 661 592 615 658 615 END
START -18408 9156 -4088 1025 -5251 4062 660 592 615 658 615 END
START -16176 9668 -4416 99 -4948 5501 661 593 615 658 615 END
START -11664 9384 -7760 -739 -5676 6982 660 592 614 658 616 END
START -15368 10040 -4548 -1720 -7040 8235 660 592 615 658 616 END
START -17860 10504 -1784 -2107 -8353 9489 660 593 614 658 616 END
START -11108 12048 -5396 -3090 -7893 10511 661 592 614 658 617 END
START -8852 10020 -6620 -3879 -7355 11390 660 592 614 658 617 END
START -9464 9416 -4544 -4404 -7117 11515 660 593 614 658 616 END
START -14600 9940 460 -4991 -7128 11511 661 592 615 658 617 END
START -12008 9244 -556 -5400 -6096 10923 660 592 614 658 617 END
START -12496 9112 1104 -5536 -6815 10041 660 592 614 658 616 END
START -12920 8656 1936 -5598 -7334 8853 661 591 615 658 617 END
START -7416 7144 -2288 -5705 -5602 7318 660 592 614 658 617 END
START -7860 5812 -2680 -5602 -3894 6347 661 592 615 658 617 END
START -13912 5676 1024 -5537 -2359 5745 661 592 615 658 617 END
START -14200 6324 796 -5269 35 4138 660 592 615 658 617 END
START -15456 5928 2788 -5372 -423 3340 660 592 614 658 616 END
START -11568 5644 208 -4790 239 1816 661 592 614 658 614 END
START -15232 5132 2020 -4307 731 -434 660 592 614 657 617 END
START -9400 4996 -2936 -3882 1580 -2059 661 592 614 657 617 END
START -7428 4156 -5300 -3283 2939 -3398 661 592 614 658 617 END
START -12928 4848 -1504 -2764 2923 -4624 661 592 614 658 616 END
START -15784 5588 764 -1963 3389 -5478 660 592 614 657 617 END
START -12000 4736 -2536 -1444 4936 -6269 660 591 614 658 617 END
START -10548 3052 -6888 -737 5978 -7471 662 592 614 658 616 END
START -16408 4396 -3004 -485 4900 -7373 660 591 614 658 614 END