START -13032 8988 -2408 -868 -251 -14 661 594 618 664 627 END
START -13112 8852 -2384 -869 -167 -49 662 595 618 664 627 END
START -13052 8980 -2476 -861 -64 -36 661 594 618 664 627 END
START -13020 8952 -2528 -763 -80 -49 661 594 618 664 627 END
START -12932 8916 -2232 -637 -107 -119 661 595 618 664 627 END
START -13376 8804 -2396 -529 -324 -89 661 595 618 664 627 END
START -13048 9188 -2452 -423 -288 5 661 596 618 664 627 END
START -13112 8628 -2600 -405 -729 -201 661 595 617 663 627 END
START -13752 8780 -2360 -451 -312 284 660 595 618 664 627 END
START -12692 9892 -2296 -446 -175 499 659 595 618 664 627 END
START -12536 9564 -3532 -387 226 430 661 595 618 664 627 END
START -12376 9424 -3744 -466 133 219 656 594 618 664 627 END
START -14392 9604 -2488 -580 -242 220 661 595 618 664 625 END
START -13848 9600 -3060 -668 -659 269 661 594 617 664 627 END
START -15092 9872 -2052 -702 -714 326 661 596 618 664 627 END
START -14652 9804 -2636 -816 -349 345 661 594 618 664 627 END
START -15148 10308 -2424 -893 413 497 661 594 618 664 627 END
START -16628 10572 -1352 -980 623 676 660 595 617 664 627 END
START -12140 11192 -4228 -1068 1148 681 661 594 618 664 627 END
START -7036 12512 -7656 -1329 2641 753 661 595 618 664 626 END
START -11324 14308 -3552 -1908 2847 1077 661 593 617 664 627 END
START -14388 14984 -1516 -2670 3181 1616 660 594 617 664 627 END
START -9892 13412 -5592 -3388 3723 1732 661 594 618 664 627 END
START -9000 12348 -5692 -4299 2102 1751 661 594 618 665 627 END
START -12412 11912 -1540 -5130 833 1299 661 594 617 664 627 END
START -9064 10328 -2288 -5625 1341 -175 661 595 617 664 627 END
START -5192 8700 -3416 -6010 1988 -2184 662 595 617 664 627 END
START -9020 6960 -408 -6201 2253 -4504 661 595 617 664 626 END
START -11436 5272 428 -6091 2492 -6973 661 595 616 664 627 END
START -9064 2084 -2820 -5637 2480 -9112 661 595 617 664 627 END
START -11752 112 -2788 -4905 3355 -10795 661 595 618 665 627 END
START -19188 712 556 -3845 3879 -11748 661 595 617 664 627 END
START -18508 256 -1432 -2754 4028 -12048 661 596 618 664 627 END
START -13372 -436 -7148 -1548 4558 -11481 662 595 618 664 627 END
START -21688 2104 -3056 -479 4823 -10426 661 594 617 664 627 END
START -18744 2524 -4760 617 7014 -9439 661 594 618 665 627 END
START -15740 2816 -6396 1765 8900 -7978 662 595 618 664 627 END
START -15312 3804 -5988 3275 10308 -6770 661 594 617 664 627 END
START -16172 5516 -5232 4618 11200 -5307 661 594 618 664 627 END
START -15668 5160 -6624 5876 11821 -4308 661 594 618 664 627 END
START -18664 5068 -5420 6809 10463 -3429 661 593 618 665 627 END
START -18336 4864 -5904 7199 8300 -2114 661 592 618 664 627 END
START -20840 6176 -2992 7474 4410 -843 661 593 618 664 627 END
START -20844 7044 -2732 7404 2035 355 662 593 618 664 627 END
START -16588 5996 -6084 7108 234 1324 662 593 617 664 627 END
START -17264 6540 -6076 6471 -866 2211 662 594 618 663 628 END
START -16132 5664 -7200 5475 -1528 2877 660 594 618 665 627 END
START -19780 7012 -4756 4462 -3204 3778 662 594 618 664 627 END
START -18100 7216 -6304 3557 -4285 4760 662 594 618 663 627 END
START -14376 7664 -8800 2484 -5057 5710 662 594 620 663 627 END
START -17496 9468 -5960 1321 -6652 6852 662 594 618 664 627 END
START -15496 10324 -6100 57 -7464 8000 662 594 619 664 627 END
START -9668 10036 -10032 -1104 -7645 8991 663 594 619 664 628 END
START -11532 10520 -8160 -2137 -8716 10047 662 595 619 664 628 END
START -7864 11364 -9780 -3051 -7297 10857 661 595 619 664 627 END
START -11916 12312 -4836 -4268 -6680 11248 662 595 620 664 627 END
START -8648 10812 -6136 -5231 -4458 10990 661 595 618 665 628 END
START -11688 11008 -3140 -6031 -3877 10405 662 594 619 664 627 END
START -8008 9548 -5216 -6903 -2649 9328 662 595 619 665 628 END
START -12572 9964 -1844 -7557 -2302 8294 661 595 618 665 627 END
START -11884 9444 -2592 -8182 -584 6844 662 594 618 664 628 END
START -7496 7944 -6524 -8665 448 5503 662 595 619 664 628 END
START -9412 6180 -6068 -9048 1020 4284 662 595 619 665 629 END
START -16072 5708 -2020 -9363 990 3272 662 595 619 665 627 END
START -16828 5836 -1576 -9547 522 2299 661 595 619 664 628 END
START -18004 5496 20 -9446 136 1306 661 595 619 664 628 END
START -15708 4616 -1048 -9156 385 364 661 595 619 664 627 END
START -18088 4788 268 -8577 760 -734 662 595 619 664 627 END
START -19148 4096 596 -7944 730 -1575 662 595 618 664 628 END
START -15568 3524 -1724 -7198 546 -2384 663 595 618 664 628 END