START -13200 8644 -4092 -615 -950 416 662 592 619 664 628 END
START -13232 8656 -4208 -574 -977 441 661 592 618 664 627 END
START -12852 8724 -4344 -612 -876 282 661 592 618 664 627 END
START -12924 8760 -4248 -629 -532 311 661 592 618 664 627 END
START -13200 8808 -4064 -668 -543 315 662 591 618 664 627 END
START -13196 8728 -4260 -691 -760 390 662 592 617 664 627 END
START -13280 8868 -4216 -787 -990 615 661 592 618 664 627 END
START -12484 9104 -4788 -692 -624 525 662 592 618 664 628 END
START -13308 7940 -4328 -927 -907 137 662 592 618 664 627 END
START -13728 7908 -4252 -1002 -519 549 662 591 618 664 627 END
START -13212 8788 -3960 -1096 -329 959 661 592 617 664 628 END
START -12084 9680 -4360 -1354 83 1188 662 592 618 664 627 END
START -11840 9520 -4020 -1658 471 1529 661 592 618 664 627 END
START -15312 9872 -1016 -1987 352 1937 661 592 618 664 626 END
START -12260 9524 -3032 -2157 -555 2090 662 591 618 664 627 END
START -16384 10412 280 -2299 -1041 1998 661 591 617 663 627 END
START -14132 9908 -1192 -2442 -185 1508 660 592 618 664 627 END
START -9324 7388 -4748 -2567 578 732 661 591 618 663 627 END
START -12408 6516 -2936 -2866 1310 272 662 591 618 663 628 END
START -15136 7572 -1000 -2985 1247 -430 662 592 618 664 627 END
START -10964 6972 -3816 -2933 696 -1541 661 593 618 664 627 END
START -10192 7080 -4420 -2666 258 -3011 661 592 618 664 628 END
START -11388 6896 -3348 -2433 -298 -4717 660 592 618 664 628 END
START -8324 5696 -6448 -2131 1602 -6399 661 592 618 664 627 END
START -9552 3608 -7636 -1875 3584 -7564 661 593 617 664 627 END
START -14868 3300 -4452 -1533 2974 -8785 661 593 618 664 627 END
START -15132 3284 -5600 -939 2796 -9018 661 593 617 664 627 END
START -10932 3056 -9708 -149 2502 -8855 661 593 617 664 627 END
START -14552 4456 -5836 892 1199 -8596 661 593 618 664 627 END
START -18428 3072 -5708 1853 261 -7918 661 593 619 664 627 END
START -21060 3876 -2556 2737 -445 -7082 662 591 618 664 627 END
START -17692 3540 -3760 3991 -248 -6269 661 591 618 664 627 END
START -13864 2736 -4840 5153 1371 -5987 660 592 618 664 628 END
START -18828 4180 -1356 6656 830 -4579 660 591 618 664 627 END
START -21428 5536 -556 8010 -634 -2974 660 591 618 664 627 END
START -19456 4632 -3112 8958 -1407 -1920 660 590 618 664 627 END
START -22292 6088 -1796 9531 -4351 -644 661 589 617 664 627 END
START -22056 5176 -1232 8681 -7144 861 661 589 618 663 627 END
START -18156 7972 -7116 8955 -7216 2206 661 589 618 663 628 END
START -16720 8384 -7152 7991 -8160 3533 661 589 617 663 627 END
START -17828 10124 -6408 6834 -7898 4579 661 591 618 663 627 END
START -17680 11172 -5648 5281 -6746 5899 662 591 618 663 627 END
START -11680 11352 -9016 3735 -5421 7221 661 591 617 663 628 END
START -15440 12856 -5416 2364 -6749 9229 661 592 619 661 627 END
START -9300 13092 -9064 1098 -6389 10702 661 592 618 663 627 END
START -8968 13312 -7264 -280 -6381 12205 661 592 618 663 628 END
START -7696 12276 -7280 -1454 -4960 12974 661 593 618 664 627 END
START -9608 11972 -4580 -2567 -3726 13528 661 593 618 664 627 END
START -6612 10764 -5376 -3642 -1699 13361 661 593 619 664 628 END
START -9376 10792 -2924 -4585 -1085 13051 661 593 619 664 628 END
START -7364 9616 -4388 -5168 -67 12204 661 592 619 664 628 END
START -8736 8196 -3832 -5346 528 11186 661 593 619 663 628 END
START -6912 8336 -4928 -5359 458 9904 661 593 619 664 628 END
START -11532 7372 -2116 -5429 791 8574 662 593 619 664 628 END
START -13184 7604 -1908 -5602 1741 7151 662 593 619 664 629 END
START -8992 7872 -6212 -5904 3553 5589 661 593 618 664 628 END
START -9776 8212 -6312 -6388 4231 4368 662 593 619 664 628 END
START -8708 7744 -6708 -6921 4138 3222 661 592 619 664 627 END
START -12764 8416 -3808 -7268 4196 1853 661 592 619 664 628 END
START -13936 7916 -3328 -7447 5547 371 662 593 619 665 628 END
START -9784 7060 -7300 -7528 6417 -1011 662 594 619 664 628 END
START -10324 6332 -7200 -7493 6610 -2351 661 593 618 664 628 END
START -15480 7372 -2736 -7316 5341 -3358 661 593 618 664 628 END
START -7424 8428 -7024 -6977 6572 -4483 661 593 619 664 628 END
START -13464 8700 -972 -6688 6201 -5564 662 593 619 664 628 END
START -14004 7184 -2000 -5916 5539 -6508 662 594 618 664 628 END
START -9840 6092 -5580 -4836 5723 -7446 662 593 618 664 628 END
START -13836 6528 -2360 -3916 3364 -7675 662 593 619 664 628 END
START -18900 6636 1504 -2906 1630 -7586 662 593 619 664 628 END
START -15232 5980 -1116 -1815 1819 -7687 663 593 618 664 628 END