START -11892 5576 -6740 -4353 -749 -7789 599 563 597 651 612 END
START -12048 5464 -6320 -3822 -1570 -7830 619 566 594 652 612 END
START -11388 5128 -6324 -2180 -3379 -8113 597 564 589 651 611 END
START -10364 4596 -6588 -404 -2913 -8525 597 564 597 651 612 END
START -10952 4272 -6356 1377 -1479 -8808 605 563 602 651 606 END
START -12848 4240 -6448 2848 -179 -8827 598 563 599 651 612 END
START -14968 4052 -6988 4231 -90 -8824 598 572 597 657 612 END
START -15864 4572 -7268 5276 -794 -8547 613 575 601 654 617 END
START -16076 4092 -8020 6130 -1843 -8398 601 536 599 653 613 END
START -15528 5104 -8476 6790 -2243 -7761 601 566 597 649 612 END
START -15516 5612 -9248 7902 -1947 -7239 609 560 595 652 607 END
START -16336 5224 -10568 8663 -1653 -6738 600 565 598 654 612 END
START -19092 5516 -10364 8817 -2394 -5530 602 564 598 653 616 END
START -18896 5720 -10492 8347 -4191 -4871 601 565 598 653 612 END
START -16244 5984 -10628 7865 -4395 -4158 605 562 605 641 612 END
START -17672 5880 -8224 7685 -3449 -3463 603 568 595 634 614 END
START -17088 6020 -8076 7478 -2662 -2765 603 567 597 652 611 END
START -19916 6208 -6272 7506 -1771 -2242 605 561 598 653 611 END
START -18532 6776 -7976 7309 -1474 -1372 606 562 598 653 610 END
START -17336 7944 -8620 7107 -950 -176 603 558 600 652 609 END
START -16260 8484 -9228 6381 -1626 1109 603 560 597 651 612 END
START -15088 8584 -8988 5648 -1808 1845 607 557 607 645 612 END
START -12208 10408 -10620 5119 -113 2769 604 581 606 649 611 END
START -8228 11028 -12840 3930 1855 3954 602 559 597 649 611 END
START -5448 12256 -15688 2852 3373 5075 590 559 584 648 610 END
START -10468 12524 -11032 1354 3407 6049 602 562 599 649 611 END
START -12420 11480 -6540 -175 3585 6746 599 564 596 648 611 END
START -11564 11656 -6872 -1763 3684 7384 608 556 579 654 571 END
START -13076 11504 -6868 -3408 4185 7947 595 558 596 647 612 END
START -10440 11180 -8932 -4246 5405 7622 587 560 597 649 613 END
START -228 11028 -17380 -5459 5871 7674 593 561 596 648 610 END
START -12040 11316 -9356 -6787 4472 7978 589 559 595 648 621 END
START -10136 11660 -10700 -8397 3532 7857 588 563 598 649 612 END
START -6820 11468 -13408 -9970 3913 7232 596 563 598 650 612 END
START -5724 10864 -13576 -11466 4472 6457 600 561 577 699 619 END
START -2200 10588 -15756 -12829 5610 5888 584 573 599 651 613 END
START -3516 9724 -14812 -13909 5717 4964 587 558 600 654 614 END
START -11396 9376 -8408 -14501 6352 4242 586 566 599 653 613 END
START -9664 9132 -9348 -14808 7098 3154 579 566 556 654 629 END
START -7932 8432 -9656 -14456 7928 2252 585 563 600 654 616 END
START -8340 7828 -8708 -13312 7365 1005 587 554 598 652 615 END
START -6784 7480 -8856 -11867 6292 -232 581 573 619 652 617 END
START -9068 6120 -6396 -9547 4968 -1534 590 568 598 653 614 END
START -9156 6288 -6164 -7126 3326 -2609 588 566 598 653 614 END
START -14196 5808 -3092 -4930 1945 -3182 573 564 591 651 614 END
START -13468 6500 -5884 -3412 233 -4026 590 568 598 653 613 END
START -14768 6120 -5756 -2557 -1447 -5041 591 569 598 654 613 END
START -10220 4568 -9320 -1574 -1937 -6637 594 568 598 651 614 END
START -9620 6548 -8152 -636 -856 -7882 592 582 583 656 618 END
START -6164 7064 -9784 89 965 -8435 595 568 612 655 614 END
START -18268 4796 -3816 945 637 -9594 594 567 599 653 615 END
START -11256 4112 -10632 1890 1922 -9975 595 563 601 652 616 END
START -12012 5872 -10320 3058 2428 -9662 596 562 600 652 613 END
START -14740 7860 -8808 3584 2104 -8882 598 569 599 655 615 END
START -17600 7700 -5600 3720 1144 -8034 607 563 598 647 616 END
START -15284 7004 -9644 4076 1887 -7568 598 564 599 649 612 END
START -14028 6892 -11232 4388 2619 -6917 598 565 599 654 615 END
START -11780 8316 -12236 4316 2746 -6352 649 569 606 648 644 END
START -7096 10128 -13092 4264 3949 -4515 598 565 598 654 615 END
START -10032 10036 -12348 3257 1735 -3798 597 564 601 654 614 END
START -15712 8288 -8764 2941 1419 -3464 597 565 601 653 615 END
START -12064 9124 -11592 2581 1207 -2465 582 569 607 661 618 END
START -11372 12056 -12284 1905 -491 -1298 584 567 600 655 615 END
START -9120 10552 -9064 948 -967 -540 599 566 600 654 615 END
START -4972 9596 -14736 205 -142 -10 604 565 596 655 607 END
START -13436 9192 -8152 -344 -1193 443 600 564 600 651 614 END
START -8016 8020 -13048 -775 -208 793 600 564 600 654 615 END
START -16272 7052 -6556 -909 -1628 649 555 565 600 656 605 END
START -12900 6916 -9312 -917 -1355 864 602 563 596 660 613 END
START -7488 5940 -12472 -878 -88 451 602 565 599 658 616 END