START -13404 8540 -3440 -532 -195 148 659 587 615 663 625 END
START -13352 8548 -3496 -535 -227 141 659 587 613 662 626 END
START -13528 8528 -3520 -553 -286 241 659 587 614 662 625 END
START -13552 8480 -3500 -636 -433 279 658 587 614 662 625 END
START -13524 8352 -3468 -645 -645 299 659 587 614 662 624 END
START -13256 8708 -3500 -676 -520 391 658 586 614 662 625 END
START -13516 8456 -3420 -805 -622 209 658 586 614 662 625 END
START -13700 9116 -3204 -953 -396 696 658 587 614 662 625 END
START -12972 9424 -4608 -903 -334 607 658 586 614 662 625 END
START -13972 9248 -3624 -1305 -965 427 659 584 614 663 625 END
START -13756 8760 -4180 -1614 -931 621 658 587 613 662 626 END
START -15824 8044 -3076 -2023 -957 1188 659 587 614 663 625 END
START -13864 8540 -4504 -2423 -1039 1838 659 587 615 662 625 END
START -14508 8892 -4112 -2730 -1124 2248 658 586 614 662 625 END
START -16148 10248 -2436 -2914 -1108 2451 659 586 614 662 625 END
START -9748 11448 -7012 -3278 188 2679 659 586 614 662 625 END
START -10096 11612 -6124 -3663 67 3030 658 586 613 661 625 END
START -9612 11496 -6512 -3940 -535 3409 657 586 614 662 625 END
START -12964 11620 -3440 -4105 -1188 3409 658 587 614 662 625 END
START -5384 11572 -7360 -4020 -60 2477 659 586 614 661 625 END
START -8088 11504 -3140 -3960 -15 890 658 587 614 662 625 END
START -5036 10964 -4008 -3907 1159 -768 657 587 614 662 625 END
START -6188 9828 -2540 -3978 2869 -2762 659 588 615 663 623 END
START -4928 7752 -4068 -3506 4429 -5567 658 587 614 662 625 END
START -6324 4900 -3728 -2741 3618 -8442 658 588 614 663 625 END
START -11692 3568 -1836 -2161 3715 -10380 658 588 615 663 625 END
START -11832 2348 -1984 -1726 3123 -12502 658 588 614 662 625 END
START -17908 2280 620 -1374 1896 -13150 658 588 614 662 625 END
START -14404 -1872 -4936 -970 2226 -13221 658 588 614 662 625 END
START -20812 -1612 -2708 -346 115 -12556 658 588 614 663 625 END
START -22108 -1340 -4484 436 -1036 -11494 657 587 613 662 624 END
START -19152 -1360 -6752 1254 193 -10392 657 587 614 662 625 END
START -15988 384 -7244 2003 2230 -9264 658 587 614 662 624 END
START -20488 1596 -3308 3004 4103 -8458 657 586 614 663 624 END
START -20252 2348 -3440 4373 5387 -7730 658 586 611 662 625 END
START -17512 2952 -6236 5931 5485 -6664 658 586 613 662 625 END
START -17592 5680 -4292 7032 3870 -5583 659 585 613 662 625 END
START -16236 5040 -6976 7862 2671 -4342 659 585 613 661 624 END
START -20876 5744 -3412 8432 981 -3297 658 585 613 661 625 END
START -20636 6096 -3676 8672 1116 -2388 659 585 613 661 624 END
START -17568 6616 -5852 8503 795 -1562 659 584 613 661 624 END
START -19916 7556 -3440 8122 -570 9 658 585 614 661 624 END
START -20568 8348 -2976 7550 -1872 1650 659 584 613 660 624 END
START -18832 9204 -2932 6799 -5030 3200 658 584 613 660 625 END
START -17412 7908 -4068 5982 -6749 4773 659 584 613 661 625 END
START -18848 7900 -3608 5031 -8032 6098 659 584 613 660 624 END
START -19016 8828 -3416 3776 -8219 7408 658 584 613 660 624 END
START -13648 9144 -8020 2322 -6222 8767 658 585 613 660 624 END
START -13052 10204 -7948 450 -4328 10175 659 586 613 661 625 END
START -15100 11296 -5628 -1491 -2757 11817 659 586 613 660 625 END
START -12524 10788 -7448 -3020 -2275 13580 659 586 614 661 625 END
START -8896 12044 -8104 -4117 -2961 14915 658 586 614 661 625 END
START -9184 12248 -5980 -5459 -3728 15862 659 588 614 661 625 END
START -6204 11148 -7428 -6328 -2213 15607 658 587 613 662 625 END
START -7804 10592 -4472 -7349 -1207 14998 658 587 614 661 625 END
START -5308 9876 -5396 -8233 377 13841 659 589 614 662 626 END
START -9388 9968 -1608 -8652 874 12488 659 588 615 662 626 END
START -10956 9424 -656 -8822 1420 10672 659 588 615 662 625 END
START -7512 7996 -4408 -8915 2194 8635 658 587 615 662 625 END
START -10152 6020 -3784 -8891 2920 6718 658 587 615 662 625 END
START -15836 5836 -644 -8805 2377 5202 658 588 615 663 626 END
START -15324 5836 -244 -8413 1684 3757 658 588 615 662 626 END
START -13872 5708 -816 -7876 2656 2173 659 589 615 662 625 END
START -8904 4780 -4772 -7302 5077 271 660 588 614 662 625 END
START -12256 4092 -3632 -6509 6358 -1196 658 588 615 662 625 END
START -18576 4664 -412 -5676 4997 -2347 659 588 614 662 626 END
START -15320 4232 -2848 -4700 4001 -3471 659 588 615 662 626 END
START -10768 4376 -5956 -3834 2999 -4321 659 588 615 662 625 END
START -14800 4660 -2308 -2654 3045 -5027 658 588 616 663 625 END
START -10084 6540 -4528 -1428 4791 -5572 659 588 615 662 626 END