START -11180 10776 -5116 -711 -226 166 647 586 610 667 629 END
START -11088 10696 -5212 -709 -231 215 647 585 609 668 627 END
START -11108 10652 -5088 -708 -387 246 648 585 606 664 629 END
START -10568 11024 -5824 -710 -613 58 647 582 608 668 627 END
START -10712 10808 -5400 -782 -353 176 647 583 608 667 627 END
START -10692 10236 -5836 -857 -228 -70 646 583 608 668 627 END
START -11148 11008 -5196 -925 151 205 646 584 608 669 628 END
START -10932 11028 -5668 -734 171 60 647 584 609 669 628 END
START -11908 10204 -4992 -918 -564 -274 646 584 609 669 628 END
START -13012 9364 -4640 -836 -812 -311 647 583 609 669 628 END
START -12576 9220 -5132 -852 -896 -12 647 583 609 670 628 END
START -11544 9996 -4572 -962 -757 206 647 583 609 669 628 END
START -10452 9768 -5048 -1013 -509 158 646 584 609 670 629 END
START -11732 8796 -4388 -996 -291 4 648 584 610 669 628 END
START -9684 9316 -5228 -971 120 221 647 584 610 666 627 END
START -10876 10168 -3884 -897 -451 487 647 584 610 669 628 END
START -13712 11108 -1820 -939 -714 466 648 584 610 669 624 END
START -9764 10288 -4888 -1081 -1108 289 648 584 610 670 628 END
START -9000 10320 -6164 -1464 -1387 -3 647 584 610 670 628 END
START -13376 10180 -3072 -2079 -1748 -115 647 585 611 671 628 END
START -11144 12060 -4852 -2859 -2632 -393 646 585 611 670 628 END
START -9456 13688 -6780 -3711 -3414 -311 644 586 612 670 628 END
START -12896 14408 -5316 -4858 -4599 423 647 587 613 670 629 END
START -9572 14728 -7540 -6465 -4653 1116 646 589 614 672 629 END
START -5644 13592 -9208 -8009 -5406 779 646 591 616 672 630 END
START -6900 12608 -5060 -8805 -7734 -697 646 593 617 673 630 END
START -5684 11120 -3912 -9514 -6671 -2265 648 594 619 674 631 END
START -3264 9392 -4592 -9857 -4016 -4829 648 595 620 675 630 END
START -5572 7952 -3836 -9976 -1048 -7841 647 597 621 676 631 END
START -5000 5460 -4192 -9469 2094 -10802 648 598 621 676 631 END
START -10752 4748 -584 -8605 2325 -12627 647 598 622 676 631 END
START -10580 3284 -944 -7554 1919 -13494 648 599 623 677 632 END
START -9436 1668 -3188 -6028 1834 -14510 648 600 623 677 631 END
START -19024 1640 2780 -4908 520 -14638 648 599 623 678 632 END
START -16188 552 -964 -3572 -31 -14038 648 599 624 678 632 END
START -14984 -1588 -3708 -2085 -1119 -13106 650 599 624 678 632 END
START -21132 -1500 -668 -411 -845 -12707 650 600 625 678 632 END
START -19048 -1044 -1940 1228 1012 -11933 650 599 623 678 632 END
START -18160 328 -3868 2964 3507 -11461 652 598 624 678 633 END
START -20116 2156 -2768 4643 5352 -11115 652 598 624 678 632 END
START -21232 2868 -3356 6132 5711 -10298 653 598 624 678 632 END
START -19364 3860 -5776 7339 5541 -9097 653 597 624 677 633 END
START -18616 5900 -6836 7922 3414 -7521 653 596 623 677 632 END
START -21976 8856 -3844 8201 2236 -5654 653 595 623 676 633 END
START -19476 9988 -5284 8299 3283 -4138 655 594 623 676 633 END
START -18168 10480 -7028 7845 2440 -2324 655 594 622 676 632 END
START -20260 10596 -4528 7043 592 -57 654 592 620 674 632 END
START -20912 11188 -3812 6132 -1438 2270 654 592 621 674 632 END
START -18748 12064 -4416 4910 -4353 4776 654 592 620 674 632 END
START -20928 12828 -2220 3355 -6271 7674 654 591 620 674 632 END
START -17508 12172 -3980 1627 -6361 9945 654 591 620 674 632 END
START -16552 11352 -3620 -132 -7039 11854 656 591 620 673 632 END
START -16028 10840 -4024 -1752 -7438 13981 654 593 620 674 632 END
START -16092 12100 -2684 -3180 -7474 15708 653 593 620 674 632 END
START -7784 11696 -7164 -4509 -6892 17156 653 593 620 674 632 END
START -9000 11364 -5056 -5432 -7098 17471 653 593 620 675 632 END
START -3840 11188 -7476 -5889 -6565 17202 654 594 622 675 632 END
START -3352 11496 -6836 -6697 -5575 16738 653 595 623 675 632 END
START -3608 12184 -5024 -7559 -3864 15595 653 595 623 675 632 END
START -2228 11944 -5032 -8052 -1611 13551 653 596 624 675 633 END
START -3340 10420 -4048 -8107 155 11150 653 596 623 676 633 END
START -5056 9740 -3316 -8103 1539 8894 654 596 623 676 633 END
START -9068 8824 -1640 -8079 3024 6857 654 597 623 677 633 END
START -11616 9140 -76 -8091 3245 5319 653 597 625 677 633 END
START -12556 9112 1492 -7966 3022 3902 654 598 625 678 631 END
START -9516 7420 -364 -7665 3471 2037 655 597 625 677 633 END
START -11624 7264 1592 -7101 4767 -137 655 598 625 677 633 END
START -8500 4376 -1328 -6251 5946 -2456 654 598 625 677 634 END
START -9508 1804 -828 -5120 5230 -5080 655 598 625 677 633 END
START -14964 1336 2556 -4038 3269 -7154 655 598 626 677 634 END