START -6688 7308 -8280 -6833 6986 -4817 598 586 602 650 616 END
START -7732 7216 -8048 -6534 7723 -5090 598 573 601 655 616 END
START -10700 6724 -6408 -5587 7202 -5749 602 574 602 656 619 END
START -12664 6064 -5852 -4294 5104 -6241 604 575 599 656 617 END
START -13688 5176 -6760 -3125 3192 -6879 602 578 604 657 618 END
START -13084 4772 -6492 -1916 2174 -7946 610 556 603 650 616 END
START -10880 3908 -7872 -372 4111 -8347 605 575 604 657 621 END
START -11096 3896 -8000 1148 8649 -8216 607 576 605 658 618 END
START -14256 4876 -7608 3167 11942 -6088 605 538 601 658 618 END
START -17820 4852 -7388 5036 9963 -5230 594 574 607 649 618 END
START -18836 5056 -6828 6516 5621 -5178 621 574 606 654 618 END
START -18928 5416 -7044 8012 -232 -5154 621 577 606 658 619 END
START -17556 5500 -8368 9291 -5557 -5575 620 573 606 662 619 END
START -15760 5300 -9344 10098 -9106 -6186 621 580 607 655 617 END
START -14636 4712 -10368 10510 -10628 -6938 620 572 605 658 620 END
START -14480 4512 -11740 10582 -11968 -7665 622 561 606 660 619 END
START -12832 6112 -12500 10539 -10932 -8293 619 548 607 685 618 END
START -13744 7988 -10624 9288 -8236 -7784 644 569 605 661 619 END
START -13792 6824 -13040 8595 -4948 -7844 619 571 608 658 619 END
START -15776 9532 -12672 7358 -2519 -6828 619 573 609 660 619 END
START -12740 9856 -13728 6067 -144 -4645 612 572 608 657 619 END
START -14496 8408 -13532 5300 905 -3071 612 571 610 659 619 END
START -19752 9456 -10016 4444 298 -1003 611 573 613 660 621 END
START -23344 11976 -5348 3710 -1555 2079 615 578 615 667 616 END
START -20664 9388 -7944 2117 -4429 4210 616 576 618 654 622 END
START -15544 10988 -9752 1310 -4437 6458 615 574 613 660 619 END
START -6752 11980 -13000 -591 -934 9080 607 574 656 649 613 END
START -5692 9560 -14400 -2517 319 9762 610 574 615 663 626 END
START -14580 11252 -6400 -4508 1266 11994 609 572 612 660 621 END
START -4724 12352 -10912 -5506 4032 13642 608 572 613 659 621 END
START -16564 13124 -760 -7323 1825 13258 610 577 600 658 624 END
START -10024 12116 -6776 -8490 2247 13966 610 575 612 660 619 END
START -11584 11636 -5532 -9573 -676 13137 604 576 611 658 621 END
START -9912 10060 -5708 -10250 -2754 12121 602 576 611 657 622 END
START -10020 9640 -4164 -10478 -2616 10765 602 574 611 657 622 END
START -9544 8288 -4116 -10245 -1594 8412 605 579 611 661 631 END
START -5124 8584 -7360 -9855 334 6420 604 580 612 660 620 END
START -924 8440 -12060 -9560 4634 4867 577 570 621 656 623 END
START -1516 7692 -12580 -9213 6012 3523 605 577 609 663 624 END
START -13020 7988 -5056 -8887 5106 1832 606 578 612 661 622 END
START -9616 7372 -7576 -8010 7007 384 614 595 607 662 605 END
START -11780 7112 -6748 -7036 7011 -1149 605 593 609 660 623 END
START -12448 7960 -6092 -5708 6029 -2464 607 578 609 661 622 END
START -13920 7844 -5484 -4421 5480 -3222 595 619 608 660 619 END
START -13040 7516 -6088 -3491 3827 -3779 609 576 608 660 621 END
START -15436 5488 -6980 -2439 2424 -4909 608 576 609 657 620 END
START -12636 4620 -9096 -1566 1157 -5960 609 575 607 661 621 END
START -11184 4660 -10424 -373 -182 -6109 616 559 604 664 618 END
START -12344 5404 -9716 706 -1045 -6803 611 570 611 659 620 END
START -7500 6232 -11380 2129 915 -6804 612 569 606 660 622 END
START -14052 6132 -4788 3305 1775 -6193 616 570 608 661 626 END
START -17440 5940 -4788 4406 3737 -5587 618 568 594 661 622 END
START -12560 5480 -10076 5265 4321 -5600 619 571 609 661 621 END
START -13816 5172 -9240 5983 2580 -5700 633 587 607 660 622 END
START -14652 5036 -9060 6941 579 -5370 620 572 612 662 622 END
START -13504 6228 -9920 7658 -1653 -5573 620 572 611 660 623 END
START -13952 6944 -8964 8303 -2689 -5441 622 572 610 661 624 END
START -8604 9592 -15668 8903 -1522 -4726 621 574 610 649 621 END
START -8204 8916 -12908 8519 -2028 -4623 622 576 621 661 622 END
START -10756 8596 -10988 7994 -2480 -4832 621 570 610 660 618 END
START -13228 7484 -10104 7591 -1984 -4663 622 571 634 665 622 END
START -12096 8108 -11592 6763 -1974 -4507 620 573 612 661 622 END
START -12632 8176 -10916 5820 -1980 -4849 620 572 611 659 622 END
START -11828 8508 -10904 4954 -260 -4567 626 578 610 661 623 END
START -7392 9628 -14784 4110 898 -3697 623 571 614 643 627 END
START -14672 9400 -9424 3386 1585 -3062 619 572 612 662 621 END
START -12988 10528 -11360 3150 2325 -1934 620 570 611 662 623 END
START -16140 10644 -8420 2206 1783 -903 620 575 611 662 620 END
START -17404 8920 -5280 1239 983 -280 630 572 611 660 622 END
START -6812 8444 -12328 803 2445 448 618 574 613 662 622 END