START -13308 11208 -3568 -1964 -787 1676 653 582 603 659 625 END
START -13384 11484 -3640 -2072 -1051 1797 653 582 602 659 625 END
START -13172 12272 -3616 -2356 -1969 2132 654 583 603 659 625 END
START -12144 12456 -3724 -2798 -2325 2296 654 583 603 659 625 END
START -11484 12376 -4236 -3383 -1815 2784 653 583 603 660 626 END
START -11936 13368 -4292 -4132 -923 3185 654 584 603 659 625 END
START -12284 13784 -4900 -4656 -87 3692 653 584 603 660 626 END
START -12556 12316 -4964 -5358 -663 3856 653 584 604 660 625 END
START -12568 11032 -3932 -6142 -750 4674 653 579 604 660 626 END
START -11080 10924 -3284 -6556 -852 5319 653 585 605 657 625 END
START -9380 10736 -2472 -6538 -692 4918 652 585 604 660 626 END
START -7308 10132 -2480 -6508 -1018 3564 652 587 605 661 625 END
START -7692 8756 -1544 -6509 -231 1963 654 587 606 661 625 END
START -8024 8192 -1360 -6310 1444 245 653 587 606 661 625 END
START -8328 6868 -1840 -5739 2668 -1918 653 586 605 661 626 END
START -8488 5264 -2404 -4956 2055 -3966 654 587 606 661 626 END
START -11392 3956 -524 -4132 -150 -6303 653 587 606 662 626 END
START -13260 3276 216 -3471 -490 -7984 653 587 606 661 625 END
START -10260 2496 -2088 -2752 1438 -9877 653 589 606 662 625 END
START -7644 1844 -5000 -1929 4371 -12007 653 587 607 662 625 END
START -11512 1200 -4340 -1017 4916 -13088 654 587 607 662 625 END
START -14956 2604 -2652 -229 3662 -13863 653 586 607 662 626 END
START -11404 1812 -6516 837 1333 -13770 653 586 607 662 625 END
START -11536 1468 -6636 2054 -669 -13556 653 586 607 662 626 END
START -17484 2244 -3696 3385 -181 -13348 654 586 607 663 626 END
START -12764 2168 -7788 4644 2398 -13140 654 585 607 662 626 END
START -14388 3572 -6708 5548 3198 -11697 654 584 606 662 625 END
START -19832 3236 -5028 6508 2982 -10460 654 584 609 662 625 END
START -20940 3536 -3580 7476 2236 -9444 654 583 607 662 625 END
START -18516 3984 -4956 8334 2751 -8388 654 582 607 662 625 END
START -16116 3800 -6568 9104 4034 -7862 654 582 607 662 625 END
START -21184 4816 -2972 9608 3905 -7020 654 581 606 662 625 END
START -23760 5836 -1496 9978 2957 -5771 654 580 606 660 625 END
START -19148 6392 -5560 9852 2325 -4491 655 580 603 661 625 END
START -21408 6116 -4364 9510 516 -3104 655 579 605 661 625 END
START -24276 6980 -2604 8940 -1185 -1563 654 578 604 660 625 END
START -21572 7828 -5384 7951 -1518 383 654 577 604 659 625 END
START -19748 8256 -6804 6759 -3295 2325 655 578 604 660 625 END
START -20404 9548 -6336 5590 -5496 4459 656 578 604 659 625 END
START -20596 10676 -5144 4353 -7530 6540 655 577 604 659 624 END
START -17276 11496 -5744 2822 -8156 8696 654 577 604 660 625 END
START -16132 11712 -6368 1259 -8281 10725 654 578 603 660 624 END
START -16216 12016 -4916 21 -8251 12572 655 578 604 660 624 END
START -9872 11648 -8692 -1226 -7367 13911 655 579 604 659 624 END
START -13728 13172 -4028 -2638 -7385 15348 655 578 604 660 625 END
START -6064 11328 -8336 -3796 -5538 16103 654 579 604 660 624 END
START -10452 11276 -4800 -5018 -5540 16571 654 579 605 660 625 END
START -5928 9968 -7020 -6181 -3583 16103 654 579 605 660 624 END
START -6312 10056 -5932 -7197 -2753 15521 654 580 606 661 625 END
START -9484 9944 -3060 -8141 -1144 14645 654 580 606 661 625 END
START -6132 8728 -5496 -8790 -135 13451 655 581 607 661 625 END
START -8632 7884 -3724 -8940 -343 11909 655 575 607 662 625 END
START -13180 7028 -772 -8868 402 9950 654 582 607 662 625 END
START -12064 6288 -1428 -8726 1142 8000 654 582 607 662 624 END
START -7368 6112 -5488 -8452 3015 5974 653 582 608 662 625 END
START -7432 6340 -5916 -8231 4225 4210 653 582 608 662 625 END
START -12504 7044 -2444 -8028 4206 2701 650 583 608 662 625 END
START -15308 7228 -1056 -7736 3871 1416 654 582 608 662 625 END
START -11004 6648 -3356 -7141 4129 -588 654 583 608 663 626 END
START -6104 5592 -7192 -6392 5245 -2300 654 583 609 663 626 END
START -8244 5304 -5788 -5455 5630 -3998 654 584 608 663 625 END
START -13908 5520 -1760 -4384 5123 -5297 654 583 609 663 626 END
START -15136 5500 -952 -3179 5300 -6532 654 583 609 662 625 END
START -10368 5276 -4344 -2104 6188 -7430 654 582 608 662 625 END
START -7428 5296 -7612 -1286 5398 -7907 650 582 608 662 625 END
START -11484 6788 -5760 -707 3155 -8048 655 581 608 662 625 END
START -18628 9140 -488 -103 3296 -7611 656 580 608 662 625 END
START -20312 9784 -508 262 5080 -6738 654 580 608 662 625 END
START -15328 10584 -5048 332 5669 -5257 655 580 608 662 625 END
START -15788 12048 -4544 480 5925 -3577 655 579 607 662 625 END