START -13116 8756 -4228 -461 28 326 658 589 615 663 625 END
START -13200 8776 -4056 -462 74 368 658 589 615 663 626 END
START -13416 9096 -3808 -526 36 389 658 589 615 664 624 END
START -13608 9524 -3672 -661 92 682 658 588 615 663 625 END
START -13772 9872 -3604 -922 80 889 658 589 615 663 625 END
START -14052 9972 -3484 -1282 -73 1230 658 589 615 664 625 END
START -13684 10220 -3628 -1546 -77 1621 658 589 615 664 625 END
START -14024 9912 -3216 -1941 -1031 1872 658 588 615 663 625 END
START -12788 11136 -3212 -2057 -1256 2246 658 589 614 664 625 END
START -11496 11996 -4672 -2220 -607 2038 658 589 615 663 625 END
START -10736 12188 -4876 -2450 -602 1659 658 588 615 663 625 END
START -11760 11608 -4060 -2850 -616 1659 658 589 615 664 626 END
START -11932 11416 -4500 -3380 266 1697 658 585 615 664 626 END
START -9736 10584 -6316 -3724 1131 1747 658 588 615 663 626 END
START -6448 10560 -8528 -4018 1172 1522 658 589 615 665 626 END
START -9324 11064 -5096 -4247 557 1061 659 589 615 663 625 END
START -12300 10980 -1628 -4232 958 -173 658 589 616 663 625 END
START -6784 9600 -4552 -3794 1646 -1953 658 589 615 664 625 END
START -3780 7736 -6864 -3362 1527 -3645 658 590 615 665 626 END
START -9916 6448 -3128 -2957 1656 -5229 657 589 615 664 626 END
START -12468 5508 -1588 -2621 2464 -7430 658 589 615 663 626 END
START -11620 4372 -1592 -2273 2492 -8783 658 589 615 664 625 END
START -16868 3412 516 -1787 1674 -9736 657 588 614 663 625 END
START -15236 956 -1872 -1130 1143 -10633 657 589 614 663 623 END
START -13572 -1112 -4716 -409 482 -11233 658 589 615 663 625 END
START -18336 -1032 -2300 516 -1693 -11496 658 588 615 663 626 END
START -18356 -1404 -3796 1778 -2384 -11390 657 588 616 664 626 END
START -18916 76 -4176 2956 -950 -10892 657 587 615 663 625 END
START -19952 744 -3708 3977 879 -10289 657 587 615 664 626 END
START -20260 956 -4204 5135 2674 -9734 658 587 615 663 625 END
START -21108 1952 -4156 6283 3423 -8685 657 587 615 663 625 END
START -16956 2484 -7084 7518 3863 -7628 656 586 614 663 625 END
START -17828 4552 -6680 8352 3405 -6223 657 586 614 664 625 END
START -19200 6864 -4708 8816 3205 -4648 657 586 614 663 626 END
START -18464 6196 -6740 8885 1868 -3242 657 586 614 662 625 END
START -22256 7240 -3676 8542 894 -1840 656 586 613 663 625 END
START -17884 7536 -5804 7991 18 -460 657 586 612 662 625 END
START -17916 8612 -5588 7223 -1260 1071 657 584 613 661 624 END
START -18816 9492 -3584 6422 -3624 2786 657 585 613 662 626 END
START -19928 10260 -1792 5613 -5237 4391 657 584 613 662 625 END
START -18028 7880 -3800 4682 -6039 5775 657 583 613 661 624 END
START -19408 8856 -2764 3720 -7126 7363 657 584 613 661 626 END
START -16116 8800 -5548 2703 -6941 9010 657 584 613 660 626 END
START -12828 9328 -7992 1439 -6009 10431 657 584 613 661 625 END
START -16044 10456 -4512 -5 -6386 12079 657 585 614 661 625 END
START -14084 10636 -5156 -1364 -5393 13226 658 585 614 662 625 END
START -12188 10616 -6728 -2575 -4863 14439 657 586 614 662 625 END
START -7792 12052 -8552 -3722 -3486 15289 657 586 613 662 625 END
START -10444 12252 -5400 -5092 -3108 15626 658 587 613 662 627 END
START -6592 10960 -7356 -6242 -1410 15344 658 586 614 662 625 END
START -8168 10232 -5408 -7587 187 14678 658 586 614 662 625 END
START -6288 9872 -5600 -8583 1186 13623 658 587 614 662 625 END
START -10068 10012 -2192 -9392 1180 12332 657 588 614 662 625 END
START -6560 7780 -5932 -9800 2743 10412 657 587 614 663 625 END
START -11020 6212 -3552 -9979 3585 8406 657 587 614 662 625 END
START -15216 6276 -960 -9912 3083 6663 657 588 615 663 626 END
START -15956 5672 -824 -9765 2985 5418 658 588 615 664 625 END
START -14916 5676 -1428 -9488 2989 4121 658 588 614 663 625 END
START -8944 5224 -4960 -8793 2947 2519 658 588 614 663 625 END
START -10140 4956 -4440 -8043 3375 838 657 588 615 662 626 END
START -14600 5044 -56 -7116 4342 -1444 657 588 615 663 626 END
START -13136 4140 -1700 -6061 4853 -3145 658 588 615 663 626 END
START -9804 3360 -4844 -4774 4943 -4863 658 587 614 663 625 END
START -13536 3788 -2932 -3556 3125 -5969 658 588 615 662 625 END
START -17952 4596 280 -2012 2239 -7092 659 588 615 665 625 END
START -12268 5272 -3632 -716 2667 -7730 659 588 615 663 626 END
START -9140 6560 -5120 374 2322 -8300 658 588 615 663 625 END
START -14896 7112 -1388 1524 2719 -8656 658 588 615 663 625 END
START -14188 6500 -3720 2456 2213 -8461 656 588 615 663 626 END
START -12428 8044 -4916 3050 2790 -8149 658 588 616 663 625 END