START -9776 12464 -6220 -5993 -937 1496 594 549 591 637 598 END
START -6764 13576 -7292 -6640 22 1619 595 511 591 637 598 END
START -10128 9640 -7404 -4669 -372 -1423 592 551 593 639 599 END
START -6992 11676 -8120 -5256 -3206 -955 591 547 594 644 579 END
START -7908 10900 -6756 -6210 -4626 -649 595 553 594 641 601 END
START -8948 10140 -5656 -7359 -5671 -245 598 558 595 645 602 END
START -9872 8476 -4644 -7715 -6546 -969 598 557 596 646 604 END
START -8512 7660 -4000 -7375 -6416 -2602 599 558 597 646 604 END
START -6212 6588 -3040 -6237 -2887 -4710 600 560 591 645 606 END
START -4872 5112 -2676 -5102 2241 -7253 604 560 596 647 606 END
START -5592 2952 -2988 -4175 8398 -7772 618 562 590 645 603 END
START -9096 2840 -1976 -2780 12755 -7805 622 559 599 650 606 END
START -12716 4000 -1180 -1184 11946 -9228 621 565 597 648 606 END
START -13824 1076 -448 2242 9305 -10428 618 561 601 648 607 END
START -20512 -2244 -3144 8423 2423 -12829 624 565 602 648 612 END
START -16672 1792 -4544 8881 -760 -11925 624 563 601 610 607 END
START -14040 588 -8292 10215 -3656 -11951 623 567 601 650 607 END
START -15548 2596 -8300 10213 -5791 -11822 625 564 617 670 608 END
START -15000 692 -10632 10148 -5442 -12150 623 568 602 653 608 END
START -17128 184 -13472 10334 -3166 -12994 621 569 604 650 605 END
START -19196 3864 -11820 9709 -1387 -11095 617 568 605 652 609 END
START -20840 3108 -12116 7844 -367 -10409 610 573 610 655 590 END
START -18032 4736 -13788 7083 3124 -9520 618 569 605 654 610 END
START -21040 4804 -10904 5737 4176 -7950 609 566 605 653 610 END
START -20140 4204 -12676 5813 5586 -6687 607 567 606 651 610 END
START -16336 7800 -12972 5307 4893 -3232 603 567 598 659 595 END
START -21044 4992 -11944 4629 2220 -1661 602 564 607 654 612 END
START -23200 8076 -8288 4506 -762 728 598 565 605 654 611 END
START -18252 10704 -9772 3911 -1367 2880 603 563 613 652 613 END
START -20884 7124 -6428 3379 -1837 4637 592 528 606 654 611 END
START -15316 6488 -11096 3357 -1421 6481 590 562 605 654 612 END
START -14596 9100 -9820 3084 -2745 8667 591 560 601 653 612 END
START -17884 9516 -6008 1716 -5417 10592 587 561 604 654 615 END
START -13468 7608 -9544 1334 -6531 11092 586 565 602 653 611 END
START -13016 10396 -6512 417 -6664 12675 584 560 603 653 612 END
START -9336 7492 -8800 -682 -5901 13389 586 608 602 651 605 END
START -2088 9120 -14020 -1630 -4295 14065 603 578 604 652 608 END
START 1424 9988 -11968 -2847 -2283 15704 583 564 598 651 611 END
START -3484 10548 -10940 -4423 -3463 15429 584 568 609 652 619 END
START 296 9368 -14020 -5559 -3729 14925 585 561 603 650 608 END
START -7576 8828 -6684 -6573 -5146 14601 583 562 600 650 609 END
START -8216 9680 -5396 -7171 -4035 14146 581 562 602 648 608 END
START -6984 9552 -5484 -7985 -2676 12783 583 559 605 655 603 END
START -4836 9464 -6076 -8023 498 11494 582 562 601 661 609 END
START -5744 9692 -4296 -8225 2510 9777 583 562 602 650 607 END
START -3108 12344 -8948 -7877 5339 8269 585 513 601 643 617 END
START -3908 11108 -3920 -7222 7487 5885 586 558 599 650 610 END
START -5008 11400 -4388 -6500 6422 4432 582 560 598 650 607 END
START -8300 10652 -3448 -5759 4965 2859 578 553 557 652 606 END
START -6200 10304 -5140 -5018 2942 984 583 556 597 650 609 END
START -5652 10548 -4092 -4342 2591 -799 574 558 595 649 607 END
START -7460 8572 -5576 -3417 4878 -1933 581 558 596 646 608 END
START -7072 8212 -7104 -2429 2873 -3326 592 555 591 642 607 END
START -13212 7696 -4552 -1918 186 -4408 586 560 590 647 607 END
START -12632 7240 -4396 -1528 -1337 -5744 590 554 590 651 607 END
START -13864 6064 -2732 -1081 -1513 -7220 589 555 592 647 608 END
START -14404 4124 -3752 -293 -671 -8380 592 552 611 643 609 END
START -16460 3184 -4544 566 -1505 -9287 590 553 591 650 608 END
START -18756 2212 -2748 1099 -2942 -10248 590 554 591 645 611 END
START -14844 2208 -5720 1710 -2507 -10734 591 560 593 648 607 END
START -15464 2808 -6708 2356 -2022 -10838 592 555 592 648 608 END
START -17364 3536 -5992 2947 -1899 -10618 590 555 594 648 607 END
START -17104 2912 -5644 3301 -2955 -10099 590 559 597 647 606 END
START -17460 2464 -6536 3361 -3711 -10306 587 551 580 646 609 END
START -17000 1640 -6804 3606 -2494 -10532 592 558 592 648 608 END
START -18180 3064 -6264 3979 -1748 -10184 590 552 591 648 606 END
START -17688 4588 -5936 4457 -833 -9452 571 548 584 651 612 END
START -19744 3868 -4964 4592 -703 -8586 589 551 594 652 612 END
START -18308 2880 -7168 5003 -197 -8340 591 552 591 649 608 END
START -16956 5824 -7232 5582 374 -7383 587 550 591 635 614 END