START -6992 11196 -9056 -8766 401 551 587 549 587 642 608 END
START -6748 11144 -8916 -8819 323 406 586 553 590 643 606 END
START -6340 11224 -8496 -9079 295 -293 587 553 590 643 608 END
START -5032 10588 -8676 -9242 1234 -1426 589 555 590 645 609 END
START -5624 9656 -9040 -8913 3226 -2537 586 556 591 645 609 END
START -7228 8880 -8672 -8343 4070 -3630 588 557 591 646 610 END
START -8316 9016 -8300 -7632 4130 -4089 591 558 591 647 607 END
START -8836 7936 -7444 -6862 3576 -5108 590 560 595 648 610 END
START -8452 7760 -6660 -6209 3760 -5852 591 559 596 648 609 END
START -8528 7272 -7236 -4747 5178 -6669 592 559 596 647 611 END
START -8864 6372 -8720 -2889 5943 -7506 593 567 594 650 610 END
START -12232 4940 -8940 -1364 5084 -7879 585 522 594 643 615 END
START -12368 4316 -10068 -163 3803 -8098 594 562 596 648 611 END
START -11968 4400 -9684 800 2786 -8211 594 563 594 651 611 END
START -11516 3588 -10200 1503 3870 -8229 599 567 585 646 635 END
START -12580 3376 -11324 2421 5948 -8401 599 564 596 652 610 END
START -11752 2996 -12828 3218 6170 -8181 599 562 594 651 610 END
START -17940 3548 -8496 3859 4464 -7629 598 563 595 653 610 END
START -20636 3580 -7220 4757 2188 -6823 599 564 595 652 611 END
START -12624 3760 -12572 5929 2026 -6586 628 564 597 652 613 END
START -14108 4448 -11416 6943 1961 -5973 600 562 596 652 611 END
START -9920 5372 -15188 7992 1412 -5086 581 559 594 660 617 END
START -17248 5972 -10392 8501 -440 -4566 602 562 597 650 611 END
START -22760 6960 -6796 8589 -1737 -3981 602 562 596 652 611 END
START -16848 8756 -13644 8825 -1441 -2910 602 552 597 652 611 END
START -20144 9084 -8744 8212 -2650 -2017 601 560 593 652 615 END
START -19296 8968 -7684 7513 -3674 -1826 603 562 598 653 613 END
START -20416 9336 -7220 6804 -4285 -687 602 559 596 652 613 END
START -13160 9888 -12908 6380 -4020 279 605 559 582 652 612 END
START -10224 10112 -14420 5495 -4872 1671 605 552 598 652 612 END
START -14856 11140 -11456 4372 -5502 2314 604 558 596 652 613 END
START -8736 10532 -14872 2733 -5236 3813 598 564 587 651 612 END
START -16972 11020 -8364 1072 -6659 5179 608 557 597 659 612 END
START -16748 10576 -8056 -751 -7779 6187 604 558 599 638 613 END
START -17552 10572 -6412 -2020 -7976 7518 604 555 600 650 614 END
START -19300 10988 -4144 -3678 -7922 9060 605 537 574 652 609 END
START -14292 10868 -7220 -5097 -7963 10129 601 557 594 648 612 END
START -13180 11292 -7560 -6719 -7521 11535 603 561 597 653 614 END
START -12568 11416 -6968 -7975 -7995 11824 601 557 597 651 612 END
START -9080 11708 -8744 -9020 -8643 12499 605 559 596 646 615 END
START -9540 11480 -7732 -9889 -7990 12599 617 556 597 635 613 END
START -7936 11612 -7520 -10618 -7954 12059 602 556 597 650 613 END
START -2760 12772 -9528 -11007 -5835 11323 600 558 599 651 613 END
START -6744 11688 -4144 -11344 -2648 9634 603 557 605 653 610 END
START -4244 11768 -5984 -10618 2936 7775 603 561 601 652 615 END
START -604 11156 -9064 -10006 7592 6030 605 560 601 652 613 END
START 1968 10312 -13172 -9439 10297 4501 604 562 601 654 614 END
START -4216 10236 -9016 -8674 10719 3165 607 561 602 654 623 END
START -2872 8508 -9624 -7207 10547 1497 604 563 601 654 582 END
START -10952 8532 -3524 -5026 9046 -66 608 572 603 654 614 END
START -13132 6900 -2128 -3182 10211 -1628 601 572 603 647 621 END
START -8308 6352 -9040 -868 10479 -2908 605 584 604 655 617 END
START -6560 6388 -13504 331 9364 -4057 608 566 601 654 613 END
START -9688 6296 -13140 838 7345 -5053 618 560 593 640 618 END
START -13768 7588 -11864 1614 4125 -5418 608 548 599 650 612 END
START -15224 8780 -7384 1753 2289 -6689 610 564 601 656 614 END
START -9472 8268 -9308 1961 4109 -7829 613 560 591 656 606 END
START -8040 5836 -9540 2793 7324 -9129 608 571 600 658 614 END
START -15288 6052 -6392 3590 7266 -9744 608 565 599 656 614 END
START -17564 6108 -7184 4317 6039 -9268 607 555 600 656 603 END
START -13852 5860 -10708 4755 4866 -8926 609 564 599 656 618 END
START -13104 5668 -11980 5587 4168 -8620 608 563 600 655 614 END
START -13128 7272 -11120 6167 4200 -7899 609 563 600 656 615 END
START -8916 9272 -14144 6429 4958 -6227 606 551 594 647 601 END
START -15888 8800 -8372 5916 2097 -5582 608 562 599 655 619 END
START -20612 8516 -6232 5859 1259 -4776 609 562 602 655 608 END
START -15856 9632 -10060 5486 1039 -4127 608 568 598 662 623 END
START -11600 10088 -12524 5090 570 -3457 609 561 600 657 615 END
START -13028 12604 -11764 4241 -937 -2258 609 563 592 657 613 END
START -9500 11988 -12376 3103 -2287 -1219 607 563 600 656 615 END