START -13088 9192 -3984 -537 -179 266 655 579 609 659 623 END
START -13196 9300 -4164 -564 -222 337 656 579 608 658 622 END
START -13176 9504 -4100 -680 -387 502 656 579 609 658 623 END
START -13048 9528 -4464 -826 -373 784 656 579 609 659 622 END
START -12884 9588 -4136 -976 -312 783 656 579 609 660 622 END
START -12728 9956 -3968 -1075 -256 850 656 579 609 658 622 END
START -12896 10536 -3700 -1304 -665 1045 657 579 609 658 622 END
START -12436 11052 -4320 -1381 -653 1002 656 579 609 657 622 END
START -13124 10376 -3736 -1910 -1186 884 656 579 609 660 622 END
START -14248 9572 -3024 -2338 -1335 1502 655 579 609 658 622 END
START -13272 10336 -2540 -2627 -1385 2101 656 577 609 658 622 END
START -12680 10132 -2572 -2854 -1588 2305 656 580 609 658 622 END
START -11348 10140 -3488 -3036 -1727 1991 656 580 610 659 622 END
START -16092 8696 -768 -3202 -2467 1539 655 579 609 659 622 END
START -12532 8876 -2920 -3378 -2918 1110 656 579 609 658 623 END
START -8060 8640 -5344 -3484 -3210 520 656 579 609 658 622 END
START -10812 8848 -3108 -3423 -3098 -113 656 580 610 659 622 END
START -13724 9632 -824 -3415 -2585 -770 655 579 609 659 622 END
START -9324 8816 -3860 -3370 -899 -1844 657 580 609 660 622 END
START -6000 7860 -6340 -2987 -505 -3509 649 581 609 658 622 END
START -9620 7552 -3312 -2411 -1249 -5511 656 580 609 659 623 END
START -4476 7220 -6436 -1748 -1334 -7531 656 580 609 659 623 END
START -7848 6448 -3776 -1419 -2296 -9109 656 580 609 659 623 END
START -12356 5812 -1396 -1222 -2550 -10729 656 581 610 660 623 END
START -9128 3468 -4432 -680 -2137 -12413 656 582 610 659 623 END
START -12736 2324 -1444 -167 -2320 -13154 656 582 610 660 623 END
START -9876 1044 -4676 517 -398 -14041 656 582 610 660 623 END
START -15796 908 -1504 1463 369 -13886 656 581 610 659 623 END
START -21572 952 1016 2358 231 -12936 656 580 609 660 623 END
START -19356 412 -864 3231 612 -11801 656 580 609 660 623 END
START -19568 472 -1420 4158 1520 -10641 656 579 609 660 623 END
START -22964 64 512 5087 1950 -10030 656 580 606 659 622 END
START -22324 1068 -420 5989 2845 -9109 657 580 609 659 622 END
START -22876 1368 -564 6716 2907 -8828 657 578 609 659 622 END
START -18804 2172 -4764 7172 2892 -8148 656 578 609 659 622 END
START -20828 3084 -3944 7526 2273 -7423 657 577 608 658 622 END
START -21592 4676 -4620 7526 1087 -6329 657 576 608 659 623 END
START -19968 5740 -6188 7087 503 -4886 657 575 607 660 622 END
START -19220 6540 -6720 6370 -391 -3342 656 575 607 658 622 END
START -20080 8116 -5484 5617 -1412 -1587 657 575 607 657 622 END
START -17060 8824 -7176 4994 -1482 554 657 574 606 658 622 END
START -16636 10900 -6796 4207 -1916 2707 658 575 606 657 622 END
START -17512 11428 -4868 3142 -2589 5028 657 575 606 657 622 END
START -15728 10624 -7540 1990 -2728 7101 657 575 606 657 622 END
START -17392 10528 -3320 839 -3585 8846 656 575 606 657 622 END
START -13436 9984 -5096 -353 -3766 10635 657 575 606 657 622 END
START -13968 9948 -4036 -1640 -3857 11957 657 576 606 657 621 END
START -16872 9704 -1380 -2841 -4363 12848 657 570 607 658 621 END
START -13252 6768 -4392 -4099 -4328 13317 657 577 607 658 622 END
START -11836 7488 -6440 -5056 -3809 13670 657 576 607 658 622 END
START -10996 8216 -6344 -5986 -2554 13872 657 577 607 658 622 END
START -9988 8988 -6860 -6947 -943 14293 657 578 608 658 622 END
START -10424 9096 -6364 -7724 170 14261 658 572 608 658 622 END
START -11876 9536 -5048 -8369 706 14202 657 578 608 658 622 END
START -7640 9556 -7864 -8649 2408 13688 657 578 608 658 622 END
START -7028 10316 -6892 -8966 3571 12883 657 579 608 659 622 END
START -10984 10840 -2020 -9056 3002 11706 656 580 608 659 622 END
START -5820 9476 -5460 -8673 4095 10394 656 580 609 659 622 END
START -11252 9104 -1708 -8334 3690 8468 657 576 610 660 620 END
START -10988 8392 -2292 -8072 4342 6750 656 580 608 659 622 END
START -7880 7504 -4604 -7800 5370 5152 657 581 610 659 622 END
START -10960 7588 -1868 -7575 5145 3734 656 581 610 660 622 END
START -14328 7536 1540 -7120 4123 2102 658 581 609 658 622 END
START -13400 6912 1628 -6338 3777 295 657 581 610 660 623 END
START -12336 5356 648 -5438 4337 -1874 657 581 610 660 622 END
START -9488 1784 -3512 -4539 5758 -4113 657 582 610 660 622 END
START -13812 1548 -1356 -3598 5813 -6105 657 581 610 660 623 END
START -17764 2324 1612 -2452 4442 -7603 657 582 610 659 623 END
START -13716 2536 -1748 -1174 5546 -8447 657 582 610 657 622 END
START -12588 3104 -3728 319 6211 -8663 658 582 611 661 623 END