START -3684 11696 8484 3074 -2674 2053 500 575 380 458 474 END
START -3332 11952 8528 3475 -1722 2123 495 574 429 461 429 END
START -3576 12396 9036 4736 1059 2684 506 574 424 462 425 END
START -5436 13520 9592 5314 2689 2475 498 569 429 459 421 END
START -6488 13112 8168 5012 2160 2035 491 567 425 463 424 END
START -5900 12732 6504 5177 550 2067 497 550 416 460 430 END
START -5076 13348 6300 5767 -445 2264 492 549 425 467 424 END
START -5064 13128 5832 5777 -754 2548 488 539 419 462 425 END
START -4504 13828 5536 5684 -565 2203 492 460 427 467 404 END
START -4688 13092 5088 5167 -165 1932 491 511 425 460 428 END
START -5048 13968 5388 4672 -19 2292 487 500 425 459 424 END
START -3892 14484 4064 4605 41 2132 486 493 420 459 425 END
START -3432 14132 3752 5000 -73 1755 484 483 420 458 424 END
START -5532 13500 3936 4469 -1170 1428 460 480 420 492 429 END
START -5224 13508 3544 4265 -1945 1373 484 472 424 460 423 END
START -8608 13696 6384 4099 -2962 1387 480 466 415 459 416 END
START 2940 12580 -2232 4117 -1636 1499 479 457 426 456 425 END
START -5748 13344 4332 4014 -2636 1560 475 465 416 459 383 END
START -7940 13668 6180 4070 -2549 1542 478 456 414 458 422 END
START -2964 14388 2368 4089 -1201 1107 474 452 408 419 419 END
START -1744 15536 28 4186 -1488 1220 478 457 413 461 425 END
START 1384 15268 -3304 4559 -544 971 476 448 415 459 424 END
START -2928 15612 -412 4769 -1492 1596 471 444 414 458 423 END
START -3076 15224 4124 4833 -1828 1684 475 446 415 461 425 END
START -6704 15504 6476 4492 -4355 1510 477 441 413 459 424 END
START -4708 15732 6420 4009 -3832 1321 475 441 421 457 429 END
START -848 15124 1708 3620 -2891 1052 474 441 412 466 424 END
START -3172 14336 3112 3733 -2579 596 472 438 405 461 431 END
START 1748 13836 -1264 3812 -1108 819 474 448 412 461 423 END
START -9208 13056 5796 3938 -3249 452 472 438 412 462 424 END
START -4628 12488 2216 4244 -2595 29 478 436 413 471 424 END
START -5096 12096 2780 4526 -2807 -513 468 440 411 465 426 END
START -8740 12600 5436 4852 -3693 -1068 472 441 417 463 424 END
START -7620 14708 4560 4888 -2689 -1665 479 443 426 468 408 END
START 5880 16056 -5868 5170 -193 -1494 468 398 412 466 425 END
START 1684 16320 -40 5087 416 -1545 474 443 415 466 424 END
START -7152 16064 5652 4834 -1087 -1727 472 448 418 456 428 END
START -448 16408 -892 4246 -1309 -1927 475 456 417 468 428 END
START -11076 15964 5280 3583 -4652 -1872 474 451 417 464 426 END
START -7028 13208 2072 3451 -2978 -2488 451 448 428 450 426 END
START 1108 12812 -3352 3472 -2376 -3089 467 445 421 465 420 END
START -8132 13336 3020 3290 -1603 -4143 471 445 416 464 424 END
START 1892 13800 -5496 3323 110 -4730 473 407 403 462 422 END
START -3960 15088 -1532 3144 -889 -4860 478 448 416 463 423 END
START -1320 17588 -5184 3154 -43 -4630 471 450 416 463 423 END
START -5164 16568 1104 2679 -1729 -4763 463 455 422 462 400 END
START -4368 18000 492 2212 -2740 -4526 471 457 418 464 424 END
START -7444 18044 1300 1446 -3274 -4441 471 446 417 467 426 END
START -2948 17024 -3080 920 -2045 -4063 471 449 416 464 419 END
START -10068 15816 1404 735 -1929 -4055 472 446 421 461 424 END
START -2124 14808 -5156 920 -259 -3875 471 445 417 464 425 END
START -11348 14816 656 1029 -1554 -3250 474 447 417 464 423 END
START -2872 16416 -5224 1302 -856 -2613 473 447 415 463 424 END
START -8856 17708 -420 1001 -1666 -2085 472 443 420 491 425 END
START -3660 18956 -4948 818 -735 -1241 474 446 417 471 424 END
START 92 18128 -5628 471 935 -684 477 439 416 473 428 END
START -540 19284 -7996 297 1079 -174 472 447 417 463 425 END
START -2700 17732 -1996 -23 1416 132 454 500 423 470 423 END
START -4172 17632 12 -158 1117 529 470 448 419 410 422 END
START -6056 17392 1368 -507 1129 781 473 447 416 462 418 END
START -5624 16996 356 -897 878 767 472 450 418 465 424 END
START -7648 17076 2576 -1211 414 838 475 449 412 462 426 END
START -2924 16580 -1204 -1295 1000 1016 468 458 418 504 426 END
START -6128 16832 888 -1721 -548 1094 476 450 419 463 429 END
START -7860 16456 176 -1851 -385 1172 474 448 417 463 425 END
START -3412 16628 -2104 -2033 111 1363 470 505 421 528 418 END
START -8936 16384 2076 -2275 -1022 1457 472 458 416 466 423 END
START 1396 15552 -5140 -2270 964 1395 474 464 415 460 424 END
START -4328 15660 -1992 -2547 1170 1387 478 420 401 463 421 END
START -5296 14660 -1560 -2727 1373 1239 477 461 413 454 423 END