START -3648 7292 12656 -1106 299 -69 528 676 393 434 482 END
START -3496 7408 12612 -1088 209 -71 528 676 393 435 482 END
START -3460 7336 12676 -1158 -145 -90 528 676 392 435 482 END
START -3260 7304 12596 -1142 -295 -109 529 672 392 435 483 END
START -3160 7400 12568 -1139 -90 -15 529 677 393 436 483 END
START -3484 7296 12636 -999 -97 -22 530 676 389 436 482 END
START -3144 7756 12900 -774 140 -39 530 677 395 435 482 END
START -3572 7260 13132 -991 -191 -338 530 676 393 437 482 END
START -3512 7496 13932 -983 -338 199 530 677 393 436 483 END
START -2848 8408 13472 -644 -193 161 530 678 393 436 481 END
START -2608 9288 12884 -419 -41 -93 530 677 393 436 482 END
START -2608 8476 12068 -264 -60 -366 528 677 394 437 483 END
START -2088 8632 11760 -299 -17 -475 531 677 394 436 482 END
START -2316 8772 12016 -322 68 -423 531 677 394 437 483 END
START -3268 9084 12644 -329 -104 -329 530 677 394 437 483 END
START -1380 9032 11560 -382 -17 -261 531 677 394 437 483 END
START -940 8876 11384 -362 -74 -206 531 676 394 436 483 END
START -1336 8772 11640 -258 -99 -267 531 677 393 436 483 END
START -1580 8512 12012 4 -94 -241 531 675 393 437 483 END
START -1976 8660 12212 -166 -404 -360 530 677 394 436 483 END
START -2436 8252 12496 -103 -528 -411 531 677 394 437 483 END
START -1356 8516 11808 63 -408 -332 530 676 394 437 483 END
START -1552 8104 12180 310 -653 -473 531 677 395 437 483 END
START -1780 7128 13140 1338 -385 -520 532 674 395 437 483 END
START -1400 7716 13120 2194 -502 -569 530 671 396 437 483 END
START -2324 8052 13988 2946 -941 -537 530 664 397 438 484 END
START -2388 8060 12996 3390 -1547 -334 531 651 396 439 482 END
START -2920 8348 11928 3442 -2443 14 528 641 397 438 483 END
START -2840 8528 9752 3261 -4078 75 530 627 398 437 482 END
START -2360 8924 10688 2858 -6366 125 529 623 398 437 482 END
START -1276 8884 11068 2462 -6020 342 528 620 398 436 483 END
START -448 10268 11644 1896 -3781 -419 526 614 398 438 483 END
START 76 10204 10964 1519 -2310 -387 526 608 398 438 482 END
START -968 10288 11576 1440 -1610 -965 526 598 398 438 482 END
START -1936 10720 11284 458 -819 -1067 526 551 395 437 483 END
START 3664 2624 11368 5747 33 -7113 527 544 393 437 482 END
START -4852 14912 16612 2788 -940 1778 527 517 394 437 481 END
START -448 8848 11168 1979 -857 -3691 526 499 394 437 481 END
START -1876 8100 12008 2410 -1485 -1891 526 480 393 436 481 END
START -3964 8612 13372 2635 -3113 -2276 526 462 393 436 481 END
START -2160 9224 13316 2689 -3884 -2234 524 450 393 436 480 END
START -1832 9080 14408 2847 -3575 -2655 523 444 394 436 479 END
START -4216 7956 15020 2673 -2597 -2374 522 444 392 436 480 END
START -5828 8164 14052 2655 -2340 -2848 522 442 395 437 480 END
START -4048 6536 10920 2927 -2853 -3022 519 442 395 436 479 END
START -3368 5612 9900 3160 -2984 -3466 522 440 396 437 481 END
START -4740 7888 11236 3292 -3305 -3419 523 440 398 438 480 END
START -2440 8572 10136 3510 -2725 -3578 522 437 398 437 480 END
START -664 8560 9716 3688 -1426 -3855 523 436 399 437 481 END
START -860 8704 9296 3827 -1409 -3901 519 435 401 437 480 END
START -4164 9696 11540 3913 -2250 -3814 520 433 401 437 481 END
START -1860 10124 9540 4040 -2043 -3736 520 432 401 438 481 END
START -28 10428 8328 4352 -1366 -3803 520 431 402 437 480 END
START -3088 11476 10352 4111 -1150 -3507 519 430 402 437 480 END
START -1508 13500 9632 3899 -737 -3037 518 428 402 437 480 END
START -2044 12892 9444 3205 -1433 -2737 518 427 402 436 480 END
START -2788 11736 9956 2310 -2336 -2179 516 427 403 436 480 END
START -440 10860 8784 2047 -1278 -2312 514 425 401 437 479 END
START -2332 12312 10740 1670 -1125 -2623 511 424 401 436 479 END
START -3400 12340 12176 924 -1079 -2828 508 420 401 436 478 END
START -5444 10968 12820 379 -1229 -2603 507 418 401 435 477 END
START -6120 10692 10764 -281 -2476 -2475 506 418 401 435 477 END
START -3328 8456 7880 -505 -1946 -2845 506 417 401 435 477 END
START -4800 10728 8904 -802 -1178 -2453 506 418 401 434 477 END
START -1860 11460 8008 -1012 127 -2189 505 419 402 434 477 END
START -4204 12396 10316 -1077 63 -1504 504 420 402 435 477 END
START -2300 13280 9280 -1153 -305 -951 505 421 402 433 478 END
START -1864 12964 9308 -1103 -265 -489 506 421 402 434 477 END
START -2216 13424 9864 -1354 -170 40 505 421 404 434 477 END
START -1672 13632 10024 -1355 239 207 506 421 402 435 478 END