START -6484 7360 11480 -699 -428 -153 494 668 375 419 452 END
START -6260 7460 11440 -670 -324 -200 495 669 375 420 455 END
START -5908 7572 11368 -644 190 -306 495 668 375 418 454 END
START -6132 7540 11320 -662 582 -358 495 669 376 420 454 END
START -6536 7788 11700 -606 761 -348 495 668 375 419 454 END
START -6596 7540 11608 -551 590 -294 496 668 376 420 455 END
START -6844 7548 11500 -458 149 -71 496 670 377 420 453 END
START -6400 7424 11144 -411 -26 -293 495 668 376 420 454 END
START -6512 7900 11524 -641 151 55 496 667 376 420 454 END
START -5800 8156 10968 -438 913 -150 496 668 376 420 455 END
START -6248 7680 10664 -544 695 -554 496 667 377 420 454 END
START -7216 6816 10824 -548 50 -777 494 668 377 420 455 END
START -7284 4976 10240 -583 -388 -570 495 667 377 420 455 END
START -7232 5824 10320 -615 -676 -428 493 668 377 421 455 END
START -6912 5280 10304 -551 -618 -551 494 667 378 421 456 END
START -7668 5336 11120 -376 -396 -741 495 665 380 422 456 END
START -7348 4412 9920 -157 -459 -907 495 663 382 423 456 END
START -7468 4300 9800 -57 -406 -1093 497 660 381 423 457 END
START -7608 4676 9452 -201 -295 -1147 499 660 381 422 456 END
START -8120 6368 9888 -433 -220 -1275 499 659 382 422 457 END
START -8292 5812 9836 -576 -480 -1078 499 659 382 422 457 END
START -9160 6724 11308 -292 -852 -929 499 658 383 423 457 END
START -9120 6064 12016 406 -961 -602 499 654 384 423 457 END
START -8144 6520 12708 1382 -944 -375 499 645 384 423 457 END
START -10356 5784 13188 2178 -1579 39 499 634 383 422 457 END
START -9532 6412 11860 2672 -4737 159 499 625 385 423 458 END
START -9984 5732 11536 3278 -9044 914 499 620 384 424 457 END
START -5252 4700 9516 4292 -10399 192 500 601 384 425 458 END
START -3544 5184 9780 5304 -9584 -232 500 596 384 424 458 END
START -1936 5872 10228 6006 -6152 -725 500 588 383 424 458 END
START -3468 6992 11860 6135 -1750 -1859 499 582 379 423 458 END
START -1860 -464 9120 8710 2807 -5301 503 493 376 422 458 END
START -4872 12224 14588 9207 4869 -1483 504 479 375 424 458 END
START -10684 7308 11252 8411 -1105 -3346 505 469 377 423 459 END
START -4968 8500 8756 9572 -3255 -2216 506 457 377 424 459 END
START -3720 7464 7440 10243 -4790 -2952 506 450 377 424 460 END
START -4116 10364 9620 10659 -3509 -3533 506 446 375 425 458 END
START -5212 10768 9336 10351 -1902 -2945 505 442 375 425 458 END
START -5160 9904 9408 10615 -824 -3322 503 439 375 425 458 END
START -6620 10068 9888 10744 -1552 -2957 503 438 375 425 458 END
START -6484 10744 10148 10617 -2543 -2935 503 436 376 426 456 END
START -7832 9764 10264 10088 -3683 -2973 502 435 377 426 456 END
START -7876 8892 10020 10161 -3435 -3422 501 432 378 427 456 END
START -9016 9392 9276 10414 -3815 -4140 501 432 378 426 456 END
START -7348 7560 6356 10510 -3988 -4611 501 431 379 426 456 END
START -6652 8620 5496 10472 -4451 -5051 499 431 378 426 455 END
START -8504 10152 6656 10313 -4225 -5289 499 429 380 426 455 END
START -5252 11340 5676 10259 -3456 -5506 499 429 382 426 455 END
START -7840 12128 6724 10121 -3855 -5307 498 428 381 421 455 END
START -4788 12432 4540 10148 -3656 -5372 497 429 381 427 455 END
START -6372 13864 5828 10013 -3773 -5426 497 429 382 425 454 END
START -5316 13544 4600 9747 -3646 -5532 497 429 382 426 455 END
START -4904 13284 4464 9543 -3026 -5642 498 423 382 426 454 END
START -7064 13324 5780 9462 -2715 -5825 497 432 381 426 454 END
START -6592 12932 4960 9203 -2853 -6140 496 432 382 426 454 END
START -6572 12844 4504 8571 -3529 -6424 496 431 382 426 454 END
START -9036 13580 5072 7485 -3639 -6545 496 432 384 425 454 END
START -8108 13540 3628 6041 -3049 -6733 497 432 382 426 454 END
START -10416 14908 3944 4688 -2372 -6792 497 433 382 426 454 END
START -9144 14088 1228 3474 -1476 -6692 497 433 383 425 454 END
START -11508 15836 2420 2134 -2314 -5761 498 434 383 424 454 END
START -7312 16048 48 864 -2070 -4909 499 434 383 426 454 END
START -6976 15372 -32 -17 -1880 -4144 498 436 384 426 455 END
START -9708 15932 2680 -841 -1769 -3270 498 436 384 426 455 END
START -9908 16048 3120 -1365 -1707 -2161 497 437 384 426 454 END
START -5916 15372 572 -1521 -1023 -1035 497 437 382 426 454 END
START -6996 15916 2084 -1750 -1149 -251 498 438 384 427 455 END
START -9628 16364 4888 -2101 -1566 660 498 439 383 427 455 END
START -6880 15612 3740 -2207 -1001 1193 501 437 383 427 455 END
START -6000 15084 3584 -2188 -525 1612 498 438 383 427 455 END