START -6000 13396 5872 -1015 -251 -121 492 597 421 453 452 END
START -6012 13492 5844 -1022 -337 -125 493 593 422 455 449 END
START -5632 13492 5536 -1016 -355 -12 488 622 420 470 404 END
START -5644 13468 5392 -792 -238 171 490 603 421 453 445 END
START -5932 13340 5760 -747 -297 306 493 594 423 453 446 END
START -6184 13236 5800 -723 -451 500 494 601 422 456 448 END
START -6212 13116 6128 -637 -684 700 494 590 425 450 447 END
START -5904 12848 6488 3 -686 976 494 592 424 466 458 END
START -5792 12912 6912 613 -521 1055 493 588 427 460 446 END
START -6168 13048 7560 1091 -47 1469 494 590 426 455 448 END
START -5508 13464 6300 1843 143 1407 497 588 429 456 449 END
START -6492 12144 6460 2302 -218 1417 502 590 426 461 448 END
START -4560 11540 5176 3137 -533 1977 493 585 422 456 445 END
START -7356 12480 7272 3791 -246 2428 494 592 428 474 444 END
START -728 12768 2496 4359 1737 2625 491 586 425 453 444 END
START -13276 13520 11316 4686 114 2695 492 591 362 450 437 END
START -10776 13444 8496 4898 986 2756 432 590 452 449 435 END
START -10572 13676 8108 4883 -723 2800 491 590 426 450 433 END
START -10868 13184 7620 5193 -1410 2958 489 588 424 444 431 END
START -428 12680 908 5639 42 3077 492 591 426 449 431 END
START 1540 13272 -1036 5449 -593 2985 485 588 390 447 414 END
START -5508 12812 4404 5357 -1025 2521 486 590 421 397 428 END
START -7380 12496 4956 5095 -901 2259 482 592 420 445 425 END
START -516 12236 -1084 4833 -419 2099 488 601 376 436 420 END
START -7872 12240 3808 5058 -1707 2010 483 585 413 439 418 END
START -4332 12720 672 5349 97 2136 480 584 418 435 416 END
START -1192 12408 -512 5684 416 2203 478 578 411 405 379 END
START -8100 14156 4940 6385 620 1902 482 574 409 431 412 END
START -5564 15816 996 6055 838 1850 478 570 407 429 411 END
START 2960 15580 -7844 5878 1565 1625 468 557 405 424 413 END
START 1584 14008 -4320 6322 412 1851 469 526 400 421 410 END
START -10320 14284 4912 6651 -2645 2091 463 507 393 424 413 END
START -1100 15148 -1200 6573 -2391 1860 467 482 397 441 410 END
START -4556 16620 3032 5908 -3470 1329 466 480 395 421 408 END
START -1856 15556 -880 4813 -874 952 483 464 460 423 420 END
START -9252 13700 1504 4539 -1996 283 467 462 395 419 406 END
START -7652 12504 -516 5583 -3274 158 461 445 396 420 409 END
START -5188 13608 -1564 6233 -5990 62 461 444 393 425 414 END
START -9844 16516 3288 5126 -8462 513 454 435 390 427 409 END
START 924 16764 -4196 4000 -6776 -927 425 438 398 434 413 END
START -5652 17200 336 2832 -6147 -2171 464 432 400 429 409 END
START -196 17848 -6260 2794 -2844 -2029 460 435 397 432 416 END
START -1048 16356 -2204 2687 -2579 -1915 473 439 398 426 418 END
START 1344 17500 -4576 2166 -1366 -1517 457 426 395 435 420 END
START -7824 17796 1272 1157 -3129 -1327 457 465 401 435 432 END
START -3632 15684 -2748 378 -1875 -1238 457 435 404 446 421 END
START -4892 14768 -2168 35 -3379 -1779 446 437 407 445 413 END
START -5964 14132 -1244 89 -2518 -1556 466 443 409 441 420 END
START -9404 14352 1164 149 -3373 -1511 457 432 405 447 422 END
START 704 15008 -5928 345 -1769 -1568 458 429 414 452 425 END
START -6760 16432 -144 685 -2130 -1223 458 441 402 442 425 END
START -1004 18272 -5048 991 559 -642 458 442 411 447 422 END
START -3668 17760 1036 450 1081 -1001 463 444 408 446 422 END
START -10624 17688 5212 -157 -647 -973 464 449 406 447 424 END
START 888 17280 -4472 -545 540 -935 457 441 407 447 425 END
START -4716 15964 -1892 -435 -619 -368 465 442 410 401 387 END
START -4308 15888 -1532 -476 -1622 79 459 447 408 449 430 END
START 452 15316 -5088 -748 -1008 -187 459 407 409 462 432 END
START -9532 14804 1984 -923 -1955 -482 458 448 408 452 428 END
START -452 13352 -5132 -1096 284 -906 457 448 405 448 422 END
START -4736 13248 -2392 -996 -131 -969 458 457 416 436 423 END
START -4140 13648 -2928 -646 216 -770 457 457 407 445 418 END
START -7956 15140 84 -299 208 -749 453 448 406 446 417 END
START -4388 15048 -2528 -315 -870 -629 468 451 411 449 415 END
START -5420 17068 -2132 -385 -1226 -562 457 450 408 446 414 END
START 932 17144 -4352 -482 545 -184 460 448 408 445 410 END
START -4456 16432 436 -668 -80 -299 456 452 409 445 402 END
START -9932 16704 3964 -806 -764 -237 456 454 410 445 404 END
START -152 17068 -2876 -794 -298 156 388 452 409 507 406 END
START -1548 16964 -3076 -889 -154 494 453 454 413 450 399 END