START -2616 8340 12464 -1112 10 -111 549 662 424 441 484 END
START -2620 8288 12420 -1095 -18 -114 549 661 424 441 483 END
START -2816 8300 12480 -1061 -104 -177 550 661 424 441 483 END
START -2720 8252 12380 -1033 -267 -193 550 661 423 441 483 END
START -2628 8432 12572 -974 -240 -168 549 662 425 441 483 END
START -2800 8268 12692 -952 -382 -259 549 662 424 441 483 END
START -2728 8620 12752 -860 -96 -135 550 661 425 442 483 END
START -2600 8096 12444 -896 -424 -479 549 661 425 441 484 END
START -3676 7312 12480 -1104 -661 -207 550 662 425 442 484 END
START -2448 8676 12876 -1061 -652 202 550 661 425 442 483 END
START -2152 9192 13336 -797 -431 119 550 660 425 442 483 END
START -2264 9700 12904 -628 -97 30 550 659 426 441 484 END
START -1528 10296 12052 -571 -50 27 549 659 425 443 486 END
START -976 10480 11424 -393 124 26 551 658 426 444 484 END
START -1320 10876 11656 -312 -136 1 550 659 426 438 484 END
START -1204 10792 11720 -186 -121 -35 551 659 426 440 484 END
START -1396 10512 11528 -176 137 -6 550 658 426 443 483 END
START -2308 10356 12092 -147 221 32 550 658 427 442 478 END
START -3344 10060 12764 -36 78 -13 550 657 427 443 484 END
START -3636 9892 12784 57 -230 -155 550 657 427 442 484 END
START -3468 9472 12964 150 -400 -183 550 655 427 442 484 END
START -1668 8608 11820 451 -446 -245 550 652 428 444 483 END
START -740 7448 10904 1215 -70 -381 549 644 428 443 483 END
START -1104 7800 11704 2158 632 -559 545 630 427 442 484 END
START -2284 9140 12448 2459 -177 -555 540 614 423 442 483 END
START -2100 10112 11448 2218 -1682 -137 533 593 417 441 483 END
START -3604 8800 10972 2153 -3057 606 528 583 413 440 483 END
START -1536 9708 10824 2025 -2354 -279 522 570 410 439 482 END
START -96 4384 6224 170 -2423 -1552 521 503 404 437 482 END
START 1508 14092 14152 3801 256 -1947 517 487 402 437 481 END
START -1212 11872 12428 2199 904 -508 515 471 400 437 481 END
START -1680 10632 12196 2153 240 -382 514 460 400 437 480 END
START -3076 9812 11168 1806 -1310 -288 515 450 400 437 480 END
START -2148 8956 11484 1805 -2452 -564 512 448 400 436 480 END
START -52 9372 11628 1971 -1922 -867 511 444 400 437 479 END
START -100 9616 12068 1927 -1155 -1251 510 440 401 437 479 END
START -2728 9896 14480 1800 -1044 -1245 509 437 395 438 478 END
START -3008 8716 14192 1810 -1357 -1644 510 436 403 438 479 END
START -4076 7712 14216 1499 -2940 -2145 512 436 405 438 479 END
START -5264 7716 13384 1342 -4010 -2479 511 435 406 438 479 END
START -1104 5860 9788 1369 -2889 -3277 511 435 408 439 479 END
START -3440 7208 10672 1245 -2367 -3623 510 433 408 439 479 END
START -4684 8748 11848 1101 -2520 -3771 510 432 409 438 478 END
START -740 9104 9864 1205 -2147 -3871 509 429 409 438 478 END
START -296 9248 9384 1225 -2445 -3842 509 428 409 439 478 END
START -4368 10128 11788 1225 -2574 -3610 509 418 410 439 479 END
START -940 10388 8732 1298 -2018 -3519 509 426 410 441 479 END
START -1504 9928 9328 1520 -1889 -3468 508 425 411 440 478 END
START -2860 12208 10868 1551 -1474 -3182 507 423 411 439 478 END
START -1420 11736 10280 1202 -647 -2761 508 421 411 439 478 END
START -3040 11152 11680 1188 -987 -2659 504 419 411 439 478 END
START -2352 11016 12104 1106 -1287 -2531 506 415 411 438 477 END
START -4352 8784 12916 505 -2112 -2492 501 410 410 438 477 END
START -4400 8436 12460 116 -2586 -2530 502 406 409 438 477 END
START -4896 9288 12056 139 -2184 -2789 499 399 408 437 476 END
START -3280 7236 9620 219 -1924 -3209 498 394 409 437 476 END
START -5016 9628 10264 223 -2307 -3188 496 390 408 436 475 END
START -5236 10192 10648 105 -2494 -2930 495 386 407 436 474 END
START -2060 10656 8860 -116 -1669 -2620 494 384 407 437 474 END
START -3556 10856 9680 -341 -1711 -2038 492 380 407 435 474 END
START -2268 11800 8976 -288 -760 -1683 493 379 407 435 474 END
START -1860 11900 8936 -361 -488 -1040 490 376 407 435 472 END
START -3236 13208 10688 -466 -342 -472 489 375 407 435 473 END
START -1984 12564 9880 -577 -72 -131 489 375 408 434 472 END
START -2196 12208 9912 -803 -298 160 488 375 407 434 472 END
START -2120 11708 10084 -948 -376 357 489 376 409 434 473 END
START -2244 11348 11368 -885 55 425 488 376 408 434 473 END
START -1976 11336 11740 -772 301 641 488 377 409 433 474 END
START -1608 11244 11716 -701 218 687 489 378 409 434 473 END
START -1652 11128 11412 -746 -204 881 489 379 409 433 473 END