START -3656 7292 13092 -977 -537 164 535 671 409 436 473 END
START -3628 7276 12800 -1047 -608 83 536 671 409 438 475 END
START -3476 7192 12592 -1144 -655 130 537 671 409 437 475 END
START -3420 7156 12744 -1117 -597 75 535 671 410 436 476 END
START -3380 7264 12664 -1099 -517 76 535 671 409 437 476 END
START -3404 6964 12760 -1151 -351 19 536 670 408 437 476 END
START -3572 6952 12780 -1060 -267 51 536 670 409 437 476 END
START -3316 7068 12692 -903 -370 -99 537 671 408 436 476 END
START -3636 7056 12956 -1107 -547 80 535 672 408 437 477 END
START -2948 7400 12396 -771 -153 157 536 671 409 437 476 END
START -2536 7428 11664 -537 -11 -339 536 671 410 437 476 END
START -2468 6824 11988 -664 3 -720 536 671 409 437 476 END
START -4020 5748 12568 -537 61 -741 536 670 409 437 476 END
START -4096 4512 12196 -332 31 -554 535 670 409 436 474 END
START -4132 4784 13096 -4 -405 -452 534 669 408 437 476 END
START -5456 5344 14032 592 -1107 -276 533 666 410 437 476 END
START -5884 5348 13772 1464 -1686 -139 531 656 407 437 476 END
START -4752 4856 12880 2574 -1980 -23 527 636 406 437 476 END
START -5244 4524 12312 2886 -3249 279 523 611 403 436 476 END
START -5344 6092 11912 2353 -4402 822 519 589 401 436 476 END
START -4900 5216 10840 1652 -4408 853 517 578 399 436 476 END
START -3960 5776 10912 1279 -3176 952 515 567 397 435 476 END
START -3776 4600 10428 738 -1837 415 511 560 396 435 476 END
START -4168 4972 9356 -449 -1941 309 509 555 393 435 475 END
START -2476 -7480 6408 3794 -2633 -5156 513 524 384 432 474 END
START -3312 14660 19808 1495 -1487 3475 511 487 387 433 474 END
START -3404 4132 11092 848 -64 -3983 511 472 387 434 473 END
START -3576 5132 11620 1109 -817 -1675 511 460 387 433 473 END
START -4380 3376 11672 1685 -2484 -2288 511 454 387 434 472 END
START -3556 7492 12648 1911 -3232 -2378 510 453 390 433 473 END
START -1920 6860 11472 2115 -2589 -2856 511 450 391 433 474 END
START -1728 6828 11660 2260 -1485 -3252 510 447 391 434 473 END
START -2748 8064 12996 2482 -841 -3226 510 447 391 433 473 END
START -3148 8004 12672 2486 -1091 -3378 511 446 393 433 473 END
START -2224 8936 12264 2664 -1527 -3324 509 444 392 434 473 END
START -1748 9224 11848 2748 -1479 -3521 508 442 394 434 472 END
START -1776 9308 11596 2904 -1859 -3484 508 439 394 436 473 END
START -2612 9876 11888 2847 -2117 -3542 508 439 395 434 473 END
START -1776 10172 11484 2992 -1937 -3642 508 438 395 433 473 END
START -1532 11192 11696 2923 -1539 -3519 508 438 395 435 473 END
START -2156 12012 12468 2921 -1287 -3522 509 438 395 434 473 END
START -2624 10024 12288 2843 -1683 -3424 509 438 396 434 474 END
START -2460 9672 11872 3067 -2181 -3500 508 436 396 434 469 END
START -2220 9252 11280 3101 -3203 -3341 508 436 395 435 473 END
START -2688 9560 12748 3373 -3315 -3559 509 436 397 435 473 END
START -3676 10244 13580 3283 -3084 -3541 508 435 398 435 474 END
START -3384 10228 13220 3175 -2772 -3756 508 436 398 437 475 END
START -4644 8480 12768 2977 -3014 -3767 508 435 398 434 473 END
START -6384 8556 13528 2765 -3837 -3824 509 434 398 435 473 END
START -6232 8808 12624 2729 -4383 -3847 508 433 398 435 474 END
START -4472 9108 10768 2772 -3918 -4085 507 434 398 434 473 END
START -3688 8160 9752 2745 -3534 -4280 506 433 397 434 473 END
START -4508 7236 9548 2749 -3657 -4369 505 433 398 434 474 END
START -6104 8252 9996 2755 -4461 -4228 501 432 398 434 473 END
START -5628 7336 9504 2752 -5689 -4183 503 432 397 434 472 END
START -5276 9272 10000 2746 -5774 -4190 503 430 397 434 471 END
START -3660 9660 8816 2573 -4563 -4114 501 429 396 433 471 END
START -1844 9660 7216 2425 -3386 -3925 500 428 396 434 471 END
START -3168 10784 8800 2601 -2519 -3528 500 427 397 435 471 END
START -4896 11864 10380 2434 -1724 -3158 500 426 399 435 471 END
START -4060 12396 9592 2156 -1237 -2520 499 426 397 435 471 END
START -2332 12676 8460 1752 -1300 -1900 498 425 396 434 471 END
START -2660 12864 8104 1496 -1360 -1472 499 425 397 436 471 END
START -3236 13156 8904 1393 -1023 -872 499 425 398 435 472 END
START -2412 13948 8800 973 -220 -497 499 426 399 436 472 END
START -3464 13844 9428 590 159 -151 498 425 398 438 472 END
START -3692 13544 9716 128 -119 17 498 425 398 436 472 END
START -2848 13288 8896 -245 -301 65 499 427 399 435 472 END
START -1536 13084 8360 -532 -13 26 499 426 398 437 473 END
START -992 12688 7932 -808 418 -66 499 427 398 434 473 END