START -6208 12860 6172 -925 -296 -334 493 571 412 503 439 END
START -6168 12860 6044 -922 -257 -302 491 570 416 459 442 END
START -6256 12840 6100 -988 -230 -260 497 569 413 444 440 END
START -6420 12700 6216 -1088 -215 -259 510 569 414 445 439 END
START -6332 12540 5952 -995 -244 -170 496 569 411 444 442 END
START -5960 12468 6292 -888 -122 -116 495 570 413 444 440 END
START -6072 12592 6392 -853 122 -148 501 572 415 445 439 END
START -6420 12608 6588 -930 283 -106 495 570 412 444 438 END
START -6900 12064 6700 -824 36 -123 492 569 408 429 435 END
START -7060 12184 6528 -523 -239 230 496 580 414 446 450 END
START -7068 12760 6204 -122 -893 179 494 572 413 445 438 END
START -8332 11880 6812 -264 -1915 188 494 571 417 444 439 END
START -6512 11532 4956 -97 -2910 652 495 573 413 445 440 END
START -11268 12188 11028 113 -5112 1315 493 568 418 437 442 END
START -2316 12296 7636 1088 -2602 1954 485 579 422 444 439 END
START -3768 12432 8932 2371 985 2315 497 578 412 442 440 END
START -3960 12356 7776 3915 4829 2579 494 563 404 456 439 END
START -10448 12836 10188 5247 5070 3163 497 558 405 444 442 END
START -8072 12620 6144 6218 3712 3741 496 544 405 438 439 END
START -6440 12880 3592 6569 1559 3937 498 513 402 441 439 END
START -7812 12048 5248 6614 -1339 3614 493 492 404 438 436 END
START -7172 13080 6092 6544 -2428 3664 486 471 405 439 437 END
START -3528 12472 3264 5984 -365 3083 495 445 411 432 436 END
START -6164 12584 4704 5060 586 2335 488 451 397 440 438 END
START -10280 12124 6324 4519 692 2108 484 436 399 441 439 END
START -1516 12332 -1192 4384 1068 1704 481 443 374 442 439 END
START -7232 12972 3292 4557 -1372 1590 480 441 399 440 439 END
START -2280 15052 -1388 4888 -1224 1804 479 451 401 445 439 END
START -6080 14112 6432 4648 -2114 1608 478 440 408 443 438 END
START -3252 14884 4264 4514 -2269 1564 478 437 401 443 440 END
START -8540 14552 6684 4406 -1230 1543 477 441 404 447 440 END
START 2248 12992 -2076 4682 -609 1750 476 440 404 439 441 END
START -2652 12488 588 5072 3 1503 475 441 405 450 441 END
START -13136 12040 7912 5293 -331 1239 476 440 405 442 454 END
START -4504 12176 1700 5568 662 902 475 445 411 451 441 END
START 3552 11480 -4036 5675 1418 559 477 445 406 453 441 END
START -9516 12288 5152 6046 -562 232 475 444 406 452 443 END
START 2292 12260 -4008 6506 1268 56 475 445 406 457 442 END
START -2596 13352 -920 6621 1551 -356 486 445 408 469 447 END
START -12376 14208 6092 6621 -500 -543 476 440 413 454 444 END
START 7196 15160 -6608 6740 3219 -574 478 446 407 459 443 END
START -11968 15376 7220 6118 -95 -649 471 423 402 461 414 END
START 880 15340 -2276 5486 1851 -897 503 444 414 461 442 END
START 1100 14988 -4252 5117 1150 -1187 474 447 410 463 443 END
START -7016 14288 1600 4730 162 -1550 469 445 409 461 439 END
START -5224 13068 -680 4918 697 -1869 475 447 407 460 444 END
START -11136 13120 3048 5126 -1317 -2407 476 448 409 464 445 END
START -9052 13604 1440 5362 -373 -2946 479 448 411 476 437 END
START -10160 14720 2080 5053 -948 -3517 474 449 402 464 445 END
START -1980 16628 -4316 4601 -394 -3754 476 450 410 463 444 END
START -7200 18736 -1552 4288 -149 -3275 485 448 401 474 443 END
START -504 18416 -5852 3774 247 -2915 479 450 409 464 444 END
START -13220 18400 2960 2936 -2966 -2503 474 452 412 463 445 END
START -4716 18192 -5068 1992 -2678 -2245 488 446 402 464 437 END
START -9216 16968 -1576 913 -4160 -1923 478 449 408 465 441 END
START -4584 15696 -4388 590 -2782 -1676 476 461 413 464 444 END
START -9280 15220 -2148 226 -1906 -1299 478 453 425 459 455 END
START -5964 14580 -4868 -75 -1797 -1084 480 456 413 465 447 END
START -6004 14808 -4460 -596 -1182 -760 478 454 416 463 445 END
START -10212 14796 -1252 -1185 -1197 -680 497 452 414 455 444 END
START -9408 14756 -2040 -1292 -1736 -289 481 453 414 464 447 END
START -6792 15896 -3220 -1383 -2284 178 475 458 415 464 446 END
START -8344 16628 -1144 -1600 -2963 396 477 455 412 466 445 END
START -5316 16740 -2484 -2144 -2602 416 419 452 402 462 439 END
START -4864 16476 -3092 -2443 -1843 499 483 458 411 465 444 END
START -4616 18032 -4080 -2418 -1341 885 479 455 414 467 446 END
START -3120 17988 -4904 -2475 -970 1074 484 451 406 456 449 END
START -4012 16172 108 -2986 -1080 954 448 457 413 465 458 END
START -6104 16456 1880 -3257 -692 725 483 452 415 466 445 END
START -7464 16316 3180 -3583 -1406 445 462 449 410 459 448 END