START -3108 7980 12700 -771 -165 433 534 669 413 438 478 END
START -3196 7764 12824 -791 -183 457 533 669 412 440 478 END
START -3180 7624 12448 -670 -348 397 534 669 412 439 479 END
START -3056 7896 12680 -621 -368 279 534 669 412 438 478 END
START -3028 7976 12304 -739 -327 182 533 668 413 438 477 END
START -3012 7584 12368 -847 -529 91 534 668 413 438 477 END
START -2944 7956 12604 -670 -425 79 533 668 415 438 478 END
START -2820 7556 12312 -723 -545 -269 532 663 413 438 478 END
START -2992 8012 13072 -921 -569 90 534 667 414 438 478 END
START -2360 8800 12220 -490 -199 143 535 668 414 438 479 END
START -2928 9440 12516 -311 -115 -253 534 669 415 437 478 END
START -2468 8512 11772 -240 -176 -411 535 667 414 437 478 END
START -1852 9132 11340 -264 -101 -501 535 667 415 439 478 END
START -1144 9040 11064 -71 13 -489 535 666 414 439 478 END
START -1220 8912 11500 150 72 -601 536 664 415 438 478 END
START -1400 8760 11732 463 -74 -708 534 662 415 438 478 END
START -2060 8632 12352 750 -100 -843 534 658 415 439 478 END
START -2800 8188 12232 1059 -258 -810 535 652 415 439 478 END
START -4004 7904 12572 1486 -443 -775 534 642 413 438 478 END
START -1764 8448 11208 1491 -303 -854 534 624 411 439 478 END
START -3612 8776 12664 905 -803 -694 531 605 409 438 478 END
START -2528 8044 10428 301 -2382 -582 530 600 408 437 478 END
START -2424 7572 11660 728 -2001 -1059 527 590 405 437 478 END
START -1336 8584 11392 429 -1791 -1322 526 586 403 438 478 END
START -688 8560 11056 207 -1244 -1836 524 579 401 437 478 END
START -2964 6968 5312 -4737 150 -2799 524 538 395 435 478 END
START 3444 12088 14924 3612 1111 -4432 525 519 395 435 477 END
START -5196 8688 13672 1366 321 -2770 525 497 395 436 477 END
START -356 8592 11144 2256 164 -3607 523 481 394 435 477 END
START -3060 8256 11740 2255 -1889 -3354 522 466 393 435 477 END
START -756 8012 10684 2989 -1592 -3610 520 456 392 434 476 END
START -2600 9924 12744 3392 -756 -3418 518 454 392 434 477 END
START -3488 11116 12968 3249 -401 -3166 518 452 394 434 477 END
START -3856 10164 12092 3280 -1322 -2886 518 450 395 435 477 END
START -3536 10112 12840 3485 -1757 -2932 518 449 396 435 476 END
START -3040 9464 12800 3281 -1930 -2923 519 448 396 435 477 END
START -3936 9504 13300 3389 -2046 -2830 519 447 398 436 477 END
START -4112 9676 13284 3043 -2177 -2752 518 445 398 435 479 END
START -4580 8680 12596 2733 -2269 -2843 517 442 399 434 477 END
START -5588 7512 12912 2542 -2867 -3005 517 441 399 435 477 END
START -7072 8164 13896 2549 -3175 -3083 517 440 399 435 477 END
START -6032 8596 12188 2596 -3155 -3182 518 440 399 435 477 END
START -4096 7136 9576 2761 -2988 -3464 518 439 401 436 478 END
START -4236 6244 9792 2855 -2830 -3640 518 437 402 436 477 END
START -5892 7956 10472 2909 -2946 -3566 518 437 404 436 478 END
START -5448 8676 10180 3129 -2859 -3577 517 435 402 436 477 END
START -3488 9456 9260 3173 -2684 -3549 516 434 403 436 477 END
START -4356 8968 9200 3057 -2706 -3531 517 434 403 436 478 END
START -3016 9440 8920 3097 -2663 -3507 516 434 403 436 478 END
START -3360 9672 9604 3156 -2438 -3530 515 433 404 436 479 END
START -4164 10176 10560 3155 -2528 -3436 514 430 403 435 478 END
START -3080 10596 9748 3193 -2104 -3262 513 430 403 435 478 END
START -2420 11020 8252 3026 -2079 -3061 513 428 402 435 478 END
START -2568 11216 8432 2966 -1923 -3268 510 427 402 435 479 END
START -3040 12008 8712 2738 -1123 -2865 508 425 401 434 477 END
START -2028 14028 8524 2267 -478 -2539 506 423 399 434 477 END
START -3560 14224 9296 1841 -245 -2167 504 421 400 434 477 END
START -5132 13976 10308 1112 -773 -1523 502 420 397 433 476 END
START -3172 12876 8400 301 -1120 -979 502 418 396 432 475 END
START -3004 12672 7928 -489 -1159 -54 500 418 394 432 476 END
START -2176 12220 8760 -395 -75 10 499 414 393 431 474 END
START -1948 13604 10720 -351 1095 -196 497 413 393 431 472 END
START -3240 13576 11092 -723 1184 698 496 412 392 430 474 END
START -5720 12212 11952 -1378 -704 1374 496 412 392 430 473 END
START -5508 10748 11812 -1688 -1709 1313 496 414 393 431 474 END
START -5788 9012 11720 -2133 -3117 1266 496 413 393 428 473 END
START -5852 10012 11672 -2087 -2657 893 497 413 394 431 473 END
START -2564 7972 8748 -1974 -777 313 498 414 394 431 473 END
START -2592 7340 8180 -1755 504 -61 497 415 393 430 474 END
START -3240 7232 8556 -1800 205 -10 498 414 394 431 474 END