START -5380 14088 -6500 -323 125 525 582 538 552 593 586 END
START -6980 13464 -6008 79 1 324 582 538 551 591 586 END
START -3584 14060 -9420 -161 896 25 581 538 551 591 584 END
START -8320 13612 -5112 -252 742 1901 581 538 550 590 583 END
START -6096 14788 -5936 -291 134 3558 581 539 550 588 581 END
START -9204 13680 -3944 -607 -1972 2828 581 539 549 587 580 END
START -6940 14080 -4524 -629 -901 2572 580 539 549 586 579 END
START -4732 13180 -4860 -1724 -1876 1289 578 539 551 587 579 END
START -6172 14072 -4052 -2005 -487 1081 577 539 550 587 580 END
START -5136 14020 -5148 -2416 -13 434 577 538 550 587 580 END
START -5000 13720 -3828 -2356 379 -133 576 539 549 587 580 END
START -8156 14732 -1852 -2406 115 -632 576 538 549 587 580 END
START -6136 15360 -2732 -3474 -2964 -1891 576 539 549 588 581 END
START -7376 15328 848 -3538 -4203 -2072 576 539 551 587 580 END
START -7752 14888 696 -2798 -6900 -699 577 541 550 588 581 END
START -2528 14408 -3120 -1662 -6265 -353 577 542 551 588 582 END
START -5984 13588 -2564 1235 -827 -446 577 542 551 588 581 END
START -16288 10860 1416 994 -8612 -3845 578 545 550 588 582 END
START -9536 12156 -4520 608 -7077 -3733 578 548 549 587 582 END
START -9136 11760 -3764 856 -2715 -4424 579 552 549 587 581 END
START -8412 13420 -4572 -214 -3603 -3885 570 552 549 583 580 END
START -11488 15660 -2824 -1775 -7417 -2819 556 560 544 570 579 END
START -7896 17408 -4924 -4072 -11073 -1793 542 573 529 546 573 END
START -4944 17704 -5208 -6236 -12169 -1921 527 577 506 518 561 END
START -5156 17908 -4928 -9152 -10870 -1638 516 582 483 491 549 END
START -4524 16432 -4340 -11559 -6794 -2563 510 582 463 471 535 END
START -6824 15464 -2540 -14098 -2266 -3388 505 581 448 454 521 END
START -8812 14508 -776 -16188 -1681 -4657 497 579 431 436 507 END
START -10136 13660 -2204 -18140 -2876 -5108 491 577 411 416 494 END
START -7584 12612 -4000 -18322 -1471 -5194 486 580 396 407 484 END
START -7468 13472 -4228 -17424 -214 -4661 483 579 386 398 485 END
START -10572 16592 -348 -17116 -2247 -3344 479 579 376 386 468 END
START -6444 14356 -1068 -16825 -462 -3205 474 578 369 384 456 END
START -8116 13212 2212 -16085 1737 -2224 468 580 364 382 446 END
START -7640 11404 2540 -15214 4108 -2338 469 587 360 380 439 END
START -13152 12544 5640 -14603 3542 -1507 467 592 356 378 433 END
START -12796 9408 5428 -13789 983 -1196 466 594 356 378 425 END
START -13072 8680 5200 -12606 -1215 -607 466 595 355 377 421 END
START -13104 8064 4620 -11365 -1728 -106 465 595 353 379 418 END
START -12204 9832 3372 -10625 -1266 67 464 597 351 380 414 END
START -11760 9436 3640 -9762 -205 124 464 601 351 382 408 END
START -13148 10168 4692 -9078 80 469 464 604 351 382 407 END
START -13744 10464 5216 -9027 -1288 739 461 607 350 386 405 END
START -10828 9840 4232 -8808 -2119 1139 463 610 351 384 403 END
START -8652 9364 2744 -8178 -2921 1381 462 611 351 385 403 END
START -11048 10404 5092 -7585 -3447 1540 462 614 349 386 403 END
START -6172 11660 3784 -7238 -2761 1609 462 614 352 386 405 END
START -10852 12480 7500 -6498 -3102 1419 461 614 352 387 403 END
START -9728 11252 6772 -6773 -3214 1580 461 616 350 387 405 END
START -6496 10856 4292 -6661 -2259 1457 461 616 354 388 405 END
START -8088 10104 6136 -6178 -2231 1100 461 617 355 390 406 END
START -10852 10872 8952 -5832 -2840 1082 462 616 356 392 407 END
START -8916 11040 8484 -5848 -3314 968 462 615 357 390 408 END
START -7416 11020 7668 -6090 -4165 1048 464 615 359 393 410 END
START -10060 11444 9248 -6561 -5162 1159 465 616 359 394 411 END
START -9388 9652 7788 -7018 -5151 1142 466 616 360 395 411 END
START -10140 10676 8512 -7718 -5685 1500 467 616 361 394 413 END
START -14036 9416 9580 -8652 -6816 1796 467 616 362 396 414 END
START -11340 7948 7564 -9036 -7221 1788 468 617 363 396 415 END
START -8152 7948 6468 -9333 -6347 1544 468 618 362 396 415 END
START -8936 8628 7696 -9788 -5737 1226 469 619 363 397 416 END
START -8016 7616 7704 -9639 -4998 1076 464 620 364 398 417 END
START -9704 7644 8572 -9713 -4347 839 471 621 364 398 418 END
START -7348 7456 7948 -8893 -3687 -110 472 622 365 399 418 END
START -8612 7472 8932 -8498 -2922 -208 472 624 366 399 419 END
START -5756 6796 7840 -8090 -2554 -309 469 625 366 401 419 END
START -6496 6672 8624 -7598 -2238 -245 473 622 366 400 421 END
START -8896 5732 9472 -6594 -2653 -129 474 627 366 401 420 END
START -8208 7208 9804 -5285 -3331 47 474 627 368 401 422 END
START -8796 6848 10348 -4528 -3157 244 468 627 368 402 422 END