START -6744 12096 6896 -1112 -487 -42 484 561 400 430 422 END
START -6848 12224 7024 -1180 -578 -13 483 561 401 431 420 END
START -6684 12336 7284 -1298 -728 14 482 563 400 435 419 END
START -6668 12236 7196 -1253 -850 79 482 573 407 429 420 END
START -6812 12268 7728 -1091 -820 249 485 536 398 424 422 END
START -7732 11948 8652 -1207 -1152 223 485 562 401 430 419 END
START -8380 11580 9168 -856 -2088 484 485 559 402 440 418 END
START -9936 10592 10052 65 -4192 1123 485 547 400 432 422 END
START -8844 10856 10976 1468 -5651 2039 485 552 401 437 419 END
START -7284 10240 12236 3343 -4886 2502 484 536 403 432 419 END
START -6608 10004 12828 5273 -2684 3118 484 549 398 429 422 END
START -7048 9240 12596 7875 -423 3612 485 536 400 430 421 END
START -6208 10524 9840 9477 1485 4061 485 523 400 428 420 END
START -8712 10596 8544 10715 -353 3972 473 508 398 428 419 END
START -5692 12208 4612 10783 -1626 4122 482 495 398 428 420 END
START -6132 12340 3888 9307 -3608 3253 482 485 400 428 420 END
START -3000 11524 880 8153 -3839 2492 489 479 400 428 421 END
START -6976 11884 3808 7239 -3105 2162 479 465 399 429 427 END
START -5496 11608 2812 6874 -909 1994 480 455 399 431 420 END
START -1248 12640 8 6680 819 2029 476 455 401 426 420 END
START -824 12800 -84 6432 1082 1810 481 421 382 430 422 END
START -2416 12688 52 5726 -87 1857 476 436 399 433 419 END
START -8452 13500 4488 5888 -1753 1557 415 426 398 431 421 END
START 232 15028 -3912 6047 -1593 2176 470 445 399 431 421 END
START 4008 14728 -3084 5996 -1501 2261 469 437 397 436 413 END
START -10644 15220 8980 5510 -3445 2165 406 439 393 438 412 END
START -1260 15392 976 4800 -1423 2340 466 436 399 441 421 END
START -1928 15116 1964 4041 230 1667 464 438 398 442 423 END
START 3404 14288 -644 3328 2618 256 462 406 390 443 427 END
START -6732 12028 1900 2883 1295 1128 458 436 400 448 428 END
START 2376 11584 -4476 4013 1698 891 463 440 402 452 425 END
START -3216 12536 -120 4400 1379 1242 462 444 403 451 426 END
START -13360 13116 7796 4380 -1004 805 464 445 403 451 425 END
START 684 13932 -2192 4198 42 606 462 448 403 454 426 END
START -8432 14628 4584 3980 104 202 457 459 406 457 426 END
START -4772 15828 504 4175 521 87 463 447 405 456 427 END
START -7232 15736 2020 4710 1160 290 462 449 405 457 411 END
START 184 16520 -3832 4483 2899 592 466 449 406 456 427 END
START 4856 17388 -1620 3831 2338 291 459 447 419 457 435 END
START -9988 15440 6380 3372 134 -242 457 451 405 458 427 END
START -808 15540 -1404 3193 1319 -422 461 452 407 458 431 END
START 1060 16640 -2280 3069 1520 -666 463 452 409 473 428 END
START -7176 14768 2744 2881 496 -920 465 451 407 457 428 END
START 1248 13404 -3880 2875 1463 -1502 471 453 406 458 436 END
START -10228 12024 4552 2941 -1091 -2443 471 452 408 458 430 END
START 40 11996 -2724 2926 -688 -3595 465 446 409 459 428 END
START -5812 13068 1720 2894 -2029 -4333 472 449 411 466 438 END
START -3852 14252 0 3199 -845 -5040 464 461 410 458 428 END
START -9292 15352 2996 3185 -2609 -5535 465 456 414 450 429 END
START 4060 16780 -2984 3311 -1286 -5489 462 464 373 458 426 END
START -11340 17172 5132 2845 -4862 -5782 466 453 407 459 428 END
START -4900 17036 -1212 2134 -2970 -5440 465 453 410 459 429 END
START -448 15216 -5472 2097 -498 -5214 465 454 416 457 429 END
START -18020 14684 5684 2053 -2313 -4876 424 455 409 458 431 END
START -17820 15356 4144 2100 -174 -4492 465 458 407 460 430 END
START -556 16612 -8748 2019 330 -3618 466 453 408 460 436 END
START -9940 17984 -1384 1671 -1138 -2810 468 456 409 460 428 END
START -6120 19016 -3680 1022 11 -1878 467 453 408 459 430 END
START -4272 18204 -3112 732 781 -1145 467 453 410 458 429 END
START -3172 17492 -1608 345 140 -616 465 455 411 433 430 END
START -10732 17528 1776 98 -752 -55 467 455 411 456 430 END
START -8080 17344 72 121 -622 319 505 451 420 456 400 END
START -8764 17484 2432 -12 -107 559 465 452 412 460 433 END
START -13064 17908 5020 -918 -885 484 456 456 410 448 430 END
START -7584 17080 -816 -1634 -1356 483 467 456 410 467 431 END
START -7924 15680 -1724 -1753 -341 712 467 443 410 459 430 END
START -10324 15436 924 -1893 -1580 743 438 456 412 458 430 END
START -4180 14132 -2548 -1633 287 740 468 455 412 457 428 END
START -5616 13504 -2172 -2013 676 533 469 455 410 451 429 END
START -11448 12684 2092 -2072 -1388 252 446 448 369 455 430 END