START -6620 11984 6996 -1827 -217 -713 491 577 413 460 440 END
START -6720 12128 7144 -1863 -306 -643 493 577 417 455 446 END
START -6668 11840 7112 -1608 -528 -602 495 560 417 456 441 END
START -6672 11936 7204 -1244 -599 -473 495 576 420 454 443 END
START -6492 12060 7080 -1011 -417 -380 495 578 419 453 441 END
START -6436 12136 7528 -795 88 -234 504 582 422 453 441 END
START -7108 12452 7812 -737 526 86 495 574 417 447 443 END
START -8328 12096 8548 -906 188 153 495 578 420 453 440 END
START -8048 11920 8480 -752 -346 727 496 578 445 454 444 END
START -8556 11608 9324 97 -1638 838 495 576 421 455 442 END
START -8308 10592 10072 1233 -1567 1071 489 575 426 451 443 END
START -5776 10664 8416 2216 -413 1665 494 578 421 455 447 END
START -6892 10540 8984 3171 556 2170 496 563 420 454 443 END
START -6080 10688 7240 4135 930 2644 499 554 423 448 438 END
START -7616 11268 8056 4701 675 3011 493 580 422 448 441 END
START -7792 11252 6892 4845 -220 2833 495 552 425 456 442 END
START -10096 10956 8476 4812 -2178 2515 495 550 421 457 443 END
START -152 10864 324 4817 -1328 2374 494 548 421 454 445 END
START -10828 11668 8444 4675 -3943 2115 493 539 420 454 441 END
START -10648 12512 8092 5010 -1381 2039 493 523 422 454 441 END
START 3072 14108 -3112 5331 -1608 2193 492 519 432 456 440 END
START -784 14364 4540 4829 -1417 2375 495 515 420 456 440 END
START -10252 14028 9748 3965 -2596 2165 492 507 422 454 442 END
START -1260 13684 1640 3589 -1019 2355 490 503 421 453 442 END
START -9568 12372 7304 4083 -3112 2268 481 489 419 454 440 END
START -7328 11680 4980 4783 -1663 2328 488 479 420 422 441 END
START -12516 11608 8664 5413 -3157 2186 486 467 419 457 442 END
START -1792 11892 1544 5695 -2744 1848 485 458 416 455 441 END
START -5796 12316 4196 5671 -2509 1928 482 454 418 456 447 END
START -7408 13124 4488 5756 -2337 1817 480 449 415 456 440 END
START 1852 14812 -2204 6057 -1057 2386 477 447 416 457 441 END
START -10608 14632 9604 5919 186 2229 476 443 415 459 441 END
START -8248 14828 7240 5654 621 2089 473 446 416 463 443 END
START 2040 15164 -224 5536 2864 1928 497 442 416 468 437 END
START -12148 14188 7392 4855 796 2391 476 442 420 471 437 END
START -2748 13556 336 5125 849 2032 460 441 419 466 441 END
START 2492 12948 -3112 5466 438 2016 465 450 396 469 450 END
START -8892 12720 4924 5465 -1751 1539 469 443 419 423 435 END
START 2280 11640 -3300 5719 655 871 471 445 416 471 442 END
START -2752 12008 516 5714 434 402 473 449 416 472 443 END
START -8952 12904 4852 5692 230 -40 469 448 417 473 443 END
START -4484 13208 744 5690 808 -405 468 449 416 474 448 END
START 2608 13680 -4568 5592 2024 -837 471 450 418 474 436 END
START -3064 14116 -448 5306 1000 -1231 470 451 420 474 443 END
START 824 16204 -5312 5174 2882 -1352 471 448 419 475 443 END
START -8456 16032 5828 4666 1536 -1666 471 451 417 475 444 END
START 2228 16016 -4240 4093 -400 -1868 473 451 383 526 442 END
START 76 16088 -3660 3986 -438 -1941 478 452 420 475 445 END
START -5440 14676 1020 3600 -1840 -2239 471 450 422 474 443 END
START -8356 13548 1880 3301 -552 -2906 452 441 404 480 442 END
START -11088 13800 3772 3385 -1437 -3419 471 458 422 475 443 END
START -11412 15052 3836 3585 -792 -3671 472 454 421 476 444 END
START 324 17268 -5424 3505 1336 -3549 471 445 421 475 444 END
START -9236 18160 748 2935 -375 -3221 416 449 422 475 444 END
START -192 20576 -7528 2377 153 -2597 472 455 421 475 444 END
START 1696 19400 -6420 1776 122 -2203 526 468 434 476 424 END
START -13100 18336 4200 960 -2011 -1755 493 457 423 475 447 END
START -2472 17864 -4960 319 -736 -1287 474 455 421 473 435 END
START -12316 16396 2288 59 -1999 -758 476 453 436 428 436 END
START -8536 16152 -100 -246 -973 -563 467 454 420 476 445 END
START -4512 14836 -2552 -679 -70 -800 473 455 419 474 444 END
START -8416 14140 -248 -705 -840 -864 480 435 443 474 439 END
START -5744 13060 -2520 -336 -814 -897 477 454 421 479 441 END
START -8328 13232 -748 -42 -927 -912 474 458 421 475 445 END
START -11792 14016 1896 -68 -2879 -902 473 455 421 458 407 END
START -3564 14744 -2900 -284 -2218 -1020 474 455 421 476 468 END
START -7344 15604 -280 -812 -956 -1164 475 455 420 476 445 END
START -5352 16712 -1912 -995 212 -883 474 457 424 471 454 END
START -2316 16640 -6016 -898 1934 -695 476 456 422 474 446 END
START -4012 15376 -2260 -795 1338 -159 474 454 420 476 445 END