START -2660 10048 7548 1569 734 -2438 528 571 482 515 507 END
START -56 9008 6892 2745 763 -2802 527 571 485 517 508 END
START 1068 10536 7512 1654 -1666 -4176 527 569 476 515 507 END
START 6816 10912 5232 1563 2117 -4395 524 565 482 514 505 END
START -3652 11516 14456 -1120 1664 -2709 529 561 480 508 506 END
START 1624 12064 12060 -2642 4036 -3328 522 579 482 514 503 END
START 2116 11924 13808 -3879 1786 -5580 525 564 484 515 504 END
START -8864 12096 19184 -5593 -3657 -5184 523 574 485 515 506 END
START -13612 15608 17716 -10385 -20597 -7870 531 563 481 518 500 END
START 20444 3260 13696 4844 -840 915 529 560 481 513 505 END
START -4720 9792 21880 4658 9258 6998 528 559 474 508 504 END
START -2140 7540 18396 6877 16565 -5496 502 532 480 502 463 END
START 4884 11744 13116 8002 29175 -3701 519 554 443 488 493 END
START -5388 13080 12064 9405 32767 1062 510 553 434 470 479 END
START -9192 15480 9144 8783 32767 3107 499 580 431 449 456 END
START -8892 17188 6232 6005 32767 1940 498 550 406 443 439 END
START -2180 16976 2152 2893 32767 3579 498 547 398 422 420 END
START -10676 15804 5048 268 32767 6809 492 547 382 426 392 END
START -5288 13896 -5540 -1188 32767 8937 489 546 381 403 406 END
START -17692 15000 2168 -2598 31037 8419 482 543 376 397 385 END
START -14812 15672 -108 -4615 17934 7915 487 544 367 389 381 END
START -14464 15204 2204 -6474 3974 6791 476 539 376 394 389 END
START 416 13340 -4336 -7839 -2754 6288 475 530 370 390 381 END
START -12220 13292 7340 -8900 -8626 5081 474 522 369 390 378 END
START 820 12692 -276 -10624 -5407 3601 476 520 365 388 379 END
START 5764 10440 -1952 -11855 -888 2755 472 471 370 390 380 END
START -5844 9004 5800 -12315 3362 1885 477 517 371 388 380 END
START -928 7136 1116 -11743 6251 1247 465 507 365 404 360 END
START -8136 6116 4728 -10440 2961 803 467 502 368 388 382 END
START -4304 5816 2928 -8520 -2327 136 465 505 370 393 383 END
START -8784 7780 10140 -6601 -7656 319 466 504 373 395 388 END
START 9288 8112 5508 -4748 -4255 653 465 506 373 397 387 END
START -4324 7300 15264 -2718 -2495 1317 460 486 374 394 396 END
START 3756 7440 6284 -506 4273 2321 463 499 373 399 390 END
START -15372 5904 16900 2444 -31 2455 461 492 373 400 386 END
START -3228 5616 9416 6447 174 2831 481 489 417 413 395 END
START -11620 7608 15804 8366 -2643 3515 475 483 386 407 392 END
START -7488 10236 12996 8796 -1635 2627 456 474 379 414 394 END
START -2716 10484 8668 10131 1252 2587 452 412 384 409 391 END
START -10976 10892 12848 10745 738 2926 457 459 381 415 409 END
START -6144 11172 5580 11335 1179 3255 448 453 386 415 395 END
START 584 10748 2036 11728 -273 2448 455 446 376 418 402 END
START -12844 11380 10300 10723 -1711 2700 453 450 396 423 396 END
START -14400 11500 9828 11137 -1084 1692 452 448 386 424 398 END
START -6108 13480 1628 11510 813 2106 460 430 404 432 397 END
START -7784 14320 5188 11361 -259 2750 450 445 393 433 411 END
START -19524 14796 13680 10559 -4794 2512 452 432 389 431 395 END
START -19960 14148 13056 9333 -4638 2331 452 451 395 432 412 END
START 7604 11908 -6180 8773 -1495 1401 425 443 396 433 402 END
START 16 11196 -1300 8495 -2251 486 454 448 394 434 405 END
START 7216 11560 -6704 8155 2406 -7 434 448 384 426 408 END
START -15832 11856 8852 7483 473 -693 458 444 405 437 406 END
START -4808 12232 268 7349 2003 -1325 453 444 398 437 403 END
START -13368 15024 6472 6703 -1376 -1810 454 447 398 441 404 END
START 6864 17284 -6408 5810 562 -2075 466 450 397 437 419 END
START -10256 16592 6860 4330 -1200 -2564 455 447 397 438 405 END
START -68 16364 -2432 3272 1216 -2690 450 445 414 448 402 END
START -9864 15092 3692 3249 -461 -2761 450 447 398 438 408 END
START -1764 14920 -4292 3098 56 -2717 453 448 401 440 405 END
START -17324 15420 7284 2641 -4024 -2813 456 448 399 440 402 END
START -1820 14964 -3564 2039 -2122 -3212 456 450 401 448 399 END
START -6284 15920 192 1618 -399 -3037 454 449 399 439 406 END
START -10724 17352 2896 1386 63 -2548 446 452 382 441 405 END
START 1160 19292 -8084 1623 891 -1572 457 451 393 440 410 END
START -740 18580 -3404 1265 1845 -678 454 451 399 438 408 END
START -14092 18516 6452 168 -2724 -438 456 451 374 440 409 END
START -1744 17216 -3192 -566 -933 -219 459 452 384 433 411 END
START -11712 15988 3288 -717 -2390 400 455 454 398 439 408 END
START -988 14600 -3892 -528 -356 444 456 451 401 440 416 END
START -2568 14200 -2780 -753 87 526 455 452 398 441 409 END