START -1956 7732 12780 -604 -252 -309 549 658 427 439 491 END
START -1900 7700 12888 -665 -221 -313 549 654 428 440 491 END
START -2124 7676 12768 -708 -181 -296 549 655 427 440 491 END
START -2108 7872 12788 -761 -299 -262 549 655 427 440 492 END
START -2208 7940 12676 -909 -458 -144 550 654 426 440 492 END
START -2112 7500 12584 -970 -490 -149 550 653 428 440 492 END
START -2088 7712 13104 -596 -279 81 549 654 428 440 491 END
START -1760 6816 12904 -275 -508 -329 549 652 428 440 492 END
START -2884 6380 13912 250 -622 -58 550 648 428 441 492 END
START -1956 8620 14108 796 -400 335 550 642 428 440 492 END
START -1972 9096 14592 930 -810 186 549 637 428 443 492 END
START -1168 8724 12908 1138 -987 62 549 629 428 441 492 END
START -1004 8216 12416 1506 -1511 -82 550 621 427 441 493 END
START -904 8364 12060 1874 -1294 -487 548 614 423 441 491 END
START -1144 8860 12412 2533 -1254 -456 547 603 420 441 491 END
START 908 9816 12132 2959 -132 -867 544 587 416 439 491 END
START 268 10256 13068 3199 432 -831 543 562 414 439 490 END
START -1344 9768 13004 3091 -890 -942 541 537 413 438 489 END
START -472 8804 11256 3272 -1378 -1175 541 521 412 438 490 END
START 716 9956 11104 3435 -1523 -1496 541 510 411 438 490 END
START -836 9860 12084 3475 -1056 -1649 541 500 411 438 490 END
START -1640 9796 12696 3210 -565 -1766 541 487 411 438 489 END
START -2120 9812 12380 3077 -681 -1806 541 474 410 437 489 END
START -1740 9296 12012 2969 -1172 -1804 539 463 408 436 488 END
START -460 9276 11664 2992 -1335 -2236 538 454 406 435 487 END
START -524 9140 12688 3348 -1138 -2371 537 449 406 436 487 END
START -2384 9900 14436 3490 -1228 -2400 537 446 407 435 486 END
START -3148 9708 14696 3293 -1824 -2328 535 444 405 436 486 END
START -1908 8204 12976 3139 -2077 -2589 535 442 407 436 486 END
START -2344 6780 12480 3189 -2465 -3009 535 440 410 436 485 END
START -4548 7256 14388 3266 -2557 -3555 536 439 409 437 485 END
START -5156 8728 14008 3376 -2210 -4009 535 436 408 436 486 END
START -2852 8132 11436 3506 -1926 -4330 535 434 408 436 484 END
START -2980 7180 10288 3397 -2273 -4506 534 433 408 436 485 END
START -4772 7692 10416 3201 -3365 -4553 534 431 409 436 484 END
START -4028 8708 9540 3192 -3072 -4642 535 430 409 435 484 END
START -1536 9288 8820 3148 -2408 -4779 533 427 408 436 483 END
START -1400 10048 9424 3218 -1780 -4777 534 424 407 436 482 END
START -4172 11320 11536 3182 -1904 -4391 532 421 406 436 482 END
START -3032 11820 10600 3226 -1795 -3927 530 415 404 433 480 END
START -1760 11516 8464 2964 -2592 -3147 529 411 404 433 480 END
START -1320 12644 8504 2901 -2839 -2900 528 405 403 433 476 END
START -340 12760 8732 3049 -1644 -2714 526 397 399 431 479 END
START -968 13260 9164 2876 -1239 -2699 526 391 400 430 478 END
START -3644 12912 11120 2556 -1578 -2479 524 389 397 430 477 END
START -1820 12364 9924 2080 -1698 -2315 522 385 395 429 476 END
START -4208 12044 11924 1393 -2624 -2056 521 381 394 428 476 END
START -2136 10368 9556 610 -2583 -2431 520 378 393 427 474 END
START -4996 9864 12052 206 -2114 -2563 517 375 391 426 474 END
START -5180 10196 12276 0 -2135 -2670 513 372 392 426 473 END
START -6036 10776 11176 -199 -2254 -2649 510 370 393 425 472 END
START -1976 8264 7328 -148 -1620 -2862 507 367 393 424 468 END
START -5628 10432 9356 -287 -2009 -2733 506 367 395 424 471 END
START -5024 11260 9088 -421 -1560 -2421 504 365 396 425 471 END
START -616 11016 6512 -567 -1532 -2184 504 364 398 424 471 END
START -4644 11900 10192 -516 -1500 -1801 503 363 398 423 470 END
START -1096 12744 8364 -324 56 -1354 501 365 398 425 470 END
START -884 12964 8280 -373 319 -937 500 363 401 426 471 END
START -1484 13020 8672 -294 444 -691 499 365 400 425 470 END
START -1512 12836 8444 -295 -15 -401 498 365 401 425 470 END
START -1056 12796 8376 -241 -345 -277 498 365 393 425 471 END
START -3476 13452 10532 -189 230 -41 500 366 402 427 470 END
START -4260 13528 11268 -97 608 220 499 367 403 426 471 END
START -4708 13828 11328 -206 205 502 498 367 405 426 473 END
START -4348 13224 10848 -227 -92 601 499 368 406 426 471 END
START -3988 12800 10708 -204 69 602 499 368 406 427 466 END
START -3688 12864 10780 3 484 477 499 369 405 427 472 END
START -3568 13028 10656 -97 457 475 500 371 405 427 472 END
START -3172 12756 10036 -83 319 396 500 370 407 427 472 END
START -2324 12636 9404 -191 292 316 500 370 407 427 472 END