START -5808 12996 6016 5974 828 2710 473 549 401 431 397 END
START -5596 13012 5900 6125 789 2734 481 535 398 436 400 END
START -5372 13524 5892 6006 1073 2774 474 545 400 435 400 END
START -5628 13576 5256 5844 1314 2654 469 535 399 433 400 END
START -6084 13276 4596 5618 946 2504 451 536 407 436 401 END
START -6092 13212 3536 5674 -94 2406 474 523 398 435 408 END
START -5848 13192 2960 5995 -1242 2771 477 511 408 433 396 END
START -5788 13496 3272 6010 -2308 2951 487 495 390 434 401 END
START -4760 13612 2744 6347 -2783 2739 473 477 401 436 399 END
START -4832 13544 3088 6165 -3096 2469 471 458 399 433 410 END
START -4420 14064 2764 5832 -2914 2770 471 452 396 447 402 END
START -4256 15372 2976 5458 -2805 2598 473 438 395 437 400 END
START -4376 15384 3696 5651 -1897 2373 470 434 394 434 392 END
START -5336 15124 4396 5592 -1879 2271 473 442 401 439 402 END
START 1852 15048 -3268 5622 -1398 2168 469 437 397 437 401 END
START -1656 15064 -236 5459 -3674 1919 469 436 399 426 397 END
START -352 16576 -2696 5640 -3280 1638 466 436 398 438 401 END
START 1540 17060 -3424 5374 -2003 1671 467 437 397 436 403 END
START -1208 16608 1344 5018 -1940 1264 467 398 405 465 390 END
START -5108 14968 4048 4914 -2511 1016 475 434 402 440 406 END
START -5480 15564 4420 4985 -3286 911 466 445 403 438 402 END
START -8664 15708 5996 5036 -4486 805 467 435 403 440 403 END
START -3072 16120 1824 4839 -3639 871 466 434 402 441 426 END
START -1380 16444 636 4405 -2937 479 477 435 402 439 403 END
START 812 15868 -2120 4083 -2835 890 470 436 401 440 402 END
START -7132 15864 3308 3830 -3770 405 467 435 404 440 403 END
START -6880 15404 2784 3843 -3314 264 466 460 403 431 400 END
START 1112 14772 -3332 3697 -2262 50 460 454 404 464 403 END
START -3208 14720 -564 3232 -2795 -277 465 436 405 443 402 END
START -3388 13740 -832 2869 -2724 -846 464 468 409 418 401 END
START -2760 13100 -1696 3031 -1474 -1253 462 436 403 442 409 END
START -3760 13720 -1312 3379 -2400 -1540 466 437 405 444 393 END
START -4568 14864 -1108 3347 -2601 -1692 464 433 402 429 405 END
START 3048 17624 -6176 3234 -1411 -1638 468 438 367 441 393 END
START -7408 16552 3716 2543 -1662 -1694 468 437 415 444 407 END
START 1380 16780 -2360 2035 -1338 -1711 464 401 400 448 403 END
START -8132 15564 2708 1754 -1362 -1897 467 441 408 444 409 END
START 812 13996 -4716 1618 -377 -2044 466 447 407 446 403 END
START -1548 14024 -3124 1489 -1568 -2642 435 453 406 444 404 END
START 560 13248 -4788 1456 -2162 -3515 467 442 418 443 405 END
START -1084 13216 -3232 1157 -2494 -4290 466 443 395 435 402 END
START 1216 14324 -5712 1380 -800 -4541 466 443 409 444 404 END
START -1608 14648 -4128 1548 -283 -4750 464 441 408 441 402 END
START 1864 18900 -8408 1677 -38 -4483 466 446 416 447 406 END
START -88 18448 -5240 1296 525 -4300 470 444 410 447 405 END
START -2816 18224 -1456 858 -836 -3930 465 442 408 436 404 END
START -9908 18348 2256 328 -1983 -3587 467 442 407 444 404 END
START -3248 17280 -4504 386 -826 -2777 465 433 409 445 405 END
START -10448 17780 1248 59 -1551 -1741 468 445 408 446 404 END
START -9216 17408 80 -131 -1332 -1317 468 446 408 445 403 END
START -4304 16848 -3224 -502 -515 -764 430 437 406 442 405 END
START -8896 15376 -576 -991 -729 -579 488 445 405 445 405 END
START -6884 14524 -1984 -914 -523 -74 467 444 410 444 404 END
START -8364 13780 -1144 -665 -939 283 472 439 416 445 409 END
START -8308 13968 -924 -423 -656 640 483 449 403 445 403 END
START -3432 14024 -3564 -763 -100 594 470 445 408 447 395 END
START -5752 14096 -2096 -1411 616 365 469 469 405 446 408 END
START -6028 13236 -2784 -1882 544 138 467 442 442 446 406 END
START -2760 12764 -6044 -1970 119 124 468 438 412 445 407 END
START -8448 13468 -712 -1952 -1633 79 468 435 410 447 405 END
START -3304 13120 -3868 -2014 -973 29 469 437 409 445 402 END
START -8036 13284 544 -1892 -292 -109 454 427 408 448 410 END
START -7452 13236 -252 -2163 676 -343 470 440 402 453 406 END
START -5820 12196 -2924 -1617 261 -465 468 438 409 445 405 END
START -4412 13784 -3176 -1155 -325 -165 472 429 420 448 399 END
START -7120 14648 -652 -1011 -470 -208 469 444 409 441 403 END
START -5496 15132 -1936 -876 -247 17 468 444 409 446 404 END
START -8568 15292 -344 -605 59 383 464 444 399 447 411 END
START -6992 15944 -1272 -589 204 592 472 449 413 448 406 END
START -7796 16092 -404 -783 438 770 469 449 409 446 407 END