START -4732 6864 12516 -950 108 33 507 668 387 435 465 END
START -4828 6944 12584 -930 20 82 506 668 388 435 465 END
START -4816 6992 12772 -927 -244 150 507 668 388 435 465 END
START -4448 6820 12464 -979 -365 99 508 667 388 436 464 END
START -4364 6904 12708 -916 -168 63 507 669 389 435 465 END
START -4348 6884 12404 -908 69 -53 506 668 389 436 465 END
START -4320 7052 12648 -896 172 99 507 668 389 435 465 END
START -4248 6624 12332 -818 239 -189 507 669 388 435 465 END
START -5260 6364 12448 -1006 164 88 507 669 388 435 465 END
START -4536 7304 12724 -811 185 410 507 668 389 435 465 END
START -3948 8376 12468 -460 109 98 507 668 389 436 463 END
START -3652 7076 11656 -389 -60 -312 508 669 389 435 464 END
START -4392 7172 12652 -257 -34 -516 506 668 390 436 465 END
START -4464 6956 12500 -198 174 -658 508 667 389 435 465 END
START -3684 6804 11412 -81 342 -769 507 667 390 435 466 END
START -3836 6924 11432 -235 480 -800 507 668 390 436 465 END
START -4184 6724 11496 -239 781 -846 508 667 391 435 465 END
START -4272 6888 11840 -213 873 -813 508 667 390 435 465 END
START -4136 6684 11832 -207 564 -723 507 667 390 435 465 END
START -4008 6488 12184 102 195 -842 508 667 389 435 465 END
START -3584 5652 12352 713 214 -921 509 665 391 435 465 END
START -3788 5184 12708 2045 511 -1186 508 661 391 436 466 END
START -4436 5328 12240 3312 141 -1068 508 647 392 436 465 END
START -6340 7024 11720 3422 -1807 -806 508 603 393 435 465 END
START -6204 7036 11976 2109 -6476 -1091 508 590 392 435 465 END
START -3468 7000 11160 2255 -6563 75 501 583 392 436 465 END
START -3160 6568 12012 2476 -4288 -1504 509 581 390 437 465 END
START -2216 6812 11456 3350 -2311 -935 509 580 391 434 466 END
START -2012 7436 11360 4067 -584 -1288 509 572 391 433 466 END
START -3304 9116 12516 3694 157 -1396 508 571 391 433 465 END
START -796 -2444 6596 8002 1149 -5932 510 532 383 432 463 END
START -3664 15384 16264 6945 2188 1386 510 509 386 433 466 END
START -6680 8656 13464 5530 -477 -4273 510 494 387 434 465 END
START -4996 7016 11976 6629 -1446 -1275 511 481 386 433 466 END
START -2472 8144 10672 7378 -2824 -2114 511 470 387 434 465 END
START -4336 8448 12620 7751 -2642 -2243 512 458 385 433 466 END
START -4412 8692 12940 7868 -2298 -2327 511 452 383 433 465 END
START -5548 8192 13660 8093 -1735 -2520 510 449 383 433 465 END
START -7784 7960 14152 7929 -1906 -2543 509 448 384 434 466 END
START -7852 7404 11332 7776 -2959 -2796 510 448 384 433 465 END
START -6612 6260 9160 8262 -3916 -3063 510 448 384 434 465 END
START -5716 6888 9300 8514 -3959 -3506 506 448 384 434 465 END
START -5240 6980 8612 8486 -3171 -3673 510 446 385 433 465 END
START -6600 8832 9308 8485 -2585 -3890 508 446 386 434 465 END
START -5708 9464 8812 8417 -2907 -3978 509 446 385 435 466 END
START -6352 9360 8288 8345 -3347 -4031 506 445 385 434 464 END
START -4228 10292 7408 8297 -3494 -3959 506 445 385 435 466 END
START -4644 11556 8860 8062 -3674 -3807 504 443 386 434 465 END
START -4988 12784 8820 7651 -3172 -3608 503 442 387 434 465 END
START -3380 12956 7132 7304 -2884 -3422 503 441 387 434 465 END
START -3784 12736 6708 7099 -3090 -3007 502 439 386 433 465 END
START -4304 14088 7048 6786 -3122 -2707 502 437 388 433 465 END
START -3868 15096 7204 6300 -2927 -2443 501 436 389 433 464 END
START -4288 14528 7588 5713 -2413 -2335 502 436 389 434 465 END
START -4832 13560 7608 5067 -2679 -2149 501 435 389 433 464 END
START -5068 12512 7940 4766 -3363 -2072 501 435 390 434 464 END
START -4624 12484 7472 4347 -3663 -2152 502 436 391 432 464 END
START -5300 11560 6884 3613 -3300 -2394 502 435 390 432 465 END
START -7548 12256 8600 3071 -2966 -2767 502 436 390 433 464 END
START -6172 11980 5836 2469 -2686 -2981 502 437 394 433 464 END
START -4452 10416 4108 2126 -2058 -3153 504 436 393 433 464 END
START -6736 12736 5112 1620 -1700 -3169 502 437 392 434 464 END
START -6076 13676 5240 985 -1384 -2920 503 439 393 433 465 END
START -4524 14608 5348 380 -961 -2563 503 439 393 432 465 END
START -4644 13904 5268 -119 -1111 -2151 502 440 393 433 465 END
START -5192 14440 6328 -357 -1504 -1634 503 440 393 426 464 END
START -5560 15044 6788 -697 -1371 -1008 503 441 393 434 464 END
START -2868 15404 5444 -858 -543 -434 504 442 393 433 464 END
START -4280 14852 6348 -891 51 -226 503 441 393 434 465 END
START -5084 15060 7164 -1082 -328 214 504 442 393 433 464 END