START -5616 12472 -7616 -20938 -7594 3747 593 549 610 640 615 END
START -5004 13148 -7256 -19955 -7892 4238 592 548 610 639 616 END
START -3472 11624 -6100 -18945 -6015 3600 590 548 612 640 615 END
START -684 11880 -4992 -17066 -927 2790 588 547 615 640 615 END
START -1656 11728 -3532 -15119 3635 2150 586 549 616 641 616 END
START -3464 11268 -3404 -13350 5243 1379 586 549 619 641 616 END
START -6060 11684 -2928 -11777 4072 568 584 550 622 641 616 END
START -4932 12592 -3216 -9642 2563 50 583 552 626 643 616 END
START -5492 11448 -1964 -7706 1688 -318 582 553 628 644 616 END
START -4884 12988 -3228 -7076 1277 -321 581 555 629 645 617 END
START -6536 13592 -2492 -5616 972 -172 579 556 632 646 617 END
START -6308 14016 -3648 -4551 705 -23 578 557 633 648 618 END
START -6632 13456 -5120 -3997 134 13 577 558 634 649 618 END
START -5964 12968 -6296 -3486 -441 103 575 557 636 649 618 END
START -4836 14156 -6064 -2313 -464 404 575 557 637 650 619 END
START -6236 14528 -4628 -1953 -1577 1344 575 558 638 651 618 END
START -6804 12500 -6660 -1442 -2985 902 575 558 634 651 618 END
START -4848 15644 -5276 -1106 -3214 1414 573 558 639 651 618 END
START -4176 11304 -8112 -1173 -1666 458 574 557 640 652 615 END
START -5156 15360 -4732 -932 -1193 952 573 548 639 650 618 END
START -3788 12732 -8644 369 290 66 573 556 640 652 618 END
START -6664 14532 -4460 -272 -305 864 574 557 636 652 619 END
START -5140 16252 -6676 694 1026 440 575 557 640 653 618 END
START -7116 12856 -6492 -32 -416 579 575 558 640 654 619 END
START -7348 17512 -3720 445 -1544 1579 576 558 639 654 619 END
START -3416 19052 -6724 1798 387 1510 577 558 641 655 619 END
START -3292 17152 -6952 1875 1976 1477 578 560 640 656 619 END
START -6984 15116 -4076 1520 615 2172 579 562 640 658 620 END
START -7948 17488 -1536 1335 -1279 2817 580 564 643 659 622 END
START -6332 18756 -2676 1892 -1500 2792 582 566 642 662 622 END
START -2764 18520 -5268 2871 -447 2300 588 568 644 664 624 END
START -1900 18272 -5048 4257 2181 1773 585 569 647 666 624 END
START -3220 16740 -4664 5427 3142 1009 586 572 649 667 626 END
START -3308 14292 -6412 6612 2219 653 586 573 650 669 627 END
START -1868 10832 -8752 7768 1385 -237 588 577 652 670 628 END
START -1652 9612 -8084 9301 1751 -961 589 579 652 672 629 END
START -1160 7112 -8020 10789 2196 -1761 590 582 654 673 629 END
START -112 6720 -9336 12710 4474 -2219 592 584 646 673 629 END
START 480 6688 -9840 14329 7963 -2855 592 585 657 675 630 END
START -2840 6284 -7412 15999 9377 -2787 594 588 657 677 630 END
START -5108 6204 -9340 17576 5521 -2402 593 591 658 677 631 END
START -3284 6708 -12716 18419 1635 -2131 594 592 655 677 631 END
START -1384 7500 -14244 18963 1079 -2003 595 594 661 673 632 END
START -1684 8936 -11368 19519 3953 -2104 597 596 661 680 632 END
START -5344 9160 -8552 19766 3523 -2246 597 599 661 681 633 END
START -2812 6316 -11912 19752 3756 -2566 598 600 662 681 633 END
START -7504 4308 -11772 19599 1942 -2902 598 601 662 681 633 END
START -11080 3116 -9032 19630 1751 -3455 599 601 662 681 634 END
START -856 -332 -17772 19708 3123 -3727 599 602 662 682 634 END
START -5824 424 -15296 19671 3059 -4101 595 603 663 680 634 END
START -7032 112 -17308 19870 563 -3989 600 603 663 682 634 END
START -1332 -420 -22644 20097 421 -4170 601 603 663 682 634 END
START 1200 1820 -22708 19899 4982 -4822 601 603 663 683 634 END
START -3508 3732 -18372 19672 8513 -4430 601 604 663 682 635 END
START -6568 5296 -16896 19165 5589 -3505 602 604 664 683 635 END
START -5188 3620 -18172 17856 2121 -2707 602 605 663 682 635 END
START -4736 2092 -18000 16388 1606 -3480 602 604 663 683 635 END
START -5548 -3020 -17916 14831 2482 -3885 602 604 663 682 635 END
START -5412 -4392 -20076 14228 1646 -4248 602 604 664 683 636 END
START -2516 -2988 -25356 13255 2330 -4033 602 604 664 683 635 END
START -3832 -216 -23872 11547 2273 -2697 603 605 664 682 635 END
START -5836 824 -19736 8886 1036 -1653 603 604 663 682 635 END
START -3040 -752 -21400 6389 839 -895 602 604 664 682 636 END
START -3300 -188 -20988 4060 930 -314 603 604 663 682 635 END
START -2716 -1752 -20788 1799 1176 36 602 604 664 682 635 END
START -2600 -756 -20496 -235 1251 165 604 604 664 680 635 END
START -6608 -2700 -17744 -1803 -382 429 604 605 664 684 635 END
START -6952 -4588 -17364 -2640 -3161 371 604 607 664 682 635 END
START -3376 -5400 -20232 -2700 -3002 -19 605 604 663 675 634 END
START -1460 -4572 -21896 -2569 -1805 -172 604 604 663 682 636 END