START -4108 14588 -7284 -860 -1859 744 580 535 596 619 610 END
START -3892 14648 -7432 -847 -1756 711 580 535 595 623 610 END
START -3376 14744 -7484 -925 -958 727 579 535 595 624 610 END
START -3672 14552 -7288 -1056 -127 631 579 535 595 624 611 END
START -4292 14056 -7244 -834 -309 598 579 535 595 625 611 END
START -4688 14236 -7452 -582 -1057 727 579 535 596 625 611 END
START -4580 14152 -7620 -515 -1824 696 578 535 596 625 612 END
START -4184 14832 -7488 -951 -1760 879 577 536 596 627 612 END
START -3016 15096 -7848 -1115 -952 825 577 537 596 627 612 END
START -3088 14628 -8408 -1233 -95 571 577 537 596 627 612 END
START -3344 14644 -8140 -1166 256 392 576 538 597 627 612 END
START -3940 14608 -8136 -947 -296 509 576 537 597 628 612 END
START -3756 15728 -6592 -978 -1197 837 577 537 597 628 613 END
START -3904 14852 -6000 -1594 -1611 742 577 539 598 629 613 END
START -2968 13348 -8276 -1175 -866 -53 577 539 597 629 613 END
START -3168 16584 -7108 -579 -409 400 578 540 598 630 613 END
START -5180 15308 -5648 -1726 -1014 589 579 541 598 630 614 END
START -4124 16296 -7360 -990 -701 417 579 541 599 631 614 END
START -5556 15088 -5728 -2022 -2228 1026 580 541 599 631 614 END
START -4040 17496 -6528 -671 -1973 1181 581 542 600 633 615 END
START -3012 15064 -8952 -869 -1718 829 586 543 601 634 615 END
START -4336 17000 -4392 -1195 -1611 1569 592 544 603 636 615 END
START -2928 20912 -4344 -546 1217 1744 594 547 606 639 615 END
START -2056 18568 -7224 6 2578 1475 598 549 610 642 616 END
START -3620 15168 -3824 -213 826 1469 600 553 613 644 616 END
START -4952 18908 780 1092 -526 2194 603 558 617 648 613 END
START -3152 18180 -1044 2956 -762 2012 604 564 621 650 618 END
START -744 13956 -3972 4845 -1833 1230 606 569 624 653 619 END
START -236 11060 -5512 6699 -2514 50 608 573 628 656 619 END
START -476 8588 -3708 8429 -2760 -716 609 576 631 658 619 END
START -1968 8204 -824 10525 -2549 -1034 609 581 633 661 620 END
START -4028 6944 -168 12932 -3782 -1083 610 586 637 664 620 END
START -2900 6220 -2704 15060 -5547 -1730 610 589 639 665 622 END
START -1824 5808 -5208 16741 -4790 -2694 610 592 641 666 622 END
START -1716 5760 -5548 18438 -3240 -3676 610 594 642 668 623 END
START -2716 3492 -6972 19928 -1755 -3929 611 596 643 669 622 END
START -3620 2164 -7728 21741 -2494 -4440 611 597 645 671 624 END
START -2220 1960 -10504 23172 -1958 -4868 611 598 646 671 624 END
START -1300 5404 -14068 24086 -159 -5174 612 600 647 672 625 END
START -2148 6904 -14532 24229 1280 -4868 613 602 647 673 625 END
START -6956 5864 -9736 23912 894 -4503 612 600 648 673 626 END
START -7608 5536 -9136 24035 -873 -4689 613 602 649 674 626 END
START -6308 2728 -11580 23890 -2521 -5243 613 602 649 675 627 END
START -2920 -2664 -18152 24037 -156 -6327 614 602 649 675 627 END
START -3796 -3464 -20088 24222 2501 -6524 614 603 649 676 627 END
START -2648 2808 -21676 23949 2742 -5634 612 603 650 675 628 END
START 1280 3180 -23712 22914 169 -5141 615 603 650 675 628 END
START -5884 4184 -18448 21713 2885 -5664 613 603 651 675 627 END
START -9944 4820 -16332 19960 9382 -5972 613 603 651 676 629 END
START -3852 1160 -21984 18336 10267 -5569 614 602 651 676 628 END
START -13588 308 -16848 16253 3905 -4649 613 602 651 676 629 END
START -1404 -4308 -26780 14034 3104 -4248 614 604 651 676 629 END
START -444 -4964 -28300 11773 4827 -4154 613 603 651 677 629 END
START -7108 -1888 -26108 9471 5473 -3453 613 602 653 677 629 END
START 376 -332 -31880 7011 6618 -2697 613 602 652 677 630 END
START -5072 -956 -27944 4308 5177 -2031 614 602 652 677 630 END
START 1964 -404 -31796 1415 3085 -1025 614 602 653 677 631 END
START -2476 1440 -26804 -1127 682 -275 615 603 653 677 631 END
START -8036 3160 -21164 -3216 -241 178 615 603 653 677 630 END
START -4396 3144 -22028 -5214 661 610 615 603 653 677 631 END
START -5140 2900 -21324 -6839 2016 825 616 603 652 676 630 END
START -3560 2712 -21116 -8563 1907 1174 617 603 652 676 630 END
START -5384 2108 -18636 -10362 486 1636 618 603 651 675 630 END
START -7412 1404 -16456 -11970 -1458 2071 621 602 650 674 629 END
START -5932 -2468 -18764 -13550 -3568 2223 621 600 645 669 626 END
START -4652 -4196 -22288 -14825 -5397 2095 622 594 639 664 625 END
START -3280 -3456 -23000 -15473 -5693 2254 624 589 632 658 622 END
START -2956 300 -23036 -16433 -5092 2787 625 582 627 653 620 END
START -2312 1888 -22412 -17301 -4051 3127 628 578 624 650 620 END
START -3992 5824 -18180 -18284 -3794 3507 628 574 619 645 618 END