START -4772 16272 -9836 -2890 -1220 793 653 510 564 598 585 END
START -4988 16564 -10000 -3006 -1120 962 652 512 556 598 587 END
START -5504 16624 -9892 -3362 -1044 1391 655 513 604 595 577 END
START -6324 16776 -9708 -4152 -1069 2012 652 512 557 600 587 END
START -6836 16920 -9580 -5221 -1903 2351 652 506 556 601 587 END
START -6756 17992 -9300 -6224 -3376 2683 652 519 558 618 590 END
START -6224 17932 -9284 -6749 -5186 3461 630 514 556 602 588 END
START -5412 16504 -8776 -6783 -6642 3813 656 512 557 605 587 END
START -4512 15728 -7396 -6558 -6833 4341 653 513 558 604 588 END
START -3440 16972 -6656 -5856 -5450 4650 651 515 559 608 584 END
START -3176 17640 -6508 -5401 -4098 4371 652 529 557 605 589 END
START -3436 17556 -5976 -4875 -3499 3980 653 517 560 607 590 END
START -3504 16760 -5976 -4306 -3713 3981 654 505 552 608 585 END
START -3080 16320 -5748 -3316 -4317 4043 655 519 562 608 589 END
START -2208 15496 -5088 -2111 -4872 3982 660 520 552 608 589 END
START -3592 15052 -3696 -863 -4597 3990 654 520 565 608 590 END
START 1524 13228 -7708 347 -1518 3638 655 517 560 608 591 END
START 200 11296 -7876 1063 1289 3270 655 517 560 609 587 END
START 752 11000 -8432 1822 3229 3034 649 521 561 609 591 END
START 160 10848 -8512 2598 2812 3056 656 518 560 610 591 END
START -16 10720 -8632 3693 94 3497 652 519 561 611 591 END
START 1252 10152 -9020 4997 -1947 3861 655 519 560 600 590 END
START -1168 8984 -6080 6013 -2295 3211 655 518 563 610 590 END
START -4648 9284 -3880 7088 1227 2276 654 519 561 610 591 END
START -5704 9768 -3820 8151 5956 2076 654 512 557 587 590 END
START -5044 8940 -7184 9046 6844 2343 660 519 561 608 591 END
START -9596 8648 -3816 9761 4906 2435 656 519 561 609 588 END
START -624 5968 -12672 10332 1081 2290 655 519 561 608 590 END
START 192 5328 -13696 11357 -1882 2319 652 522 561 607 590 END
START 4452 5296 -15232 12369 -3128 2492 656 513 566 594 592 END
START -4372 6116 -8212 13393 -3189 2417 654 519 560 609 590 END
START 6884 6500 -14884 14342 224 1732 652 519 561 605 591 END
START 2316 6320 -11896 15184 1137 1162 652 514 566 607 590 END
START 3084 5808 -12592 16231 270 996 655 522 561 606 591 END
START 5528 4024 -14832 17283 -1212 1010 655 520 561 606 590 END
START 1360 3940 -11336 18805 -2737 1517 666 529 557 583 591 END
START -6644 5516 -4972 20501 -3119 940 657 520 563 604 590 END
START -588 5124 -9272 21814 -2222 177 653 520 559 604 592 END
START 6996 2380 -16752 22773 -866 -393 657 506 565 611 597 END
START 3332 1044 -17084 22994 1563 -1110 654 522 566 605 589 END
START 4876 416 -21768 22903 1260 -1039 663 521 562 601 590 END
START -268 1496 -20552 22464 318 -553 657 510 564 605 596 END
START -3964 3520 -19032 20828 -1354 -366 655 509 565 607 588 END
START -3624 3152 -20700 18486 -2332 66 653 523 562 602 587 END
START 180 1424 -24484 16158 -2187 293 685 533 557 602 603 END
START -2608 2300 -22740 14031 -1136 571 659 521 564 602 588 END
START 1328 2380 -24632 11699 833 754 656 523 564 601 593 END
START 2316 2608 -25432 9537 1892 906 646 523 562 599 595 END
START -612 2972 -23696 7436 1628 999 655 524 565 601 591 END
START -3832 3624 -21528 5726 43 792 658 523 564 600 591 END
START -2412 3564 -21724 4457 -1133 593 655 523 564 599 591 END
START -1128 3716 -21860 3361 17 309 656 523 564 600 591 END
START -2684 4172 -20800 2190 882 234 654 525 563 596 587 END
START -1644 3972 -21656 1217 885 160 655 525 567 601 593 END
START -3860 4292 -19776 522 -93 225 657 523 563 600 591 END
START -1612 4528 -20824 -158 -190 76 656 524 564 599 592 END
START 1720 3988 -22640 -915 -93 -209 664 523 564 601 597 END
START 2608 3480 -23200 -1718 -77 -269 652 532 567 603 589 END
START -280 3488 -20768 -2500 -564 -54 648 475 569 600 593 END
START 2564 2820 -21816 -3167 -522 315 656 522 565 603 591 END
START 1640 3144 -20508 -3565 681 276 655 526 552 598 593 END
START 2948 2904 -21148 -3815 1556 178 657 524 562 605 591 END
START 868 3272 -19320 -4240 1595 -264 655 524 564 603 591 END
START 1780 3388 -20284 -4823 1237 -395 656 486 563 599 591 END
START -152 3728 -18856 -5256 176 -448 656 522 564 603 591 END
START 1776 3300 -20028 -5320 -816 -237 656 523 562 603 591 END
START -920 3412 -18732 -5269 -2585 8 654 529 563 602 591 END
START 684 3492 -19900 -5476 -4562 -2 655 523 561 602 591 END
START -108 3572 -19432 -5913 -6131 -226 658 525 559 603 592 END
START -2072 3716 -18404 -6490 -6918 -113 654 508 562 622 591 END