START -3016 14424 -8168 -642 -200 354 580 538 600 626 612 END
START -3040 14376 -7944 -642 -14 296 581 538 600 627 612 END
START -3052 14384 -8068 -731 321 135 581 538 602 626 612 END
START -3380 14140 -7516 -609 42 83 580 538 600 626 611 END
START -3420 14004 -7968 -421 -307 86 581 538 600 626 613 END
START -3368 14300 -7752 -340 -782 108 580 539 601 626 612 END
START -3076 14476 -8188 -399 -728 164 580 539 600 627 611 END
START -2956 13776 -8760 -689 -534 -23 580 538 600 626 612 END
START -3400 14568 -8196 -804 -354 369 581 539 600 626 612 END
START -3332 15148 -7520 -851 -200 524 580 538 600 626 612 END
START -3544 15356 -7232 -780 -367 419 580 539 600 626 613 END
START -3288 15004 -7416 -857 -631 543 580 539 600 626 612 END
START -3460 13332 -8420 -1090 -230 354 580 538 599 624 612 END
START -3128 12944 -9656 -585 430 -13 579 538 600 626 613 END
START -2952 15748 -8172 -327 344 471 580 539 600 626 613 END
START -4540 15192 -6668 -1304 -678 889 579 539 600 626 612 END
START -2856 13580 -10024 -826 -429 301 578 538 600 627 612 END
START -4176 16576 -6288 -1314 -1537 1176 579 540 601 627 612 END
START -2460 14820 -9468 -572 -1057 528 582 539 601 627 614 END
START -3584 13808 -7160 -1599 -2085 1088 579 540 600 627 613 END
START -3044 18148 -6832 -745 -1227 1288 579 539 601 628 612 END
START -1720 16148 -10756 -476 -143 863 580 539 601 628 613 END
START -3344 15876 -8604 -1713 -659 1337 580 540 601 629 613 END
START -5452 19248 -4668 -1949 -676 2197 579 541 601 630 613 END
START -5336 22300 -6092 -1887 -752 2743 578 543 602 631 613 END
START -4464 21952 -8708 -2449 -1811 2922 580 545 604 634 614 END
START -3144 19936 -8460 -3268 -3467 2855 578 549 607 636 614 END
START -1544 17732 -6496 -3948 -4703 2719 586 552 610 638 615 END
START -1268 17124 -4768 -4126 -4484 3126 589 557 615 640 615 END
START -2084 14084 -3972 -2908 -4465 2774 590 561 618 643 615 END
START -2400 12264 -3984 -1228 -6275 2277 592 564 621 645 616 END
START 204 12504 -6200 774 -7643 1468 594 569 624 648 616 END
START 1900 9056 -4800 2642 -7343 668 595 574 628 651 616 END
START 852 7464 -2836 4789 -5361 365 596 578 630 653 616 END
START -1588 7584 -700 6805 -4421 -118 591 581 633 655 617 END
START -1332 5928 -2292 9144 -4744 -987 595 584 634 657 617 END
START -1624 5672 -2420 11498 -5199 -2021 596 588 638 659 617 END
START -188 3436 -5644 13953 -5007 -2765 597 592 639 660 617 END
START -664 2924 -5800 16226 -5391 -3389 596 595 641 663 618 END
START -1140 2952 -5232 18484 -6249 -3780 597 597 643 663 618 END
START -2288 4016 -6036 20477 -7950 -4818 597 598 643 663 618 END
START -1196 4948 -8560 21911 -9386 -5441 598 599 643 664 619 END
START -2808 6780 -7732 22478 -9089 -6046 598 599 643 664 618 END
START -2192 5924 -8216 22776 -5954 -7247 599 598 643 664 619 END
START -320 4748 -9052 23613 -2624 -8428 600 600 644 664 619 END
START -3776 4020 -8856 24572 -1586 -9628 601 599 643 664 619 END
START -2560 -280 -12572 25114 1396 -10408 600 598 644 665 619 END
START -2012 -1340 -16980 25658 2434 -10673 601 598 643 664 619 END
START -8856 -1196 -15752 25955 826 -10767 602 597 643 665 619 END
START 1520 2124 -23264 25924 4064 -11096 602 598 644 664 619 END
START -1368 3032 -20680 25478 8611 -10851 602 599 643 664 620 END
START -3624 4252 -21404 24031 12000 -10344 603 598 643 665 620 END
START -2840 1584 -25520 21812 13505 -9135 602 598 643 665 620 END
START -13684 -700 -21664 19071 9694 -8093 601 597 644 665 620 END
START -5124 -3280 -27996 15883 8922 -7161 601 599 643 665 620 END
START -9764 -2236 -24588 13068 5677 -6046 601 601 644 666 621 END
START -3852 1792 -31576 9714 3815 -5269 602 601 645 666 620 END
START -6944 3932 -29684 6288 1553 -4361 603 601 644 665 621 END
START -7256 5328 -27956 3263 -29 -3117 604 601 644 666 621 END
START -6724 5892 -26324 424 198 -1804 604 602 645 666 621 END
START -6764 5644 -25732 -1995 674 -568 603 604 645 666 621 END
START -7648 5752 -23640 -4260 698 666 604 601 644 666 622 END
START -7144 5864 -23764 -6006 260 1508 604 601 644 665 621 END
START -7856 5456 -21852 -7813 -572 2236 604 600 644 664 622 END
START -8220 4540 -20016 -9588 -1024 2746 605 599 644 664 621 END
START -7704 536 -19104 -11209 -1260 2920 605 599 643 663 621 END
START -7300 -688 -19388 -12595 -1225 3071 606 596 641 662 621 END
START -6448 -1564 -19808 -13654 -222 2939 606 595 641 661 620 END
START -4228 -2660 -22236 -14687 816 2965 606 592 640 659 621 END
START -5616 -2420 -21408 -15840 711 3413 607 590 637 659 620 END