START -3976 15400 -5200 -600 770 -4 576 545 608 639 612 END
START -4080 15340 -5228 -683 680 -15 577 545 608 639 614 END
START -3988 14916 -5988 -669 -27 -23 577 545 608 639 613 END
START -4276 15352 -5912 -572 -699 125 577 545 607 639 613 END
START -3632 15596 -6028 -602 -1189 162 577 546 608 639 613 END
START -3640 15612 -6004 -872 -1354 290 577 546 608 639 613 END
START -2904 15476 -5908 -920 -929 33 577 546 608 639 613 END
START -3704 14656 -5924 -1139 -909 -212 579 546 608 640 614 END
START -4436 14992 -5368 -1150 -1326 11 578 546 608 640 614 END
START -4444 16528 -4704 -1248 -2064 357 579 546 609 639 614 END
START -3648 16564 -4740 -1599 -2520 376 579 546 608 640 607 END
START -3312 15640 -5252 -1779 -1811 291 579 546 608 639 613 END
START -3476 14360 -6140 -1404 -1059 -35 577 546 609 640 615 END
START -3176 15724 -7336 -499 -835 50 580 546 609 635 614 END
START -3748 17648 -5800 -644 -1593 766 580 546 609 640 614 END
START -3800 15060 -6400 -1514 -2164 789 580 547 609 640 614 END
START -2952 17932 -6152 -1456 -1020 693 581 547 609 640 614 END
START -4648 15248 -5492 -3059 -2034 925 582 547 608 640 615 END
START -2996 18720 -5560 -2236 -1758 1134 584 547 609 641 615 END
START -2492 14864 -7424 -2392 -2546 894 585 547 609 641 614 END
START -2892 18804 -2704 -1951 -2898 1580 586 547 610 641 615 END
START 88 18520 -5016 -782 -82 887 587 548 611 647 615 END
START -396 14352 -2640 -1046 1301 235 587 549 612 644 616 END
START -2452 18640 528 255 4051 382 587 549 613 645 616 END
START -1652 15816 -2852 2201 5135 -780 588 551 614 646 617 END
START -1160 11372 -2048 3904 2650 -1690 589 552 617 648 617 END
START -2476 10416 1660 6237 589 -1954 591 554 618 650 618 END
START -2880 14080 3944 9115 316 -1909 593 557 621 652 619 END
START -3120 14316 2080 12286 14 -2229 593 558 623 654 619 END
START -1956 11488 -2088 15293 -1912 -2888 593 559 624 656 620 END
START -984 11100 -3512 17924 -3880 -3784 595 561 626 657 620 END
START 264 9780 -4736 20247 -3548 -4608 596 564 628 659 620 END
START 420 8312 -4896 22480 -1759 -5816 597 567 631 660 621 END
START -428 6780 -5544 24503 -157 -6617 597 571 634 663 622 END
START -2060 3428 -8200 26093 -1387 -7097 599 575 636 664 616 END
START -3836 5020 -10752 27395 -4914 -6697 600 578 637 665 623 END
START -3564 4524 -11336 28292 -7301 -7307 599 577 638 666 624 END
START -3388 5336 -8600 28749 -6116 -8427 601 580 639 668 624 END
START -4128 5532 -8500 29070 -3638 -9247 601 581 641 668 624 END
START -6532 2628 -10604 28868 -2728 -9604 601 582 641 669 624 END
START -7456 -3032 -12588 28925 -3156 -10560 602 583 637 670 625 END
START -5096 -4448 -17628 29772 -2614 -11602 602 582 641 669 625 END
START -3020 -452 -21304 29467 454 -11933 602 582 640 668 625 END
START -2712 412 -22472 27817 7407 -11668 602 583 642 670 624 END
START -8992 -1136 -20644 24932 10062 -10334 602 583 641 670 625 END
START -16520 -5476 -20432 21497 5104 -8917 603 585 641 669 625 END
START -7228 -7292 -30180 17888 3563 -8259 603 586 643 669 626 END
START -14892 -2700 -24472 13961 4441 -7238 603 586 638 669 625 END
START 1884 1028 -32768 9965 7516 -5783 604 586 641 668 625 END
START -11996 4080 -24692 6913 3244 -4814 604 585 641 668 625 END
START -18016 6196 -18372 3952 -719 -3362 604 585 640 669 625 END
START -9440 5420 -22764 1289 -189 -2747 605 585 642 668 624 END
START -13144 2116 -18764 -863 -676 -2127 606 586 641 668 625 END
START -16828 340 -16112 -2560 -1982 -1383 605 585 641 667 625 END
START -8420 -1864 -21824 -3405 560 -867 605 585 640 666 624 END
START -2432 -3412 -25692 -4085 810 -54 604 584 639 664 623 END
START -7256 -3020 -22072 -5015 536 649 603 584 637 663 621 END
START -14736 -1832 -17168 -6263 742 1204 603 584 633 659 620 END
START -10416 -1916 -20616 -7493 2592 1599 603 577 628 655 617 END
START -6692 1236 -22480 -8988 3099 2637 604 576 623 651 615 END
START -11416 3040 -18532 -10727 2048 3600 604 573 616 645 615 END
START -7452 3472 -20480 -12764 1611 4519 605 570 612 640 612 END
START -11252 1136 -16792 -15252 -345 5208 606 569 607 635 611 END
START -9032 -1208 -18076 -17089 -1037 5149 606 569 606 632 610 END
START -6840 -3076 -21912 -18165 -1396 5049 607 568 604 629 608 END
START -2220 -848 -26436 -19404 640 4912 607 568 598 627 608 END
START -2688 1484 -25840 -21077 2197 4910 606 567 605 625 607 END
START -4672 3964 -24444 -22951 2584 5075 606 567 604 624 607 END
START -8012 6940 -18416 -24737 358 5174 606 566 605 624 607 END
START -6052 7516 -17560 -25932 -1976 5290 606 564 604 623 607 END