START -4260 16252 -4336 -1786 -2143 -70 562 532 595 628 603 END
START -4380 16188 -4480 -1799 -2270 -92 562 534 595 628 603 END
START -3916 16220 -4416 -1952 -2485 -116 562 531 596 628 603 END
START -3864 16120 -4496 -1949 -2249 -125 562 531 594 628 603 END
START -4012 16272 -4284 -2194 -2233 -149 563 532 595 627 604 END
START -3320 16156 -4376 -2387 -1844 -288 562 531 594 627 604 END
START -3296 16004 -3840 -2784 -1339 -363 562 531 594 627 604 END
START -2852 16388 -3008 -2756 -1009 -353 562 531 594 627 604 END
START -2388 16200 -2800 -2541 -722 -600 563 532 594 627 604 END
START -2444 15532 -2604 -2271 -347 -770 563 532 594 627 604 END
START -3188 15752 -2384 -2149 -302 -768 563 532 594 627 604 END
START -3368 15904 -1716 -2169 -701 -694 563 532 593 627 604 END
START -3648 14612 -1296 -2458 -1025 -860 563 531 593 627 604 END
START -2912 12616 -3640 -1799 -222 -1511 563 532 593 627 604 END
START -3484 16000 -1956 -1110 606 -835 563 532 593 627 604 END
START -5172 13972 -1912 -1755 327 -634 564 532 593 627 605 END
START -4268 15264 -3800 -782 491 -490 563 532 593 627 604 END
START -5212 13260 -2468 -1662 -1243 195 564 532 592 626 604 END
START -3484 16420 -2392 -267 -637 363 564 533 593 627 604 END
START -3184 12032 -4004 -527 -860 295 564 533 593 627 605 END
START -4096 16380 -520 254 -835 1172 564 533 594 628 605 END
START -1536 15412 -4812 1614 894 574 565 534 595 628 605 END
START -2800 14460 -1864 1137 200 773 566 535 595 629 605 END
START -2612 19244 408 2049 1263 1240 567 535 595 629 606 END
START -1364 19204 -1768 3070 2750 513 568 536 595 630 606 END
START -1872 15028 -2816 2868 2014 4 570 536 596 631 606 END
START -4384 16212 1944 2657 503 155 570 538 597 632 606 END
START -4676 19744 3028 3498 564 641 572 538 597 633 607 END
START -2992 19916 100 5014 1422 -68 572 541 599 634 607 END
START -976 16280 -2088 6268 1916 -1373 573 542 601 637 607 END
START -1592 14664 -1584 7429 2192 -1980 575 544 604 638 608 END
START -1328 12988 -2808 8946 1683 -2482 575 546 605 639 608 END
START -1956 11284 -3224 10495 376 -2766 577 549 608 641 609 END
START -2448 10684 -3848 12280 -759 -3268 578 552 611 643 610 END
START -956 10660 -4432 14165 -652 -3795 577 553 614 645 610 END
START -732 10432 -4472 15896 497 -3866 579 556 616 640 611 END
START -2076 10300 -3696 17756 994 -4330 578 559 619 649 612 END
START -3048 11040 -4356 19390 -110 -4449 582 563 622 651 612 END
START -4556 12216 -4092 20336 -3032 -4014 581 566 625 653 612 END
START -4524 10808 -3432 20902 -4247 -4118 582 569 627 655 613 END
START -3868 5556 -3456 21568 -2905 -5026 579 572 629 657 614 END
START -5620 2788 -5140 22781 -1939 -5759 584 575 631 656 615 END
START -5532 1332 -9644 23995 -2812 -6070 585 575 631 659 615 END
START -4516 3460 -13280 24933 -4327 -6026 584 576 632 660 616 END
START -2916 5116 -14140 25502 -4075 -6036 586 577 633 660 617 END
START -3328 7128 -10844 25306 -1103 -6424 587 577 633 661 617 END
START -3660 3816 -11464 25100 2159 -7528 587 577 633 661 618 END
START -5976 -1104 -13220 25193 4189 -8485 588 578 634 662 619 END
START 236 -3092 -20316 25464 5846 -9586 589 578 634 662 618 END
START -5892 -3168 -19124 25383 4533 -9623 589 578 635 661 619 END
START 312 24 -24464 25037 5891 -9608 590 579 636 664 619 END
START -2940 -1624 -22728 23953 7035 -10347 591 578 636 663 619 END
START -5484 1660 -21916 22766 11038 -9770 591 579 636 664 620 END
START -6740 2100 -23104 20767 14230 -9150 591 579 637 665 620 END
START -9328 2380 -22108 18112 12273 -7109 594 581 638 665 620 END
START -9124 -1344 -23632 14878 5902 -5255 592 583 639 666 620 END
START -5992 -3600 -25504 11443 3700 -4641 594 586 641 668 620 END
START -2548 -5652 -30424 7492 7623 -4483 595 588 642 669 621 END
START -4204 -5132 -31920 3140 10733 -3167 596 590 643 670 622 END
START -7812 68 -29148 -834 6811 -1393 598 592 645 669 621 END
START -7024 -544 -28552 -4195 1351 -247 598 592 644 670 623 END
START -4480 1076 -28316 -7318 -2001 532 600 592 644 670 623 END
START -4172 1980 -26444 -9776 -3478 985 601 593 644 670 622 END
START -4076 2124 -24532 -12036 -2680 1197 601 593 644 668 619 END
START -6176 2392 -19728 -14398 -1157 1728 605 594 643 666 617 END
START -8460 3100 -17192 -16169 -2292 2062 608 594 640 662 614 END
START -9416 1124 -16552 -16983 -5507 2407 610 592 634 656 612 END
START -8596 596 -17444 -17577 -7314 2564 612 585 628 647 609 END
START -5604 -2004 -21588 -18319 -5736 2592 612 577 622 642 607 END
START -2760 -288 -25028 -18938 -4198 3243 612 574 618 638 605 END