START -8024 13100 -6736 -2990 -135 -1068 668 567 610 638 622 END
START -8284 13080 -6640 -3035 -110 -1016 664 562 612 637 622 END
START -9112 13116 -6308 -3015 -846 -921 648 564 606 642 618 END
START -8696 13112 -6420 -2780 -1973 -983 663 559 614 637 623 END
START -8168 13464 -5924 -2557 -2089 -936 663 561 614 637 621 END
START -7652 13220 -5932 -2548 -966 -1057 665 570 619 635 623 END
START -8136 13628 -5208 -2521 515 -769 665 533 611 637 622 END
START -8712 13172 -5668 -2368 783 -919 665 561 612 637 622 END
START -10188 12080 -5044 -2325 -34 -819 670 561 602 638 622 END
START -9240 12700 -4608 -1931 -615 -84 663 561 613 638 622 END
START -8240 13584 -4132 -1555 -374 -10 664 562 611 638 622 END
START -8488 13904 -4356 -1435 -22 79 660 575 613 639 622 END
START -7896 14036 -5784 -1216 699 38 667 567 613 639 621 END
START -8368 14080 -5512 -914 870 219 657 563 613 638 622 END
START -9428 13884 -5768 -678 609 293 663 567 611 644 621 END
START -9300 14088 -6032 -529 142 342 663 563 613 639 622 END
START -8564 13776 -6520 -340 186 393 665 563 615 640 622 END
START -9224 14280 -5560 -328 586 358 665 564 614 640 622 END
START -9960 14476 -5112 -283 654 232 665 564 613 640 621 END
START -9560 14288 -5320 -71 579 93 661 569 616 642 623 END
START -8536 13808 -6904 234 681 -30 665 562 613 640 622 END
START -7728 13604 -7916 395 448 -69 646 565 614 641 622 END
START -7856 13880 -8328 365 -238 219 664 567 616 642 622 END
START -8136 14108 -8164 500 -801 582 665 567 612 642 622 END
START -9428 14508 -7564 744 -1606 1075 678 567 607 634 620 END
START -8872 14140 -7420 1334 -2294 1327 660 570 615 644 621 END
START -9180 14696 -5476 2149 -2924 1339 664 573 617 645 624 END
START -8264 15708 -4380 2930 -3236 1578 663 575 618 648 623 END
START -8188 15520 -4216 3372 -2309 2004 665 565 629 663 624 END
START -7880 14524 -5016 3952 -1099 1494 660 577 619 650 624 END
START -6784 14220 -6896 4830 -678 1138 656 575 622 651 626 END
START -8216 15220 -5872 5636 -1966 1107 674 576 620 650 625 END
START -9676 15876 -3380 6353 -3867 1355 664 579 620 653 627 END
START -6204 14356 -5224 6639 -3810 1477 663 570 622 656 627 END
START -3208 12636 -7072 6983 -1669 787 665 583 622 655 631 END
START -4024 12376 -7960 7356 273 -129 664 582 622 655 628 END
START -4948 11988 -8116 7434 1377 -507 666 582 621 655 627 END
START -10208 12516 -4388 7625 1076 -342 668 587 624 659 630 END
START -9384 12052 -4636 7886 353 -391 664 585 623 660 628 END
START -10292 12024 -4092 8265 246 -860 663 587 621 660 629 END
START -5348 10320 -8240 8414 1447 -1390 666 586 626 661 629 END
START -5904 9080 -9256 8334 2322 -1762 665 588 625 662 631 END
START -12040 9364 -6248 8218 1527 -1753 703 572 624 665 630 END
START -12132 9488 -6172 8570 40 -1720 664 591 626 664 631 END
START -12108 9964 -5236 8821 -501 -1577 664 593 628 665 632 END
START -10760 9220 -7104 9123 -462 -1572 664 580 630 663 634 END
START -9436 7684 -9820 9216 -602 -1912 666 595 629 667 633 END
START -9192 6312 -11164 9350 -480 -2520 666 596 629 668 633 END
START -7512 5740 -12024 9060 1672 -3248 657 595 630 659 635 END
START -8712 5384 -10616 8823 3422 -3033 664 598 629 669 634 END
START -11700 6060 -9900 8938 2322 -2764 664 596 633 669 634 END
START -11068 6520 -11040 9074 804 -2925 664 601 633 670 633 END
START -9132 6652 -11868 9105 291 -2993 666 601 636 671 630 END
START -6932 6720 -13116 8932 1197 -3141 665 601 635 672 635 END
START -8336 7140 -11720 8778 2472 -2942 665 602 635 672 636 END
START -10296 6500 -11992 8610 2467 -2652 665 603 636 672 660 END
START -9316 5548 -13372 8477 2111 -2467 666 603 635 673 636 END
START -9604 5468 -13584 8517 1498 -2228 665 604 637 672 636 END
START -8900 6072 -13480 8690 1245 -2188 645 603 633 673 637 END
START -6448 6308 -14676 8671 2423 -2517 665 601 639 672 629 END
START -6560 6036 -14140 8469 4028 -2619 661 605 636 673 635 END
START -8576 5656 -13680 8621 4096 -2616 652 601 666 671 637 END
START -8028 5384 -15212 8614 4067 -2785 663 606 639 672 639 END
START -8404 5508 -15324 8288 4198 -2632 664 606 638 672 637 END
START -8712 5532 -14228 7826 4253 -2603 660 606 638 673 637 END
START -8340 5496 -15372 7478 4026 -1964 664 607 625 673 638 END
START -7388 5368 -17236 6848 2935 -1735 665 607 638 673 637 END
START -7620 5836 -17108 6225 2157 -1493 665 608 639 673 637 END
START -8168 6228 -16520 5403 1649 -1369 664 611 638 674 637 END
START -8596 6004 -16256 4567 1694 -1198 665 611 639 676 638 END