START -4556 13736 -7412 -1652 1215 272 609 523 580 616 610 END
START -4696 13772 -7436 -1570 1260 270 609 523 581 617 610 END
START -4824 13940 -7260 -1358 1250 366 609 523 581 617 610 END
START -4912 13756 -7812 -1044 1309 578 608 523 581 617 610 END
START -5068 14016 -7692 -757 1111 738 608 523 582 617 610 END
START -4920 14404 -7812 -780 1031 812 608 522 581 617 610 END
START -5352 13652 -7600 -813 803 717 607 522 581 617 610 END
START -4868 13856 -7924 -563 576 757 607 521 581 617 610 END
START -4404 13464 -8324 -325 974 451 606 522 581 617 611 END
START -5104 13176 -8492 -637 1407 212 606 521 581 617 610 END
START -5768 12988 -8284 -1033 1290 129 607 521 580 616 612 END
START -5372 12524 -8680 -1065 609 -40 606 521 580 617 610 END
START -4764 12532 -8956 -745 96 -165 605 520 579 616 610 END
START -4252 14536 -8468 -364 -19 -6 605 520 580 617 610 END
START -4572 15308 -6900 -617 -545 445 605 521 580 617 609 END
START -4348 13028 -8040 -1158 -148 111 605 520 580 616 610 END
START -3576 14520 -9420 -484 1548 -213 605 521 580 617 610 END
START -5720 13308 -7068 -1483 799 123 604 520 579 616 610 END
START -4080 13664 -9448 -386 1370 -396 604 519 580 617 610 END
START -5456 12588 -7384 -1250 -50 168 604 520 579 616 610 END
START -4560 16308 -6868 -302 896 375 603 520 580 617 610 END
START -4360 12104 -9620 -702 1088 -141 601 521 580 617 610 END
START -6152 13840 -5984 -1264 27 678 600 520 580 617 610 END
START -5544 17020 -6380 -291 1015 814 598 521 581 617 611 END
START -5208 13388 -10060 -102 768 689 597 522 581 618 611 END
START -6156 14544 -8400 -658 -1225 1310 597 523 582 620 611 END
START -7208 17692 -6044 -717 -2090 2368 598 527 585 621 612 END
START -7920 21600 -3312 -1188 -2570 3460 599 531 591 627 613 END
START -8336 22872 -3108 -2204 -2721 4621 599 536 598 633 614 END
START -8320 22068 -3364 -3390 -3457 5298 602 541 606 637 615 END
START -7448 21184 -3964 -3710 -4450 5574 602 546 611 642 617 END
START -5864 20336 -2600 -3435 -5506 5505 603 552 617 647 619 END
START -5036 16752 -1116 -2789 -4624 5186 604 559 623 652 619 END
START -5356 14548 -1056 -1712 -4742 4488 605 567 629 656 621 END
START -3728 12504 -2796 -499 -4043 3338 606 573 633 660 622 END
START -4128 10812 -3588 813 -3689 2308 606 578 636 663 623 END
START -1164 9316 -5640 2218 -3827 1775 606 582 639 665 623 END
START 1500 7708 -7504 3945 -4160 1081 607 585 642 668 625 END
START 3080 7708 -7128 5730 -3937 471 607 588 644 669 626 END
START 700 6452 -7192 7334 -3004 -338 608 591 646 670 626 END
START 4316 5316 -10416 8915 -1549 -1214 609 593 647 672 625 END
START -4652 6428 -5788 10734 -1600 -1665 609 596 648 672 627 END
START -4696 8124 -5260 12805 -1671 -2143 610 597 649 673 627 END
START -508 11800 -5568 14607 -48 -2473 611 599 648 674 628 END
START 1704 10176 -8996 16101 1328 -3144 612 600 650 676 628 END
START -3856 10936 -6744 17059 2462 -2893 612 602 650 676 630 END
START -4636 8196 -6972 17582 664 -2734 613 602 650 676 629 END
START -5216 8024 -5828 18401 -2139 -3269 613 604 652 676 630 END
START -3756 2652 -9124 19479 -2613 -4765 615 605 642 676 630 END
START -520 1728 -13352 20422 2948 -5668 614 604 650 676 630 END
START -3688 4648 -14056 21255 5960 -5502 615 605 651 676 630 END
START -1872 6932 -15636 21878 4933 -4535 615 605 651 676 630 END
START -8836 8232 -8216 21878 1100 -4036 616 605 652 675 630 END
START -3068 4504 -12536 22246 247 -4316 616 605 651 676 630 END
START -3636 1600 -14340 22166 1017 -5095 616 605 651 676 630 END
START -4304 -472 -15684 21964 4567 -5966 615 605 651 675 630 END
START 328 -2452 -20348 22242 8906 -6521 616 606 651 677 630 END
START -3588 -384 -19836 22459 8485 -5698 616 605 651 675 630 END
START -2224 4380 -21432 22345 5643 -4816 616 604 651 676 631 END
START 116 4204 -23352 20676 7292 -4562 615 605 651 675 631 END
START -6504 3344 -18708 18845 8993 -3976 616 605 651 675 630 END
START -7844 692 -18492 16947 6696 -3272 616 605 651 676 631 END
START -4304 -2816 -22408 15413 5033 -3220 616 606 651 676 632 END
START -2768 -3492 -26456 13669 4496 -3132 617 605 651 676 631 END
START -2908 -1196 -27344 11334 3834 -2313 616 605 652 676 631 END
START -5356 2444 -22544 8009 794 -1231 616 605 651 675 631 END
START -5176 956 -20212 5185 -1320 -744 617 605 651 676 631 END
START -4680 -1908 -20496 2799 -1510 -528 618 606 652 676 631 END
START -3916 -3936 -21944 649 -1068 -930 617 605 652 675 630 END
START -2884 -4760 -23676 -880 299 -1308 617 605 651 674 631 END