START -4620 14536 -7288 -2121 118 -1784 562 542 629 646 619 END
START -4468 14784 -7556 -2230 256 -1901 561 541 629 645 620 END
START -4444 14960 -8004 -2508 810 -1913 561 542 629 645 619 END
START -4856 14744 -8036 -2740 1014 -1851 562 538 629 644 620 END
START -5824 14672 -7640 -2633 923 -1442 562 541 628 644 619 END
START -5804 14492 -6996 -2378 798 -1080 561 541 627 644 618 END
START -5412 14172 -6968 -2167 850 -823 562 542 629 644 619 END
START -5444 14340 -6560 -1957 1375 -433 562 542 629 644 618 END
START -5128 13984 -6956 -1690 1662 -498 562 542 629 644 618 END
START -6424 13168 -6980 -1610 553 -335 562 538 629 645 618 END
START -6432 13452 -6732 -1634 -1153 -128 562 545 630 645 618 END
START -5292 13460 -7212 -1608 -1664 -70 562 544 630 644 618 END
START -5420 13096 -7404 -1509 -1164 -82 563 544 631 645 618 END
START -5596 12496 -7632 -1222 -653 -191 564 544 631 645 618 END
START -4452 12452 -8968 -573 119 -403 563 544 631 645 618 END
START -4636 14124 -7952 65 366 -24 563 543 630 645 618 END
START -6044 15236 -6000 -275 -1145 502 563 543 632 645 618 END
START -5608 12292 -7768 -620 -2207 -54 563 543 631 645 618 END
START -4224 15464 -8180 -48 -1103 178 564 544 631 645 618 END
START -6252 13544 -7512 -1156 -1038 458 564 543 631 645 619 END
START -4896 15464 -8532 -349 20 489 564 543 630 646 619 END
START -6484 12660 -7236 -1279 -977 605 565 543 630 646 618 END
START -4872 16516 -6620 -230 -358 1059 565 543 630 646 620 END
START -3388 13600 -9296 26 1324 512 565 543 631 646 619 END
START -7016 15684 -4668 -618 1074 1723 566 544 630 646 619 END
START -6584 18804 -6192 -33 937 2343 567 544 632 648 619 END
START -5184 16296 -9160 -159 -591 2156 568 545 631 649 619 END
START -4208 16276 -6228 -761 -1621 2382 569 547 632 651 620 END
START -3164 18436 -3428 -319 2117 3037 569 549 633 654 621 END
START -7612 22616 -488 9 4575 4092 572 552 636 657 622 END
START -6464 19680 -5244 754 2341 3794 573 554 638 659 622 END
START -2948 16468 -7860 1311 -15 3204 576 557 640 661 624 END
START -1836 12768 -7608 1742 267 2587 579 560 642 665 625 END
START -3348 11324 -5052 2508 1676 2916 582 562 644 667 627 END
START -6920 11460 -1596 3921 390 3293 584 568 649 669 628 END
START -5644 11112 -2060 5363 -2012 3294 586 575 652 672 629 END
START -4852 9800 -3216 6737 -3718 2913 589 582 655 674 629 END
START -3756 8948 -5212 8297 -5572 2428 591 586 657 676 630 END
START -2552 10552 -4356 9925 -4933 1482 592 590 659 678 631 END
START -2888 6676 -3920 11708 -2742 577 595 596 661 680 632 END
START -2896 8296 -2884 13496 -1635 -376 597 600 663 683 628 END
START -4372 7116 -5272 14823 -2205 -1047 599 603 663 683 633 END
START -3660 4208 -10692 16054 -4956 -1379 601 606 665 685 634 END
START -1872 4068 -12048 17399 -4683 -2423 604 608 665 686 635 END
START -2144 8620 -10600 18795 -2829 -2802 604 610 665 687 635 END
START -2032 10428 -12664 19031 -1923 -2606 606 612 667 687 635 END
START -4720 8592 -11184 18754 -1404 -2623 607 615 669 688 636 END
START -4948 3160 -13136 18702 -679 -3239 608 616 669 688 636 END
START -5372 1780 -13644 19017 608 -3697 609 617 669 689 637 END
START -4496 84 -14152 19714 1474 -3864 610 618 670 689 636 END
START -1192 580 -18480 19743 4034 -4094 610 618 669 689 637 END
START -2640 3112 -20052 19420 5824 -3756 612 618 669 690 637 END
START -3916 6432 -18372 18772 5361 -3134 612 619 670 689 638 END
START -7096 5908 -12820 17732 3148 -2653 613 620 670 690 637 END
START -5576 1488 -14548 17183 1057 -3112 613 620 670 690 639 END
START -1168 -2132 -18756 16619 6143 -4102 615 619 670 690 638 END
START -5288 -2108 -19784 16164 10036 -4333 614 619 670 690 638 END
START -8836 1040 -18032 15729 8243 -3139 614 621 670 690 638 END
START -2896 3752 -20932 15105 3847 -2483 614 620 670 690 638 END
START -4488 4296 -18712 14379 851 -2335 615 620 670 690 638 END
START -1328 3128 -19756 13381 5178 -3209 615 620 670 690 638 END
START -552 3608 -19636 12398 7882 -3425 615 620 671 690 639 END
START -5784 3392 -17080 11370 4447 -2908 616 620 670 690 638 END
START -6528 -1176 -17472 10137 -1180 -2641 615 620 670 689 639 END
START -4872 -4812 -20696 9238 -3434 -3015 615 620 671 690 638 END
START -652 -4424 -23456 8611 -983 -3191 615 621 670 690 639 END
START -748 -3256 -24600 7464 2690 -2468 616 621 671 690 639 END
START -2052 -940 -24316 6012 4629 -1511 615 620 662 690 639 END
START -3776 -236 -23448 4106 4047 -472 615 620 669 691 639 END
START -3256 1316 -22872 2230 1372 117 615 620 670 690 639 END