START -6096 13204 -9008 -1057 -800 241 597 536 591 629 619 END
START -6324 12960 -9268 -965 -974 196 597 536 591 629 620 END
START -5740 12996 -9132 -1185 -1251 394 598 536 591 629 620 END
START -5456 12988 -9684 -1166 -1162 406 598 536 591 629 619 END
START -5164 13440 -9448 -1283 -415 379 598 537 591 629 620 END
START -5616 13568 -9512 -1487 164 506 599 537 592 630 620 END
START -6464 13384 -9160 -1774 -86 610 598 537 592 629 620 END
START -6984 14372 -8532 -2197 -835 1018 598 537 592 629 620 END
START -6688 15296 -8780 -2030 -1667 1370 599 538 592 629 620 END
START -5972 15760 -8428 -2270 -2386 1779 599 538 592 629 620 END
START -5248 15296 -8492 -2655 -2396 2198 598 539 593 630 620 END
START -5532 15176 -7748 -3163 -1599 2399 593 539 592 630 620 END
START -6292 13204 -7528 -3707 -1472 2127 599 540 592 630 619 END
START -5488 12788 -8848 -3252 -1214 1565 600 540 592 630 619 END
START -5676 15520 -7052 -2979 -1929 2135 599 541 593 630 620 END
START -5968 12352 -7904 -3272 -2339 1672 600 542 592 630 619 END
START -5456 15736 -6696 -2553 -1836 2117 600 543 586 632 620 END
START -5152 11852 -8460 -2705 -2272 1398 601 545 593 631 620 END
START -6244 15060 -5280 -2549 -2984 2182 601 543 592 631 619 END
START -4988 16008 -7356 -1606 -1870 1926 594 544 593 632 620 END
START -5628 12484 -8604 -1880 -2623 1619 602 544 594 632 620 END
START -7784 14068 -5116 -2406 -4725 2316 602 544 592 633 619 END
START -6688 16996 -3908 -2179 -5698 3062 603 545 594 633 620 END
START -4464 20408 -3812 -1347 -3771 3313 605 546 593 634 620 END
START -4256 19312 -5700 -691 -1459 3326 604 547 594 635 620 END
START -5296 17196 -6176 120 -1229 3266 603 549 596 636 620 END
START -6132 15104 -6412 762 -2769 3314 602 550 597 637 620 END
START -4592 12388 -5472 1875 -5241 2927 602 552 599 638 620 END
START -2864 11020 -4328 3361 -5938 2675 602 556 603 641 621 END
START -2076 9112 -5552 5044 -4362 2031 603 559 607 642 621 END
START -1876 7528 -7172 6589 -2153 1336 603 560 609 644 621 END
START -2508 7952 -9260 7664 -1459 690 603 562 610 645 621 END
START -3872 6364 -8400 8769 -2607 401 602 564 612 646 621 END
START -3024 6324 -7968 10209 -4287 -124 602 566 613 647 622 END
START -2440 7424 -7424 11835 -4508 -455 601 565 616 649 622 END
START 1284 8964 -9684 13370 -2917 -1352 602 572 618 650 622 END
START 964 10788 -9440 14414 1141 -2304 601 574 620 651 622 END
START -7668 11104 -4956 15032 3056 -2601 602 575 622 653 622 END
START -4828 9308 -8144 15272 2125 -2122 601 576 623 654 622 END
START -4804 7456 -7972 15757 -1468 -2182 601 579 626 655 623 END
START -8064 6672 -5272 16460 -7059 -3018 601 580 626 656 623 END
START -4540 5032 -8028 16987 -5225 -4718 602 581 628 657 624 END
START -120 2400 -14592 17825 646 -6397 602 582 629 658 624 END
START -2336 1736 -15284 18575 2847 -6528 602 582 629 658 624 END
START -5136 6496 -14828 19529 1172 -6021 603 583 630 659 625 END
START -3600 9224 -13416 20272 -1110 -5635 603 583 631 660 624 END
START -2132 7832 -11568 20324 -1259 -6693 603 583 632 661 625 END
START -1128 4992 -12836 20760 3278 -8402 605 584 632 661 625 END
START -11052 2104 -10384 21438 4053 -9179 605 584 633 662 623 END
START -6368 -288 -18308 22665 1227 -8965 606 585 634 663 625 END
START -9408 1328 -17188 23048 588 -8715 605 586 634 663 625 END
START 888 3428 -22828 22829 6283 -9064 606 587 636 664 626 END
START -680 3884 -21588 22379 12161 -9197 607 589 637 665 626 END
START -9224 2352 -16680 20718 17385 -8192 607 591 637 665 625 END
START -7428 -3080 -21800 18461 17130 -7286 608 594 639 667 626 END
START -9284 -6456 -26708 15471 10848 -5332 608 594 636 668 626 END
START -8332 -3828 -27464 11109 6210 -3421 609 603 643 669 625 END
START -6636 -636 -26900 5876 1458 -1458 611 608 644 670 626 END
START -2448 260 -27616 607 -493 -721 611 609 645 670 626 END
START -2644 1484 -26724 -3292 66 -238 611 610 646 671 626 END
START -3560 1776 -23624 -6326 -347 -68 612 610 646 671 627 END
START -1328 160 -23964 -8327 -934 -230 614 609 645 670 624 END
START -10364 -644 -16712 -9718 -1571 -351 616 608 645 670 627 END
START -7676 -2272 -18232 -10935 -665 -806 617 609 644 669 627 END
START -5620 -2948 -21504 -11720 1499 -802 620 607 641 667 628 END
START -8964 -1684 -21188 -12715 1031 -47 621 605 639 663 627 END
START -5916 1744 -23564 -13540 -275 954 621 602 633 659 626 END
START -7672 3536 -22112 -14624 -1804 2180 625 595 631 655 625 END
START -6596 3672 -21848 -16227 -2920 3550 628 589 619 651 624 END
START -8088 2996 -17032 -17575 -4046 4385 630 588 625 649 623 END