START -2580 14288 -8480 -1113 59 -234 592 566 643 665 625 END
START -2904 14416 -8312 -1096 234 -247 591 567 644 665 625 END
START -3444 14324 -8024 -1054 400 -87 592 566 645 664 626 END
START -3724 14340 -7852 -979 -306 70 591 567 643 664 626 END
START -3344 14496 -7752 -987 -769 261 592 567 643 665 626 END
START -3236 14324 -7696 -1094 -419 363 592 567 643 665 626 END
START -3668 14676 -7308 -1279 -382 372 592 567 643 664 626 END
START -3084 14556 -7712 -1021 -449 302 592 566 642 663 625 END
START -3160 13608 -7808 -932 -1247 126 591 566 644 663 626 END
START -2500 13496 -7580 -907 -1321 181 591 566 641 664 626 END
START -2144 13484 -7600 -954 -230 -7 592 567 643 664 626 END
START -3012 13384 -7688 -1000 1038 -250 591 566 643 663 626 END
START -3068 13336 -8748 -782 1543 -658 592 567 643 664 626 END
START -2980 14792 -8480 -280 1493 -387 592 567 643 663 626 END
START -3776 15804 -6688 -434 225 237 592 566 643 663 626 END
START -3756 12776 -8152 -654 -601 -181 592 567 643 663 626 END
START -3120 15632 -8556 -16 -324 208 592 567 643 663 627 END
START -3956 14428 -6804 -993 -1097 476 592 567 643 664 626 END
START -2020 17324 -7904 -342 1197 311 593 566 643 663 626 END
START -4432 14352 -7224 -1311 1441 480 592 567 642 663 626 END
START -6360 19604 -5296 -1186 802 1661 594 567 643 664 626 END
START -5480 17944 -8160 -1325 -1632 1741 593 567 643 665 626 END
START -4948 16096 -7040 -2505 -3888 2508 595 568 635 665 627 END
START -4692 19584 -4160 -2949 -3015 3540 596 568 643 665 626 END
START -5684 20568 -3544 -2744 -1660 4610 597 569 644 668 626 END
START -6116 21164 -4564 -2887 -2938 5340 597 571 644 668 627 END
START -3720 20000 -6772 -2961 -5446 5201 599 575 645 670 628 END
START -1432 18244 -8060 -2928 -7374 4779 600 577 646 671 628 END
START 656 18064 -9104 -2693 -7167 4369 601 579 645 672 628 END
START 1372 16084 -9524 -2259 -5051 3737 602 583 648 674 629 END
START 28 15028 -9092 -2102 -3482 3142 602 586 649 674 629 END
START -836 12008 -8396 -1841 -3776 2352 603 590 651 676 629 END
START -280 11376 -9424 -1095 -4130 1726 604 593 652 677 629 END
START 1284 10904 -10076 -199 -2926 1259 604 596 654 678 630 END
START 3084 12124 -9064 1087 526 687 605 598 654 679 630 END
START 84 10444 -5624 2273 3499 201 606 592 655 680 630 END
START -2520 9724 -3860 3268 2966 -125 607 602 655 681 630 END
START -2160 10848 -5624 4769 -311 -602 607 603 656 681 631 END
START -1216 10276 -6288 6247 -4007 -1239 608 605 657 681 631 END
START 1192 14812 -4568 7906 -5100 -1692 609 608 658 684 632 END
START -3876 14812 1492 9517 -5304 -2318 610 609 658 684 634 END
START 0 11968 -1908 11066 -3682 -3147 610 610 658 683 632 END
START -2112 12432 -1884 12682 -3542 -4197 611 611 658 683 633 END
START -6460 7504 -1392 14147 -5751 -5194 612 612 659 683 633 END
START -2840 5568 -5524 16002 -6045 -6522 613 612 659 684 632 END
START 6356 3344 -13036 17604 -3112 -7546 613 613 660 684 634 END
START -2092 8432 -8312 19179 958 -7819 613 615 659 685 634 END
START 4272 8716 -13160 20402 3662 -8352 614 615 660 684 633 END
START -4472 9856 -7476 21340 3021 -8014 614 615 660 684 634 END
START -9316 9804 -5360 22007 -1598 -7709 615 617 660 685 634 END
START -3864 7036 -10364 22466 -4092 -8022 615 616 659 684 636 END
START -4116 2060 -10716 22303 -1398 -8867 616 617 660 684 634 END
START -4632 -1748 -13192 22857 3245 -9538 615 618 660 683 634 END
START -4384 1328 -16340 23742 4861 -9394 616 617 660 684 634 END
START -3408 3616 -18984 23796 4431 -8202 616 617 660 684 633 END
START -5092 5172 -15784 23169 4417 -7497 616 617 660 685 635 END
START -4532 1912 -14872 22267 4818 -7465 616 617 660 685 634 END
START -5208 -1788 -15968 22023 4483 -8036 614 618 660 685 635 END
START -4256 -4216 -19364 22148 6857 -8511 617 617 660 684 634 END
START -3448 -476 -21892 22504 8525 -7621 617 618 660 685 634 END
START -5980 2864 -19948 22113 6152 -6287 616 618 660 685 634 END
START -6600 1212 -18468 20600 4378 -5399 617 618 660 685 635 END
START -6080 -2900 -20052 18835 4723 -5347 617 618 661 685 634 END
START -3824 -5396 -26000 17242 7366 -5364 616 618 660 685 634 END
START -3744 -3440 -28872 15433 9253 -4322 618 619 660 684 633 END
START -6256 1860 -25076 11754 8665 -2565 617 619 660 685 634 END
START -9864 1172 -21664 7429 4238 -1091 618 620 660 685 634 END
START -4668 -1132 -24560 3769 100 -321 618 620 660 685 634 END
START -3836 -4232 -24412 474 -1873 81 618 621 660 685 633 END
START -2400 -3360 -23348 -1857 -1351 100 618 620 660 684 634 END