START -2400 13880 -8812 -1004 -165 -386 577 541 622 640 625 END
START -2264 13812 -8912 -967 -74 -407 576 540 620 638 625 END
START -2208 13700 -9276 -869 282 -294 576 540 621 640 625 END
START -2628 14380 -9076 -886 367 -237 576 541 621 640 625 END
START -2780 14088 -9012 -965 0 -225 576 542 622 640 625 END
START -3372 14320 -8600 -1051 -429 -57 575 542 622 639 625 END
START -3276 14108 -8860 -1025 -1102 18 575 543 622 640 624 END
START -3688 13996 -8648 -1330 -1736 141 576 543 623 640 625 END
START -3012 14380 -8288 -1421 -1388 456 576 544 623 640 625 END
START -2820 15240 -8064 -1394 -550 695 575 544 623 640 624 END
START -3244 15360 -7700 -1557 -49 790 575 544 624 641 624 END
START -4292 14716 -7084 -1598 -462 865 575 544 624 640 624 END
START -4512 13892 -7196 -1527 -1834 669 575 544 624 641 624 END
START -3400 13940 -8372 -764 -2641 683 576 545 624 641 625 END
START -3748 17448 -6064 -918 -3716 1557 575 544 624 641 625 END
START -3480 15432 -7108 -1462 -4108 1494 574 543 624 641 624 END
START -2044 19016 -7760 -708 -1918 2022 575 543 623 641 625 END
START -4288 15948 -7640 -1948 -1902 2213 576 544 624 641 624 END
START -5088 20616 -5360 -2097 -2229 3273 576 544 624 641 624 END
START -3844 17552 -8648 -2717 -3669 2874 576 544 624 642 624 END
START -3996 17004 -6904 -3700 -7202 3688 577 545 624 642 624 END
START -2820 20592 -5448 -3073 -8960 4395 578 546 625 644 624 END
START 1076 20172 -8292 -2157 -7962 3666 578 546 626 647 624 END
START 2424 16088 -8184 -1858 -5257 2420 580 549 628 650 626 END
START -1212 13808 -4828 -1854 -3976 2185 582 552 631 654 625 END
START -3024 14068 -1688 -974 -4714 1843 581 555 634 658 629 END
START -3136 12796 -2360 438 -6445 1334 582 558 637 660 629 END
START -1336 14992 -3280 2789 -7094 724 584 560 640 663 630 END
START 1672 14044 -4284 5529 -4874 -753 586 563 641 666 630 END
START 668 13204 -2624 8278 -1480 -1901 588 568 645 668 631 END
START -1136 11188 -2816 10913 -811 -2709 589 572 647 670 632 END
START -832 9680 -7192 12791 -2197 -3320 590 576 649 672 633 END
START -1276 8932 -9584 14583 -4291 -3464 591 578 650 674 633 END
START -884 9152 -8048 16286 -4558 -4198 593 582 651 675 634 END
START -1872 9548 -6052 17735 -3189 -4692 592 587 653 677 634 END
START -2884 10448 -5572 18685 -2688 -5059 594 591 655 679 636 END
START -4068 9644 -8584 18861 -2988 -5197 597 593 656 679 635 END
START -5268 8024 -9032 18831 -3580 -5526 597 595 657 681 635 END
START -4540 3004 -10180 19191 -3244 -6719 598 598 659 682 636 END
START -3064 1588 -12568 20221 268 -7791 598 599 659 682 636 END
START -2376 2184 -15876 20756 3169 -7802 600 601 660 683 637 END
START -5244 7236 -15340 21248 3482 -7122 601 602 660 683 637 END
START -6152 8372 -15724 21129 30 -6151 602 602 661 684 637 END
START -5756 8008 -14820 20710 -863 -6018 602 603 662 684 637 END
START -2848 4984 -15688 19926 1937 -6123 603 603 661 684 637 END
START -4348 2064 -16020 19707 4788 -6659 603 603 661 684 637 END
START -1796 -1416 -21916 19350 6641 -6457 604 604 662 685 638 END
START -3648 -2072 -22872 18891 5491 -6288 604 604 661 685 638 END
START -5276 528 -22212 18195 3234 -5429 605 604 663 685 638 END
START -1600 1356 -23736 17665 2437 -5078 605 603 662 685 638 END
START -2540 2728 -22352 16784 3652 -4881 604 604 663 686 633 END
START -4280 3064 -20744 15416 7690 -4660 604 604 662 685 637 END
START -7756 2632 -18372 13701 6934 -3637 605 604 663 685 638 END
START -10368 864 -16604 11886 2427 -2511 604 605 662 686 638 END
START -5884 -952 -19160 10319 -228 -2699 603 605 663 686 638 END
START -3624 -4572 -22824 8579 1640 -3246 605 605 663 686 638 END
START -3496 -5220 -23976 6729 5189 -3380 604 605 664 686 639 END
START -4584 -4388 -24752 4923 4545 -2661 605 606 664 687 639 END
START -4496 -688 -24040 3213 1598 -1494 606 607 664 686 638 END
START -2612 672 -23784 1209 611 -567 606 608 664 683 638 END
START -1620 -828 -24168 -608 1304 -411 606 608 664 687 639 END
START -2572 80 -22648 -2147 1562 80 607 608 664 686 639 END
START -2808 -1204 -22808 -3143 579 49 607 608 664 687 639 END
START -3036 -2384 -22220 -3719 -826 219 607 608 665 687 639 END
START -2488 -728 -21284 -3891 -1548 512 607 609 665 685 639 END
START -1860 888 -20244 -4111 -691 775 608 611 664 685 639 END
START -2316 2436 -18876 -4405 351 703 609 611 663 685 639 END
START -2284 1484 -19592 -4791 1581 634 612 612 661 683 638 END
START -3732 2416 -18764 -5414 2211 1040 615 610 658 679 637 END
START -5312 2856 -17692 -6404 795 1698 618 604 652 674 634 END