START -2168 13860 -9184 -1537 227 -648 569 534 603 631 611 END
START -2264 13760 -9176 -1547 591 -685 570 534 603 630 611 END
START -3164 13776 -8964 -1497 1098 -721 569 534 603 630 611 END
START -3988 13864 -8668 -1410 388 -647 569 535 603 631 611 END
START -3732 13764 -8640 -1219 -702 -517 569 534 603 630 611 END
START -3124 13984 -8700 -1224 -1352 -355 569 534 604 631 611 END
START -2656 14356 -8424 -1341 -703 -232 569 535 603 630 611 END
START -2392 13984 -8920 -1257 132 -429 569 535 603 630 612 END
START -3360 12888 -8768 -933 72 -463 569 535 603 627 611 END
START -4136 12556 -8568 -854 -678 -242 569 537 604 633 611 END
START -3540 12668 -8932 -772 -1389 -164 569 535 604 631 610 END
START -3484 13296 -9680 -527 -1464 31 569 535 605 632 610 END
START -3088 15564 -9216 -862 -1661 277 569 535 604 630 612 END
START -3384 15572 -7652 -1767 -1988 739 568 534 604 631 612 END
START -3716 12448 -8812 -1726 -1658 213 568 535 599 631 611 END
START -3032 15808 -7716 -483 -1434 692 568 535 606 633 611 END
START -4144 13968 -7304 -1315 -1818 875 566 535 604 632 611 END
START -3268 15980 -7996 -394 -895 1041 566 535 606 632 612 END
START -4528 12888 -8188 -1553 -1574 734 567 534 606 633 612 END
START -5064 17020 -5300 -1456 -2609 1407 558 538 606 633 612 END
START -3476 14616 -9544 -314 -2925 1063 568 535 607 633 612 END
START -3656 13180 -9576 -727 -4079 1233 569 535 607 634 612 END
START -5004 16660 -5516 -758 -4531 2199 567 535 609 634 613 END
START -4992 20744 -4248 -330 -3505 2780 568 536 607 634 613 END
START -2556 20936 -7208 38 -1847 2808 569 537 608 637 614 END
START -2672 16768 -10724 -299 -1469 3193 570 538 609 638 615 END
START -4648 16060 -8228 -596 -3625 3660 572 541 611 639 614 END
START -4800 17364 -5384 -1237 -6057 3957 574 543 614 642 615 END
START -2512 15864 -5048 -1459 -6872 3782 576 546 618 645 617 END
START -2288 15052 -3280 -1156 -5964 3496 577 549 620 647 617 END
START -2096 13844 -2552 -56 -5453 2542 578 550 622 649 619 END
START -2272 12516 -2096 1653 -5830 1686 580 553 624 652 619 END
START -2160 11652 -1848 3655 -6409 807 583 555 627 653 620 END
START -2024 9736 -1768 5767 -5834 83 584 557 629 655 620 END
START -2052 10660 -648 8058 -3728 -653 586 559 631 657 622 END
START -3508 8724 -224 10508 -2621 -1311 581 561 633 658 622 END
START -4012 7140 -1360 12669 -3705 -2124 587 562 635 659 622 END
START -3824 5240 -4072 14481 -5467 -2837 588 564 635 660 623 END
START -2020 2196 -8256 16199 -6085 -3600 588 565 636 661 623 END
START -676 1772 -8992 17896 -4260 -4883 589 566 638 663 624 END
START -2624 2312 -7628 19602 -903 -5913 589 567 639 663 623 END
START -3552 3312 -8896 21229 1449 -6196 590 568 638 664 624 END
START -32 3904 -14160 22545 1591 -5931 590 569 638 664 625 END
START 1536 4528 -17024 23286 -1181 -5638 593 570 640 665 625 END
START -3716 5900 -13940 23596 -4785 -5226 592 569 640 665 625 END
START -536 5700 -13184 23712 -3054 -5959 593 571 641 666 625 END
START 3296 5152 -14996 23882 3889 -7095 593 572 642 666 627 END
START -3664 4048 -13436 23655 6626 -6575 592 573 642 667 626 END
START -8984 2660 -12900 23669 3200 -5913 593 573 642 667 626 END
START -6848 -1720 -16780 23431 404 -5567 594 573 642 667 619 END
START -3600 -2628 -18600 23098 212 -5901 594 573 643 668 626 END
START -12 -3004 -22068 22043 4241 -6608 594 574 644 668 626 END
START -2724 -3436 -22652 20845 8848 -6614 594 573 644 669 626 END
START -3752 -2804 -26492 19244 10536 -6295 595 577 645 670 627 END
START -7180 928 -25264 17332 8776 -4500 596 580 646 670 627 END
START -4328 2112 -27412 14914 5867 -3586 595 582 648 672 627 END
START -1744 2892 -27624 11841 6792 -2844 598 584 649 672 628 END
START -4816 2960 -23856 8331 7348 -2207 601 586 650 673 628 END
START -7064 2716 -21748 5224 5512 -1759 601 588 651 674 629 END
START -7364 800 -22168 2564 1882 -931 601 589 651 674 629 END
START -6168 -688 -21892 457 -1988 -378 602 590 651 674 628 END
START -5532 -2032 -21236 -1368 -3105 -123 603 592 652 674 629 END
START -3952 -3096 -22052 -2653 -1782 -499 604 593 653 675 630 END
START -3504 -2516 -23724 -3365 -205 -509 605 594 652 674 629 END
START -3876 -1264 -23272 -4039 -687 -12 608 595 653 674 629 END
START -3360 156 -22736 -4568 -1700 762 610 594 653 673 629 END
START -1232 1412 -22900 -5146 -1830 1089 612 593 651 672 629 END
START -1140 2156 -20824 -5730 -1170 1219 615 595 651 671 628 END
START -2572 3636 -17288 -6368 107 1260 617 595 648 669 626 END
START -3104 2736 -18620 -6665 587 1073 620 596 645 665 625 END