START -2876 14448 -6644 -2326 2014 -466 596 530 601 624 610 END
START -3140 14396 -6556 -2303 2066 -518 595 530 601 620 611 END
START -3844 14564 -6212 -2233 1759 -523 596 530 601 623 611 END
START -4000 14196 -6368 -1879 930 -334 596 531 601 623 611 END
START -4156 14760 -6184 -1532 550 -88 595 531 602 624 611 END
START -4416 14900 -5772 -1456 -159 116 595 531 602 625 611 END
START -3708 14812 -6052 -1613 -829 -26 596 532 603 624 611 END
START -3092 14452 -6460 -1624 -528 54 595 532 602 624 612 END
START -3376 15100 -6056 -1125 359 222 596 532 602 624 612 END
START -3568 15440 -5992 -433 439 354 596 532 602 624 612 END
START -4344 15984 -5680 -134 -382 390 596 534 603 625 612 END
START -4220 16308 -5872 -494 -1609 559 596 533 603 625 612 END
START -3388 15684 -5656 -1253 -2020 532 595 533 602 620 612 END
START -3012 13076 -7348 -1283 -1144 -180 596 533 603 626 613 END
START -2032 14556 -8396 -169 250 -194 597 533 603 625 612 END
START -3520 15920 -5656 -945 146 361 596 534 603 625 613 END
START -3144 12544 -8316 -662 769 -414 595 533 603 626 613 END
START -3320 16964 -5240 -266 729 329 595 533 603 626 613 END
START -3352 12844 -7780 -753 792 -117 596 534 605 626 613 END
START -3692 17608 -4856 -517 686 707 596 535 603 626 613 END
START -2952 14408 -8716 -219 1152 209 598 534 602 626 613 END
START -4912 15804 -4388 -1158 -255 1132 596 534 603 626 613 END
START -4248 18856 -4148 -450 40 1395 595 533 603 625 612 END
START -3240 17072 -7264 -42 502 891 596 532 602 626 612 END
START -4040 14212 -6492 -1237 -1337 1478 595 531 600 624 612 END
START -5008 16712 -3556 -1425 -2444 2036 596 530 598 625 612 END
START -4192 18852 -2348 -1032 -2701 2241 595 529 599 625 614 END
START -3332 20188 -2012 -384 -2394 2148 595 529 599 624 612 END
START -2396 20440 -2536 323 -1666 1785 595 528 598 625 613 END
START -2264 19736 -3140 962 -1033 1274 595 528 598 625 611 END
START -2028 18592 -4836 1786 -1567 888 595 529 598 625 612 END
START -2016 17680 -6128 2965 -2427 836 595 530 598 624 612 END
START -1724 17352 -6548 3829 -2849 556 594 530 600 627 611 END
START -2044 15388 -7696 4513 -3487 280 595 531 600 627 612 END
START -1008 16076 -7520 5249 -3660 -50 594 533 601 627 612 END
START -732 16788 -6948 5830 -3069 -434 594 534 602 628 612 END
START -1468 16968 -5680 6558 -2070 -1086 593 534 602 629 613 END
START -2420 16624 -4832 7405 -2850 -1255 593 535 603 629 612 END
START -2776 16124 -4392 8423 -3602 -1426 593 535 598 630 612 END
START -5208 13720 -3016 9010 -4686 -1836 593 535 604 631 613 END
START -5340 11224 -4108 9793 -5915 -2312 593 536 604 631 613 END
START -5716 10124 -3684 10895 -5577 -3372 593 537 605 633 613 END
START 512 6776 -10896 11842 -2754 -4536 593 538 606 633 614 END
START -6672 6336 -8704 12666 -2039 -4607 592 539 607 635 614 END
START -8208 6480 -9256 13708 -858 -4910 593 539 608 635 615 END
START -1972 6620 -12928 14943 -150 -5471 593 540 609 636 615 END
START -4832 10152 -10080 15920 -109 -5658 593 541 612 638 616 END
START -852 10224 -13696 16363 1957 -5633 594 544 614 640 616 END
START -1752 9960 -14604 16464 2893 -4943 594 545 615 640 617 END
START -9352 9884 -7708 16454 507 -4654 594 546 617 644 618 END
START -6928 7092 -8136 16792 -2929 -4659 594 549 621 646 618 END
START -3600 3784 -11172 16869 -2537 -5359 595 552 624 648 620 END
START -2740 1508 -13424 17274 2932 -6284 597 555 627 651 620 END
START -5192 2428 -17304 17743 5885 -6218 599 557 629 652 623 END
START -5872 5156 -17476 18496 2120 -5233 596 559 631 655 622 END
START -228 6504 -18128 18786 81 -4720 598 563 636 658 623 END
START -6964 7704 -10852 18825 2098 -4793 599 568 637 662 624 END
START -6460 5688 -12840 18361 4974 -4829 599 571 638 661 625 END
START -8520 752 -13700 17683 6384 -5083 601 572 640 663 626 END
START -10424 -992 -13312 17281 5269 -4977 601 575 642 664 627 END
START -4060 -2108 -17940 17487 4766 -4928 604 577 645 668 626 END
START -7380 -1136 -17296 18025 2642 -4646 602 582 646 668 627 END
START -2164 -1272 -22844 17965 3527 -5032 604 584 647 670 628 END
START -4600 2388 -21392 17159 4427 -4670 604 586 648 671 629 END
START -5976 2944 -19268 15936 4885 -3449 606 590 651 673 629 END
START -5892 2564 -19344 14017 4034 -2490 607 593 651 675 630 END
START -8752 856 -18172 11311 2237 -1650 607 595 653 676 630 END
START -6892 -476 -20496 8076 774 -872 607 597 654 677 630 END
START -5976 748 -20436 4377 1687 -70 609 598 654 677 630 END
START -5848 -500 -19536 1190 2046 461 609 601 655 678 631 END