START -3224 14580 -8888 -2155 2151 -1240 577 549 617 637 612 END
START -3348 14704 -9080 -2111 2542 -1215 577 549 618 637 612 END
START -4696 14800 -8508 -2306 2421 -1259 577 550 620 638 612 END
START -4932 14552 -8604 -2500 1207 -1065 577 552 621 639 613 END
START -4356 14320 -8516 -2654 532 -1056 575 551 622 639 613 END
START -3800 14080 -8812 -2560 672 -1075 574 551 623 640 614 END
START -3872 14344 -8440 -2345 1076 -883 574 552 625 640 614 END
START -4364 14048 -8160 -2223 1350 -871 572 553 626 641 613 END
START -5464 14012 -7804 -2460 886 -478 572 553 625 641 613 END
START -5168 14160 -7440 -2266 49 -189 571 553 626 641 613 END
START -4556 14772 -7580 -1842 -678 45 571 554 631 641 613 END
START -4272 14788 -7572 -1597 -1687 232 570 553 628 642 613 END
START -4164 14964 -7484 -1945 -2696 335 570 554 629 642 613 END
START -4032 13328 -7956 -2309 -2751 34 570 554 630 642 613 END
START -2540 11924 -9936 -1765 -1528 -576 570 554 629 642 614 END
START -2684 15048 -8384 -905 -296 87 569 555 629 642 614 END
START -6108 13312 -6228 -1357 -1030 101 568 554 630 642 614 END
START -3120 13396 -9664 -252 -974 -427 568 556 631 642 613 END
START -4200 14656 -6768 -1025 -1649 226 570 555 629 642 613 END
START -2032 13192 -11176 -160 173 -493 567 556 630 643 614 END
START -4948 12972 -8128 -1373 -725 32 568 555 630 643 614 END
START -4880 16176 -7644 -446 -600 232 569 556 631 642 613 END
START -4704 11484 -10604 -951 -1289 -214 569 555 631 643 614 END
START -4984 12252 -7824 -1692 -2627 545 569 555 631 643 613 END
START -5432 16288 -5196 -778 -2244 1328 569 555 630 643 614 END
START -4736 16564 -7432 476 -1259 1456 570 552 630 643 614 END
START -5488 13604 -9432 466 -1558 1916 571 555 630 644 614 END
START -6168 14824 -6728 -34 -2759 2846 572 557 631 646 614 END
START -6696 18236 -3928 -40 -3546 4150 573 555 631 647 615 END
START -5644 21116 -3272 381 -3313 4823 574 556 633 650 615 END
START -5152 22252 -3700 191 -1868 5656 575 558 635 653 617 END
START -3428 21372 -7240 136 -1912 5474 576 561 639 656 618 END
START -1260 20184 -8616 220 -1530 4795 579 563 641 660 620 END
START -156 18844 -6788 1145 -285 3912 581 566 643 662 621 END
START -2232 14900 -4908 2028 -378 3229 583 569 645 665 622 END
START -2812 12996 -4600 3555 -3640 2342 585 573 648 667 624 END
START -1736 11680 -7020 5396 -7525 1674 588 576 650 670 625 END
START -912 10852 -8456 7413 -9774 950 588 578 651 672 627 END
START 1144 10496 -8684 9218 -9243 -314 589 580 654 674 627 END
START 2196 11524 -7636 11401 -5237 -1460 592 584 655 675 628 END
START -236 12584 -7448 13152 -1772 -1606 593 587 656 677 629 END
START -2576 13176 -6312 14183 -1278 -1995 595 591 658 678 629 END
START -4660 8968 -6984 14501 -3268 -2556 597 595 660 680 630 END
START -2648 5740 -9708 15345 -3559 -3676 598 598 660 682 631 END
START -2352 3664 -9456 16557 419 -4616 600 601 664 683 632 END
START -4552 2988 -10948 17707 2061 -4403 601 605 663 684 633 END
START -2732 4820 -14988 18624 1320 -4317 602 607 664 685 634 END
START -3520 9428 -14836 18427 1319 -3688 604 609 666 686 634 END
START -5312 7940 -12924 17784 1610 -3018 604 610 665 687 634 END
START -7312 4628 -9864 17652 2068 -2961 605 613 667 687 635 END
START -5648 800 -12568 17984 2152 -3079 606 614 667 687 635 END
START -3972 -836 -16776 18201 3226 -3376 606 614 667 688 636 END
START -5848 4008 -17528 18140 3145 -3012 607 615 669 688 637 END
START 2672 4696 -22176 17808 3605 -2567 608 616 667 688 636 END
START -988 5944 -16680 17571 2390 -2047 610 618 668 689 636 END
START -8028 7132 -12344 16911 2239 -2480 610 617 668 689 637 END
START -5468 5488 -14336 15974 7101 -3014 610 617 668 689 637 END
START -8988 2204 -13412 15050 5563 -3052 611 617 667 689 638 END
START -15020 836 -9456 14836 -950 -2871 612 617 670 689 636 END
START -4664 -1672 -17792 14902 -2289 -3492 610 617 669 689 637 END
START -5316 -2408 -19276 14635 816 -4598 611 616 669 691 638 END
START -7696 -772 -18360 14135 4801 -4756 613 617 669 689 637 END
START -1032 680 -24648 13488 5872 -4223 611 617 669 690 638 END
START 1532 1404 -26068 12460 3408 -3515 612 618 669 689 638 END
START -4492 3328 -20812 10807 1976 -3074 611 617 669 689 638 END
START -2020 1556 -20808 8552 2530 -2859 611 617 669 690 639 END
START -5440 -340 -18676 6675 1822 -2511 612 618 669 689 638 END
START -7092 -2492 -18396 5032 875 -2293 612 617 669 689 638 END
START -5788 -3984 -20596 3519 279 -1710 612 617 669 690 639 END
START -3476 -4496 -21824 2278 119 -1361 612 617 669 690 639 END