START -5072 12948 -8744 -788 23 -71 592 537 588 624 617 END
START -5168 13180 -8420 -763 -2 -27 593 537 587 624 617 END
START -5216 13232 -8612 -697 -155 -93 593 537 588 624 617 END
START -5244 13272 -8788 -617 -202 -49 592 536 588 624 610 END
START -5296 13144 -8748 -459 -271 35 593 537 588 624 617 END
START -5220 13232 -8796 -386 -367 55 593 537 587 624 617 END
START -5324 13532 -9008 -388 -325 254 592 537 590 625 617 END
START -5156 12844 -9620 -289 -390 71 592 537 588 624 617 END
START -5456 13372 -9336 -988 -341 269 592 537 587 624 617 END
START -5056 14244 -8976 -1310 40 348 593 538 588 624 616 END
START -5036 14524 -8668 -1301 335 403 593 537 588 624 618 END
START -5516 14532 -8392 -1335 49 420 592 537 588 624 617 END
START -5936 14088 -8092 -1628 -574 531 593 538 588 625 617 END
START -5836 12316 -8860 -2025 -939 102 593 537 588 625 617 END
START -4632 12492 -10384 -1514 -384 -295 592 538 588 621 617 END
START -5360 14836 -7664 -1640 -619 412 592 538 588 625 617 END
START -5424 11640 -9132 -1888 -446 -215 592 538 588 625 617 END
START -5440 15568 -7192 -1355 -135 248 592 537 588 625 614 END
START -5516 11236 -9352 -1904 -301 -228 592 537 588 624 617 END
START -6080 16080 -7044 -1746 -794 568 592 537 588 625 618 END
START -4648 15396 -11388 -1130 263 -27 593 539 588 625 617 END
START -6468 15440 -8168 -2452 -709 678 593 537 588 625 617 END
START -9708 20108 -4016 -2625 -1378 1936 595 539 587 625 617 END
START -8940 21696 -6132 -2707 -3332 2629 596 540 587 626 617 END
START -6528 19304 -8176 -3092 -4966 2969 599 542 590 627 617 END
START -4368 17252 -6828 -3460 -5231 3055 601 546 591 629 617 END
START -4352 14052 -4792 -2828 -4940 3164 603 549 594 632 617 END
START -5004 12640 -2928 -1597 -5248 3108 603 552 596 634 618 END
START -5260 10368 -3928 122 -6552 2925 605 555 599 636 619 END
START -5120 10636 -2036 1955 -7891 2505 605 559 603 639 619 END
START -3796 10516 -1376 3874 -6947 1823 606 562 607 641 619 END
START -3000 9908 -1528 5641 -4772 1009 606 568 611 645 620 END
START -3256 8108 -3076 7407 -3154 61 606 575 614 646 620 END
START -4760 9188 -2448 9156 -3855 -531 605 577 617 649 619 END
START -4472 7800 -3464 10724 -5653 -1393 607 583 621 653 621 END
START -3188 3060 -5464 13129 -6753 -2170 605 588 625 655 620 END
START -1860 3320 -7160 15253 -5945 -3257 606 591 627 656 621 END
START -1492 3956 -9236 17006 -3767 -4495 604 593 628 657 621 END
START -1652 5088 -10744 18200 -1172 -4935 606 595 629 659 621 END
START -4800 9280 -8612 19072 -1932 -4499 605 595 630 659 621 END
START -7428 9628 -7400 19483 -6357 -4030 604 595 630 660 621 END
START -7600 6556 -6732 19809 -10253 -4439 605 591 629 660 622 END
START -4200 3472 -9260 20058 -8527 -6650 606 594 630 660 622 END
START 152 -216 -14960 20437 -300 -9143 606 594 630 659 622 END
START -284 -1656 -17532 20638 5295 -9805 605 593 629 659 622 END
START -11676 3560 -13680 21453 2797 -8903 606 592 629 658 622 END
START -1884 3724 -20436 22104 -545 -8392 605 592 629 659 622 END
START -2900 4820 -18172 22239 -3436 -8770 606 592 630 659 623 END
START -776 4908 -16468 21545 3315 -9716 606 592 631 658 622 END
START -616 3804 -18128 20969 10666 -10284 606 591 629 658 623 END
START -11648 -396 -14220 20487 11562 -10167 606 591 629 659 622 END
START -8120 -4400 -22396 20098 10790 -9928 601 591 629 658 622 END
START -6572 -2712 -24548 19099 11901 -9379 606 592 630 659 623 END
START -3192 -912 -25236 17705 16192 -8050 605 593 630 660 622 END
START -8068 2320 -22124 15644 18037 -6504 607 596 632 660 622 END
START -9656 1416 -23292 12561 17256 -5116 606 597 634 662 623 END
START -13088 -668 -23496 8871 11323 -2846 607 599 636 663 623 END
START -11996 -4700 -25384 4359 2929 -1179 607 601 637 664 623 END
START -9188 -5640 -25848 606 -2832 -43 608 605 639 665 623 END
START -3684 -5728 -27868 -3112 -2087 431 609 607 640 665 624 END
START -2996 -5016 -28424 -6324 1210 650 609 601 641 666 624 END
START -3388 -4696 -28508 -9021 2645 617 611 608 641 666 624 END
START -3636 -808 -27192 -11576 2962 770 611 607 640 666 624 END
START -4772 348 -23728 -13869 1501 912 612 608 641 666 624 END
START -4416 -832 -23508 -15923 -402 1184 614 608 640 666 625 END
START -6812 1420 -18680 -17922 -1608 1864 614 606 639 664 624 END
START -5440 1344 -18048 -19761 -1850 2482 617 603 637 665 624 END
START -6336 -1600 -16752 -21330 -1099 2442 618 598 633 659 624 END
START -4000 -4936 -18548 -22038 389 1628 622 592 628 654 621 END
START -4960 -3368 -17108 -21746 1012 1375 623 582 621 649 620 END