START -3192 13528 -9076 -1407 -958 223 565 538 616 636 620 END
START -3108 13488 -9212 -1336 -797 251 566 537 616 636 620 END
START -3044 13684 -8900 -1381 -689 233 565 537 615 636 619 END
START -3000 13676 -8924 -1380 -4 207 567 537 616 637 620 END
START -3480 13480 -8632 -1352 201 125 567 538 616 635 619 END
START -4196 13592 -8380 -1193 -384 144 567 537 616 636 619 END
START -4208 13816 -8544 -1079 -1677 325 566 538 617 637 619 END
START -3216 13628 -8724 -1116 -2040 372 558 539 617 637 620 END
START -2472 13760 -8684 -851 -955 268 568 539 618 636 620 END
START -3440 13256 -9040 -785 71 226 567 539 618 636 620 END
START -5064 13552 -8472 -1073 9 406 567 538 616 636 620 END
START -5892 14552 -7628 -1183 -1062 952 568 538 616 636 620 END
START -5760 15012 -7220 -1166 -2742 1396 568 538 617 636 619 END
START -4384 15200 -8208 -696 -2461 1813 568 538 616 636 619 END
START -3044 17536 -8368 -160 -560 2519 569 538 615 636 620 END
START -4496 19236 -6140 -256 226 3729 570 538 615 637 621 END
START -5824 16392 -7320 -972 -286 4094 571 540 616 638 620 END
START -5372 17808 -8924 -913 -876 4609 572 540 616 639 620 END
START -6676 17256 -6884 -2681 -4388 5237 573 543 619 640 620 END
START -3304 18556 -8620 -2267 -4884 5271 574 544 618 641 620 END
START -996 14016 -9716 -3092 -5305 4651 575 546 612 643 620 END
START -712 17320 -5084 -2194 -3641 4884 575 547 621 643 621 END
START 0 17040 -6544 -1090 -1000 3960 577 549 624 649 621 END
START -2460 11660 -5696 -1082 -2774 3377 578 551 626 652 623 END
START -3572 13592 -3776 -186 -4569 3391 579 553 628 653 623 END
START -2472 14652 -4412 1179 -5094 3065 580 554 630 656 625 END
START 452 15396 -6672 2894 -3709 1977 580 556 630 657 625 END
START 2356 10680 -8448 4444 -1543 508 581 558 633 659 626 END
START 1388 7944 -6284 5813 -163 -489 582 561 636 662 627 END
START -1836 7744 -2920 7173 -312 -473 582 564 638 663 627 END
START -3832 10544 -2580 8842 -1781 -104 583 566 640 665 628 END
START -3380 11380 -4112 10564 -4118 -382 583 567 641 667 629 END
START -2436 9944 -3796 12147 -4629 -1166 584 570 641 668 629 END
START -1896 10192 -3720 13564 -3530 -1845 585 573 645 669 629 END
START -2556 7140 -4836 14836 -2045 -2738 586 577 647 670 631 END
START -4324 6332 -6396 15784 -2557 -3066 587 581 649 675 631 END
START -4540 5696 -7900 16661 -5160 -3887 587 583 650 674 633 END
START -1908 4632 -11448 17573 -6226 -4984 589 587 653 677 632 END
START -748 3896 -13748 18621 -3654 -5653 590 591 655 677 632 END
START -1152 4296 -14684 19506 206 -5703 591 594 656 679 633 END
START -3112 6188 -14508 20118 1271 -5635 587 596 656 680 632 END
START -4128 10340 -14448 20525 -1309 -5175 593 597 657 681 634 END
START -4368 8696 -13856 20159 -2916 -4768 594 598 658 681 634 END
START -3992 6668 -13992 19373 -435 -5325 595 599 659 682 634 END
START -5336 4296 -13436 19237 1360 -5738 596 601 659 681 634 END
START -4880 720 -17528 19555 218 -6126 596 602 655 683 635 END
START -3552 52 -19136 19314 142 -6267 598 603 660 684 635 END
START 568 -1596 -22640 18714 3336 -6682 599 604 663 683 635 END
START -3228 -1320 -21620 18110 6709 -6710 599 604 661 684 635 END
START -2336 1016 -23636 17361 8726 -5859 599 605 662 686 636 END
START -3604 1564 -23576 16240 6086 -4849 599 606 662 685 635 END
START -5892 2296 -22448 14561 3802 -4118 600 607 660 686 636 END
START -3924 3628 -22136 12667 3086 -3141 600 607 664 686 636 END
START -4620 3560 -20640 10211 3195 -2755 600 608 663 688 637 END
START -5900 2292 -19244 8001 4354 -2267 601 609 664 687 636 END
START -4360 40 -20724 5639 5466 -1975 601 609 663 686 636 END
START -5576 -2352 -21244 3216 4988 -1290 601 610 663 687 636 END
START -7852 -3672 -20152 741 2044 -519 602 610 664 687 636 END
START -5184 -4260 -21392 -1041 -938 20 602 611 665 689 638 END
START -788 -3740 -23712 -2296 -662 -58 605 611 665 688 636 END
START -1008 -3380 -21640 -3083 2529 -676 604 611 664 687 636 END
START -2588 -1308 -21828 -3442 3286 -949 603 612 665 688 636 END
START -3952 -672 -21236 -3622 532 -752 604 612 665 687 637 END
START -2432 -40 -21896 -4198 -2039 -450 604 611 665 687 637 END
START -188 120 -23460 -4851 -1569 -292 605 612 665 687 637 END
START 480 688 -24004 -5703 -405 -37 605 611 665 688 637 END
START -1776 -1160 -22532 -6982 -248 223 606 612 665 686 637 END
START -680 172 -23216 -8084 708 764 608 611 664 686 637 END
START -3284 -2092 -22340 -9679 -130 996 609 609 662 683 636 END
START -1640 -2028 -24656 -11053 621 1372 612 607 661 681 635 END