START -4372 13640 -8024 -2807 859 -150 562 547 634 646 624 END
START -4364 13664 -7864 -2777 707 -230 562 545 635 647 625 END
START -4312 13740 -7788 -2702 341 -413 562 548 635 646 624 END
START -4404 13432 -7800 -2252 479 -413 562 546 635 647 625 END
START -4304 13472 -7616 -1878 688 -492 565 547 636 647 624 END
START -4116 13192 -7616 -1393 1186 -461 562 547 635 648 624 END
START -4984 13572 -7588 -784 1348 -288 561 547 636 649 625 END
START -4944 13676 -8088 -805 1013 -172 562 548 637 648 624 END
START -4964 13148 -8588 -1022 584 -130 562 548 636 647 624 END
START -6036 13516 -7864 -1137 -63 243 553 546 636 648 624 END
START -5648 13952 -7912 -1092 -889 508 562 547 636 648 623 END
START -5012 13708 -7864 -1030 -1362 532 562 547 636 647 624 END
START -3884 12972 -8512 -808 -749 256 562 547 636 648 625 END
START -3916 12752 -9452 -467 -209 -14 562 547 637 648 625 END
START -3696 15216 -8368 -311 -354 339 562 547 636 648 625 END
START -4356 14808 -7116 -1182 -1056 488 562 547 636 648 625 END
START -3336 12156 -10268 -583 -90 -377 559 547 636 648 625 END
START -4336 15900 -6740 -980 -240 397 563 546 636 648 624 END
START -3536 12012 -10492 -971 363 -622 563 546 636 648 624 END
START -4808 15648 -6428 -1253 -378 231 563 546 636 647 624 END
START -3120 12852 -10500 -184 513 -484 563 546 636 648 625 END
START -4636 12464 -8312 -1106 -120 -92 563 546 636 648 624 END
START -4816 17156 -5472 -535 846 644 563 546 636 648 624 END
START -3804 15136 -9472 -7 2036 336 563 544 635 648 625 END
START -5316 15444 -6908 -795 1146 1286 563 545 634 649 624 END
START -4704 20120 -4548 -59 2506 2495 565 545 634 650 624 END
START -3224 21296 -6568 1209 5192 2918 565 547 635 651 624 END
START -6308 19608 -6896 530 3744 3812 566 551 636 653 624 END
START -6840 16028 -7116 -311 -3227 3626 567 554 638 656 626 END
START -3496 14520 -7352 -489 -8420 3764 568 556 639 658 626 END
START -2688 13524 -7036 -473 -9257 3770 570 558 641 661 628 END
START -1356 13508 -5580 -69 -7635 2991 572 560 642 663 629 END
START -2960 14940 -2448 551 -6046 2458 573 564 644 665 629 END
START -2764 14072 -2168 1799 -5866 1233 575 565 645 666 629 END
START -2736 13144 -3080 3227 -6305 66 576 567 647 668 631 END
START -2140 11472 -3992 4824 -6079 -556 577 570 649 669 631 END
START -2792 10000 -3152 6584 -5362 -1384 579 572 651 672 632 END
START -3060 8616 -2576 8391 -4650 -2802 579 575 652 673 633 END
START -2336 6560 -4688 10318 -3441 -4238 581 578 653 674 633 END
START -1400 5224 -10136 11850 -2488 -5112 584 581 655 675 634 END
START -264 7948 -12432 13693 -233 -5445 584 583 656 676 634 END
START -2188 10260 -7468 15203 2955 -5580 586 587 659 677 634 END
START -5240 11244 -4272 16540 2021 -5319 588 582 654 680 635 END
START -6652 8664 -5536 17368 -741 -5405 588 594 659 680 636 END
START -6220 4532 -10372 17907 -2481 -5520 590 588 660 681 636 END
START -4792 1900 -11816 18806 -888 -6537 590 598 660 680 636 END
START -2840 4468 -13812 20033 2850 -6989 592 597 661 682 637 END
START -4916 7244 -13572 20708 5085 -5850 593 599 661 682 637 END
START -5060 7996 -14072 20128 6049 -5041 595 600 661 682 637 END
START -8608 4748 -12040 19361 5798 -4620 595 601 661 682 637 END
START -8720 -696 -14224 19211 2581 -4727 595 600 662 683 635 END
START -972 -3120 -22128 19111 2478 -5002 596 601 659 683 638 END
START -5224 -1224 -19032 18430 5230 -4520 597 600 662 682 637 END
START 3508 3072 -25624 17448 9466 -4170 597 602 662 683 638 END
START 800 4480 -24604 16321 7344 -3738 598 600 662 682 638 END
START -9316 5352 -16948 15115 5145 -3535 597 600 662 683 638 END
START -10440 5732 -14812 13376 5110 -3454 597 600 663 683 638 END
START -4828 3044 -18088 11523 4099 -3169 597 600 662 683 638 END
START -9228 2008 -15028 10281 -640 -3316 598 601 662 684 639 END
START -7708 160 -16600 9137 -158 -3986 598 600 662 683 638 END
START -5888 -1580 -18384 7821 2889 -4229 598 600 662 683 638 END
START -3944 -3176 -22064 6943 2930 -4110 599 601 661 684 638 END
START -5996 -1000 -22060 5984 1344 -3562 598 601 663 684 638 END
START -2096 1052 -24596 4866 2508 -2908 598 600 662 683 638 END
START -3044 2712 -23332 3422 3552 -1959 597 601 662 683 638 END
START -5828 4308 -19964 1926 2700 -826 600 602 663 683 638 END
START -5936 4164 -17900 710 2184 -71 599 603 664 683 638 END
START -5464 4444 -18504 -137 1927 402 600 603 663 683 638 END
START -4936 3664 -17232 -974 1696 743 599 602 663 683 639 END
START -4212 3712 -18408 -1975 2007 888 600 603 663 682 638 END