START -4912 14336 -6428 -750 239 651 606 564 618 641 621 END
START -4784 14504 -6496 -693 -100 703 606 563 618 641 622 END
START -4156 14408 -6880 -666 -876 677 607 564 618 641 622 END
START -3012 14316 -7500 -627 -441 545 606 563 617 642 622 END
START -3040 14256 -7976 -595 899 409 606 563 617 642 621 END
START -3968 14620 -7396 -587 1628 342 606 563 617 641 622 END
START -5512 14644 -7332 -811 751 351 606 563 617 641 622 END
START -5736 14412 -7240 -1154 -1018 410 606 562 617 641 622 END
START -3968 14504 -7900 -1071 -2148 340 606 562 616 642 622 END
START -3128 13828 -7992 -1091 -2125 176 606 563 616 641 621 END
START -3588 13704 -7628 -1585 -1095 78 607 563 617 641 622 END
START -3840 13568 -7976 -1983 -411 26 606 563 617 641 622 END
START -4284 12976 -8064 -1924 -439 -186 606 563 617 641 622 END
START -3684 12388 -8396 -849 -548 -354 607 562 617 641 621 END
START -3044 14540 -7528 -122 -604 -60 606 563 617 641 623 END
START -3656 15984 -5484 -920 -684 403 606 562 617 642 622 END
START -4212 12520 -7416 -1397 -361 -171 606 562 617 641 622 END
START -3304 15060 -7748 -46 160 -10 607 562 617 641 622 END
START -5028 14400 -5916 -1053 -1060 336 606 561 617 641 622 END
START -2664 15116 -8512 153 67 -29 606 561 619 641 622 END
START -4776 14352 -6092 -1254 -645 423 606 562 616 642 622 END
START -3692 16960 -6864 -136 249 514 607 561 615 641 621 END
START -4332 12312 -8776 -970 -241 268 607 561 615 641 621 END
START -5396 17204 -4376 -1119 -1247 1321 608 559 614 641 621 END
START -3960 18536 -5600 -198 -673 1336 606 557 612 640 621 END
START -3340 17160 -8368 -228 128 1058 605 554 612 641 621 END
START -5284 15220 -7368 -1511 -1258 1446 606 553 609 639 621 END
START -6336 17200 -4956 -2261 -3151 2087 605 552 608 639 622 END
START -5836 17328 -5188 -1960 -4180 2591 606 549 605 639 622 END
START -5132 20356 -2316 -1730 -5157 3240 605 548 603 639 622 END
START -6060 23024 -496 -3044 -5295 4317 606 551 604 639 622 END
START -6672 22896 0 -4402 -5989 4164 607 551 605 640 621 END
START -6128 22092 52 -4594 -7108 4054 607 548 603 637 621 END
START -3252 20576 -2244 -3597 -8733 3839 606 544 603 634 620 END
START -1604 18768 -2208 -1822 -9170 3513 606 540 596 633 618 END
START -1716 16264 772 331 -7883 2745 605 538 596 633 618 END
START -1868 16792 1332 2300 -5240 1831 603 537 595 634 618 END
START -2072 15544 1572 3998 -3589 673 604 538 597 635 618 END
START -1244 15368 516 5750 -1692 -457 603 539 597 636 618 END
START -2028 13684 616 7733 -214 -1637 602 531 598 637 618 END
START -2584 12540 -1032 10154 -1341 -2073 601 540 599 638 620 END
START -3652 8500 28 12148 -3525 -2735 600 541 602 636 618 END
START -2856 9292 -456 14075 -3258 -3826 599 543 603 640 619 END
START -2248 7048 -1428 15831 -1626 -4638 599 546 604 641 615 END
START -1520 4024 -6964 17351 654 -5856 599 548 607 642 619 END
START -3456 3816 -7508 18991 170 -6419 599 549 609 645 620 END
START -1828 3684 -10712 20393 -523 -7032 599 551 611 645 621 END
START 2076 8164 -14132 21318 1877 -7985 600 553 614 647 622 END
START 3152 9504 -14368 21642 6433 -8174 600 550 616 647 622 END
START -11176 9720 -5740 21507 6754 -7155 602 556 619 648 623 END
START -12856 9024 -5904 20993 3637 -6981 603 559 622 649 623 END
START -852 6556 -14192 20665 3098 -7376 604 560 623 650 623 END
START 712 4724 -16300 20534 856 -7232 605 561 623 650 623 END
START -8016 1948 -11832 21843 -2693 -6898 606 561 624 650 623 END
START -9536 2308 -9604 22783 -5426 -8004 606 561 624 651 624 END
START 5416 -2212 -20992 22385 1052 -9758 606 562 625 652 624 END
START 1536 -4000 -19228 22343 9569 -10401 607 562 627 653 626 END
START -7184 -1628 -19248 22455 12014 -9511 607 564 629 654 626 END
START -3220 -1064 -25808 22141 11336 -8019 608 566 631 656 626 END
START -10864 4096 -18620 20390 8347 -6444 609 569 634 659 626 END
START 1548 1496 -22460 18226 11851 -5793 609 575 639 662 627 END
START -8972 -272 -18284 15796 12301 -3677 610 583 643 666 628 END
START -3736 -4048 -25260 14161 9095 -3851 610 588 648 669 629 END
START -4348 -3204 -28296 12347 3584 -2711 612 593 650 673 630 END
START -2544 1504 -27808 9811 1162 -1768 612 596 651 674 630 END
START -808 2836 -26740 6864 1898 -987 612 599 652 676 630 END
START -2300 1852 -26052 4398 1780 -422 613 600 654 677 632 END
START -3424 3336 -23980 1733 840 -149 613 602 654 678 632 END
START -6116 3216 -21168 -577 708 235 615 602 654 678 632 END
START -5944 3880 -21280 -2159 -401 659 615 602 654 678 632 END