START -3160 15260 -6200 137 -1540 1426 569 539 610 632 608 END
START -2992 15372 -6252 147 -1735 1549 568 540 610 633 608 END
START -2508 15288 -6516 -7 -1693 1856 569 539 610 634 608 END
START -2456 15360 -6340 -108 -1306 2031 573 539 611 635 610 END
START -2436 15336 -6504 -165 -857 2106 570 539 610 633 609 END
START -2988 15084 -6604 -208 -552 2073 569 539 610 633 609 END
START -3168 15304 -6828 -65 -419 2073 570 540 611 633 609 END
START -3000 15228 -6316 -172 52 1728 570 540 610 634 609 END
START -3236 15852 -5880 -431 1052 1485 570 540 611 634 608 END
START -3384 15252 -7024 -260 1225 837 573 540 611 634 610 END
START -4076 14616 -7120 -161 417 392 571 540 611 635 611 END
START -3908 13988 -7208 -520 -324 -75 571 541 611 635 610 END
START -3412 14172 -7828 -706 -194 -443 571 541 611 635 610 END
START -3056 14812 -7560 -688 -234 -580 572 541 611 635 610 END
START -3588 15944 -6224 -952 -652 -313 572 541 612 635 610 END
START -4612 14140 -6612 -1377 -1105 -547 572 542 612 635 610 END
START -3212 14176 -8460 -557 -594 -864 573 541 612 635 610 END
START -4520 16020 -5216 -1291 -1571 -98 573 541 612 638 611 END
START -2816 13592 -8708 -906 -555 -519 573 542 611 635 611 END
START -4340 15856 -4988 -1376 -1743 427 573 542 613 636 610 END
START -2272 17056 -7264 215 -610 342 575 543 614 636 611 END
START -3432 15844 -4608 -271 -2138 779 577 544 614 638 611 END
START -3004 21336 -2220 509 -1494 1817 578 545 617 640 612 END
START -972 20540 -4660 798 531 1631 579 549 617 642 613 END
START -2652 16508 -3188 37 98 1520 580 547 619 644 613 END
START -4244 21456 -376 745 418 2196 581 549 621 646 614 END
START -2564 18548 -4772 2055 85 1697 582 551 622 648 615 END
START -2324 15340 -4620 2777 -2378 869 583 553 624 650 616 END
START -2320 13492 -776 3985 -3235 526 584 557 627 652 616 END
START -2160 13316 748 5578 -2100 223 587 559 629 655 617 END
START -2240 15396 1128 7553 -259 -238 588 562 631 656 618 END
START -3072 14532 -452 9698 -176 -1160 590 565 633 658 619 END
START -2688 13520 -1508 12128 -1843 -2205 592 569 636 661 619 END
START -2528 12284 -1168 14402 -3875 -2921 593 572 637 661 619 END
START -3264 8116 -56 16776 -5220 -3964 595 577 639 663 620 END
START -1612 8916 -1428 19309 -4574 -5193 596 581 641 665 620 END
START -2892 4864 -3188 21199 -4160 -6193 597 583 641 666 621 END
START -3892 2508 -5420 22853 -5593 -7034 598 587 644 666 621 END
START -4720 -128 -5828 24603 -6717 -8109 599 589 644 668 622 END
START -1044 -1708 -9676 26785 -5746 -9800 600 591 644 668 622 END
START 1008 -180 -11848 28620 -112 -11321 600 592 644 669 623 END
START -32 2996 -13052 29300 5629 -11596 602 592 646 670 623 END
START -5608 2364 -12412 29540 8160 -10881 603 594 646 669 623 END
START -4720 468 -14176 29274 6991 -10575 602 593 646 670 623 END
START -7764 -1860 -12884 28690 4816 -10556 603 594 648 670 619 END
START 752 -6904 -22616 28506 7630 -11295 604 595 647 670 624 END
START -10632 -2856 -19844 27248 9089 -11075 604 595 647 671 623 END
START -3200 -200 -27160 25165 12870 -9200 605 596 647 671 624 END
START -18932 1332 -17776 21767 7995 -6609 602 596 647 671 623 END
START -1832 -1064 -28444 18390 6742 -4812 606 598 649 671 624 END
START -11140 -212 -22020 14171 4103 -3164 606 598 648 672 624 END
START -2476 -4716 -30776 10373 5268 -2912 606 601 649 673 625 END
START -6484 -4824 -29784 7183 2882 -2553 607 600 649 673 625 END
START -3360 -1464 -32348 4337 1427 -1894 608 600 649 672 624 END
START -3336 1220 -30256 1409 669 -1250 608 601 650 673 625 END
START -6872 3724 -25872 -1082 -421 -898 608 600 648 672 625 END
START -7364 4728 -23408 -3191 -2420 -345 610 600 649 673 625 END
START -6244 4216 -22460 -5080 -4221 369 603 599 649 672 625 END
START -5976 2832 -20820 -6657 -3579 995 610 599 649 672 625 END
START -3996 -12 -21936 -8355 -1546 1551 613 599 649 671 624 END
START -8532 -1800 -19116 -10331 -664 2412 612 598 646 668 622 END
START -3188 -4736 -25080 -12664 547 2627 611 596 643 665 620 END
START -4328 -5104 -24724 -14666 -1202 2849 611 596 638 660 618 END
START -4524 -2072 -26032 -16588 -2719 3370 612 592 633 654 615 END
START -5892 1928 -22932 -19011 -3443 4262 612 590 626 647 613 END
START -5492 2108 -20752 -21641 -3360 4742 616 587 621 643 613 END
START -5848 644 -17896 -23439 -4138 4467 611 584 617 637 610 END
START -7148 1024 -16896 -24738 -3668 4276 611 580 612 634 611 END
START 1068 -2380 -23700 -25390 -1527 3902 609 576 609 631 610 END
START -5092 -1240 -19344 -25594 -2446 4105 608 573 607 629 610 END