START -3636 14060 -8036 -1304 -253 22 561 529 597 629 607 END
START -3640 13956 -8068 -1275 -358 -3 561 529 597 628 607 END
START -3460 14152 -8076 -1159 -393 -14 561 529 597 628 608 END
START -3400 14040 -8204 -1171 -59 11 560 529 599 628 607 END
START -3828 14284 -7956 -1243 29 -6 563 529 597 629 607 END
START -4132 14292 -7968 -1344 -371 57 561 529 597 628 608 END
START -3576 14424 -8080 -1238 -649 117 561 530 598 628 607 END
START -4080 13836 -8016 -1243 -1124 -2 561 530 598 628 608 END
START -4052 14024 -7708 -1477 -1724 125 560 528 598 628 608 END
START -3420 13976 -7780 -1733 -930 256 559 530 598 628 608 END
START -3628 14340 -7544 -1741 173 265 559 530 598 628 608 END
START -4440 13364 -7736 -1529 298 181 559 531 599 628 608 END
START -4524 12896 -8348 -1146 -281 -40 559 531 598 629 608 END
START -3192 14372 -8644 -773 -525 47 560 532 599 629 608 END
START -3136 16048 -6896 -1351 -824 534 559 532 600 629 609 END
START -4000 12984 -8132 -1685 -371 -46 559 533 599 629 608 END
START -3204 15624 -7988 -831 65 214 560 533 600 630 608 END
START -4584 13848 -6428 -1820 -876 334 559 534 602 630 609 END
START -3072 15812 -7632 -691 -36 140 559 533 601 630 612 END
START -5336 13788 -6464 -1834 -1278 247 557 534 602 630 609 END
START -4772 19352 -4672 -1477 -1474 1096 560 534 601 630 609 END
START -2936 17888 -8256 -955 266 829 563 531 602 630 609 END
START -5304 17140 -6640 -1840 -555 2004 567 535 603 631 611 END
START -6264 21564 -3640 -1544 -1323 3214 571 537 607 634 610 END
START -4420 23016 -3776 -639 -1765 3809 574 540 610 638 611 END
START -1760 21728 -5952 -1287 -820 3659 577 543 615 642 612 END
START -1836 16828 -6596 -1467 -497 3117 579 546 620 644 615 END
START -1792 13408 -6272 -1192 -1901 2336 582 549 622 648 615 END
START -1728 11936 -4660 -12 -3274 1889 584 551 624 651 616 END
START -2252 11728 -2864 1289 -2833 1542 587 553 627 653 616 END
START -2384 11412 -1276 3124 -1343 1061 589 558 622 656 619 END
START -3428 10628 -636 5148 -1484 733 591 561 633 659 620 END
START -2856 9148 -716 7386 -2445 245 593 563 636 661 623 END
START -2424 10608 -1928 9517 -2486 -304 594 567 639 663 621 END
START -3072 9524 -3056 11500 -3833 -524 596 571 640 667 622 END
START -3080 8268 -2648 13457 -4442 -931 597 575 641 666 623 END
START -1496 7060 -2372 15394 -2391 -2348 598 577 644 671 624 END
START -1796 5032 -3588 17118 618 -3680 599 580 644 669 626 END
START -3540 3268 -6988 18248 1521 -4125 599 581 645 670 624 END
START -4916 2296 -10680 19347 -1667 -3864 600 583 646 672 626 END
START -3072 5652 -11824 20904 -3984 -3904 601 584 647 672 626 END
START -484 8096 -10820 21783 -1617 -4155 603 586 648 674 627 END
START -1668 9208 -8272 21999 3176 -4544 603 587 648 673 627 END
START -5700 7000 -9316 21962 4337 -4478 604 588 649 674 627 END
START -8016 2532 -11068 22546 -385 -3965 604 588 649 675 628 END
START -4184 -32 -14784 22849 -1870 -5078 602 589 649 674 628 END
START -856 -828 -17516 23507 2282 -5672 604 589 649 675 628 END
START -5300 1788 -15756 24042 5699 -5633 604 589 650 675 629 END
START -928 5388 -19152 24310 5270 -4604 604 589 650 675 628 END
START -9468 5640 -14112 24019 1670 -3934 604 588 650 675 629 END
START -5632 3964 -15364 22832 3667 -4197 604 589 651 675 628 END
START 2748 316 -21784 21621 6273 -4575 604 589 650 674 628 END
START -5972 -1080 -17552 20352 5908 -4550 604 592 651 674 629 END
START 1456 -5224 -26752 18647 8797 -5219 603 589 650 675 629 END
START -3540 -4044 -26336 16958 7382 -4512 605 590 651 675 628 END
START -4140 -412 -26912 14890 2138 -2947 605 591 651 676 629 END
START 556 1244 -27688 12201 1514 -2478 605 592 651 676 629 END
START -3180 2740 -23748 9640 3441 -2045 604 592 652 677 629 END
START -5776 3032 -21400 7077 3023 -1295 606 592 652 676 630 END
START -4188 1660 -21448 4689 1164 -797 606 591 652 676 629 END
START -4152 2064 -20192 2709 -54 -517 606 592 652 678 629 END
START -3340 -980 -20196 869 412 -488 605 592 653 677 629 END
START -4196 -704 -19556 -641 598 -334 606 594 652 677 629 END
START -4784 -3356 -20460 -2231 151 -294 606 593 652 677 629 END
START -4988 -4436 -22248 -3725 -270 -255 601 594 652 677 629 END
START -3028 -4308 -24712 -4990 -450 -88 608 594 654 677 630 END
START -1288 -2296 -26008 -6394 -379 564 608 595 653 677 630 END
START -1340 -236 -25172 -8308 1083 1406 608 595 653 676 629 END
START -2452 1720 -22752 -10641 2060 2250 608 594 653 676 629 END
START -5704 1296 -18080 -13197 188 3058 609 595 653 676 628 END