START -3700 14500 -7984 -528 -571 -98 593 538 595 623 607 END
START -3684 14508 -7888 -530 -550 -76 593 539 591 624 608 END
START -3476 14528 -8204 -504 -520 -39 593 538 594 623 607 END
START -3544 14588 -8056 -592 -211 67 593 538 596 624 609 END
START -3456 14560 -7888 -654 -30 122 594 539 597 623 608 END
START -3884 14816 -7788 -690 -19 335 592 538 596 624 607 END
START -3968 14220 -8172 -370 -308 416 592 537 596 624 608 END
START -3752 15160 -7524 -410 -431 785 592 537 596 626 608 END
START -3420 14884 -7604 -254 -221 626 592 537 596 624 607 END
START -4136 15176 -7344 -926 -259 731 592 538 596 624 608 END
START -4132 15772 -7624 -961 -416 1083 592 538 597 625 608 END
START -4048 16180 -8052 -903 -634 1271 588 539 596 625 608 END
START -4144 16060 -7908 -799 -791 1224 598 539 597 627 609 END
START -4148 16208 -6936 -1432 -1486 1301 599 540 597 627 608 END
START -3376 15692 -7684 -1842 -718 1043 601 540 598 629 608 END
START -3760 17960 -8312 -2064 293 1181 601 542 600 631 610 END
START -6120 18608 -6380 -2865 -875 2112 603 544 602 634 610 END
START -5828 14108 -7372 -3647 -2880 1953 603 546 604 635 610 END
START -5484 17568 -6088 -3526 -3890 2944 604 548 606 637 610 END
START -2292 14064 -8336 -3842 -4420 2109 605 549 607 638 612 END
START -2400 16148 -5032 -4061 -3865 2877 607 550 608 640 612 END
START -2016 17448 -7632 -3298 -635 2936 606 552 610 641 612 END
START -2924 12024 -6792 -3334 -905 2194 608 555 613 642 612 END
START -4444 13904 -3536 -3416 -2456 3011 609 557 614 643 612 END
START -4148 17220 -4224 -3077 -3518 3261 608 558 608 645 613 END
START -1884 18712 -6924 -2528 -4111 2669 610 561 617 646 613 END
START -172 16368 -7140 -1988 -4710 2102 610 565 619 644 611 END
START 96 13256 -4716 -1209 -5260 1423 611 568 621 649 613 END
START 388 11988 -3092 -415 -4575 1092 611 570 622 651 612 END
START -1648 13620 -692 740 -2100 1011 611 572 624 652 613 END
START -2224 15228 -512 2181 -63 535 609 574 625 653 614 END
START -2984 17172 -1264 3925 545 211 609 576 627 654 615 END
START -2128 16108 -3304 5803 -998 -514 609 579 627 655 614 END
START -1292 14512 -3672 7579 -3354 -1249 610 583 629 657 615 END
START 188 13468 -2872 9473 -4198 -1936 608 585 630 657 615 END
START 896 12372 -3572 11202 -3277 -2936 608 588 632 658 616 END
START 284 12360 -4060 12686 -2003 -4055 608 590 633 659 615 END
START -2104 12496 -4208 14141 -2417 -4593 608 592 635 661 616 END
START -3392 10292 -2776 15218 -4572 -5220 609 594 635 661 616 END
START -3736 7636 -2440 16701 -6007 -6266 607 597 637 663 616 END
START -728 3896 -7540 18688 -5337 -7874 607 598 637 663 617 END
START 1524 4400 -11084 20309 -668 -9312 608 600 639 664 617 END
START -1324 6824 -11108 21655 3171 -9511 609 602 636 665 618 END
START -5452 8968 -8828 22709 1271 -8652 608 603 641 665 618 END
START -7512 8584 -7860 23448 -3995 -7968 609 604 641 666 618 END
START -5284 4568 -9664 23728 -4818 -8932 610 605 636 665 618 END
START 216 -1100 -15172 24550 1624 -11036 609 604 641 666 619 END
START 1364 -720 -18328 25747 11576 -12145 610 604 641 666 619 END
START -3976 5196 -15200 26293 16618 -10569 609 604 641 665 619 END
START -16360 4184 -8832 25622 9553 -7887 609 605 640 665 619 END
START -11304 -1992 -13968 25067 1585 -7540 608 604 639 665 618 END
START 1928 -5248 -26572 24054 122 -8475 608 602 638 664 619 END
START -3080 -3888 -23332 22723 4452 -9045 608 601 638 664 619 END
START -9688 -1964 -19572 21020 8808 -8709 607 601 639 665 619 END
START -960 612 -28872 19178 12708 -7826 607 602 640 664 619 END
START -8200 2172 -25552 16621 12529 -6592 607 603 639 665 616 END
START -8824 2880 -27668 13217 10910 -4434 606 604 639 665 619 END
START -11184 2600 -25424 8776 4896 -2580 605 605 641 665 619 END
START -11004 948 -23980 4941 -1829 -1485 603 606 641 666 619 END
START -4196 -2864 -26752 1461 -2400 -1405 600 608 641 667 619 END
START -5604 -3800 -27344 -1965 -840 -1331 600 608 641 666 619 END
START -4072 -824 -30516 -5371 389 -1291 600 609 643 667 620 END
START -6024 628 -28740 -8625 -960 -306 601 611 642 667 619 END
START -5440 -488 -27636 -11120 -2956 720 601 610 642 667 619 END
START -4864 3992 -24068 -13180 -3705 2065 601 610 642 667 620 END
START -5880 4712 -21164 -15205 -3736 3102 601 610 642 667 620 END
START -7484 3064 -18004 -17102 -3651 3680 601 609 641 666 620 END
START -8488 -472 -17516 -18773 -4667 3812 604 608 640 664 619 END
START -7984 -1324 -18340 -20096 -6147 3879 604 605 638 662 618 END
START -6308 -2672 -21176 -20837 -7604 4083 605 599 635 659 617 END