START -7096 14036 -4712 -688 -814 57 665 565 621 648 623 END
START -7108 13940 -4904 -719 -695 36 662 567 616 647 624 END
START -7640 13952 -4924 -832 -538 130 665 566 617 649 623 END
START -7924 13704 -4736 -881 -942 390 668 565 610 649 625 END
START -7520 13792 -4820 -816 -1072 393 663 570 616 648 618 END
START -7148 13856 -4168 -779 -822 315 664 566 617 648 627 END
START -6872 13868 -4188 -607 -469 180 664 565 615 651 623 END
START -7744 13404 -4220 -616 -721 293 662 567 615 648 622 END
START -7252 14376 -4832 -509 -735 363 662 565 617 648 621 END
START -7028 13820 -5616 -587 -795 15 665 566 621 649 625 END
START -7500 13124 -4388 -725 -1036 -206 664 566 617 649 623 END
START -8320 12556 -3072 -417 -1131 -155 660 569 625 640 622 END
START -8744 12820 -2804 251 -1703 47 660 565 616 648 624 END
START -9532 13336 -1436 862 -2707 436 665 565 616 648 624 END
START -8528 13164 -1620 1522 -3440 609 666 566 614 644 625 END
START -9364 12572 -1720 2087 -3776 567 665 565 617 649 623 END
START -10980 13072 -1992 2385 -4278 509 664 564 616 644 623 END
START -9316 13092 -3976 2853 -4650 733 659 562 582 649 619 END
START -7184 12144 -4524 3119 -4252 1019 662 566 616 650 625 END
START -10284 13240 -1600 3837 -5212 1366 663 566 617 648 624 END
START -10876 14852 -72 4873 -7301 1343 700 561 615 652 623 END
START -3960 14336 -4976 5841 -7321 1070 664 568 624 649 624 END
START -3416 14240 -5572 6245 -5529 610 664 567 617 648 624 END
START -2116 14096 -6256 6623 -4305 501 666 563 616 651 624 END
START -8484 14648 -1504 7394 -4367 554 663 567 617 651 628 END
START -9356 14428 -1256 8289 -4175 315 664 568 617 652 624 END
START -1680 12884 -7976 9320 -2750 -578 667 556 617 665 623 END
START -2148 12720 -8800 10090 163 -1653 664 571 618 652 626 END
START -9416 14196 -3904 10426 1946 -2001 664 570 617 653 625 END
START -7500 14272 -4928 10733 3302 -1453 663 570 618 653 624 END
START -2504 13744 -8820 11010 3977 -873 664 572 617 654 620 END
START -6580 13632 -7072 11539 2244 -728 668 570 618 655 625 END
START -10904 12948 -5356 12237 953 -1107 663 572 618 655 625 END
START -3140 11116 -10268 12537 1722 -1610 664 565 616 655 626 END
START -9168 11736 -4928 12274 1165 -1434 648 573 620 657 627 END
START -10164 10852 -4268 12572 349 -991 663 573 619 656 625 END
START -5556 8300 -9524 13594 -2763 -1524 661 569 630 657 626 END
START -10548 7484 -8192 13965 -3747 -3262 663 575 620 656 627 END
START -3316 6500 -13824 13445 1734 -4849 666 572 622 657 628 END
START -4940 5800 -12924 12713 4097 -4304 662 573 620 656 625 END
START -11316 7196 -8820 13256 734 -3478 661 577 620 655 629 END
START -5364 6560 -14284 13784 -1378 -4330 665 571 621 657 627 END
START -5664 6060 -14296 13078 281 -5131 663 572 620 657 627 END
START -9492 6832 -11896 12035 2926 -4786 656 572 620 658 627 END
START -10536 6668 -11668 11561 2763 -3638 662 572 620 659 626 END
START -9540 6952 -14404 11878 -592 -2941 664 572 622 657 626 END
START -7260 7104 -15352 11604 -315 -3504 662 574 620 658 626 END
START -4580 7096 -16308 10508 3132 -4202 657 558 617 661 626 END
START -6164 6312 -16496 9144 5533 -3933 663 567 619 658 621 END
START -8988 7400 -15100 8239 4224 -3150 663 572 618 658 625 END
START -8596 6908 -14740 7974 1570 -3029 661 575 616 663 626 END
START -7840 6488 -13616 7769 681 -3183 662 571 618 657 626 END
START -5844 5936 -15880 7166 1403 -3325 663 571 618 657 624 END
START -5812 5004 -16708 6760 2432 -3600 697 570 617 658 625 END
START -8140 4280 -14780 6307 2526 -3389 665 572 617 658 608 END
START -9836 4392 -13212 6216 1063 -2859 663 571 618 658 626 END
START -8068 4120 -13368 6349 -383 -2927 663 570 618 658 625 END
START -7280 4000 -13664 6143 89 -3065 663 570 617 658 625 END
START -8364 4016 -14248 6001 730 -3053 663 570 617 658 623 END
START -7740 3096 -14444 6029 901 -3015 663 572 617 658 626 END
START -8176 3080 -14076 6092 552 -3101 664 571 617 658 626 END
START -7112 3424 -14352 5853 1421 -3547 664 572 618 659 614 END
START -7392 2656 -15176 5191 3135 -3652 665 571 614 657 625 END
START -9008 1820 -15460 4656 2832 -3312 664 576 620 656 625 END
START -9696 1264 -15436 4295 1341 -2992 665 570 617 658 625 END
START -9708 1048 -15984 3870 -57 -2830 663 571 617 660 626 END
START -10556 644 -16000 2992 -406 -2725 663 572 620 656 622 END
START -11112 484 -15700 1979 -98 -2509 663 570 614 657 625 END
START -10544 360 -16596 1207 9 -2067 662 574 617 657 625 END
START -11308 1520 -15808 676 -620 -1295 664 568 616 657 626 END