START -2728 13720 -9004 -1432 -707 -1 572 550 635 644 622 END
START -2928 13600 -9228 -1378 -720 5 572 550 635 645 619 END
START -3316 13692 -8976 -1192 -1084 10 572 549 634 643 622 END
START -2848 13584 -8632 -1061 -1801 -31 572 549 635 644 623 END
START -1884 14144 -8664 -1024 -1165 -57 572 550 635 645 624 END
START -2036 13536 -8708 -1016 92 -327 571 550 636 644 623 END
START -3072 14056 -8488 -945 676 -298 572 550 635 645 623 END
START -3636 13824 -8852 -657 160 -326 572 550 635 644 622 END
START -4208 13756 -8440 -850 -662 -2 572 549 637 645 622 END
START -4248 14412 -7960 -981 -996 345 571 550 636 646 622 END
START -4072 15136 -7696 -962 -1473 557 571 551 636 645 622 END
START -4012 15096 -7620 -1023 -1741 759 571 550 636 645 623 END
START -4264 14028 -8248 -1280 -1671 559 571 550 636 646 623 END
START -3764 12828 -9896 -1166 -1650 258 572 550 636 645 623 END
START -2912 14812 -8984 -428 -1612 541 572 550 636 645 623 END
START -3536 14804 -6956 -1345 -2063 929 572 550 636 645 622 END
START -2768 12984 -9928 -710 -718 140 573 550 636 645 621 END
START -4424 16280 -6672 -954 -1808 917 573 549 636 645 622 END
START -3864 12552 -10068 -640 -2431 274 573 548 636 645 622 END
START -3856 16764 -6532 -1003 -3246 1247 573 548 635 646 623 END
START -1600 17564 -9716 -281 -384 1103 574 547 634 644 623 END
START -3552 15904 -9492 -1373 439 1398 576 546 634 644 623 END
START -5420 20332 -5832 -1789 96 2881 577 547 633 645 622 END
START -4960 22184 -7392 -1120 171 3340 578 549 634 648 623 END
START -4472 18144 -9608 -2494 -2681 3612 579 552 636 650 623 END
START -3012 16992 -8904 -3833 -4958 4082 582 556 638 653 624 END
START -4308 16632 -5272 -4890 -4968 4824 583 558 639 656 625 END
START -4472 17124 -3616 -4807 -5081 5099 585 561 640 658 625 END
START -3672 15464 -1972 -3726 -5990 4890 586 562 641 661 626 END
START -1724 16112 -560 -2232 -5791 4571 589 564 642 663 627 END
START -944 15416 -168 -117 -3968 3746 590 566 644 664 628 END
START -732 15656 -944 2437 -2611 2846 591 569 645 666 629 END
START -1612 13816 -1464 5045 -2808 2085 592 571 647 668 629 END
START -2428 13312 -2272 7571 -5333 1403 594 574 649 668 630 END
START -948 12552 -2428 10030 -7448 371 595 577 650 671 630 END
START 900 12052 -2720 12206 -6418 -1138 595 581 653 673 631 END
START 416 11196 -3528 13911 -4296 -2494 597 586 655 675 631 END
START -1724 8908 -4208 15223 -4137 -3182 598 589 656 676 632 END
START -3416 7068 -3876 16361 -5253 -4178 599 593 658 678 632 END
START -3764 6080 -4200 17573 -5258 -5620 599 596 659 680 633 END
START -2544 3116 -9364 18674 -4594 -6885 599 599 660 681 634 END
START -1852 3868 -13848 19347 -3093 -7776 600 601 660 682 634 END
START -3868 8936 -14048 19835 -2646 -7414 602 603 662 683 636 END
START -5052 10524 -12476 19629 -3733 -6967 603 605 662 683 635 END
START -5340 6716 -12004 18912 -2228 -7030 603 605 663 685 635 END
START -4324 1556 -16552 18743 2886 -7742 604 607 663 684 634 END
START -5660 3160 -18312 19260 5066 -7370 605 606 664 684 637 END
START -7100 6864 -17812 19621 1770 -5790 605 607 664 685 636 END
START -6136 8536 -16680 18998 -1690 -4564 606 608 663 685 636 END
START -3380 4144 -16008 17797 -763 -5190 607 608 664 686 636 END
START -5672 1392 -15660 17066 4558 -5795 606 608 664 686 637 END
START 272 -1432 -23416 16895 7176 -6181 607 608 664 685 637 END
START -9636 -1108 -18280 16734 4998 -5587 607 608 664 685 637 END
START -10636 496 -16696 16286 2742 -4888 608 608 665 687 637 END
START -2464 128 -22132 15345 3333 -4407 607 608 665 685 637 END
START -5120 3336 -19456 14751 4077 -4566 608 608 664 686 637 END
START -3044 3448 -20616 13828 6874 -4352 608 608 665 685 637 END
START -3236 3780 -20356 12274 7962 -3695 608 608 665 686 638 END
START -7876 3756 -17064 10837 3993 -2610 608 608 665 686 637 END
START -5708 -552 -17772 9639 1191 -2402 607 608 664 685 637 END
START -3908 -2408 -19052 8492 1704 -2871 608 610 664 684 638 END
START -4772 -4052 -20020 7361 3417 -3250 608 608 665 687 638 END
START -4032 -4492 -22200 6251 5099 -3084 607 608 665 686 638 END
START -3788 -2284 -23932 5094 5090 -2605 608 609 666 686 638 END
START -3376 -1240 -24580 3894 3894 -1910 608 609 665 686 639 END
START -2852 -500 -24116 2473 2771 -1016 608 609 664 686 638 END
START -2160 260 -23280 774 2202 -567 609 609 665 686 639 END
START -1904 476 -22052 -668 2205 -566 609 609 665 686 638 END
START -1324 4 -22656 -1876 2163 -284 610 610 665 685 638 END
START -2648 -616 -22684 -2955 1388 27 610 602 664 685 638 END