START -3680 14712 -7512 -641 428 51 587 547 602 630 614 END
START -3800 14776 -7412 -671 482 85 587 547 601 630 615 END
START -3984 14820 -7320 -780 500 110 586 546 601 629 615 END
START -4160 14768 -7308 -868 320 180 586 546 603 631 616 END
START -3756 14856 -7116 -860 266 253 588 546 602 630 610 END
START -3300 14608 -7084 -722 321 174 587 546 601 630 615 END
START -2220 14500 -6976 -541 1304 61 586 546 601 630 614 END
START -2160 14196 -7244 -264 2794 -212 587 547 600 630 615 END
START -3428 14016 -7360 -479 3393 -245 587 547 601 630 615 END
START -4792 14732 -6888 -551 3058 80 588 547 601 629 614 END
START -5460 15540 -6768 -484 1359 374 587 546 600 629 615 END
START -5228 15852 -6580 -707 -929 601 587 546 599 630 615 END
START -4120 15432 -6532 -1175 -2119 727 587 546 599 629 614 END
START -3188 13908 -7776 -1612 -1481 350 586 547 600 629 615 END
START -2128 13816 -9404 -1059 297 -66 587 546 599 629 615 END
START -2896 16256 -7440 -1053 880 548 586 546 599 630 615 END
START -3932 13860 -6464 -1837 326 370 588 547 600 630 615 END
START -2292 15268 -7964 -773 1204 -145 587 546 601 630 615 END
START -3116 15500 -6040 -1510 784 344 587 547 601 629 614 END
START -1188 17124 -9316 -489 3135 -96 587 546 602 630 614 END
START -3960 16620 -6052 -1872 2369 289 588 546 601 631 616 END
START -4784 20512 -5488 -2063 2616 1153 588 548 602 631 615 END
START -4404 17560 -8272 -2566 1890 807 588 544 602 633 614 END
START -5488 15588 -6820 -3940 -3 1487 589 552 604 635 615 END
START -6308 18720 -3728 -4202 -380 2689 590 553 606 637 615 END
START -5652 21884 -3908 -4096 26 3335 592 556 607 639 615 END
START -3852 20200 -6432 -3949 -111 3173 592 559 610 641 616 END
START -3096 17344 -5360 -3896 -1633 3093 593 562 612 643 616 END
START -3788 14656 -2784 -3052 -4495 2878 594 567 616 646 616 END
START -884 13900 -3388 -1490 -6595 2503 594 569 617 647 617 END
START -76 11840 -3936 215 -7083 2131 596 573 620 648 610 END
START -896 10636 -2556 1656 -7104 1694 597 575 620 649 617 END
START -1716 10036 -1940 3416 -7088 1151 598 578 622 651 617 END
START -648 8860 -2024 5707 -6709 -74 598 581 625 653 618 END
START -768 9228 -592 7773 -5480 -939 599 585 626 655 618 END
START -256 9680 -348 9685 -2681 -1937 598 586 627 656 617 END
START -576 7812 -1288 11596 274 -3225 598 587 629 657 618 END
START -1328 5896 -2344 13583 1932 -4104 596 589 630 658 618 END
START -1812 4004 -3236 15881 2271 -5152 599 591 632 659 618 END
START -1568 2656 -4468 18240 1624 -5839 599 592 633 660 618 END
START -420 2156 -6232 20559 1153 -6347 599 592 633 661 618 END
START -600 1100 -7256 22791 860 -6732 599 594 635 663 618 END
START 116 1184 -9760 24582 1549 -7103 600 596 636 663 618 END
START -672 2480 -10336 26009 2595 -7469 600 596 637 664 618 END
START -1652 3548 -11056 27479 2649 -7374 600 596 637 664 618 END
START -60 4816 -13084 28319 3927 -7412 601 597 637 664 618 END
START -1828 4864 -12308 28315 7089 -7442 601 597 637 664 618 END
START -3256 2136 -13016 27882 7328 -6761 602 598 638 664 618 END
START -5380 -848 -12560 27730 4739 -6319 602 597 638 660 617 END
START -372 -4132 -19400 28032 1425 -6550 603 598 639 665 619 END
START -668 -3872 -20848 27674 844 -7113 603 599 638 665 619 END
START -4792 -2980 -20200 26856 2767 -7951 604 597 639 665 619 END
START 5624 -1140 -30868 25578 7882 -7391 605 598 640 665 619 END
START -2476 1208 -26612 23292 8686 -5551 607 600 641 665 619 END
START -8140 2776 -23348 20477 5733 -3593 606 603 642 668 619 END
START -3220 3048 -26368 17044 4174 -2833 606 605 644 668 619 END
START -6988 2840 -24308 12890 2650 -2814 606 601 644 669 620 END
START -5968 2156 -25064 8782 2276 -2727 607 606 644 668 620 END
START -4032 688 -26292 5397 2046 -2533 607 607 645 668 619 END
START -5860 -508 -25332 2343 1659 -2177 608 606 645 669 621 END
START -7696 -848 -24180 -201 190 -1864 608 607 646 669 621 END
START -2892 -2236 -27212 -2456 -680 -1466 609 609 646 669 621 END
START -2064 -3036 -27300 -4272 -1054 -1131 610 608 646 670 621 END
START -5888 -1848 -25408 -5661 -121 -608 611 608 646 669 621 END
START -2380 1116 -27060 -7296 1146 333 611 608 646 668 622 END
START -2924 -644 -26892 -9069 701 966 612 607 645 667 621 END
START -832 748 -27596 -10880 -311 1483 613 605 643 664 621 END
START -2196 2312 -25512 -12673 -2001 1876 614 602 639 660 619 END
START -8744 3600 -19684 -14700 -5854 2579 614 598 636 656 618 END
START -1288 2476 -21356 -16182 -7226 2676 614 594 632 651 617 END