START -4600 18088 -5648 963 -6758 5254 654 532 572 626 601 END
START -4252 17580 -5856 1077 -7018 5246 654 532 570 627 603 END
START -2808 15932 -6236 1560 -6860 4998 654 532 572 627 605 END
START -1656 15284 -6512 2289 -5439 4652 641 517 569 629 604 END
START -1832 14896 -7040 3000 -4139 4483 653 534 573 630 605 END
START -1956 14104 -7480 3964 -3895 4339 655 533 574 630 604 END
START -1132 13684 -6740 4979 -2642 4283 653 534 573 632 605 END
START -1692 12200 -6000 6240 -1362 3497 653 545 575 635 606 END
START -1488 11324 -7140 6968 -668 2871 653 538 577 634 606 END
START -436 11260 -9844 7751 -708 3147 652 536 577 638 606 END
START -436 11740 -10292 8444 91 3422 653 537 581 638 610 END
START -1136 11300 -8356 9127 865 2983 653 536 577 637 607 END
START -2112 11716 -7628 9760 1144 2648 659 538 573 643 609 END
START -1016 10700 -9352 10449 72 1791 652 545 579 639 609 END
START 1148 8936 -12140 11007 983 1143 653 539 579 641 607 END
START 4084 8132 -14536 11333 3653 1773 655 539 577 635 603 END
START -28 10776 -10972 11813 4521 2085 655 540 580 640 606 END
START 1036 11080 -10180 12120 4168 1782 657 539 578 641 608 END
START 2624 9284 -11120 12016 4900 1208 649 542 616 631 614 END
START 3464 8604 -12100 12205 5864 212 657 544 580 639 613 END
START -708 8292 -10572 12521 4553 436 652 541 579 642 608 END
START 756 7612 -13092 13043 1044 1074 652 544 577 641 611 END
START -3988 8088 -8868 13704 -311 1171 654 541 566 642 610 END
START -80 7816 -10588 13871 1107 681 655 542 580 641 610 END
START -4632 7704 -8908 13771 1871 102 654 541 579 640 608 END
START -5636 7616 -9816 13481 1394 -627 655 542 580 641 610 END
START 300 5500 -16300 13267 752 -340 655 542 580 642 609 END
START 3676 5020 -20204 13045 -486 180 654 543 580 641 609 END
START 4628 5628 -20004 12143 -239 20 654 542 581 642 609 END
START 2536 5140 -18912 10999 393 -200 652 541 578 643 607 END
START 3012 3204 -20860 9400 392 -714 654 544 583 642 608 END
START 5388 3064 -23184 7767 722 -782 654 543 581 642 609 END
START 4364 3432 -22552 6229 998 -708 656 542 600 642 610 END
START 2952 4084 -21652 4909 1193 -237 655 542 582 642 608 END
START 4400 4712 -22424 3758 296 163 687 545 582 644 609 END
START 3056 5500 -21280 2916 -267 405 651 548 584 645 609 END
START -168 6624 -18380 2222 -437 434 655 544 582 645 607 END
START 5536 5924 -22612 1537 661 214 656 498 578 652 611 END
START 2868 6468 -20612 1001 472 135 645 545 585 644 611 END
START -1132 6932 -17732 528 -350 21 646 544 586 640 606 END
START -4988 7592 -15056 284 -1147 36 658 548 583 643 611 END
START -6004 7696 -14028 28 -1354 116 656 545 585 639 609 END
START -5112 8104 -14772 -299 -1092 299 657 559 587 646 608 END
START -5008 7184 -14740 -696 -881 355 654 570 586 646 614 END
START 1936 5516 -19512 -1066 -1147 430 657 546 587 645 611 END
START -1144 5728 -16760 -1350 -776 390 661 546 588 656 615 END
START 4444 4456 -20536 -1543 -476 268 656 547 587 656 615 END
START -1064 4516 -16560 -1650 -222 274 657 547 589 646 612 END
START 3008 4504 -19148 -1644 -558 245 658 547 588 648 611 END
START -5688 4504 -13156 -1692 -994 214 656 547 585 646 610 END
START -8088 4232 -11432 -1623 -1688 89 657 551 587 648 611 END
START -20 2916 -17900 -1456 -1334 -74 655 548 591 650 611 END
START -4728 3900 -13736 -1393 -876 -112 659 538 588 650 610 END
START 2564 2608 -19912 -1211 -69 -411 669 547 583 672 612 END
START 1220 2620 -19316 -1159 -106 -523 657 546 586 647 623 END
START 2944 2324 -20688 -924 -469 -509 655 545 587 647 611 END
START -1516 3112 -17348 -761 -826 -449 654 545 581 646 613 END
START -6924 4624 -13292 -648 -1003 -393 655 550 587 646 612 END
START -3672 5248 -15172 -492 -347 -336 664 548 588 647 611 END
START 2328 5440 -19148 -358 339 -358 671 556 578 644 612 END
START -1764 5236 -16688 -331 -105 -300 657 556 584 647 609 END
START 3252 5368 -19824 -284 43 -222 657 547 586 647 610 END
START 1280 5300 -18580 -259 -435 -278 660 546 587 646 607 END
START -3004 5344 -16160 -268 -167 -307 656 548 590 651 615 END
START 3288 5452 -19848 -264 161 -398 656 548 588 646 612 END
START -312 5220 -17908 -260 277 -442 656 550 588 648 618 END
START 3104 5612 -19844 -286 29 -455 657 547 588 646 612 END
START 1876 5196 -19128 -292 -399 -458 662 548 559 648 583 END
START -2392 5200 -16740 -377 109 -468 661 548 586 647 612 END
START 2652 5212 -19992 -472 -98 -418 664 548 587 647 615 END