START -3632 14692 -6076 -829 -276 7 569 541 613 635 612 END
START -3924 14736 -6316 -855 -189 -92 569 541 614 635 613 END
START -4232 14756 -6244 -777 -485 37 570 542 613 636 613 END
START -4064 14628 -6732 -464 -800 117 571 543 614 637 614 END
START -3736 15296 -6776 -383 -521 304 573 543 614 638 614 END
START -4236 15340 -6860 -519 -11 517 573 543 614 638 614 END
START -4116 15740 -6080 -965 352 690 574 543 615 639 614 END
START -3836 15612 -5760 -806 754 552 575 545 616 640 615 END
START -4568 14332 -6624 -603 25 506 575 545 616 640 615 END
START -4980 13620 -6552 -269 -1486 639 578 546 617 642 615 END
START -3808 14040 -7200 -203 -2322 662 579 545 617 641 615 END
START -3124 14404 -7504 -85 -1429 778 580 547 618 642 616 END
START -3040 15924 -6804 18 -367 1070 582 547 618 642 616 END
START -3888 17616 -5096 -49 -188 1351 585 549 620 644 618 END
START -4124 16632 -5660 -276 -197 1304 588 548 621 645 617 END
START -3340 19084 -7156 314 479 1759 590 549 622 647 615 END
START -4852 20220 -3772 -322 -784 2880 592 550 623 648 618 END
START -3224 17028 -6120 -281 -98 2372 593 552 625 650 619 END
START -4060 18968 -2508 -741 -557 3155 593 554 626 652 618 END
START -1812 16788 -5208 100 1290 2406 594 556 628 654 620 END
START -3012 14696 -2692 106 126 2126 595 557 628 655 621 END
START -1844 17912 -4044 1660 1341 1972 596 559 629 656 621 END
START -1108 13496 -5520 2964 592 762 596 561 631 658 622 END
START -2516 11808 -2364 3828 -825 803 598 562 632 660 622 END
START -3368 15320 -1560 5693 -336 1032 599 562 634 661 623 END
START -2508 13072 -3424 7928 -895 449 599 568 636 663 623 END
START -1212 8712 -5824 9319 -1990 -1055 600 571 637 664 624 END
START -2112 7108 -5512 10456 -3488 -1790 602 572 638 665 624 END
START -1648 6392 -6280 11869 -5095 -2463 602 573 638 664 624 END
START -1792 5688 -5584 13355 -5281 -2884 603 574 639 667 624 END
START -2192 5584 -4060 15146 -4459 -3695 604 575 639 666 625 END
START -2272 3556 -4860 16775 -3291 -4339 605 577 640 668 625 END
START -3640 2948 -5296 18352 -3820 -5070 604 579 641 668 627 END
START -3568 2732 -7300 19642 -4827 -5778 605 581 642 669 625 END
START -3628 1768 -8868 20875 -5749 -6524 605 581 642 669 625 END
START -1868 1168 -10548 22190 -5353 -7792 605 581 642 669 626 END
START -596 532 -11860 23609 -2671 -8765 606 582 642 670 626 END
START -140 36 -14544 24600 1133 -9648 606 583 642 669 626 END
START -2060 96 -16668 25139 3473 -9868 607 584 642 669 626 END
START -5108 2244 -16492 25569 2940 -9536 606 584 643 670 626 END
START -5936 4448 -15428 25891 714 -9051 606 584 642 670 626 END
START -3948 5400 -18088 25395 -69 -9126 606 584 643 670 626 END
START -4412 4296 -18512 23726 4030 -8928 603 584 643 670 626 END
START -7528 2500 -19012 21670 6623 -8757 606 584 644 671 627 END
START -11860 -1028 -19220 19633 5702 -7954 605 584 643 670 626 END
START -6732 -2136 -24656 17862 3904 -7426 606 585 645 671 628 END
START -12492 -456 -22848 15626 3907 -6714 606 586 645 671 627 END
START 3132 3004 -32768 13096 8915 -5965 607 587 644 671 627 END
START -10672 5724 -23476 10526 8968 -4675 607 587 644 671 627 END
START -19200 6812 -16560 7598 2721 -2842 608 588 645 671 628 END
START -6276 4180 -23872 4831 2207 -2077 608 588 645 667 627 END
START 84 1520 -28040 2235 -916 -1267 608 588 644 670 626 END
START -13572 1204 -17972 226 -1731 -653 608 589 644 667 624 END
START -15548 160 -16464 -1729 -2777 -248 608 589 644 664 627 END
START -2232 -1904 -25432 -3164 305 -382 609 589 642 668 625 END
START -156 -2652 -26644 -4307 -127 9 610 589 641 667 625 END
START -2468 -2052 -23108 -5470 -2178 738 611 588 639 666 624 END
START -9036 -1516 -19276 -6094 -3920 1164 613 586 635 664 623 END
START -1640 -1044 -23456 -6705 -1526 1310 616 583 632 661 622 END
START -7568 3728 -18568 -7958 -1000 2058 618 580 626 657 620 END
START -6532 4120 -18932 -9503 -1684 2606 619 577 619 652 617 END
START -6852 3812 -19180 -11478 -4052 3349 621 577 614 647 615 END
START -8768 1128 -17856 -13516 -6237 3798 621 576 612 644 614 END
START -6376 604 -19348 -15743 -5546 3924 621 577 610 642 615 END
START -6392 -1436 -21768 -17848 -3671 3953 620 578 609 641 615 END
START -5448 28 -25128 -19676 -2009 4414 620 578 610 640 615 END
START -6044 1588 -24824 -21249 -2419 4976 619 575 606 638 616 END
START -6628 3400 -23436 -22201 -3268 5975 617 569 604 635 617 END
START -4300 6792 -21884 -22799 -3605 6544 616 565 600 632 618 END
START -9160 8588 -15512 -23010 -4723 7264 614 561 598 632 618 END