START -2540 12992 -8964 -1713 -1446 -486 623 529 578 613 600 END
START -2832 13412 -8776 -1516 -1455 -476 616 527 547 613 603 END
START -3068 14288 -7932 -1047 -1139 -275 616 533 570 609 604 END
START -3492 15828 -7048 -835 216 134 618 528 570 610 603 END
START -5160 18004 -6744 -1032 1677 827 618 527 570 612 603 END
START -6540 20644 -7328 -1707 2087 1840 619 525 567 613 602 END
START -8080 22260 -7532 -2931 1378 3306 619 523 568 613 602 END
START -9548 22944 -6120 -4636 -951 4942 619 525 568 613 602 END
START -8868 23076 -5736 -6138 -3732 5711 619 525 571 613 604 END
START -7080 22304 -6064 -7269 -6209 5991 621 530 572 614 606 END
START -4572 20560 -6512 -7795 -7260 6663 618 517 569 616 602 END
START -2352 19136 -5608 -7444 -6795 7121 621 498 571 621 594 END
START -1812 16748 -3744 -6168 -5386 6789 607 520 570 619 603 END
START -3412 16820 -1924 -4683 -4934 6479 617 527 573 621 606 END
START -4416 14960 -1620 -2868 -5856 5470 622 529 572 621 604 END
START 608 10876 -7540 -844 -5375 4123 618 530 570 622 604 END
START 1980 9124 -8176 1072 -2402 3168 616 530 571 623 604 END
START -516 8872 -6040 3304 415 2141 619 530 571 623 605 END
START -2696 9108 -5124 5506 1557 2058 615 515 573 603 603 END
START -3652 8024 -5408 7599 256 1640 617 530 580 626 606 END
START -2268 6504 -6888 9130 -514 861 623 528 575 625 607 END
START -2508 6352 -6772 10445 231 477 636 535 575 629 607 END
START -4396 6264 -5976 11731 1007 40 620 535 573 635 608 END
START -5308 5920 -4584 13262 1157 -143 622 543 575 631 608 END
START -1376 5792 -7408 14520 2191 189 623 535 575 634 608 END
START 1908 5608 -10556 15617 797 -133 638 543 541 653 609 END
START 4092 4636 -13616 16027 -117 -648 627 542 578 634 608 END
START 1392 5392 -12684 16492 -114 -80 629 537 579 636 610 END
START 4788 5216 -14808 17029 1203 66 636 530 579 641 604 END
START -3288 6788 -8356 17251 3821 -83 634 542 587 627 611 END
START -116 6084 -11176 17152 6283 -159 631 547 586 645 611 END
START -5436 7436 -9232 16889 7382 -636 636 552 586 644 574 END
START 1144 7188 -16536 16485 6837 -72 636 549 595 652 615 END
START -1224 7616 -15848 15857 6124 803 638 551 594 651 615 END
START 6084 7468 -21044 14939 6024 969 640 554 597 654 612 END
START -1348 9240 -16216 13775 6241 1080 642 559 600 658 616 END
START -3568 10544 -14908 12802 4745 968 644 560 605 661 618 END
START 5036 9556 -22580 11679 5335 638 648 561 607 655 614 END
START 2268 8948 -22900 9946 4405 629 648 564 608 663 620 END
START 3408 9748 -24260 8268 1653 1359 650 557 608 662 619 END
START 5020 9340 -24300 6610 -1241 1474 651 563 608 663 620 END
START 48 9848 -20068 4960 -2273 1454 657 564 607 663 620 END
START 3260 9612 -21820 3471 -710 1168 671 560 596 662 617 END
START -4104 8988 -16056 1953 174 939 653 568 605 664 620 END
START -4836 9336 -15508 828 -381 833 650 564 608 664 626 END
START -3544 9620 -15848 118 -1804 904 658 567 612 655 621 END
START -1796 8376 -15752 -461 -2227 821 651 567 614 664 619 END
START 6360 6992 -20884 -981 -1056 340 651 564 608 663 621 END
START 4740 7684 -19172 -1173 -641 74 648 564 607 664 622 END
START 2576 8292 -17736 -988 -768 149 651 566 608 664 621 END
START 6132 7372 -20004 -973 -298 227 650 559 606 668 624 END
START 6508 7236 -20140 -1044 19 190 651 565 611 663 623 END
START 4828 7572 -19084 -1157 -156 265 651 564 608 664 623 END
START 2252 7740 -17472 -1245 -497 186 650 567 607 662 619 END
START 5728 6920 -19772 -1194 -787 357 650 565 610 664 624 END
START 7168 6740 -20532 -1186 -567 644 651 563 608 663 621 END
START -568 7060 -15024 -1290 -559 685 649 565 618 664 622 END
START -6628 6944 -10612 -1369 -808 755 651 565 613 662 622 END
START -6396 7332 -10760 -1306 -1560 710 649 560 600 666 622 END
START -964 6192 -14280 -1183 -562 416 652 565 613 663 621 END
START 6968 4788 -20648 -1127 175 344 649 564 607 664 622 END
START 5272 5328 -18816 -1151 872 320 708 567 606 664 621 END
START 1268 6128 -16352 -1137 683 239 649 578 608 663 623 END
START 5208 5188 -19576 -1064 176 150 651 559 609 664 622 END
START 6900 5272 -20512 -997 322 100 650 564 607 662 625 END
START 5076 5720 -19272 -1105 1188 96 653 566 604 657 622 END
START 1532 6252 -16804 -1278 998 14 668 613 613 662 621 END
START -2004 6624 -14116 -1423 72 -36 651 566 620 664 618 END
START 5392 5280 -19884 -1495 -420 -89 650 564 605 662 622 END
START 5244 5536 -19412 -1454 -152 -132 651 563 606 675 623 END