START -4428 14396 -7356 -699 -488 -165 569 532 594 624 611 END
START -4176 14296 -7248 -666 -614 -144 569 532 594 623 610 END
START -4024 14492 -7116 -710 -785 -103 570 533 594 623 612 END
START -3460 14568 -7208 -791 -417 -127 570 532 595 623 610 END
START -3736 14512 -7316 -806 278 -199 570 533 594 623 611 END
START -4396 14412 -7208 -786 272 -83 570 533 594 624 611 END
START -4260 14596 -7060 -531 -161 42 570 533 594 623 610 END
START -5036 14100 -6876 -744 -1099 -70 570 533 595 624 611 END
START -4820 14348 -6736 -1018 -2072 227 570 533 595 623 611 END
START -4168 14604 -6972 -1153 -2339 360 571 533 595 624 611 END
START -3304 14892 -6980 -1290 -1093 356 570 533 595 624 612 END
START -3852 14148 -7220 -1498 330 -35 569 534 596 625 612 END
START -4136 13128 -8400 -1218 1021 -260 568 534 597 625 612 END
START -4248 15160 -7456 -583 980 -27 567 535 598 626 613 END
START -5372 16452 -5172 -1010 -482 631 568 535 598 627 613 END
START -5004 13604 -7180 -1376 -1133 324 567 536 601 629 613 END
START -4076 16920 -5956 -772 -899 668 568 537 601 628 613 END
START -4884 14380 -5784 -1755 -1331 625 569 538 602 629 614 END
START -3648 17428 -6164 -495 -388 730 569 538 603 629 614 END
START -3408 15272 -8076 -1289 -110 544 572 538 603 630 614 END
START -3864 21780 -5032 -975 1553 1382 575 540 605 632 615 END
START -3844 20164 -8176 -1089 3313 1356 579 541 608 635 616 END
START -5572 18044 -4604 -1796 1822 1551 583 544 613 639 617 END
START -7480 21084 504 -2124 -171 2761 585 548 619 644 617 END
START -6612 20836 -628 -1201 -1517 3101 588 554 625 649 618 END
START -2696 17028 -5024 -120 -2948 2277 590 559 628 653 619 END
START 32 12612 -7348 1119 -3392 1189 593 564 632 657 620 END
START 768 9804 -3736 2553 -2640 221 596 570 636 659 621 END
START -1392 12840 492 4397 398 518 597 575 639 662 622 END
START -2760 13824 -88 7121 1687 218 599 581 641 665 622 END
START -1140 11028 -4528 9562 18 -875 600 585 644 668 623 END
START -512 6560 -6652 11595 -2240 -1620 602 590 646 671 623 END
START -176 5356 -6388 13780 -3593 -2286 602 593 649 671 624 END
START -332 4340 -6092 16047 -4033 -2735 603 597 650 673 625 END
START 316 4220 -6568 18075 -3129 -3486 604 600 652 675 626 END
START 780 4592 -8712 19533 -1348 -4463 605 603 653 676 626 END
START -528 4528 -11192 20428 -728 -5007 605 604 654 677 626 END
START -1988 4812 -11612 21407 -946 -5200 605 605 654 678 627 END
START -2568 6236 -11388 22199 -922 -5553 606 607 656 679 628 END
START -2624 8056 -11092 22876 -464 -5743 607 608 656 677 628 END
START -5352 9740 -9656 22915 -1778 -5623 608 609 656 681 629 END
START -5608 8084 -11784 22719 -2772 -5781 609 610 658 681 629 END
START -5340 2016 -13560 22416 -1651 -6496 610 611 657 681 630 END
START -6328 -56 -14588 22634 28 -7189 611 613 658 682 630 END
START -4896 -140 -16260 22893 940 -7258 612 613 659 682 630 END
START -3744 784 -18844 23361 1869 -7553 612 613 659 682 630 END
START -4112 2756 -19632 23551 2959 -7330 612 613 659 683 631 END
START -4124 4320 -18872 23485 3607 -6790 613 615 655 683 631 END
START -9140 5224 -13960 22677 2406 -6293 614 614 659 684 632 END
START -4592 112 -17484 22063 2384 -6362 614 614 659 683 631 END
START -9408 -2216 -16048 21072 3922 -6681 614 614 659 683 632 END
START -7608 -4072 -18836 20288 7728 -7108 613 610 660 684 632 END
START -8872 -5252 -21740 19297 8449 -6923 615 614 659 683 632 END
START -9840 -3644 -22276 18056 7896 -6027 615 614 660 683 632 END
START -3204 284 -26532 15883 8540 -4773 615 614 660 684 632 END
START -7968 1524 -23236 12975 9013 -3775 614 614 659 684 632 END
START -8352 920 -22772 9213 7634 -2447 615 614 661 683 632 END
START -6736 -1532 -23344 5387 5260 -1732 615 613 660 683 632 END
START -7848 -4424 -23344 1815 2214 -1264 615 612 659 683 633 END
START -4100 -6432 -27968 -903 574 -822 616 612 661 683 633 END
START -3344 -6080 -26848 -3096 179 -409 616 611 660 682 632 END
START -3648 124 -24588 -4665 392 136 613 608 659 681 632 END
START 448 312 -25836 -5930 1318 142 616 610 658 680 632 END
START 500 -580 -25488 -7044 2171 274 618 609 657 679 631 END
START -2944 -1424 -23000 -8149 2094 501 616 608 655 676 630 END
START -1208 84 -23452 -9266 413 1178 617 604 650 673 628 END
START -1140 -24 -23976 -10508 -1064 1638 617 598 645 662 626 END
START -8232 2164 -15796 -12003 -3174 2512 620 591 639 661 624 END
START -5512 516 -17492 -13690 -3958 2763 621 585 632 655 621 END
START -7672 -3240 -17112 -14535 -4813 2756 621 580 627 650 619 END