START -3940 14916 -6456 -661 1278 -476 575 546 620 639 621 END
START -3996 14800 -6548 -615 978 -374 575 545 619 638 621 END
START -4108 15036 -6264 -555 175 -154 575 545 620 638 621 END
START -3608 14816 -6404 -529 -353 -129 574 545 619 638 620 END
START -3164 14816 -6564 -502 -63 -16 575 545 619 638 621 END
START -3084 14904 -6740 -517 83 -26 575 545 619 638 620 END
START -3032 15124 -6756 -516 328 151 575 546 619 638 620 END
START -3272 14960 -7056 -703 322 53 575 545 619 638 622 END
START -3484 15016 -6392 -914 249 171 575 545 619 638 621 END
START -3076 15784 -6188 -754 230 275 574 545 619 638 621 END
START -2712 15284 -6876 -417 306 201 574 545 619 638 620 END
START -3004 14836 -7268 -344 607 140 575 545 620 638 621 END
START -2992 15604 -7068 -489 681 149 575 545 619 638 621 END
START -3216 16228 -6292 -666 247 288 574 545 619 639 621 END
START -3324 17012 -5168 -1183 -168 438 575 544 618 638 621 END
START -3584 14552 -6292 -1790 -181 -19 575 544 618 638 621 END
START -3148 15512 -7072 -920 130 -245 574 543 617 638 620 END
START -4524 16624 -4284 -1968 -1563 499 574 542 617 638 621 END
START -2792 13380 -8496 -1336 -900 -372 573 542 617 638 621 END
START -4112 15464 -4596 -1860 -1779 401 574 542 617 637 621 END
START -2672 15424 -8172 -561 -591 118 573 541 615 637 621 END
START -3120 12992 -7968 -1551 -895 302 573 541 614 637 621 END
START -3412 17156 -4736 -1122 217 946 573 541 614 637 621 END
START -1360 16112 -9504 -393 2708 317 573 542 615 638 621 END
START -2572 14964 -8932 -1088 2614 657 575 544 616 639 621 END
START -4836 19392 -3944 -1281 2223 1685 577 546 618 642 622 END
START -4744 22656 -4088 -783 2268 2795 582 549 621 646 622 END
START -3884 23600 -3772 -428 2141 2755 584 553 625 652 623 END
START -1336 21444 -3468 -974 2559 2680 585 559 629 656 623 END
START -2008 17816 -4484 -478 2841 2421 586 565 634 661 624 END
START -1560 14692 -5176 394 2186 2104 589 571 637 665 625 END
START -2168 12116 -2848 1289 1581 2152 591 577 640 668 626 END
START -2728 11112 -3148 2634 436 2303 593 581 643 671 626 END
START -3680 10976 -2396 3996 -2055 2185 596 589 645 673 627 END
START -1016 9672 -2768 5804 -2923 1407 599 590 647 674 627 END
START 16 9700 -2424 7580 -2032 1015 602 595 649 676 628 END
START -2232 9980 -888 9075 -1419 1452 603 601 650 677 628 END
START -2660 6848 -3060 10651 -1374 663 604 604 652 679 627 END
START -1976 7196 -2864 12223 -851 -315 605 606 653 680 629 END
START -2248 6012 -3420 13839 -403 -802 606 609 654 681 629 END
START -1784 5072 -5392 15690 -1905 -1408 606 611 656 681 630 END
START -340 5764 -7424 17712 -3341 -2008 607 613 656 683 631 END
START 544 7244 -8116 19431 -3391 -2550 608 613 655 682 631 END
START 1016 7896 -7984 21097 -1136 -3104 609 614 657 683 631 END
START -1200 8636 -6832 22313 1157 -3269 611 614 656 683 631 END
START -4096 7504 -4504 23388 1028 -3516 611 614 657 684 631 END
START -96 4736 -8204 24464 -766 -4214 612 616 656 683 631 END
START -5072 2376 -7444 25406 -3188 -4925 612 614 657 683 632 END
START -8232 632 -7832 26284 -4637 -5699 613 615 657 683 632 END
START 1044 -1896 -15764 27108 -3059 -6443 613 614 657 684 632 END
START -7792 -1152 -12364 27749 -2830 -6969 613 613 656 682 631 END
START 3420 580 -21372 28186 608 -7617 613 613 656 682 632 END
START 4108 -1832 -24332 27741 3930 -8699 613 612 656 682 632 END
START -552 -476 -23516 26899 7054 -8678 613 611 655 682 632 END
START -6948 360 -21836 25713 6292 -7314 614 611 656 682 633 END
START -4820 828 -23660 23910 2797 -6007 614 612 656 682 632 END
START -1580 1384 -24404 21419 2425 -5410 613 612 656 682 632 END
START -4388 664 -21940 18182 4853 -5453 613 612 656 682 632 END
START -5260 -800 -24124 14991 5183 -5467 614 611 656 681 632 END
START -8480 -1708 -24676 11501 2845 -4983 615 612 656 681 632 END
START -1240 -4356 -30752 8037 2134 -4229 615 613 656 681 632 END
START -4576 -3204 -27508 4880 368 -3052 614 613 657 682 632 END
START -7944 -1868 -26084 2092 -2101 -1958 614 613 656 681 632 END
START -1968 1284 -29428 126 -1815 -1329 615 614 656 679 632 END
START -3820 3468 -25980 -1733 -718 -684 615 611 656 681 632 END
START -4152 4448 -23748 -3177 377 19 615 612 656 681 633 END
START -3120 4204 -23596 -4125 1013 537 614 612 656 682 632 END
START -6956 4208 -19804 -5387 674 1139 614 612 656 681 632 END
START -7016 3512 -18804 -6746 1082 1474 616 616 656 681 632 END
START -3700 2820 -21520 -8587 1181 1924 616 611 655 680 632 END