START -5168 13944 -8100 -1185 188 297 589 543 607 636 622 END
START -5264 13992 -8020 -1194 165 276 589 543 606 635 622 END
START -5416 14088 -7956 -1257 4 445 589 543 607 636 622 END
START -5896 14168 -7636 -1444 -395 525 589 544 607 635 622 END
START -5488 13708 -7440 -1495 -1185 525 589 544 607 635 622 END
START -5240 13384 -7184 -1330 -1725 485 589 543 605 636 622 END
START -4120 13588 -7324 -879 -1378 331 589 543 607 635 622 END
START -4100 13472 -7428 -859 -674 86 589 543 608 636 622 END
START -4764 13976 -7320 -767 185 224 589 543 607 636 622 END
START -4468 14144 -7576 -287 564 143 589 543 607 635 622 END
START -5164 13428 -7684 -41 363 -114 589 543 607 636 622 END
START -5384 13800 -8104 102 -191 -22 588 543 607 638 622 END
START -5384 14428 -8368 200 -665 269 589 544 607 636 622 END
START -4800 16060 -8124 235 -616 787 588 543 607 636 622 END
START -5236 17492 -7468 -380 -235 1536 588 542 606 636 622 END
START -6072 16316 -7496 -693 -83 1766 589 542 607 637 622 END
START -6024 18636 -8352 -33 355 2201 591 545 608 638 622 END
START -8184 19876 -4360 -633 -1809 3683 592 546 609 639 623 END
START -6456 17552 -7012 -786 -2476 3993 591 549 612 642 623 END
START -7644 18700 -4028 -1953 -3679 5569 592 551 613 645 624 END
START -4556 18040 -7148 -1430 -2277 5538 594 550 615 646 624 END
START -4664 14128 -7568 -1774 -3372 4886 595 555 617 648 624 END
START -4436 14144 -5168 -1892 -4251 5243 596 557 619 651 625 END
START -3932 17296 -3060 -812 -2922 5381 597 561 623 653 627 END
START -2564 16540 -4312 682 -1726 4505 599 564 625 656 627 END
START -2008 12112 -5936 1980 -1511 3417 600 569 628 657 628 END
START -2400 9524 -5896 2918 -2716 2504 601 572 630 659 627 END
START -2640 8644 -5628 3771 -4232 1787 603 575 632 660 628 END
START -3180 9124 -5260 4740 -4634 1538 605 578 634 662 628 END
START -4624 12140 -3092 5995 -4325 1725 604 583 635 663 628 END
START -5268 10740 -2764 7087 -5218 1227 605 588 638 666 629 END
START -3996 10640 -2432 8387 -6053 87 606 591 640 667 629 END
START -2592 12724 -3048 9786 -5592 -980 606 593 641 669 630 END
START -700 11640 -5096 10811 -3318 -2411 607 594 642 670 631 END
START -1348 9936 -6392 11701 -139 -3491 608 596 644 671 631 END
START -2736 5784 -5652 13046 2480 -4479 609 597 644 672 631 END
START -3476 4264 -5944 14739 2021 -5174 608 599 646 672 631 END
START -4508 4716 -7044 16627 -1106 -6132 608 601 646 673 632 END
START -4772 6580 -8668 18011 -1944 -7232 609 602 647 673 632 END
START 1868 7616 -16120 18960 1998 -7665 609 601 647 674 632 END
START 4672 8396 -17940 19594 3913 -7436 609 602 648 674 632 END
START -6840 9260 -8892 20396 4664 -6891 609 603 648 674 632 END
START -9784 10256 -6916 21305 3462 -6727 610 603 648 675 632 END
START -4948 7152 -11180 21480 2980 -7026 610 603 649 675 632 END
START -7088 4688 -12304 21591 3508 -7563 609 603 648 675 632 END
START -6408 1516 -16056 21391 5668 -7556 612 604 648 675 633 END
START -7288 -552 -17636 21593 5951 -7150 612 604 650 676 633 END
START -5408 1828 -19316 21869 5211 -6724 611 603 649 675 633 END
START 1384 5020 -24632 21316 9570 -6863 611 603 650 677 633 END
START -3376 5656 -20988 20296 11901 -5666 613 603 649 675 633 END
START -5852 2532 -18488 19377 7802 -4733 611 603 650 677 633 END
START -6068 -308 -19360 18576 2310 -4597 612 604 649 675 633 END
START -6996 -1952 -19828 17739 1613 -5080 612 599 649 676 632 END
START 940 -2756 -28576 16861 5882 -5055 612 604 650 676 633 END
START -3888 -252 -25572 15047 7411 -3982 612 604 649 675 632 END
START -6452 2056 -24036 11579 5907 -2524 611 604 649 676 633 END
START -6936 -1876 -22488 6624 3000 -1722 613 604 649 675 632 END
START -10484 -5164 -19880 2448 -1124 -1617 612 605 649 675 633 END
START -552 -6144 -28220 -676 -1286 -1439 612 606 649 675 633 END
START -4860 -2980 -24576 -3482 -1987 -429 613 605 649 675 633 END
START -544 1584 -23588 -5773 -721 612 614 604 649 675 632 END
START -564 2116 -22064 -7600 880 946 615 604 647 673 632 END
START -2768 2312 -20920 -9232 2136 1244 615 601 646 672 632 END
START -5356 1156 -18372 -11529 742 1678 615 598 642 668 630 END
START -9820 -3448 -15796 -13424 -3111 2030 617 595 639 666 628 END
START -4052 -5312 -21708 -14403 -5653 2020 617 591 634 661 627 END
START -9032 -2148 -20096 -15173 -7376 2757 620 584 629 654 624 END
START 5208 1488 -28680 -16403 -3859 3342 622 574 622 648 623 END
START -5528 4304 -18768 -17600 -3391 3394 624 567 617 642 621 END
START -272 5252 -20088 -18072 -2380 3471 625 565 612 637 621 END