START -3244 14140 -7408 -1098 -2079 508 562 523 597 621 604 END
START -2984 14008 -7320 -1038 -1805 473 563 523 597 622 605 END
START -3108 14308 -7456 -885 -711 317 563 524 598 622 605 END
START -3732 14304 -7612 -855 -331 157 563 524 598 621 605 END
START -4188 14524 -7400 -845 -416 148 563 524 598 622 605 END
START -4068 14420 -7248 -953 -669 181 563 524 598 622 606 END
START -4520 14280 -7096 -987 -1177 119 563 525 598 622 605 END
START -4620 14800 -6892 -1001 -1574 442 563 524 598 622 605 END
START -4148 14984 -7752 -793 -1601 395 563 525 598 622 606 END
START -3316 14748 -8288 -770 -1359 357 563 525 598 622 606 END
START -3372 14600 -7800 -688 -844 227 563 525 598 622 606 END
START -3712 14796 -7736 -555 -488 331 563 525 599 622 606 END
START -4636 16008 -6564 -765 -953 698 563 525 599 623 606 END
START -5480 16064 -5640 -1520 -2037 1122 562 526 599 622 606 END
START -4620 13032 -7692 -1524 -2240 527 562 525 598 623 606 END
START -4136 16128 -6412 -810 -2245 987 563 526 599 623 606 END
START -4728 13704 -5964 -1695 -3042 930 562 526 599 623 606 END
START -2760 15332 -7956 -687 -1369 586 563 526 599 623 607 END
START -4336 13320 -6556 -1649 -1552 482 563 526 598 622 607 END
START -3996 17240 -5244 -834 -1421 759 562 526 598 623 607 END
START -3292 13756 -8576 -607 -820 178 562 523 598 623 607 END
START -5588 16176 -4468 -1206 -2312 1068 563 526 598 623 607 END
START -5616 19460 -3916 69 -2094 1782 564 526 598 624 607 END
START -4048 17804 -8044 600 -1555 1687 564 528 599 625 607 END
START -4084 16056 -6904 41 -2761 2128 566 529 600 627 608 END
START -5044 16564 -3032 -253 -3443 3068 569 531 602 629 608 END
START -4820 18420 -592 466 -2773 3258 570 533 604 632 609 END
START -2772 20556 -1400 1711 -1600 3037 572 535 606 635 610 END
START -832 18668 -2772 3265 -323 2144 573 538 609 638 610 END
START -1188 16492 -3204 5050 211 1047 575 541 612 640 611 END
START -1156 12488 -4444 6834 -258 347 576 544 614 643 612 END
START -1972 10556 -4328 8704 -1161 -437 577 547 618 646 614 END
START -1752 9412 -5636 10795 -2352 -1036 577 549 620 648 614 END
START -860 8888 -6820 13001 -3296 -1553 578 552 623 650 615 END
START -168 9184 -7360 15080 -3204 -1955 579 555 625 652 616 END
START -40 9588 -7976 16861 -2640 -2309 579 557 627 653 616 END
START -456 10732 -6844 18330 -945 -2943 580 560 629 655 616 END
START -3120 10504 -4476 19311 22 -3226 581 563 632 658 617 END
START -6088 8020 -3376 20407 -1678 -3213 581 567 634 660 618 END
START -4920 4084 -6064 21466 -4327 -4007 583 568 635 661 618 END
START -2092 1480 -10416 22582 -2889 -5582 584 570 637 662 620 END
START 268 3024 -15176 23972 1590 -6398 584 573 640 664 620 END
START -2404 6100 -13164 24850 3573 -6251 587 576 641 665 620 END
START -5660 7700 -10456 25113 1946 -5747 588 580 643 666 621 END
START -5256 5624 -11676 24879 -1178 -6068 588 583 647 668 621 END
START -7984 236 -13128 24874 -3020 -6897 591 586 646 669 622 END
START 1400 -2564 -20600 25284 924 -8100 590 587 648 670 623 END
START 72 -3124 -22616 25365 3993 -8215 592 589 649 671 624 END
START -11340 -2188 -17332 24748 6523 -7664 593 590 650 672 624 END
START 444 -12 -26700 23841 9636 -6672 594 594 652 674 625 END
START -2580 -1556 -26980 22316 6485 -5616 595 595 652 675 625 END
START -7284 1936 -24076 19798 4386 -4587 597 597 654 676 626 END
START -1888 1500 -26968 16447 8309 -3979 597 599 653 676 625 END
START -9504 1364 -20184 12873 9040 -2791 598 601 655 678 627 END
START -9176 -108 -21212 9225 5654 -1757 600 602 656 679 627 END
START -7628 -1396 -22952 6135 515 -1027 601 603 656 678 627 END
START -7028 -3228 -23420 3429 -2932 -699 600 604 656 679 627 END
START -4552 -4172 -24228 1092 -1309 -1087 602 603 656 679 627 END
START -3048 -3644 -26836 -870 1626 -1184 603 602 656 679 628 END
START -5104 -2140 -24912 -2559 1366 -748 604 604 656 679 628 END
START -4924 -776 -24196 -3940 -681 -53 605 602 657 678 627 END
START -3696 592 -23332 -5063 -2145 301 606 602 656 677 628 END
START -4124 2696 -22000 -5894 -2910 608 607 601 654 674 627 END
START -3980 4152 -20792 -6648 -3093 1039 607 599 652 671 624 END
START -5716 4964 -18756 -7548 -2721 1421 608 594 649 667 622 END
START -2704 2816 -19000 -8521 -1852 1673 611 591 646 665 622 END
START -4012 2384 -19016 -9532 -1783 2151 612 590 641 660 620 END
START -11016 2112 -14616 -10668 -4794 2620 614 588 638 657 619 END
START -2000 -1764 -21852 -11598 -4335 2426 616 588 628 655 617 END
START -7468 -2764 -19584 -12389 -3785 2347 616 588 634 653 617 END