START -3252 14020 -9012 -1354 -1065 34 574 557 639 655 627 END
START -2964 13788 -9184 -1311 -1272 62 573 557 638 654 627 END
START -2288 13768 -9272 -1180 -1322 199 574 557 639 654 627 END
START -1568 13668 -9088 -1097 -606 95 573 556 639 654 627 END
START -1824 13960 -8692 -966 236 -41 574 555 639 654 627 END
START -2552 13480 -8720 -800 -3 -9 574 555 638 654 627 END
START -2524 14128 -8956 -531 -316 247 573 554 637 653 626 END
START -2852 13736 -8856 -650 -1195 -139 574 555 638 653 627 END
START -3720 13676 -8856 -1085 -2134 85 573 553 637 652 626 END
START -3912 13972 -8568 -1426 -3550 583 574 552 637 652 626 END
START -2888 14052 -8972 -1590 -3963 814 574 552 638 652 627 END
START -3128 13844 -8692 -1549 -3341 782 579 552 637 652 627 END
START -3088 14348 -8520 -923 -3416 957 575 551 636 652 626 END
START -3144 17212 -6396 -784 -4396 1640 576 550 636 651 626 END
START -2584 16504 -6640 -1520 -4256 1917 576 549 633 650 626 END
START -2140 16308 -9112 -641 -1709 1707 576 550 633 651 625 END
START -5596 18312 -5508 -2179 -3019 2517 577 552 634 652 626 END
START -4508 17228 -9280 -1772 -3806 2242 578 552 634 653 627 END
START -5440 15052 -8388 -3592 -6654 2597 578 554 633 653 627 END
START -2520 18932 -7960 -4166 -7215 3041 578 554 635 653 627 END
START 84 16732 -11628 -3654 -5594 2379 578 554 634 653 628 END
START -744 14304 -9652 -4425 -4945 2290 579 554 634 654 627 END
START -992 18412 -6760 -4248 -4118 2577 580 556 635 655 627 END
START 764 19128 -9052 -3049 -1957 2523 582 556 635 656 627 END
START 1148 16760 -10284 -2686 -323 2009 582 557 636 658 628 END
START -100 14312 -8508 -3091 -343 1641 584 560 637 660 629 END
START -596 13656 -5692 -3161 -1058 1291 585 562 640 663 629 END
START -552 14436 -4588 -2501 -1293 874 587 565 641 665 630 END
START 292 14692 -3044 -615 -438 151 589 568 644 667 630 END
START 1644 16968 -936 2033 1810 -823 591 572 646 671 631 END
START 1112 15136 -864 4782 4757 -1589 590 577 650 673 632 END
START -2264 12916 -488 7563 3530 -2381 593 581 651 675 634 END
START -2344 9312 -3916 10130 -1956 -2839 594 585 653 677 633 END
START -820 10440 -5352 12718 -6315 -3000 595 587 655 678 633 END
START 1084 10032 -6080 15388 -6747 -3509 597 590 655 679 634 END
START 1692 10232 -4752 17661 -3620 -4461 598 592 656 680 634 END
START -1712 10172 -1808 19629 -1723 -4788 598 595 658 681 634 END
START -2064 9352 -3776 21012 -1158 -5450 599 597 659 682 635 END
START -4616 7168 -5620 21863 -2094 -5841 599 597 659 683 636 END
START -5704 2456 -8672 22948 -5053 -6590 593 598 660 683 635 END
START -2276 1404 -12840 24189 -5299 -7905 602 599 660 684 635 END
START 356 4468 -15080 25638 404 -8592 601 599 661 684 636 END
START -1380 3244 -16332 26168 5355 -8651 601 600 660 684 636 END
START -4272 5604 -17168 26298 5945 -7543 602 600 661 685 637 END
START -7228 6632 -16240 25910 3151 -6445 602 600 661 685 637 END
START -4260 3156 -16444 24936 5724 -6920 602 600 662 685 636 END
START -6124 -1144 -17252 24503 8846 -6754 603 601 662 685 637 END
START -4684 -2000 -23060 24158 9082 -6498 603 600 661 685 637 END
START -3476 724 -25996 22652 9181 -5324 604 600 662 686 638 END
START -5428 3380 -20292 20422 8739 -4130 604 601 662 686 637 END
START -7132 820 -17800 17618 8080 -3493 604 601 662 686 637 END
START -5960 -3340 -19636 15659 5930 -3513 604 601 662 686 638 END
START -4392 -5268 -23532 14542 4282 -3564 604 600 662 686 638 END
START -1916 -48 -24492 12465 4445 -2620 604 600 663 686 638 END
START -4252 2424 -20320 9744 4100 -1554 605 601 663 686 637 END
START -8276 1208 -16200 6596 1668 -746 605 602 663 687 638 END
START -1644 -1320 -20216 4305 -544 -367 605 602 663 686 637 END
START -3000 -3416 -20304 2171 -2067 -594 606 603 664 687 638 END
START -5636 -5424 -19992 558 -2383 -735 607 603 663 687 638 END
START -1996 -5496 -23652 -540 -1142 -920 608 604 664 686 639 END
START -2244 -60 -22712 -1862 -939 -474 609 605 664 689 638 END
START -1840 -760 -23140 -3253 -1301 132 609 606 664 687 639 END
START -2700 1760 -21068 -4858 -1923 905 601 609 664 687 638 END
START -2592 2540 -19240 -6583 -2170 1375 610 610 666 687 638 END
START -5376 -956 -15780 -8007 -2734 1328 614 613 664 687 636 END
START -5160 -3084 -16712 -8757 -3330 1316 619 607 663 686 634 END
START -3324 -3828 -20680 -8970 -3480 1400 622 615 661 684 633 END
START -2928 -2044 -22552 -9325 -3040 1797 624 613 658 680 632 END
START -3220 3376 -22040 -10180 -3391 2571 626 610 656 677 630 END
START -5156 4700 -18376 -11442 -5969 3551 626 608 656 674 630 END