START -4008 14716 -8016 -2468 2194 -1431 547 542 623 646 622 END
START -4356 14688 -7876 -2464 2796 -1467 547 542 623 646 622 END
START -5756 14580 -7516 -2411 3310 -1228 547 542 618 646 623 END
START -6876 14012 -7316 -2500 1656 -823 548 542 623 646 622 END
START -6112 13996 -7316 -2558 8 -532 549 544 625 647 622 END
START -5004 13640 -7604 -2404 -544 -231 549 543 626 648 622 END
START -4620 13896 -7612 -2034 -136 -69 550 544 627 648 622 END
START -5284 13192 -7128 -1694 -392 7 550 545 628 649 623 END
START -5564 13540 -7024 -1585 -1375 282 551 545 629 648 623 END
START -3720 14732 -7024 -1034 -1410 379 552 546 629 649 623 END
START -3324 14568 -7192 -1024 396 300 551 547 630 650 623 END
START -4396 14360 -6980 -877 1139 271 552 547 630 649 623 END
START -5664 14448 -6844 -613 -61 591 553 547 630 649 622 END
START -5396 14492 -6624 -693 -1213 675 554 547 630 649 623 END
START -4784 12376 -8172 -868 -1362 247 554 547 630 649 623 END
START -3472 14416 -8992 -329 223 52 554 548 631 650 622 END
START -5180 15684 -6376 -772 62 612 556 543 630 649 623 END
START -5252 12176 -8212 -1069 -410 110 556 548 630 650 623 END
START -4072 15240 -7828 -314 -76 224 556 548 630 650 623 END
START -5680 12028 -7592 -1081 -1543 135 557 548 630 650 623 END
START -4256 16336 -6456 -286 -850 458 557 548 630 650 623 END
START -4212 11656 -9432 -533 -417 -361 558 548 629 650 623 END
START -5932 14572 -5996 -957 -962 565 558 548 630 651 623 END
START -4752 15432 -8768 -170 348 599 558 548 630 651 623 END
START -5776 12160 -9240 -880 -701 503 558 548 631 650 623 END
START -7420 15320 -4580 -1320 -2300 1704 559 547 630 651 623 END
START -6600 18840 -4364 -768 -2628 2552 559 546 630 651 623 END
START -4832 19772 -4388 22 -1766 2918 560 546 629 650 623 END
START -2624 17252 -7804 594 650 2830 559 546 629 651 623 END
START -5024 14620 -5720 442 493 3323 561 546 628 651 623 END
START -7556 15356 -3308 695 -1642 4690 562 549 631 653 623 END
START -7532 19352 -1952 884 -3969 5423 563 551 629 654 625 END
START -6180 19692 -3168 1367 -4850 5484 564 554 631 655 625 END
START -2972 20572 -5300 1145 -4136 5541 566 554 632 657 625 END
START -2100 20200 -3600 1316 -3306 4658 568 556 633 658 626 END
START -3336 19956 -2048 1421 -2697 3938 572 559 636 660 627 END
START -3788 18224 -3464 1713 -4851 3314 573 561 639 663 628 END
START -3596 16420 -3832 2565 -6404 2691 576 565 642 665 629 END
START -3384 15804 -2996 3659 -6457 1590 578 568 645 667 630 END
START -2428 14448 -1796 5180 -4567 452 579 572 647 669 631 END
START -1620 12564 -1260 7037 -1417 -833 582 576 649 671 632 END
START -3660 9860 -2140 8747 -269 -2016 586 581 653 673 633 END
START -5280 7292 -6176 10271 -3467 -2559 588 584 654 675 633 END
START -3476 5328 -8848 12152 -6068 -2953 590 588 656 677 634 END
START 624 8012 -9568 14253 -3050 -3947 592 593 657 679 634 END
START -232 7208 -9536 15826 2334 -4079 593 597 659 680 635 END
START -1924 9488 -11216 16852 4437 -3931 595 598 660 682 636 END
START -4732 10816 -11416 17166 2491 -2940 596 601 661 683 636 END
START -7048 9232 -8496 16853 -1980 -2882 598 603 662 684 636 END
START -3440 5192 -10564 17026 -1075 -4158 599 605 663 685 637 END
START -1952 2220 -13600 17817 4864 -5325 601 606 664 685 635 END
START -2572 4088 -17856 17968 7541 -5192 601 608 663 686 637 END
START -4492 7556 -18072 17395 7578 -4203 603 609 665 687 638 END
START -7016 8832 -13552 16111 4903 -3497 606 610 665 686 638 END
START -7420 5536 -11664 15362 3372 -3756 606 611 666 687 638 END
START -6120 1948 -14760 15286 2769 -4296 606 603 665 687 638 END
START -2980 2372 -20524 15362 4206 -4221 607 612 666 687 639 END
START -3820 6224 -19804 14961 4829 -3290 609 612 667 688 638 END
START -5072 8208 -16820 13989 3788 -2421 609 611 666 690 638 END
START -6168 4120 -14388 13023 2359 -2513 609 612 667 688 639 END
START -4492 688 -17464 12359 2848 -3500 609 612 666 688 639 END
START -3248 -712 -20788 12082 4428 -4033 609 612 666 689 639 END
START -2284 896 -22660 11957 5314 -3857 610 613 668 688 639 END
START -2584 4656 -20648 11312 5103 -3175 610 612 667 689 639 END
START -5388 6392 -14880 10546 3035 -2037 609 612 667 688 639 END
START -4892 4004 -15292 10077 632 -2208 611 611 667 689 639 END
START -4624 -548 -16264 9797 1351 -3009 611 611 667 688 639 END
START -4108 -2284 -17980 9635 1895 -3490 611 611 667 689 640 END
START -3892 -2964 -18392 10083 1458 -3456 612 611 667 689 639 END
START -2280 468 -20732 10233 1206 -2938 613 610 668 688 640 END