START -2500 14396 -8400 -458 -40 -139 584 554 611 634 618 END
START -2572 14428 -8624 -467 204 -166 584 554 612 634 617 END
START -2952 14648 -8244 -509 719 -235 585 554 611 635 618 END
START -3408 14700 -8156 -673 496 -289 585 554 612 634 618 END
START -3476 14408 -7944 -743 -51 -289 584 554 612 635 618 END
START -3524 14580 -8224 -853 -689 -316 584 554 612 634 618 END
START -3216 14828 -8128 -882 -777 -276 585 554 611 634 618 END
START -2892 14380 -8356 -908 -616 -297 585 554 613 634 618 END
START -3136 14796 -8072 -1062 -197 -83 585 554 612 634 619 END
START -3144 15268 -7976 -846 -50 -40 584 554 611 634 618 END
START -3072 14924 -8332 -655 -290 -41 585 554 611 634 618 END
START -3000 14928 -8308 -639 -792 -68 584 554 612 634 618 END
START -2496 14832 -8412 -674 -1030 262 585 554 611 634 618 END
START -2572 15432 -7244 -918 -919 685 585 554 611 634 618 END
START -2780 13644 -7540 -1376 -586 549 585 553 611 634 618 END
START -2132 12280 -9568 -757 506 -189 584 553 611 634 618 END
START -2244 15236 -7848 -181 907 136 585 553 611 635 617 END
START -4064 13628 -6992 -1181 -233 231 585 553 611 634 618 END
START -2396 14720 -9216 21 -154 -35 585 553 610 634 618 END
START -3816 14780 -6460 -1104 -1287 657 585 553 610 634 618 END
START -1956 16800 -9412 184 -19 464 586 552 610 634 619 END
START -3120 16260 -9092 -621 -200 451 587 553 610 634 618 END
START -4152 22368 -7372 -195 143 1168 590 555 612 638 619 END
START -4040 20428 -10044 -936 137 1149 592 556 613 639 619 END
START -6268 17896 -6356 -3072 -1942 2023 589 558 618 642 619 END
START -6852 19840 -3028 -4011 -2933 2600 596 564 620 644 619 END
START -5800 21180 -2980 -3625 -3481 3344 599 566 624 648 619 END
START -4692 20512 -1612 -2410 -4215 3191 602 571 624 651 619 END
START -2712 19192 -1324 -688 -4907 3012 602 575 630 653 619 END
START -2112 16440 -2772 1244 -4782 2669 604 579 633 655 620 END
START -800 13804 -4308 3331 -5204 1559 605 582 635 657 620 END
START 504 12484 -5512 5239 -5208 803 606 585 637 659 620 END
START 56 8456 -5416 7103 -5816 -132 606 588 639 660 620 END
START -592 6284 -3808 8881 -6472 -953 607 590 640 663 621 END
START -564 5284 -4512 11103 -6788 -1566 607 592 642 663 621 END
START -200 4304 -5204 13775 -7104 -2475 608 593 642 664 621 END
START -16 3700 -5328 16480 -6405 -3391 608 595 643 665 620 END
START -156 3556 -6396 18754 -6072 -4144 608 596 644 666 622 END
START 988 4168 -8912 21021 -5015 -4999 608 597 644 666 621 END
START 372 2556 -11396 22608 -3729 -5541 608 597 645 666 621 END
START -208 4016 -12676 23887 -3000 -5869 608 597 644 666 621 END
START -1952 7504 -11232 24554 -2931 -6005 607 597 644 667 622 END
START -2832 7644 -9864 25091 -2871 -6087 607 597 644 667 622 END
START -3420 5168 -9900 25207 -1433 -6933 608 597 644 667 622 END
START -4356 2992 -11312 25119 900 -7396 608 599 645 667 622 END
START -7276 560 -12056 24787 1139 -7450 608 598 645 667 622 END
START -8008 -1348 -12736 24939 -1706 -7357 607 598 645 667 622 END
START -1920 -2920 -21032 24825 11 -8537 607 598 646 668 622 END
START 432 -1540 -22944 24027 7610 -9256 608 598 645 668 623 END
START -4020 176 -21184 23468 11987 -8605 607 599 645 668 623 END
START -7220 2356 -19144 22515 7135 -6861 608 600 646 668 623 END
START -6380 408 -19868 20738 547 -6049 607 599 646 669 623 END
START -7360 1040 -19304 18528 1974 -6107 608 600 646 669 623 END
START -8760 -1360 -19132 15943 3924 -6005 608 601 647 669 623 END
START -12268 -1256 -16644 13491 5517 -5733 608 602 648 669 623 END
START -2048 -4456 -26876 11463 6827 -5775 609 603 648 670 624 END
START -7548 -3616 -25812 9336 5766 -5222 610 605 650 670 624 END
START -6920 -2556 -26904 7465 3952 -4678 609 605 649 670 624 END
START -4468 -1312 -28092 5493 3193 -3585 610 606 650 670 624 END
START -6396 2968 -23460 3386 3231 -2613 610 607 650 670 624 END
START -10488 3816 -18920 1092 3427 -1453 611 608 651 670 624 END
START -5716 2544 -22264 -1453 3581 -510 611 609 652 671 624 END
START -1012 516 -25140 -3894 2328 117 612 609 651 671 624 END
START -8756 -708 -19392 -5806 731 859 612 609 651 671 625 END
START -2032 -268 -22604 -7440 86 1349 612 610 651 671 624 END
START -12424 -124 -15404 -9013 169 1748 613 609 651 671 624 END
START -11028 -1516 -16804 -10742 -1660 1725 612 609 650 670 624 END
START -2776 -4340 -23624 -12061 -519 1025 611 609 649 669 624 END
START -7080 -4284 -20492 -13160 -597 1237 611 607 647 667 621 END
START 492 -1212 -26408 -13551 1142 1625 611 608 646 663 622 END