START -2880 13760 -9316 -1703 -92 -29 563 548 613 639 620 END
START -3032 13772 -9300 -1644 -70 4 564 549 613 639 620 END
START -3348 13492 -9456 -1425 -230 62 563 548 613 640 620 END
START -3184 13380 -9640 -1339 -597 242 563 541 614 640 620 END
START -2620 13472 -9756 -1356 -418 286 563 549 615 640 620 END
START -2248 13704 -9596 -1529 78 300 562 549 616 640 620 END
START -2780 13068 -9348 -1630 162 -66 562 549 613 640 619 END
START -2500 13408 -9312 -1549 -238 1 560 548 617 641 620 END
START -1584 13504 -9812 -932 -354 -39 561 548 618 641 620 END
START -1540 12872 -10080 -468 -113 -327 561 548 618 641 621 END
START -2124 12936 -10148 -490 -73 -536 561 549 619 641 620 END
START -2140 13508 -10064 -547 -271 -533 561 548 619 641 620 END
START -2300 14500 -9312 -694 -693 -210 561 548 620 642 620 END
START -3052 14208 -8772 -1215 -958 -71 561 548 620 642 620 END
START -2520 12128 -11208 -1093 -235 -577 562 548 621 642 620 END
START -2240 14808 -9648 -583 294 -87 561 549 622 643 620 END
START -4012 13456 -8328 -1411 -330 153 562 549 623 643 620 END
START -2716 13844 -10256 -563 361 -161 563 550 623 644 621 END
START -4208 12940 -8256 -1665 -908 277 564 550 623 643 620 END
START -3260 15752 -8512 -555 -505 315 563 545 624 644 621 END
START -4540 11960 -9052 -1273 -1987 276 563 550 625 644 621 END
START -5884 16244 -4784 -932 -3937 1161 563 549 624 644 620 END
START -2992 18568 -8260 0 -4044 1102 559 549 625 644 620 END
START -1420 15896 -10184 -740 -3974 979 565 549 617 644 621 END
START -1776 19296 -6236 -1420 -3129 1585 566 551 625 645 620 END
START -3076 21188 -3612 -1488 -2224 2116 567 551 625 646 621 END
START -3808 22392 -4284 -1631 -2165 2624 568 546 626 647 621 END
START -3392 21236 -6892 -1416 -3804 2828 563 554 626 648 621 END
START -2668 20380 -6692 -991 -5277 2660 570 556 628 651 622 END
START -704 18748 -8596 -372 -6066 1998 571 558 629 652 622 END
START 1004 14092 -10796 445 -5837 1237 572 559 629 653 621 END
START 2496 12260 -10772 1634 -4272 283 573 560 630 654 622 END
START 764 11008 -8900 2917 -1841 -163 574 562 632 656 622 END
START -824 10016 -8544 4321 -971 -701 574 564 635 657 623 END
START -1980 8356 -7552 5665 -1517 -1468 575 565 635 659 624 END
START -1656 7708 -9008 7166 -2689 -2204 575 566 637 661 626 END
START -1084 6924 -9468 8980 -3921 -2649 576 568 638 662 624 END
START -1964 6936 -9708 10541 -4818 -2868 576 569 639 664 625 END
START -928 7488 -10468 12235 -4841 -3769 577 571 640 665 625 END
START -416 10848 -9632 13395 -2923 -4173 578 573 642 666 626 END
START -3156 10940 -7984 14004 -1190 -4127 578 574 642 666 626 END
START -5168 6196 -8304 14125 -1928 -4737 578 575 644 668 626 END
START -4716 3912 -10416 14440 -2111 -5693 578 577 644 668 627 END
START -3976 1836 -11904 15008 155 -6632 578 579 646 670 628 END
START -3224 1716 -14288 15628 2237 -7018 574 577 646 670 628 END
START -2720 6584 -15492 15877 5045 -6861 579 583 648 671 628 END
START -5916 8364 -14292 15338 4394 -5410 579 584 648 672 629 END
START -8492 7688 -12120 14460 852 -4915 579 585 648 673 628 END
START -6980 4780 -12608 13972 -1243 -5259 580 587 650 673 629 END
START -2852 36 -17384 14417 1540 -6536 580 588 650 673 629 END
START 180 1924 -19864 14414 7032 -7032 581 588 649 673 629 END
START -2824 5476 -18448 14700 10693 -6628 581 589 650 674 629 END
START -7132 7532 -15044 14095 10019 -5275 581 589 650 673 630 END
START -5308 2448 -16608 13261 6455 -4675 581 589 651 673 630 END
START -11284 952 -12200 12862 2818 -4656 581 589 650 673 629 END
START -1728 -1588 -19464 12925 3764 -4973 580 588 650 674 630 END
START -7548 3032 -16888 13025 4827 -4924 580 589 650 673 630 END
START 2996 3608 -24676 12813 8685 -4643 579 589 650 674 630 END
START 1888 4336 -22836 12341 10633 -3879 582 591 650 674 630 END
START -9376 5836 -14904 11491 7298 -2836 580 590 651 674 630 END
START -8204 5712 -15736 10900 4196 -2099 580 591 651 675 630 END
START -6520 2764 -15352 9974 1036 -1866 580 591 651 674 630 END
START -5988 636 -15256 9396 408 -2307 580 591 651 674 630 END
START -4832 1496 -15300 8918 1470 -2696 579 591 652 675 630 END
START -2984 -1072 -17816 8235 2942 -3407 578 592 652 675 630 END
START -2580 -3272 -19864 7550 3883 -3829 580 594 653 675 629 END
START -2976 -3688 -23864 6773 3378 -3654 578 595 653 675 626 END
START -2380 -2948 -25196 5495 2301 -2771 579 596 654 677 629 END
START -2836 -2128 -24928 3786 1097 -1780 579 598 654 676 629 END
START -1148 1208 -23688 1905 1055 -808 580 599 655 677 629 END