START -7268 13220 -4912 -1556 -351 640 667 553 608 638 617 END
START -7364 13352 -4928 -1512 -57 575 663 554 611 638 617 END
START -7620 13340 -4800 -1244 350 754 663 554 610 639 616 END
START -8124 13496 -4772 -893 -201 1043 663 555 611 639 616 END
START -7984 13808 -5152 -541 -1059 1233 663 554 610 639 617 END
START -7416 13776 -4664 -437 -1347 1125 664 554 610 639 616 END
START -6976 13712 -5088 -409 -1007 1252 664 554 610 640 616 END
START -7124 13536 -5028 -535 -1033 915 662 554 611 640 617 END
START -6996 14024 -5224 -446 -551 985 663 553 612 640 620 END
START -6664 13576 -5844 -452 -422 406 664 554 611 639 618 END
START -8412 12712 -4348 -469 -788 418 662 554 611 639 617 END
START -7724 13460 -3612 -343 -1386 875 663 554 612 640 617 END
START -7232 14200 -3984 -103 -1613 807 663 556 616 641 617 END
START -6060 14436 -4724 -103 -1249 729 636 562 612 640 616 END
START -6656 14348 -4040 -268 -386 717 664 558 612 640 618 END
START -6600 14448 -4636 -283 -199 785 662 556 612 642 618 END
START -7248 14808 -4332 -86 -751 857 665 556 618 642 618 END
START -5228 14908 -4588 167 -1102 763 667 555 613 642 617 END
START -5188 15052 -4416 637 -1048 694 663 557 614 643 618 END
START -6012 15340 -3044 1296 -1891 559 661 558 616 642 619 END
START -4136 15352 -4052 2136 -2986 260 660 562 615 646 620 END
START -9228 15456 -388 2699 -2644 10 664 564 618 647 620 END
START -8692 15720 -1548 2857 -1839 264 653 566 618 649 621 END
START -10812 15448 -120 3029 -1592 465 663 568 619 650 622 END
START -5944 14448 -3468 3638 -2108 575 665 570 618 652 622 END
START -7696 13676 -1872 4684 -3848 242 664 571 622 653 623 END
START -5376 12780 -4736 5754 -5439 124 664 574 622 655 622 END
START -12760 12188 -1284 6200 -5541 -31 664 575 624 657 625 END
START -8916 11968 -4952 6590 -4725 -700 665 570 625 649 625 END
START -3176 10356 -8972 6793 -2493 -713 666 578 624 659 626 END
START -8248 11632 -4820 7095 -2032 -1001 665 578 624 659 626 END
START -10392 11876 -4308 7466 -511 -1249 660 575 628 659 625 END
START -7376 11492 -7312 7935 -175 -1443 668 580 627 659 628 END
START -10064 12260 -5600 8422 -1410 -1667 664 581 625 660 627 END
START -3728 12332 -9536 8733 337 -1819 663 592 624 662 628 END
START -4832 12620 -8932 8993 541 -1774 634 582 606 661 628 END
START -11168 12468 -5916 9418 -389 -1896 658 582 627 661 628 END
START -5908 11436 -10256 9746 146 -2182 664 581 627 662 627 END
START -4532 12168 -10652 9683 538 -2113 665 584 627 664 628 END
START -9744 12652 -5896 9795 396 -2100 664 582 627 661 629 END
START -7440 11504 -7904 9973 1017 -2014 665 582 626 662 628 END
START -3688 10032 -11352 10415 1272 -2307 663 583 627 663 628 END
START -8000 9544 -8492 10632 572 -2777 666 580 627 664 628 END
START -9716 9088 -6928 10584 1944 -3142 664 582 628 663 632 END
START -5448 8400 -9892 10467 3672 -3409 666 577 632 664 606 END
START -7764 7880 -9588 10333 3216 -3533 668 586 627 662 629 END
START -12408 7340 -7348 10458 2448 -4089 665 587 629 664 630 END
START -9576 4904 -11472 11079 2848 -4763 655 591 629 634 634 END
START -11268 3792 -10136 11815 1818 -5362 665 578 630 664 630 END
START -10268 5324 -10644 11589 2908 -5903 665 590 630 664 631 END
START -6812 5980 -13236 11030 5462 -6060 664 590 630 665 631 END
START -10236 6000 -11736 10768 5608 -5581 666 589 640 667 624 END
START -8772 5232 -13004 11244 5062 -5066 663 591 633 665 632 END
START -8000 5252 -14296 11708 4238 -4768 665 594 633 667 632 END
START -8396 6024 -13372 11660 3971 -4859 662 591 635 669 632 END
START -7136 5812 -14280 11426 4433 -5072 665 593 632 668 633 END
START -5956 5468 -15448 11182 4915 -5065 665 594 635 667 626 END
START -7612 5764 -14056 11211 4142 -4489 663 592 628 668 633 END
START -8280 5732 -13948 11412 2589 -4443 664 599 631 668 632 END
START -7036 4096 -15028 11467 2948 -4891 663 599 635 666 634 END
START -7772 2628 -14284 11295 3275 -5092 665 594 633 670 633 END
START -8684 1920 -14344 10836 3565 -4845 668 597 663 666 634 END
START -8296 1432 -16004 10078 3265 -4548 666 595 634 669 633 END
START -8964 860 -15776 9340 2088 -4243 664 597 630 670 637 END
START -9824 768 -15244 8524 1023 -3995 665 597 634 669 634 END
START -9552 12 -16524 7533 299 -3563 664 597 634 668 634 END
START -9532 144 -16820 6712 -704 -3237 667 597 634 668 635 END
START -8624 -272 -18232 5523 -666 -2733 669 600 625 669 634 END
START -9100 116 -17720 4009 -721 -2328 664 597 634 668 634 END
START -9684 264 -16856 2451 -768 -1806 664 598 634 669 634 END