START -8360 13304 -2840 -185 -448 499 667 559 611 643 620 END
START -8428 13148 -2664 -93 -425 431 667 554 610 637 621 END
START -8868 13072 -2640 303 -798 275 628 553 598 634 612 END
START -9196 12936 -2888 895 -1335 335 663 543 610 639 618 END
START -9636 13028 -2868 1376 -1859 434 658 551 609 638 618 END
START -9668 13032 -2808 1826 -2109 646 657 547 611 638 620 END
START -10544 14008 -1732 2483 -3112 1210 665 555 608 636 619 END
START -9824 14448 -2288 3362 -3644 1688 662 553 610 639 618 END
START -8968 13668 -2756 3963 -3719 1557 625 548 609 640 620 END
START -8324 13480 -2516 4461 -2431 1855 664 553 610 639 617 END
START -8860 14580 -2528 4888 -584 2011 663 552 609 638 617 END
START -9848 15736 -2360 5184 -942 2249 658 554 611 637 617 END
START -9960 16056 -2916 5471 -2030 2782 664 553 611 641 618 END
START -9252 16120 -3296 5959 -2879 2747 664 554 611 640 619 END
START -7588 16092 -4796 6315 -3303 2434 666 557 613 642 619 END
START -8776 15328 -4360 6230 -3518 2774 663 557 613 644 619 END
START -9216 14320 -5916 5658 -3790 2943 663 557 613 644 618 END
START -7540 13480 -7564 4961 -2526 2702 663 557 613 645 619 END
START -9172 13940 -5828 4491 -1999 2853 663 557 612 646 620 END
START -9468 13640 -4016 4544 -1428 2995 664 557 613 645 620 END
START -5776 12836 -4760 4835 -1141 2323 663 561 613 642 620 END
START -5296 12024 -4128 5255 -1013 1812 664 563 613 649 615 END
START -9692 11676 -1660 5630 -707 1391 662 530 614 649 615 END
START -9656 10856 -3724 6248 155 223 662 563 615 650 623 END
START -11220 11096 -2284 7042 1056 -771 663 564 614 651 620 END
START -7448 9920 -5956 7723 1418 -1339 663 563 613 654 624 END
START -5680 7708 -8280 8587 96 -1783 663 564 616 652 625 END
START -4260 7484 -9696 9252 -96 -3114 663 566 616 653 623 END
START -4744 7756 -9836 9372 2583 -4142 663 566 616 655 623 END
START -5220 6536 -10436 9297 5569 -4309 662 567 616 655 623 END
START -12928 8392 -6332 9390 5132 -3677 662 567 620 657 624 END
START -12128 8508 -7912 9963 1975 -2869 663 569 616 659 624 END
START -7276 8128 -10288 11132 -2099 -3092 657 570 619 659 626 END
START -6432 8764 -10072 11525 -2688 -3769 658 566 621 658 632 END
START -5136 8568 -11824 10944 866 -3231 679 572 620 670 626 END
START -8256 8164 -10944 10975 -949 -2362 663 574 621 661 626 END
START -9792 8376 -10684 11624 -4339 -2227 677 573 615 664 639 END
START -5328 9068 -13072 11888 -3129 -3537 661 574 624 663 627 END
START -4764 9612 -12260 10585 2771 -4340 663 573 623 665 631 END
START -9284 9792 -9464 9676 5201 -3253 661 576 625 663 629 END
START -9704 9428 -10160 10216 1742 -2551 656 579 626 671 642 END
START -9360 7792 -11864 10932 -1089 -3141 662 575 620 663 627 END
START -5336 7404 -13148 10656 1094 -4534 663 580 626 664 629 END
START -7548 7416 -10844 9883 3057 -4497 662 582 621 665 629 END
START -11528 6472 -9488 9980 1290 -4088 663 581 628 664 629 END
START -8800 5828 -12080 10155 -466 -4867 663 581 627 666 630 END
START -8956 4760 -11460 9874 733 -5796 663 581 628 665 631 END
START -8896 4680 -10996 9916 729 -5665 663 583 628 665 631 END
START -9912 3904 -11128 10245 -1090 -5817 661 585 629 665 631 END
START -9804 3184 -11976 10211 -886 -6754 662 584 633 665 630 END
START -9392 3044 -12672 9660 2169 -7626 665 580 626 690 631 END
START -10112 2004 -13764 9210 4572 -7481 663 584 626 667 631 END
START -12080 88 -13568 9615 2598 -7155 663 584 628 665 631 END
START -10752 -1140 -15124 9942 341 -7624 651 582 629 665 632 END
START -8808 -720 -15492 9614 1326 -8116 663 582 628 669 630 END
START -12728 -1184 -14320 9051 1735 -6997 664 584 629 667 629 END
START -12076 -60 -16596 8756 -138 -6431 664 583 629 666 633 END
START -11348 -232 -17168 7850 137 -6260 671 583 629 664 629 END
START -10472 124 -17864 6417 1736 -5406 663 585 631 665 628 END
START -11480 340 -17628 5128 1257 -4344 664 585 629 665 630 END
START -11864 320 -18400 4053 72 -3522 652 584 626 666 632 END
START -12824 352 -16848 2963 -1158 -2854 658 572 628 642 631 END
START -11012 1120 -18304 1755 -1341 -2298 660 583 628 665 630 END
START -10820 884 -18068 588 -631 -1805 665 584 628 663 634 END
START -11344 1000 -17012 -198 -698 -1273 667 583 627 665 629 END
START -11876 952 -16376 -601 -1740 -570 664 583 629 666 630 END
START -11456 1040 -16352 -798 -2406 -310 675 584 633 678 630 END
START -11036 1052 -15736 -1025 -1814 77 664 583 629 665 635 END
START -10796 920 -15436 -1318 -1312 331 662 583 623 665 629 END
START -11304 804 -14748 -1574 -1055 654 663 583 628 664 631 END