START -3556 14552 -7080 -1214 -446 409 562 539 616 633 614 END
START -3520 14540 -7228 -1172 -448 414 562 539 616 633 614 END
START -3352 14488 -7016 -1082 -604 413 563 539 616 633 614 END
START -3040 14332 -7368 -1060 -598 448 562 540 616 634 614 END
START -2976 14284 -7516 -1059 -269 259 562 539 616 633 614 END
START -3256 14364 -7424 -1032 -200 137 562 540 616 633 614 END
START -3196 14580 -7276 -985 -401 56 562 540 616 633 614 END
START -3252 14124 -7396 -875 -620 -89 563 539 616 633 614 END
START -3244 14504 -7156 -893 -554 4 562 540 616 633 614 END
START -3112 15168 -7224 -706 -428 3 562 539 616 634 614 END
START -2768 14816 -8044 -722 -473 -237 562 540 616 633 615 END
START -3240 14180 -8020 -716 -442 -238 562 539 616 634 614 END
START -3152 14712 -7948 -559 -498 -29 562 539 616 634 614 END
START -3304 16020 -6180 -717 -539 213 562 539 616 634 615 END
START -3560 15756 -5712 -1194 -925 380 562 540 616 634 614 END
START -3492 13056 -7656 -1040 -909 -203 562 541 616 634 614 END
START -2156 15536 -7524 -214 -135 -36 562 540 617 634 615 END
START -4040 15224 -5640 -1203 -554 186 564 540 617 634 614 END
START -2868 14084 -9040 -348 372 -420 562 540 616 634 615 END
START -4704 14628 -5848 -1295 -1211 313 564 540 617 633 614 END
START -2820 16320 -7904 -353 -244 61 562 540 616 634 614 END
START -3892 12960 -7656 -1607 -827 77 563 541 617 634 614 END
START -4424 17364 -4544 -1221 -635 763 562 541 617 634 615 END
START -2752 15140 -8532 -611 98 360 563 541 617 634 614 END
START -4348 14972 -5832 -1600 -617 1070 563 540 616 634 615 END
START -5584 19164 -3184 -1081 -740 2081 563 540 615 635 615 END
START -4164 20764 -4004 122 74 2391 565 540 617 636 615 END
START -3128 17608 -6744 628 74 2083 567 543 617 637 616 END
START -5168 15320 -3372 378 -3223 2273 568 545 618 639 616 END
START -6288 16532 -676 754 -6876 2829 570 547 620 640 617 END
START -4408 17748 -828 1217 -8592 2896 572 549 622 644 617 END
START -2272 20100 -2160 2240 -7044 2502 575 551 623 646 619 END
START -3352 18080 -476 3345 -5815 1940 576 553 625 648 619 END
START -1360 18756 -1900 4818 -4229 967 578 555 628 650 620 END
START -1064 17708 -1620 6517 -2549 97 575 559 630 652 621 END
START -492 17008 -1252 8518 -1102 -1039 581 561 633 655 622 END
START -2044 15644 -652 10442 -718 -1587 582 565 631 657 622 END
START -3960 14120 -560 12495 -3030 -1874 584 568 637 661 623 END
START -3892 12704 -1880 14221 -6218 -2226 585 570 638 662 624 END
START -3232 7892 -2680 15917 -7757 -3340 586 572 640 663 624 END
START -2284 5052 -3892 17804 -7067 -4947 586 575 641 664 624 END
START 548 2992 -7708 19796 -4566 -6446 587 578 643 665 625 END
START -2584 2484 -9680 21244 -3679 -6956 589 581 645 667 626 END
START -6960 3164 -8596 22879 -4498 -7205 589 583 645 668 626 END
START -3280 6480 -10660 24012 -6358 -7457 590 584 646 668 626 END
START -3968 6932 -11332 24282 -6989 -8251 590 585 648 669 627 END
START -724 4028 -12556 24081 -659 -8922 591 585 647 670 627 END
START -5408 2072 -10372 23957 5428 -9475 593 586 649 670 628 END
START -9828 488 -10648 23725 4834 -9256 593 587 648 671 628 END
START -9800 -3000 -14008 23727 490 -8394 593 588 648 670 628 END
START -6148 -4080 -17144 23228 -398 -8661 594 589 650 671 628 END
START -4820 -4260 -18952 22824 3428 -8898 594 588 648 671 628 END
START -5900 -2912 -19640 22543 7734 -8029 594 589 649 671 628 END
START -5048 1056 -21352 22045 8570 -6963 594 589 649 672 629 END
START -8864 1880 -20344 20804 7701 -5977 594 589 651 672 629 END
START -5412 2000 -21884 18855 7165 -4987 591 590 653 672 628 END
START -6792 1848 -19620 16791 7169 -4468 595 591 652 673 630 END
START -7224 1308 -19940 14134 8391 -4164 596 593 651 673 629 END
START -9236 -2612 -21996 11532 7794 -3637 596 594 652 674 629 END
START -7728 -3940 -24784 8846 5777 -3204 597 595 652 675 629 END
START -5916 -4400 -27056 6108 3034 -2357 597 596 652 676 626 END
START -8636 -1904 -26304 3713 75 -1340 598 598 655 676 630 END
START -7472 -2192 -25956 1386 -401 -605 600 599 654 677 630 END
START -1312 1888 -28836 -1059 1321 -197 590 593 655 677 632 END
START -4816 3308 -24876 -3400 3196 227 602 600 655 677 631 END
START -4932 2164 -25540 -5655 3130 887 605 600 655 677 631 END
START -6916 2864 -22724 -7622 1457 1677 605 600 655 676 630 END
START -6272 3544 -21376 -9535 -1180 2495 607 599 654 675 630 END
START -6368 3380 -19328 -11305 -3850 3368 606 599 654 675 630 END
START -6248 1020 -17604 -13005 -5006 3840 607 596 653 671 627 END