START -4020 14256 -7696 -666 -1458 -69 577 535 598 623 610 END
START -3920 14224 -7512 -687 -1465 -87 576 535 598 625 610 END
START -3756 14196 -7760 -639 -1038 -90 576 537 597 625 610 END
START -3488 14448 -7736 -740 -226 -30 577 535 597 625 610 END
START -3900 14204 -7612 -769 418 -29 576 535 597 625 610 END
START -4480 14352 -7632 -789 464 54 577 533 597 625 610 END
START -4544 14648 -7824 -611 19 280 576 535 597 625 609 END
START -4604 14536 -7404 -810 -528 378 576 536 597 626 610 END
START -4164 14904 -7484 -818 -338 554 576 535 598 627 610 END
START -3796 14516 -7696 -751 -312 390 577 535 598 625 609 END
START -3780 13628 -8072 -813 -332 170 576 535 598 625 610 END
START -4148 13104 -7800 -877 -331 95 576 535 599 626 609 END
START -4016 12928 -8236 -850 -308 41 575 536 598 625 610 END
START -3696 13320 -8576 -597 -231 -75 577 537 599 626 610 END
START -3516 14844 -7976 -411 -459 144 576 536 599 626 612 END
START -4032 15776 -6152 -1002 -969 529 575 536 591 626 610 END
START -4040 12912 -7600 -1229 -674 50 575 535 598 626 610 END
START -3000 14800 -8316 -191 130 -117 576 536 598 626 610 END
START -4816 15204 -5708 -1437 -686 384 576 536 598 626 610 END
START -3280 13832 -9404 -384 42 -260 576 538 598 625 610 END
START -4680 15204 -5744 -1389 -1090 472 575 535 598 626 610 END
START -3592 16592 -6944 -66 129 338 575 535 598 626 610 END
START -3884 13684 -6964 -1085 337 418 575 534 597 626 609 END
START -4180 18912 -5176 -231 2002 1406 575 533 596 626 610 END
START -3708 18528 -9252 1113 4086 1646 577 534 596 627 611 END
START -5312 16736 -9076 1406 3002 2218 580 537 598 629 611 END
START -7772 20192 -1220 868 -86 3312 583 541 601 632 612 END
START -6360 22576 988 1058 -866 3908 584 543 605 636 612 END
START -2420 20308 -3092 1380 -603 3179 584 546 609 639 613 END
START -1892 15668 -4620 2404 -1199 2368 587 549 613 643 614 END
START -1340 12128 -5808 3819 -2757 1609 591 554 617 645 611 END
START -576 10144 -4876 5763 -3579 700 592 558 621 648 615 END
START -1924 9352 -800 7956 -3565 619 594 561 624 651 616 END
START -2956 8228 388 10222 -3136 590 594 564 628 654 614 END
START -3276 8924 692 12888 -3176 209 595 567 630 656 617 END
START -2776 10416 -1176 15486 -3682 -268 595 570 632 658 618 END
START -3000 9256 -3588 17481 -5325 -723 597 573 634 660 618 END
START -2360 7624 -2956 19530 -5963 -1797 597 576 636 662 619 END
START -3160 2624 -2312 21543 -4829 -2852 597 578 638 663 619 END
START -1740 764 -4764 23832 -3748 -4348 597 582 640 665 620 END
START -1344 -580 -9412 25384 -2246 -5055 599 584 641 667 621 END
START -2932 -1188 -12936 26857 -2215 -5328 599 584 642 666 621 END
START -2796 2180 -15424 27930 -2490 -5450 599 585 642 667 621 END
START -4392 5136 -11400 28040 -2928 -5343 599 586 642 667 622 END
START -5224 3888 -10164 27637 -2272 -5808 600 588 644 668 622 END
START -3976 -2356 -15948 27083 -743 -7307 600 589 645 669 623 END
START -4184 -4268 -20540 27341 953 -7678 601 590 645 669 623 END
START -2784 1128 -23528 27224 982 -7574 601 589 645 670 624 END
START 2160 1576 -24560 26214 3568 -7275 601 590 647 671 625 END
START -5976 2176 -19040 24599 6745 -7283 601 592 647 672 625 END
START -8792 1512 -19212 22314 11204 -6960 602 593 648 673 625 END
START -9332 -1612 -21556 19465 11035 -5673 603 593 650 673 626 END
START -7108 -5124 -25696 16416 5166 -4719 603 595 651 674 626 END
START -4796 -5436 -28336 13407 2293 -4122 604 595 651 675 627 END
START -2976 -3788 -30360 10332 3598 -3433 604 597 652 676 627 END
START -1768 -1928 -31128 7013 5690 -2505 605 598 652 676 627 END
START -6332 2328 -26500 3275 4949 -1241 605 598 653 676 628 END
START -6724 2468 -25072 -464 1515 -114 606 598 653 676 627 END
START -5252 2804 -25496 -3610 -1387 516 606 598 653 676 627 END
START -4952 2660 -24092 -6780 -2232 917 607 601 653 675 628 END
START -5772 1568 -22264 -9844 -1389 949 607 599 652 676 628 END
START -6236 -148 -20708 -12724 -354 1110 610 598 651 675 627 END
START -7336 -3868 -20692 -15072 -1074 1394 611 598 650 672 625 END
START -5036 -5560 -23792 -16797 -2395 1616 611 596 645 667 622 END
START -4948 -3892 -24040 -17899 -3790 2152 612 591 637 659 619 END
START -3208 -228 -24336 -19475 -4126 2620 612 586 625 649 616 END
START -3744 2820 -21440 -20956 -4107 2963 611 580 618 640 614 END
START -3944 3884 -19564 -21939 -4844 3237 611 573 610 633 612 END
START -5788 4848 -15600 -22814 -6512 3457 610 566 605 626 611 END
START -5040 1164 -15948 -23535 -7250 2885 609 561 599 623 609 END