START -7456 13592 -4112 -2541 766 146 661 591 632 651 633 END
START -7452 13672 -3856 -2282 881 159 665 590 632 653 634 END
START -8236 13456 -3360 -1572 792 331 664 590 632 653 634 END
START -8380 13028 -3540 -820 -1 372 669 590 632 651 618 END
START -8220 13196 -4036 -358 -643 380 666 587 632 653 635 END
START -7808 13008 -4780 -103 -979 326 664 589 632 653 634 END
START -7492 12848 -5276 13 -802 61 665 590 632 653 634 END
START -7048 12708 -5316 196 -57 -104 665 589 631 653 634 END
START -7992 13080 -5228 196 259 -241 666 580 630 676 636 END
START -8384 13552 -5200 20 131 161 666 588 631 654 635 END
START -7752 13268 -6924 22 -37 -119 665 589 632 653 634 END
START -8820 12348 -6308 -300 -514 -246 667 588 631 652 634 END
START -8240 12384 -5608 -622 -76 147 664 588 631 653 633 END
START -7388 13524 -4644 -631 375 430 667 583 632 652 623 END
START -7388 14076 -4200 -495 719 502 665 591 633 653 633 END
START -7704 14744 -4084 -455 678 429 666 588 631 650 633 END
START -7416 14732 -4344 -216 713 469 665 578 630 652 636 END
START -7976 15348 -3980 140 552 507 664 579 630 654 634 END
START -7752 15496 -4736 620 35 596 666 558 639 654 633 END
START -6708 15536 -5520 1110 -392 663 667 586 630 656 635 END
START -5964 15428 -6312 1333 -685 936 665 585 629 654 634 END
START -8128 16040 -4624 1374 -738 1085 664 586 631 655 635 END
START -6116 16140 -6324 1429 -736 1153 666 587 631 655 632 END
START -9680 16436 -3168 1691 -315 934 665 585 630 654 633 END
START -8080 16808 -2728 2558 -703 679 666 586 628 657 633 END
START -9492 16500 -628 3424 -1381 1439 664 586 628 655 632 END
START -4780 15204 -4196 4075 -1288 1397 665 585 628 655 633 END
START -3976 14340 -4876 4796 -1482 711 665 586 629 656 637 END
START -2220 14292 -6772 5408 -1626 178 663 585 629 657 634 END
START -7484 14228 -2820 6229 -2310 -478 665 579 629 656 634 END
START -11056 14020 268 7054 -3403 -736 665 586 628 657 633 END
START -5916 12200 -4508 7657 -3929 -1055 665 587 625 657 630 END
START -6264 11176 -5504 7864 -3891 -2028 664 588 629 657 633 END
START -6556 9816 -8124 8118 -2528 -2728 665 586 628 661 634 END
START -5512 8336 -9144 8456 -923 -3380 664 589 630 660 641 END
START -5968 7972 -9064 9080 -1667 -3290 665 591 630 656 634 END
START -10416 9472 -5932 9294 -2377 -3779 645 589 622 662 636 END
START -2916 9752 -11808 9306 -166 -4195 669 589 631 663 636 END
START -7668 10136 -9424 9015 2325 -4472 664 594 630 661 634 END
START -12608 10384 -6872 9075 2054 -3723 667 593 626 657 635 END
START -8628 9736 -10220 9595 877 -2823 665 590 631 665 633 END
START -6960 10368 -11816 9925 -255 -2795 665 592 630 663 634 END
START -9196 10596 -10240 10058 -744 -2687 665 593 631 663 634 END
START -8852 10288 -10784 10047 268 -2894 665 593 630 658 626 END
START -6484 9884 -12592 9502 2505 -2897 667 593 631 663 635 END
START -9628 10676 -9460 9042 3423 -1748 666 593 631 664 634 END
START -8988 10620 -10816 8940 2567 -1267 668 597 627 665 635 END
START -8676 9576 -11248 9148 1625 -1124 665 594 631 665 637 END
START -7452 9252 -11376 9301 1667 -1908 664 594 631 666 634 END
START -5316 8440 -12952 9282 3414 -2325 665 631 632 669 638 END
START -7500 7788 -11204 8892 4644 -2182 664 595 630 664 635 END
START -9912 7020 -10560 8924 3792 -1779 665 594 631 666 635 END
START -8864 7036 -11368 8848 2981 -1998 667 595 631 666 635 END
START -8460 6704 -11496 8880 2770 -2404 665 594 631 665 635 END
START -9816 5916 -10528 9159 1319 -1968 664 595 632 666 637 END
START -9440 5384 -11392 9348 -665 -2031 665 595 632 666 634 END
START -7668 4628 -12440 9045 -146 -2738 664 594 631 669 636 END
START -8280 4260 -12372 8620 1876 -2900 665 595 631 666 634 END
START -9960 3896 -11512 8432 2731 -3104 664 594 631 666 634 END
START -10356 3452 -12172 8742 2091 -3228 670 598 630 664 634 END
START -10340 3244 -11700 8998 1334 -3565 662 594 630 665 635 END
START -7052 716 -15184 8863 2507 -4635 664 594 631 667 635 END
START -7696 1700 -15124 8398 4244 -5169 670 595 630 659 635 END
START -9344 -396 -16244 8158 3892 -5187 664 594 629 667 636 END
START -10456 -932 -15456 7912 1982 -5122 665 594 631 666 634 END
START -10648 1572 -14164 7857 535 -5029 665 594 630 666 634 END
START -8992 1560 -16540 7286 349 -5007 665 595 630 667 634 END
START -10536 1212 -16648 6222 687 -4659 665 594 631 667 635 END
START -10564 1692 -17104 4991 471 -3900 665 595 629 667 634 END
START -11324 2048 -16692 3858 -88 -3153 664 592 637 667 634 END