START -9712 17256 -7368 -3604 -8736 3026 642 527 571 620 595 END
START -9204 17588 -7368 -3733 -9318 3396 642 529 570 615 595 END
START -6876 18688 -7832 -4248 -9030 4407 646 543 566 618 598 END
START -5244 18788 -7932 -4848 -6990 5002 644 534 568 622 602 END
START -4912 17960 -6848 -5529 -4742 5402 644 531 570 619 597 END
START -5676 17260 -6040 -5805 -4614 5492 651 522 564 640 596 END
START -5784 16868 -6916 -5676 -6520 5727 662 534 572 621 597 END
START -4056 17376 -7872 -5403 -8881 6165 648 533 567 620 600 END
START -1832 16196 -7960 -5138 -9108 6116 647 537 574 626 599 END
START -2220 14752 -5932 -5104 -7729 5846 653 546 579 638 595 END
START -2584 14884 -5272 -4602 -7394 5493 649 542 580 632 600 END
START -1940 15932 -6092 -3609 -8056 5158 650 543 585 636 602 END
START -224 15168 -6668 -2509 -7596 5061 646 542 570 642 600 END
START 1024 14808 -6488 -1262 -4607 4514 650 545 584 638 602 END
START 112 14680 -4232 -327 -1099 3981 652 545 586 638 603 END
START -396 14440 -5124 505 380 3539 652 557 588 642 604 END
START 1008 14640 -6580 1383 565 2787 650 549 591 646 606 END
START 2016 13860 -8296 1891 228 2784 652 551 592 647 605 END
START -4744 13088 -3756 2633 -1063 3141 653 550 593 646 604 END
START -792 12616 -5972 3371 -1824 2809 656 551 593 646 606 END
START 2304 11728 -8048 3974 -697 2425 652 551 593 646 611 END
START 4164 11344 -9604 4420 888 1693 651 550 593 628 606 END
START 3600 11012 -9792 4830 2491 1229 652 551 592 646 609 END
START 452 10300 -8860 5490 2623 1363 653 550 593 647 607 END
START 2504 10832 -9752 6202 1836 1262 651 531 591 647 591 END
START -6892 11112 -3176 6711 1344 1385 652 552 594 647 608 END
START -4244 10608 -5076 7194 1229 1076 649 550 599 651 606 END
START -8220 10508 -3516 7640 2250 422 653 551 594 648 607 END
START 1452 8496 -12516 8181 1786 585 653 551 591 647 606 END
START -2604 8896 -9488 8912 500 903 646 554 592 647 601 END
START -6756 9632 -4932 9341 -1002 1039 652 550 596 648 606 END
START 3472 7496 -12920 10036 -81 366 655 554 596 649 609 END
START 1456 7996 -11336 10363 992 -274 654 553 595 651 610 END
START 5648 6804 -16172 11128 2597 -122 654 553 595 650 610 END
START 4948 6220 -15704 12141 3817 171 649 554 596 651 609 END
START -1160 7044 -11128 12673 2766 221 656 558 596 658 609 END
START -11084 8356 -4744 13145 28 444 655 554 598 652 610 END
START -6752 7172 -8496 13521 -2203 -131 632 551 595 651 608 END
START -5124 7084 -10028 14004 -945 -169 652 559 596 653 611 END
START 5560 6440 -17136 14488 3754 -356 653 553 593 652 616 END
START 4064 7260 -16444 14489 5454 -203 661 553 586 651 616 END
START -5472 8460 -10768 14232 3563 349 649 552 591 653 619 END
START -6356 8504 -10532 14088 384 403 655 550 591 653 612 END
START -5192 7308 -11956 13644 -843 88 667 495 589 640 608 END
START -516 6804 -14852 13152 -274 -80 655 546 589 655 610 END
START -4592 7516 -12304 12654 1114 -155 656 548 587 651 605 END
START 1868 6976 -17772 12175 1815 -332 657 543 587 647 608 END
START 5004 6624 -20712 11626 955 -487 654 548 587 652 613 END
START -1408 7412 -17148 11002 -1 -482 655 546 586 651 611 END
START 3776 6892 -20300 10606 -635 -355 654 546 585 644 611 END
START -3060 7716 -15544 10381 -253 -166 654 546 582 649 613 END
START -3336 7604 -16136 10142 638 -66 656 536 586 650 611 END
START -6448 7380 -14732 9741 -184 21 655 557 587 643 617 END
START -1804 6560 -18120 9320 -1884 102 655 544 584 649 614 END
START 5300 5868 -22716 8914 -1888 46 655 545 585 646 612 END
START 3712 5612 -21164 8777 -562 -110 657 547 583 648 612 END
START -1152 6080 -17912 8469 1409 -76 656 546 585 648 611 END
START 2256 4708 -21356 8201 797 166 661 545 584 646 643 END
START -1036 4992 -19192 7957 -1143 507 656 545 587 649 612 END
START 3976 4424 -22184 7590 -1006 578 653 545 585 647 612 END
START 1732 4744 -20784 7044 433 587 653 546 579 644 615 END
START -2208 5016 -18500 6539 305 619 654 546 586 650 613 END
START -3768 4812 -17656 5993 -229 678 630 544 577 647 612 END
START -1772 4232 -18876 5632 -682 690 654 548 585 647 612 END
START -2792 4516 -18080 5254 -445 792 654 552 586 647 613 END
START -388 4280 -20108 4735 79 743 644 545 575 642 612 END
START -3808 4492 -17884 4159 -872 680 656 545 583 646 612 END
START -3716 4304 -17732 3564 -2109 603 654 553 586 647 611 END
START -2448 3796 -18384 3098 -1946 522 653 546 586 646 610 END
START 2752 2912 -21700 2606 -542 399 656 539 585 647 613 END