START -3040 14876 -6696 -651 128 80 560 527 590 621 603 END
START -3188 14808 -6700 -648 99 158 560 527 590 621 604 END
START -3512 15000 -6600 -686 -234 248 560 527 590 621 603 END
START -3460 14892 -6564 -727 -598 254 560 527 590 621 605 END
START -3264 14936 -6632 -743 -838 257 560 527 590 621 603 END
START -3208 15180 -6816 -708 -800 270 560 528 590 621 604 END
START -3292 15100 -6788 -738 -761 305 560 528 591 621 603 END
START -3660 15052 -6316 -940 -1116 305 560 528 590 621 604 END
START -3240 15320 -6356 -869 -1260 265 560 528 590 620 604 END
START -2716 15052 -7044 -545 -1050 5 560 528 590 621 604 END
START -3424 14088 -7252 -675 -848 -129 560 528 590 621 604 END
START -4024 14020 -7608 -853 -783 -47 560 528 590 621 604 END
START -4136 13964 -7840 -1067 -1153 -184 561 528 590 621 604 END
START -3112 14768 -7948 -866 -1387 -219 560 528 590 621 604 END
START -3224 16760 -6276 -1006 -2076 288 558 528 590 620 603 END
START -4020 14588 -6144 -1723 -2594 75 560 528 590 621 604 END
START -3012 14032 -8356 -846 -1609 -600 560 528 590 621 604 END
START -4340 17404 -4760 -1262 -2632 189 560 528 590 621 604 END
START -3260 13776 -8200 -777 -2411 -630 561 528 590 621 604 END
START -4584 17624 -4312 -956 -3343 332 561 529 590 622 604 END
START -3356 16852 -7496 277 -2629 -254 561 530 588 623 605 END
START -4656 17020 -4048 -597 -4488 331 562 531 592 623 605 END
START -3652 21224 -2424 516 -4059 901 564 534 593 624 606 END
START -1080 17936 -6176 1077 -2973 331 564 534 594 625 606 END
START -2184 16072 -2816 911 -3525 325 566 535 595 627 606 END
START -3612 18304 436 1765 -3171 855 567 537 597 629 607 END
START -2652 20068 -1712 3459 -2238 327 568 539 599 631 607 END
START -1908 17344 -3908 4682 -3165 -370 570 540 601 632 608 END
START -1384 13660 -4580 6053 -4743 -1198 571 543 604 636 609 END
START -536 11124 -4048 7890 -5089 -1827 572 545 606 638 606 END
START -1692 9472 -3416 9632 -4836 -2221 573 546 608 640 610 END
START -2692 8220 -3684 11277 -5115 -2827 574 549 612 642 611 END
START -2856 7084 -4032 13262 -5909 -3380 575 552 615 644 611 END
START -2668 5876 -5760 15149 -6809 -3908 574 555 618 647 613 END
START -1580 4504 -6152 17169 -6250 -5005 575 558 621 649 613 END
START -1384 3820 -7332 19002 -4176 -5696 575 561 624 650 614 END
START -2592 5472 -9604 20580 -3367 -5853 577 564 624 652 615 END
START -4000 5412 -10172 21890 -4578 -5896 577 565 627 653 617 END
START -4188 5604 -10504 22954 -6167 -6180 579 566 629 655 615 END
START -2568 7660 -9568 23760 -5782 -6826 580 570 629 655 615 END
START -1876 6680 -10132 23968 -941 -7812 580 568 630 656 616 END
START -5240 2744 -8768 24094 2523 -8351 579 569 630 655 617 END
START -9180 -256 -9136 24343 702 -8200 581 570 630 656 617 END
START -9868 228 -10016 24659 -3624 -8208 581 570 630 657 617 END
START -4976 -3644 -15808 24844 -4570 -9229 583 570 631 657 617 END
START 28 -1564 -19624 25028 3244 -10697 582 570 631 657 617 END
START -1784 -496 -20356 24618 11079 -10861 583 571 632 657 618 END
START -6576 1412 -20208 23776 13358 -9035 583 571 631 657 618 END
START -11616 2960 -16384 21817 9471 -7008 583 571 631 657 618 END
START -10532 -1956 -18332 19812 4651 -5762 584 572 631 658 618 END
START -6920 -3740 -21460 18275 3969 -5552 585 571 631 657 617 END
START -9224 -2420 -23128 16187 5820 -4983 586 572 631 658 618 END
START -9288 -1320 -25960 12852 9225 -3685 587 572 632 657 617 END
START -5772 1480 -28944 8378 8542 -1778 589 575 633 658 618 END
START -12140 2112 -24484 3438 5760 -61 592 578 634 658 617 END
START -6100 2672 -28104 -1426 4739 1298 592 580 634 659 617 END
START -3568 2768 -27596 -6054 3637 2255 592 582 634 658 618 END
START -7944 2696 -22708 -9944 1111 2674 593 583 634 657 614 END
START -6920 1124 -22460 -12737 -800 2531 594 583 626 654 612 END
START -9376 620 -20084 -14937 -2519 2019 595 583 629 648 610 END
START -664 -1816 -26600 -16556 -2450 1420 599 582 625 642 606 END
START -2492 -1728 -24432 -17722 -3412 1094 600 578 620 637 603 END
START -8104 640 -21184 -18318 -4242 1116 601 576 614 633 599 END
START -5060 2016 -23116 -19087 -4478 1432 603 573 609 628 597 END
START -3412 6224 -23504 -19794 -3954 2392 603 570 603 624 596 END
START -5532 6504 -20836 -20585 -4278 3509 603 568 600 623 594 END
START -7552 8348 -17464 -21442 -3492 4609 602 567 597 621 594 END
START -9372 8420 -15376 -22372 -3259 5592 602 565 595 620 595 END
START -9436 7912 -14368 -23247 -3892 6371 603 563 593 618 593 END
START -9872 5012 -12584 -23803 -4238 6798 598 561 591 618 593 END