START -2916 14572 -7460 -751 -1865 509 586 536 594 626 617 END
START -2472 14464 -7512 -745 -1467 458 587 536 594 626 617 END
START -2604 14560 -7584 -646 -250 318 586 536 594 626 617 END
START -3244 14544 -7392 -582 274 185 586 537 595 627 617 END
START -4004 14768 -7028 -677 -95 185 586 536 595 627 618 END
START -3784 14724 -7012 -829 -1012 -12 586 537 596 627 618 END
START -3032 14856 -7036 -888 -1115 -4 587 538 596 628 618 END
START -2240 14328 -7496 -696 -520 -334 579 539 596 628 617 END
START -2668 13916 -7280 -834 847 -423 587 537 596 627 617 END
START -3624 14992 -6664 -965 1775 -162 589 538 591 628 618 END
START -4208 15424 -6876 -1010 1684 -86 589 539 596 627 617 END
START -4664 15240 -6724 -1155 826 -48 589 539 595 628 618 END
START -5092 14464 -6724 -1354 -268 -131 589 538 595 628 618 END
START -4372 12964 -8596 -999 -1219 -498 589 539 596 628 619 END
START -3344 15408 -7576 -437 -1735 -219 590 538 596 629 618 END
START -2904 14364 -6184 -1425 -1866 197 590 538 596 627 618 END
START -1524 13308 -9268 -559 878 -705 591 539 596 628 619 END
START -3592 16160 -5332 -752 1237 22 591 538 595 628 617 END
START -3968 12680 -8532 -581 1561 -723 591 539 596 628 618 END
START -4916 17048 -4976 -957 157 226 592 539 596 629 618 END
START -2956 14212 -9768 -620 951 -612 593 539 596 628 618 END
START -4980 15036 -5868 -2162 -74 2 592 539 597 628 618 END
START -4632 18764 -5548 -1323 -225 278 593 539 597 629 618 END
START -2504 15892 -9744 -1148 -543 138 595 539 596 629 618 END
START -2944 15084 -8836 -1048 -320 1040 597 540 597 632 619 END
START -4740 18372 -3816 -72 1176 1713 601 542 595 635 619 END
START -5416 22992 -1244 550 2445 2352 603 545 604 638 619 END
START -4140 22220 -1516 788 2621 1759 604 549 608 641 620 END
START -2356 18040 -2816 1257 1148 1072 605 553 613 645 621 END
START -1052 14700 -2444 2611 -320 492 605 556 617 647 620 END
START -1812 11368 -904 4045 -867 204 606 560 620 650 621 END
START -2052 9672 -844 5988 -1010 -300 607 563 623 653 622 END
START -4224 10204 1400 8460 -2264 -356 606 566 627 656 622 END
START -3432 8248 1560 11513 -4840 -890 607 571 631 659 622 END
START -1876 6084 -48 14581 -5717 -1560 607 576 634 662 622 END
START -1252 3824 -2260 17038 -5040 -2533 608 580 637 665 624 END
START -1200 1712 -4568 19618 -4947 -3813 608 583 638 666 624 END
START 16 800 -7248 21685 -4111 -5087 608 585 640 667 625 END
START -2392 1016 -5420 23338 -3331 -5446 608 587 641 670 625 END
START -2808 344 -8468 25219 -3815 -6263 608 588 643 670 626 END
START -1544 2160 -11972 26478 -3940 -7354 609 591 644 671 626 END
START -1360 3920 -16096 26916 -2546 -7287 609 591 644 672 627 END
START -4984 6800 -13760 26446 -1163 -6558 610 591 645 672 627 END
START -7348 6304 -11048 26332 -463 -6671 610 592 646 673 627 END
START -5356 3088 -11736 26256 1610 -6866 611 593 647 673 627 END
START -9428 2020 -11108 26146 2660 -7247 611 594 647 674 629 END
START -5440 -788 -17560 25781 4330 -7660 612 596 649 676 628 END
START -6892 -3880 -19912 25165 3038 -7341 611 595 648 675 629 END
START -7588 -5376 -18512 24762 2408 -7579 612 597 649 675 630 END
START 388 -1868 -24196 24229 6442 -7741 613 598 651 676 629 END
START -1416 -308 -23428 23035 11484 -7719 612 599 650 676 631 END
START -7556 1176 -21444 21318 10561 -6046 614 600 653 678 630 END
START -5776 -856 -23464 18462 5465 -4889 614 600 651 678 630 END
START -3836 -2832 -22972 14815 5303 -4847 614 600 651 678 630 END
START -3992 -6412 -25792 11418 8821 -4365 614 601 652 678 631 END
START -4120 -6960 -28152 8074 9019 -3786 615 601 652 678 630 END
START -4860 -4688 -30204 4472 7502 -2669 616 602 652 678 631 END
START -3052 -2840 -30292 735 5839 -1556 617 603 652 679 631 END
START -3920 -900 -28100 -2779 3446 -554 617 603 652 679 629 END
START -4088 1016 -25508 -5787 1809 8 618 599 653 678 632 END
START -3468 256 -25780 -7989 998 15 617 604 653 678 632 END
START -2648 -684 -25256 -9742 777 -156 617 604 653 677 631 END
START -3284 964 -23264 -11419 606 325 617 603 653 676 630 END
START -4292 2180 -21332 -12913 -165 814 619 601 651 674 631 END
START -7348 2528 -18160 -14798 -2221 1683 622 597 647 670 629 END
START -3688 1068 -20716 -17105 -4351 2268 623 589 641 665 628 END
START -11576 -2068 -15408 -19005 -7323 2498 624 582 636 660 627 END
START 4684 -6720 -28368 -20265 -5482 2219 625 576 632 656 626 END
START -488 -6572 -23500 -21076 -3932 2106 628 574 629 652 625 END
START 6856 -3136 -27320 -21380 3450 1186 630 575 629 651 625 END