START -10200 12864 -1640 -5315 3912 -1110 660 556 609 648 623 END
START -10480 12608 -1932 -5080 3652 -927 660 556 609 646 623 END
START -11160 12660 -2068 -4184 1792 -508 661 551 610 647 623 END
START -10460 13068 -2960 -3238 -116 -244 660 556 609 648 625 END
START -8976 13540 -2728 -2496 -428 -316 660 557 609 642 622 END
START -8616 12856 -2680 -1939 450 -249 658 558 609 647 623 END
START -9232 13108 -2456 -1442 1040 -118 660 558 610 647 623 END
START -9708 12316 -3696 -894 263 -348 660 556 602 647 623 END
START -10148 12256 -3856 -669 -316 81 659 557 611 643 623 END
START -9672 13524 -4332 -706 48 759 661 556 610 651 623 END
START -9396 13176 -5308 -804 606 517 659 561 613 646 622 END
START -8984 12496 -5644 -1043 94 445 661 557 610 647 625 END
START -8876 12620 -5244 -1283 -32 330 661 558 611 649 623 END
START -8172 12432 -6036 -1339 100 151 670 558 611 647 623 END
START -8308 12188 -5584 -1373 358 -151 660 559 612 647 623 END
START -8516 12284 -5960 -1488 1093 -190 662 557 610 632 626 END
START -9992 12828 -5384 -1651 830 -67 661 558 611 648 623 END
START -9908 12844 -5208 -1710 254 -17 660 558 611 646 623 END
START -10028 12948 -4556 -1592 21 20 662 562 607 651 616 END
START -10408 12756 -3848 -1352 -50 -114 662 558 609 648 623 END
START -6840 12660 -5884 -798 607 -298 661 558 612 649 621 END
START -7928 12864 -4824 -237 896 -335 665 557 631 649 620 END
START -7528 13364 -4796 449 772 -58 661 559 612 649 623 END
START -8752 13500 -4420 1386 -443 392 661 560 611 648 623 END
START -10308 14248 -2896 2686 -2652 1304 661 543 613 648 624 END
START -12064 16528 -1088 4408 -4316 1917 661 538 609 648 624 END
START -8548 17492 -1712 6127 -5025 1896 661 562 614 648 623 END
START -5420 17772 -632 7236 -5298 1294 660 567 602 650 623 END
START -7896 17432 -284 7913 -1718 2122 660 564 616 649 626 END
START -8132 17056 -2116 8319 544 1281 661 564 615 655 625 END
START -9444 16576 -2048 8844 1160 1069 661 565 615 650 611 END
START -7360 14380 -3484 9580 789 1224 660 563 616 651 625 END
START -7108 14500 -4484 10356 -1094 1011 661 565 619 654 625 END
START -5964 12756 -6824 10580 -1693 626 660 573 611 658 641 END
START -8920 12028 -4368 10442 87 -760 663 570 618 655 625 END
START -6980 11200 -6504 9994 3507 -1233 661 568 617 655 623 END
START -7912 9248 -7076 9438 5102 -892 659 567 619 656 626 END
START -10128 9340 -7452 9681 2915 -426 660 566 618 661 628 END
START -11040 8440 -6292 10542 87 -646 658 571 620 661 628 END
START -10184 7452 -7840 11227 -415 -1591 659 573 622 662 629 END
START -6752 6692 -10708 10871 2471 -2628 660 574 621 663 631 END
START -6748 5080 -11728 10484 4865 -2443 660 576 624 666 625 END
START -12416 4352 -8044 10486 3191 -1668 660 573 655 668 632 END
START -9944 6428 -8712 11609 -1039 -1160 662 581 630 677 633 END
START -8764 6732 -10464 12470 -3854 -1477 660 583 630 666 632 END
START -6252 6884 -12720 12489 -3047 -2478 659 585 633 669 633 END
START -4532 6976 -12852 11840 698 -3636 652 583 641 670 611 END
START -6156 7268 -10768 11388 3373 -3582 660 587 638 671 634 END
START -9884 7368 -9868 11910 1544 -2597 661 588 638 668 635 END
START -10000 7472 -10752 12748 -1450 -3163 655 593 641 657 634 END
START -5464 7736 -13532 12645 333 -4466 661 591 640 672 635 END
START -7404 8120 -11152 12049 3930 -4832 656 591 641 672 636 END
START -11092 7096 -9844 12121 3608 -3788 660 593 641 673 636 END
START -9024 4460 -13312 12732 1703 -3813 660 593 646 675 637 END
START -7968 4228 -13268 12649 2984 -4795 661 594 642 674 638 END
START -8780 4336 -14240 11245 6949 -5091 660 594 642 673 636 END
START -10348 3028 -13892 9500 7902 -4194 663 596 658 676 639 END
START -13792 2364 -13768 8764 2813 -2280 660 595 643 674 637 END
START -11680 1040 -17032 8000 -1799 -1989 661 595 642 668 636 END
START -10592 92 -17420 6497 -1369 -2515 660 596 642 674 637 END
START -9680 1404 -17580 4828 428 -1803 658 596 641 673 639 END
START -11584 2940 -15436 3768 -182 -1067 661 597 642 675 637 END
START -12344 1276 -16148 3088 -1344 -1264 661 597 643 673 637 END
START -9288 1120 -17884 2423 80 -1799 657 589 648 673 639 END
START -11124 1564 -16272 1824 478 -1581 661 597 642 675 637 END
START -12808 1552 -14680 1411 -252 -1381 662 598 642 674 637 END
START -11072 1964 -15396 1188 -607 -1473 663 598 647 670 637 END
START -11620 2264 -14740 960 -486 -1276 661 596 642 674 636 END
START -12588 3004 -13744 658 -441 -1033 661 596 642 674 638 END
START -11620 2996 -14232 398 -476 -809 661 595 642 674 637 END