START 364 11376 -7732 3079 1527 1222 657 524 560 619 597 END
START -108 11448 -7600 3364 1747 1134 649 527 568 619 595 END
START -1020 11712 -7360 4117 1423 1107 634 522 562 625 596 END
START -2236 11652 -6648 4804 135 1011 644 526 566 618 596 END
START -2384 11756 -6880 5303 -1468 667 649 526 568 616 595 END
START -868 11100 -7368 5698 -1822 96 657 532 571 619 598 END
START -452 11132 -8512 5907 -990 -194 651 529 571 621 595 END
START -820 10720 -9340 6111 -846 -182 649 528 569 621 601 END
START -620 11328 -9304 6561 -529 -154 648 528 573 621 608 END
START -1136 10712 -8600 6808 -181 -594 649 529 571 622 596 END
START -1980 10732 -7580 6546 746 -639 648 529 568 621 596 END
START -1720 11472 -8544 6492 586 -766 647 528 569 626 595 END
START -736 11912 -9720 6648 103 -726 648 529 568 621 596 END
START 48 12252 -10344 7059 390 -587 641 536 570 622 600 END
START -1072 13428 -9152 7347 1091 -634 650 528 571 624 598 END
START -3380 13820 -7340 7137 269 -578 649 530 561 622 595 END
START -3920 13464 -7412 6987 -899 -764 649 535 571 623 581 END
START 1560 11960 -11120 7072 -185 -1162 651 532 566 621 600 END
START 2356 10884 -12044 7244 1544 -1013 648 529 571 620 597 END
START -4228 11172 -7812 7124 2867 -1216 651 530 573 587 568 END
START -988 10992 -10600 6827 4293 -1542 644 533 570 618 597 END
START -400 9644 -11968 6673 2659 -1392 649 529 569 622 596 END
START -8860 9500 -6548 6703 160 -1094 648 524 571 619 590 END
START -7436 8336 -9108 6839 -1854 -850 626 531 539 610 598 END
START 2508 6532 -16864 7164 -1533 -1049 647 530 569 621 596 END
START 1352 6708 -15532 7521 869 -1589 650 529 578 623 621 END
START 3788 6572 -17064 7580 3423 -1594 648 531 572 627 596 END
START -5808 7984 -11440 7630 3345 -1856 649 530 568 622 595 END
START -9672 9024 -9320 7693 1802 -1629 648 530 572 612 593 END
START -580 8384 -15792 7933 125 -1287 647 529 568 622 597 END
START -4312 8580 -12856 8059 -674 -989 649 531 569 619 596 END
START 5116 8464 -18452 8065 261 -1168 655 530 544 619 593 END
START 544 9640 -14968 8003 1631 -1387 647 533 569 622 598 END
START 3328 8320 -17768 8059 2211 -1564 656 530 573 623 596 END
START -3080 9156 -13456 8135 2104 -1680 650 531 576 624 597 END
START -5588 9644 -11628 8240 2186 -1458 650 553 572 626 599 END
START -856 9276 -15528 8358 3091 -1335 650 533 574 629 598 END
START 3576 8764 -19116 8608 3267 -1173 651 532 576 636 600 END
START -1416 9096 -16252 8557 3255 -764 649 541 583 641 601 END
START 2368 8640 -19260 8457 2189 -373 653 548 588 644 602 END
START -4772 9352 -14340 8239 1768 -150 654 553 604 649 605 END
START -5316 9252 -13964 8034 1467 -80 660 556 599 649 607 END
START -5884 8992 -14588 7634 2343 -63 656 564 602 658 607 END
START -2608 7924 -17808 7281 2428 -8 656 568 607 661 607 END
START -5684 8356 -15436 6874 1668 364 658 574 612 666 611 END
START -88 7724 -19108 6387 728 514 658 582 608 670 615 END
START -2000 7876 -17956 5690 11 318 660 588 619 673 616 END
START 2524 7088 -21352 4872 61 -67 658 589 621 673 609 END
START 3812 6808 -22480 4086 566 -236 656 589 621 673 616 END
START 1964 7096 -21028 3201 225 -232 658 590 622 673 616 END
START 2888 6996 -22452 2328 -76 -36 660 623 625 663 613 END
START 2560 7220 -21872 1554 -1077 58 609 592 624 674 618 END
START -540 7544 -19012 968 -1683 207 656 590 623 675 620 END
START -3284 7592 -16396 513 -1488 52 657 588 622 674 617 END
START -4944 7636 -14920 130 -698 -21 664 590 624 674 618 END
START -1940 7556 -17160 -115 -744 -74 662 592 622 677 619 END
START -5352 7744 -14332 -264 -1300 -37 606 590 624 671 617 END
START 964 7068 -18264 -403 -909 6 659 589 624 674 618 END
START -2764 6684 -15624 -515 -1659 -233 661 588 624 677 618 END
START 3220 6564 -19548 -550 -950 -117 661 586 624 672 627 END
START -544 6904 -16756 -583 -501 -26 660 587 623 673 618 END
START -4844 7220 -13844 -572 -604 76 680 586 584 674 618 END
START 1504 6560 -18248 -558 -1063 78 665 585 623 674 619 END
START -2600 6872 -15036 -524 -1276 141 662 593 627 673 620 END
START 2736 6496 -18964 -410 -812 236 662 585 624 672 620 END
START -660 6740 -16356 -317 -929 210 660 583 621 673 618 END
START -3944 6928 -14052 -249 -918 172 661 584 622 673 595 END
START 1204 6488 -17732 -236 -516 102 659 582 621 673 633 END
START -2752 6892 -15040 -204 -276 44 659 581 621 672 619 END
START -4948 7020 -13760 -182 -570 47 666 579 620 672 619 END