START -3872 13764 -8032 -1868 -350 -339 569 534 612 634 616 END
START -3812 13688 -8280 -1819 -206 -300 569 535 614 634 615 END
START -3756 13912 -8360 -1597 199 -144 569 536 613 634 616 END
START -3996 13828 -8268 -1309 227 -15 569 534 613 634 615 END
START -4144 14052 -7600 -1393 -256 -49 569 534 614 634 615 END
START -3772 13780 -8260 -1328 -708 -112 569 535 614 634 615 END
START -3448 13840 -8492 -1270 -736 -68 569 534 615 635 616 END
START -2884 14040 -8852 -761 -108 -85 569 534 614 635 616 END
START -3396 13328 -8976 -647 39 -268 569 536 615 636 616 END
START -3896 12996 -9164 -866 -31 -255 570 535 615 635 616 END
START -3992 13168 -8944 -1162 50 -207 570 536 616 635 616 END
START -3956 12724 -9556 -1168 191 -398 570 536 616 636 618 END
START -3948 13080 -9804 -849 -48 -352 569 535 614 635 616 END
START -3096 15112 -8656 -729 -373 209 569 535 615 635 615 END
START -3812 14820 -7424 -1444 -434 425 569 535 615 634 615 END
START -3760 12360 -10224 -997 593 -81 569 536 613 635 615 END
START -4340 16320 -7028 -1214 -11 405 570 536 616 635 615 END
START -4176 12164 -8900 -2057 -364 -123 569 536 616 635 615 END
START -3620 16188 -7348 -1471 -318 336 569 536 616 635 615 END
START -3292 11752 -10292 -1274 -101 -343 569 536 618 635 616 END
START -5036 14820 -5820 -1817 -891 563 570 536 617 635 615 END
START -4504 16796 -6844 -562 -177 603 569 536 617 636 616 END
START -5012 13696 -8520 -953 -879 445 570 537 617 636 616 END
START -7076 16568 -4248 -1598 -3113 1713 570 536 616 635 616 END
START -5324 18988 -3732 -775 -2900 2656 572 536 617 636 615 END
START -3928 20240 -5516 408 -236 2994 574 536 617 636 616 END
START -3516 17040 -9272 816 951 3060 575 537 617 637 615 END
START -5576 14956 -6448 276 -1461 3694 575 539 618 639 616 END
START -5580 15680 -4360 318 -3838 3959 576 541 619 640 614 END
START -4636 16712 -3304 612 -4866 4109 578 543 620 642 617 END
START -3052 17488 -3240 1161 -4989 3772 579 546 622 645 618 END
START -1504 18064 -3504 1875 -3659 2887 580 547 624 649 620 END
START -400 16992 -2060 3227 -1291 1816 582 550 626 651 621 END
START -1172 16236 -1392 5018 430 1053 584 552 628 653 622 END
START -1908 15856 -3268 6636 667 453 585 554 630 655 623 END
START -2444 13896 -5428 8780 -1209 74 587 556 632 657 623 END
START -2252 14112 -4428 10947 -3300 -477 588 558 634 660 624 END
START -1264 13348 -3728 12858 -3550 -983 589 560 635 661 625 END
START -284 12804 -4232 14513 -1220 -1904 589 562 639 662 625 END
START -2812 9124 -4916 15418 528 -2390 590 566 639 663 627 END
START -6100 9236 -5304 16576 -2002 -2013 592 567 641 664 627 END
START -6080 3612 -7940 17790 -6887 -2773 592 568 642 665 626 END
START -252 2328 -11704 19149 -5411 -4259 591 569 642 667 628 END
START -1192 2500 -12820 20089 -344 -5010 592 572 645 668 628 END
START 1684 5592 -17508 20617 3463 -4870 592 575 645 669 628 END
START -3364 6528 -15828 20751 2184 -4487 592 574 640 669 629 END
START -6748 7960 -12748 20702 -346 -4262 594 575 646 669 629 END
START -3320 7816 -14820 20486 306 -4326 595 575 647 670 629 END
START -1628 7352 -16104 20316 1812 -4203 595 578 647 672 629 END
START -4604 4324 -13652 19891 3641 -4657 595 578 647 670 630 END
START -6544 1584 -13080 19667 3753 -4416 594 578 648 670 629 END
START -7372 188 -13692 19778 -4 -4496 596 579 648 668 630 END
START -5396 -2220 -17148 19877 -2356 -4526 596 579 648 671 630 END
START -76 -2964 -21476 19669 3842 -6344 595 578 648 669 630 END
START -4396 -2452 -19704 19090 9729 -6567 596 579 648 670 630 END
START -3892 -1456 -22044 19085 10308 -5794 595 579 648 671 630 END
START -5792 2304 -20852 18038 6986 -4501 595 580 648 671 630 END
START -3636 2676 -22088 16448 6065 -3970 595 580 648 671 630 END
START -6496 1672 -18424 14105 5094 -3246 595 581 649 671 630 END
START -6256 -396 -18248 12100 3226 -3094 595 582 650 672 630 END
START -4544 -2424 -21044 10078 2712 -3048 595 584 650 673 630 END
START -3696 -5636 -25436 8067 2283 -2743 596 585 651 674 631 END
START -4492 -4968 -26364 5993 556 -2021 596 587 652 674 631 END
START -2760 -4508 -26408 3984 -365 -1335 597 590 653 674 631 END
START -1476 -3456 -26676 1954 713 -740 597 589 653 674 631 END
START -2432 -2256 -26056 -78 1086 -299 597 590 653 674 630 END
START -2640 -660 -25544 -2041 223 134 598 591 654 675 631 END
START -2328 -1764 -26428 -3881 -544 439 599 594 654 675 632 END
START -3360 1808 -22236 -5940 -960 999 599 591 654 676 631 END
START -1116 544 -24020 -7940 -951 1176 600 591 654 674 631 END