START -3072 14312 -7324 -1730 -131 -202 568 539 619 637 617 END
START -3012 14204 -7444 -1793 -280 -208 568 539 618 637 617 END
START -2800 14092 -7628 -1836 -565 -321 568 539 619 638 620 END
START -2464 14244 -7516 -1709 -108 -393 567 540 618 637 617 END
START -2884 14396 -7504 -1598 390 -429 567 540 621 637 616 END
START -3112 14048 -7172 -1292 401 -471 566 540 619 637 617 END
START -3476 13956 -7000 -972 -15 -324 567 540 620 638 617 END
START -2864 15020 -7092 -738 311 -118 567 540 620 638 617 END
START -3272 14368 -7680 -623 417 -244 567 540 619 637 618 END
START -3824 13896 -8028 -752 39 -129 566 540 620 638 617 END
START -3664 13728 -8440 -761 -180 7 568 540 619 638 619 END
START -3432 14036 -8540 -624 -218 145 567 540 619 637 617 END
START -3196 15528 -7260 -521 -511 380 568 540 619 637 617 END
START -3676 15624 -6284 -794 -1238 816 567 540 620 638 617 END
START -3588 13324 -7424 -1356 -1638 463 567 541 620 638 617 END
START -2408 15020 -8664 -656 -923 144 567 542 620 638 617 END
START -3476 15904 -5876 -1747 -1420 581 567 541 620 638 618 END
START -2548 14584 -8660 -834 -165 -269 568 541 620 638 617 END
START -4568 14932 -5068 -1542 -1512 404 567 541 620 638 617 END
START -3064 16080 -7016 -467 -868 -13 568 541 620 638 618 END
START -3948 12780 -7452 -1159 -1686 58 568 541 620 638 618 END
START -4964 17096 -3268 -1101 -2321 963 568 541 620 638 617 END
START -4160 19284 -4728 -40 -1035 1091 568 535 620 638 618 END
START -4112 15496 -7384 -200 -1503 1323 568 540 618 638 618 END
START -5552 16944 -3940 -200 -2802 2483 568 540 617 638 618 END
START -4492 18080 -2052 600 -3085 3187 569 542 618 639 618 END
START -2584 20996 -1864 1934 -1826 3223 570 544 616 641 618 END
START -1240 19656 -3944 3090 -1157 2779 571 545 619 642 618 END
START -440 16944 -5360 4463 -1658 1902 573 548 621 645 619 END
START -368 14508 -5424 5491 -2285 970 575 549 622 646 620 END
START -376 11940 -5384 6568 -3465 -71 576 551 624 648 621 END
START -664 9584 -4004 7884 -4932 -829 578 552 625 650 621 END
START -824 8416 -3544 9624 -5123 -1567 578 554 627 651 622 END
START -2456 8596 -2428 11155 -5364 -1884 579 556 629 652 622 END
START -1832 5740 -5788 13079 -5972 -2688 579 557 630 652 623 END
START -1036 5048 -6548 15085 -5781 -3720 580 559 632 656 623 END
START -1492 4740 -6088 17224 -4154 -4769 580 561 634 655 623 END
START 1928 6896 -11052 19095 -1985 -5529 581 562 635 657 625 END
START 1584 6928 -12984 20762 -1018 -5330 581 564 635 657 624 END
START -2688 7812 -10588 21970 -1562 -5236 581 564 637 658 625 END
START -3120 8808 -8716 22835 -3073 -5417 581 565 637 659 624 END
START -1764 7760 -9832 23522 -3026 -6166 583 567 638 659 625 END
START -2324 6032 -10816 23661 392 -6695 582 567 639 662 625 END
START -6252 4704 -10908 23825 1874 -6719 583 569 639 661 625 END
START -7252 240 -11784 23979 571 -6828 583 570 640 662 626 END
START -5188 -464 -14364 24026 -769 -7001 583 572 642 659 626 END
START -2584 -2184 -18768 23651 765 -7628 583 572 641 663 626 END
START -1808 -3488 -21416 23083 4201 -7740 584 572 642 664 627 END
START -7732 -1420 -18276 23232 4330 -7497 583 574 643 664 627 END
START 172 20 -24580 23031 6638 -6909 583 575 643 665 627 END
START 4112 944 -29072 22206 9532 -6814 584 577 644 665 627 END
START 2252 -492 -30492 20766 12437 -5789 585 578 644 667 628 END
START -13528 3528 -17648 18751 8576 -4129 585 581 646 665 628 END
START -6696 2500 -21372 16447 5641 -3130 586 584 647 669 628 END
START -1092 1020 -24144 13597 5072 -3166 587 587 649 670 628 END
START -7604 -4004 -21604 10491 5466 -2878 589 590 650 671 629 END
START -4916 -5800 -25716 7594 3975 -2790 591 592 652 672 629 END
START -6640 -5756 -26776 4390 1510 -1646 592 594 653 673 629 END
START -3244 -4872 -28644 1188 459 -452 595 597 654 674 629 END
START -1908 -2884 -28124 -2091 698 258 595 598 653 674 630 END
START -3068 -1284 -26292 -5016 1103 708 598 599 654 674 629 END
START -3044 -164 -25520 -7642 788 1055 599 599 653 673 629 END
START -3372 -1020 -24656 -9859 111 1093 602 599 653 672 628 END
START -2620 832 -23544 -11584 -617 1297 605 597 649 670 625 END
START -3040 3104 -21932 -12883 -1350 1596 608 593 644 664 623 END
START -5308 3332 -18072 -14524 -2744 1972 612 586 639 659 621 END
START -5328 2152 -18048 -15977 -3266 2002 613 579 632 654 619 END
START -5968 -2036 -18476 -16835 -3612 1899 614 575 628 649 617 END
START -4300 -2484 -20424 -16896 -3426 1717 614 574 625 645 616 END
START -5352 868 -20348 -16974 -4963 2122 614 571 623 642 614 END