START -6440 17656 -8388 -1000 -1882 2409 645 505 545 581 570 END
START -6252 17856 -8480 -1253 -2293 2679 643 507 544 588 574 END
START -5972 18152 -8024 -2206 -2421 3465 641 503 543 588 570 END
START -6588 18916 -7428 -3171 -2261 4020 644 505 544 586 568 END
START -6728 19916 -6676 -3936 -2888 4622 650 509 540 589 567 END
START -6748 19596 -6688 -4493 -4528 5148 644 506 546 587 569 END
START -6136 18588 -6680 -4961 -6777 5349 643 507 544 588 571 END
START -5296 18148 -7200 -5136 -8998 5535 644 507 544 590 569 END
START -4080 16876 -7188 -5010 -10766 5217 644 509 530 598 566 END
START -1868 17404 -6816 -4882 -10027 5059 646 520 545 595 569 END
START -1632 16876 -6588 -4447 -7577 4614 646 513 548 595 571 END
START -1532 15736 -6640 -3958 -5357 3515 649 509 554 597 566 END
START -988 15720 -7664 -3313 -3303 2829 646 511 550 598 572 END
START -832 15736 -7888 -2492 -1569 2521 648 517 553 598 575 END
START -1376 15188 -7900 -1493 -623 2701 644 516 551 599 572 END
START -3912 15168 -5604 -729 -1572 2852 645 515 551 600 571 END
START -3532 15096 -5032 -45 -3299 2387 646 517 565 600 573 END
START 1264 16916 -8212 599 -3651 1882 646 517 552 603 573 END
START 3312 15808 -10308 1390 -3742 1631 647 519 552 603 574 END
START -1224 15172 -5752 2347 -2689 2104 641 519 551 602 574 END
START -3252 15332 -3092 3417 -144 1754 647 519 554 604 574 END
START 2820 13884 -7156 4264 2311 1287 656 516 552 609 575 END
START 1280 13696 -6728 5095 3432 695 649 518 579 605 575 END
START 1652 12528 -8708 5660 2999 672 646 515 556 606 576 END
START 1608 11944 -9320 6635 772 1450 643 526 556 607 575 END
START 2924 12228 -9708 7666 -1880 1582 648 522 557 609 577 END
START -2908 12252 -4228 8428 -3041 1456 689 532 543 608 580 END
START -4648 11512 -2756 9096 -251 469 646 528 551 612 579 END
START 4572 9760 -10452 9402 4079 -473 648 528 563 616 581 END
START -592 9624 -9012 9868 6603 -219 645 526 566 618 584 END
START -6260 10660 -5424 10586 5873 562 652 529 564 618 582 END
START -148 9404 -9400 11232 3407 713 649 535 568 622 585 END
START -2396 9308 -7696 11789 765 991 649 536 587 625 586 END
START 5436 7692 -13016 12087 1095 100 655 539 574 628 585 END
START 7180 7704 -14300 12115 3965 -670 654 540 577 629 589 END
START 584 7032 -12740 12294 4504 -532 653 548 580 633 591 END
START -9720 7416 -6768 12654 3076 554 657 547 582 634 592 END
START -6604 7364 -9132 12653 558 806 655 546 583 618 594 END
START -340 6572 -12604 12436 -228 371 655 551 586 627 595 END
START -7996 6608 -7192 12168 324 -43 655 553 588 648 595 END
START -4652 6396 -10192 12075 757 -283 686 549 585 642 599 END
START -8088 6112 -8788 11996 96 -295 663 557 594 648 603 END
START -6468 5888 -11176 11831 -441 158 658 556 593 647 604 END
START -6144 5128 -11572 11583 -182 131 660 557 579 649 599 END
START -164 4016 -16456 11285 -129 -300 657 558 593 647 618 END
START 1832 3128 -18820 11093 60 -529 657 559 595 649 599 END
START 1732 3508 -19040 10843 -309 -685 659 559 594 648 601 END
START 1372 3292 -19668 10703 316 -1026 658 558 596 650 600 END
START 3456 2652 -21588 10535 1000 -975 665 571 595 650 600 END
START -2344 3508 -17508 10255 598 -741 648 559 595 651 601 END
START -8116 4708 -14244 9983 -780 -540 656 563 598 652 602 END
START -4508 5324 -16640 9623 -1581 -717 718 548 599 637 605 END
START 2052 5216 -21016 9046 -434 -933 661 560 603 652 603 END
START -2284 4652 -18560 8545 13 -1016 660 561 598 652 603 END
START 1872 4924 -21256 8158 1 -997 655 556 595 628 605 END
START -632 4808 -20152 7826 -406 -964 659 563 600 653 606 END
START -4940 4652 -18216 7353 -228 -783 660 561 600 653 603 END
START -540 4484 -20992 6798 -314 -671 660 562 597 651 598 END
START -3728 3944 -19028 6096 -530 -750 661 566 611 655 607 END
START 1664 3912 -22620 5348 -7 -724 660 562 596 653 604 END
START -1212 3988 -21168 4549 291 -702 684 565 599 652 605 END
START 2184 4084 -23560 3680 185 -395 661 563 599 652 606 END
START 24 3460 -22248 2795 -576 -287 665 563 593 656 607 END
START -3728 2808 -19232 1920 -1358 -242 661 561 600 653 610 END
START 1936 2876 -22496 1081 -751 -129 660 561 599 653 605 END
START 1216 3608 -21064 378 57 -71 655 569 590 654 596 END
START -4732 2768 -17816 -99 344 -280 661 562 599 654 604 END
START -7600 2284 -16064 -562 85 -359 626 564 594 650 605 END
START -3556 2856 -17848 -864 -840 -315 659 562 596 655 607 END
START -6816 2492 -15468 -1006 -1297 -245 660 561 601 650 605 END