START -8912 12804 -6308 -1643 1242 -882 660 543 593 630 604 END
START -9076 12992 -6320 -1617 1145 -809 661 543 595 627 581 END
START -8756 12792 -6340 -1582 995 -725 660 544 595 627 604 END
START -8600 12824 -6200 -1467 1166 -578 670 541 593 627 588 END
START -8664 12476 -6216 -1288 1060 -578 655 546 595 626 604 END
START -8736 12440 -6228 -989 1057 -764 660 543 595 627 605 END
START -8864 12784 -6408 -432 1419 -452 659 545 601 627 604 END
START -9176 12840 -6120 -638 371 -707 659 544 596 627 603 END
START -11760 13196 -6248 -1212 -868 1334 659 546 594 632 603 END
START -6904 12772 -9488 -1469 1859 279 657 538 596 629 604 END
START -9560 13728 -6444 -996 336 1067 658 545 596 628 604 END
START -6736 12112 -7916 -1494 1405 -279 653 544 596 633 602 END
START -8612 11876 -7156 -1405 -386 -556 658 524 595 629 606 END
START -7952 12328 -6912 -1260 -1429 -949 659 545 596 628 601 END
START -6960 12612 -7408 -1194 -1286 -1025 659 544 595 631 603 END
START -9180 13008 -6344 -1117 -1229 -857 659 545 595 629 602 END
START -7204 12968 -8428 -692 -1324 -551 655 550 580 632 590 END
START -9208 12568 -7212 390 -3363 -256 657 548 599 629 603 END
START -8072 14600 -6820 591 -4024 -728 659 546 595 630 602 END
START -7124 13416 -6856 485 -1350 -365 660 546 591 632 601 END
START -7808 14604 -7320 192 1246 -653 668 544 594 630 583 END
START -6844 13908 -8168 251 1011 -510 660 545 594 629 602 END
START -9032 14192 -7508 721 -944 78 658 543 588 629 602 END
START -9432 14452 -7980 1087 -2643 216 659 546 596 630 600 END
START -6596 14780 -8500 729 -2467 246 658 546 595 630 602 END
START -5848 14796 -8648 243 -140 436 657 547 596 629 589 END
START -7536 14568 -7232 -217 903 475 658 546 595 629 602 END
START -7708 14552 -7576 -67 675 634 661 545 596 626 602 END
START -8140 14228 -7712 112 -257 519 663 546 598 634 600 END
START -6588 14608 -8072 438 105 745 654 546 597 629 603 END
START -7092 14292 -7704 674 713 611 659 561 596 629 603 END
START -9412 14844 -6616 820 494 662 660 549 597 630 602 END
START -10792 14924 -5532 1284 -1013 379 660 549 593 626 600 END
START -7936 15524 -7468 1931 -1456 719 657 549 598 630 602 END
START -6216 15604 -7940 2711 -1473 1206 658 552 598 632 603 END
START -8440 15632 -4980 3778 -1409 1616 660 554 587 637 604 END
START -8960 16568 -4556 4275 -1125 1802 658 554 597 606 604 END
START -6512 14596 -6176 4684 -448 1777 657 555 601 634 604 END
START -7756 14204 -5664 5367 -107 1777 645 559 601 635 602 END
START -6392 12956 -7224 6038 -783 1798 658 557 605 635 605 END
START -9456 12472 -4932 6873 -2870 1627 660 560 603 634 607 END
START -8748 11852 -6632 8175 -4419 1726 663 570 603 641 605 END
START -5780 10960 -7752 7532 -4626 1688 644 565 605 639 608 END
START -4236 10404 -9532 7359 686 1241 657 567 606 641 609 END
START -8148 11300 -7304 7270 1175 1325 661 571 605 637 603 END
START -9892 10480 -6360 6722 267 1336 656 568 606 644 610 END
START -13136 10240 -4736 6805 -1715 2277 656 571 607 645 611 END
START -8452 8816 -8628 6989 -3295 1914 658 569 609 646 608 END
START -10936 9192 -7600 7120 -3881 1079 658 575 608 656 613 END
START -10928 8840 -7436 6747 -5041 191 657 576 610 649 613 END
START -11208 8708 -5888 7694 -3978 499 655 578 596 663 611 END
START -8896 8756 -8940 7460 -3131 609 658 578 611 649 616 END
START -8288 7524 -10572 7477 -3334 -219 657 579 612 649 614 END
START -9320 5940 -9616 7565 -1931 -1142 656 578 615 651 616 END
START -9432 6240 -9612 7916 -868 -1523 658 582 614 652 615 END
START -9736 6124 -10284 8187 -744 -1914 658 583 615 650 615 END
START -8556 6988 -10504 8244 -281 -2724 660 574 615 651 616 END
START -9960 7820 -9244 8309 522 -2960 656 587 615 652 616 END
START -10188 7988 -9236 8452 1018 -2897 655 587 617 652 616 END
START -8792 7848 -11156 8182 1644 -2917 662 587 618 652 612 END
START -7608 7712 -12532 8206 2101 -2878 657 591 618 652 594 END
START -9100 7344 -11840 8196 2179 -3164 657 590 618 652 616 END
START -9932 7892 -10696 8309 2029 -2902 657 588 618 653 617 END
START -9820 7284 -10612 8608 1199 -2405 659 588 623 653 617 END
START -8140 6600 -13496 8807 1366 -2273 655 592 620 652 616 END
START -7604 6300 -14720 8400 2837 -3267 658 591 619 652 620 END
START -7768 6412 -14940 7714 4468 -3750 656 563 615 639 639 END
START -8160 6168 -14160 7197 5515 -2845 656 591 618 653 619 END
START -8780 6752 -12836 7602 2592 -1872 656 591 619 649 617 END
START -8652 6464 -13788 8211 1367 -2021 661 576 608 651 613 END