START -3700 18796 -8020 -6917 -6607 3410 644 530 562 611 592 END
START -3716 18828 -7808 -7083 -6362 3609 629 529 547 597 577 END
START -3308 17416 -6244 -6955 -5582 4052 651 530 565 610 593 END
START -4592 16976 -5568 -6750 -6024 4498 649 533 564 611 594 END
START -4960 16872 -5912 -6400 -8817 4277 645 530 566 612 593 END
START -3536 16944 -6696 -5989 -11520 4258 648 533 562 616 591 END
START -1656 16072 -7524 -5518 -11705 4490 669 531 566 611 594 END
START -684 14988 -6856 -4870 -9634 3917 642 531 566 615 593 END
START -744 16084 -5296 -4370 -6141 3790 635 529 564 608 596 END
START -2304 16708 -5052 -3481 -4855 3573 641 533 567 615 595 END
START -2516 15744 -5552 -2524 -5654 2845 646 534 572 619 595 END
START -1704 14192 -6820 -1477 -6419 2796 646 535 568 618 596 END
START -1816 13840 -6684 -487 -6669 2665 646 527 549 621 585 END
START -608 15000 -6628 570 -5656 2235 645 534 571 619 595 END
START -852 15144 -5756 1314 -3665 2110 646 535 566 620 595 END
START -2344 14504 -5748 1999 -2525 1716 647 537 562 593 593 END
START 1452 14304 -8868 2770 -1723 1705 649 537 569 619 596 END
START -1292 14864 -6456 3479 -1982 2086 645 535 568 618 588 END
START -2492 14788 -4992 3968 -2527 2048 632 537 570 621 597 END
START 3524 13392 -8496 4310 -389 1680 649 532 568 620 593 END
START 3240 13160 -8480 4504 1404 1215 646 535 568 620 596 END
START -1292 13492 -6852 4649 676 947 651 539 600 627 598 END
START 1616 12672 -9884 5168 -801 1442 646 534 571 621 595 END
START -4728 12948 -4472 5873 -1299 1604 645 535 569 619 595 END
START -2140 12532 -4768 6292 -252 1465 648 538 569 620 597 END
START 3564 10700 -9604 6549 1382 887 646 536 569 621 596 END
START 2308 11132 -8872 6739 1344 495 640 537 566 621 598 END
START 716 11552 -8656 7132 398 490 645 537 572 621 593 END
START -2240 11420 -6716 7696 -1099 1160 648 536 569 620 595 END
START 4672 9736 -11528 8579 -416 821 643 529 571 615 613 END
START 4700 10840 -10232 9024 812 554 637 537 572 621 599 END
START 1792 10948 -8324 9427 2813 14 646 536 570 622 598 END
START -1852 11372 -6724 9684 4622 -738 655 537 570 621 598 END
START 4480 9596 -13220 9970 5079 -713 642 540 571 629 597 END
START -2412 9096 -9376 10635 2341 -156 609 537 570 625 585 END
START -10820 9560 -2672 11180 -1138 54 639 529 577 628 599 END
START -7100 9472 -4796 11753 -1664 -382 657 545 581 632 600 END
START -4412 8452 -7064 12304 3107 -1792 652 550 583 633 572 END
START 5140 6096 -16168 12555 7096 -2240 652 551 590 643 606 END
START -10144 7196 -8592 13016 4042 -1355 657 555 596 649 607 END
START -4008 6688 -13904 13487 -425 -195 657 558 602 655 607 END
START 4116 7436 -18380 13589 -3978 166 669 571 609 661 609 END
START 1016 8700 -13340 13454 -4229 -72 663 580 616 667 610 END
START -4832 9364 -8664 13294 -1404 -662 665 586 622 670 613 END
START 1876 8148 -15696 13087 1232 -924 667 596 625 675 614 END
START -4092 8204 -13736 12778 2110 -412 668 600 629 676 619 END
START 2112 7556 -19336 12329 602 33 669 602 631 678 619 END
START -408 8172 -17136 11375 -746 -324 669 605 632 678 619 END
START 5496 7472 -22660 10263 -325 -257 670 606 634 679 619 END
START -2168 7872 -19116 8904 -763 32 660 651 633 680 620 END
START 1428 7908 -22380 7594 -1186 180 683 607 633 677 623 END
START -5724 9072 -17112 6310 -1669 270 671 605 633 679 621 END
START -3352 8632 -18852 5074 -1241 441 669 615 630 681 630 END
START -5876 9304 -16992 4039 -311 488 669 605 635 690 619 END
START 48 8524 -21152 3074 168 602 670 603 635 679 621 END
START -2512 9304 -18972 2302 -807 693 670 604 633 681 622 END
START -6400 9288 -16376 1517 -1143 646 671 603 633 679 621 END
START 656 8196 -20972 817 -517 481 670 602 633 679 621 END
START -2264 8876 -18328 310 -744 422 672 602 637 677 622 END
START -6496 9572 -15232 -109 -826 442 668 601 633 679 622 END
START -5972 9132 -15468 -351 -1407 480 679 559 624 678 619 END
START -3224 8652 -16564 -532 -1097 413 668 597 634 678 627 END
START 4296 7232 -21404 -786 224 287 670 599 632 679 620 END
START 644 7348 -18752 -987 25 232 672 597 631 678 623 END
START -2480 7948 -16200 -1020 -665 251 669 598 628 677 625 END
START -6220 8140 -13500 -1051 -1184 344 662 596 645 677 620 END
START 488 7280 -17944 -947 -322 354 671 597 629 676 621 END
START -3572 7948 -14644 -846 -856 421 668 596 630 675 620 END
START 3368 7144 -19312 -778 -417 299 669 593 631 674 614 END
START -448 7536 -16656 -626 -337 286 656 587 631 676 622 END