START -3068 14500 -7900 -400 -620 -60 568 533 617 631 620 END
START -3080 14616 -7920 -441 -376 -104 568 533 617 630 620 END
START -3432 14444 -7972 -583 34 -129 568 533 618 630 620 END
START -4204 14480 -7960 -847 123 -74 568 533 617 631 620 END
START -4344 14596 -8048 -914 -113 69 569 534 618 630 620 END
START -4116 14696 -7856 -934 -314 169 568 534 618 632 621 END
START -4436 14360 -7432 -938 -342 223 569 534 618 631 621 END
START -3836 14868 -7524 -1039 -145 423 568 533 619 631 620 END
START -3472 14260 -7736 -873 -204 117 568 534 618 631 620 END
START -3808 13428 -7600 -975 -578 -200 568 534 618 631 620 END
START -3888 13204 -8036 -1087 -714 -278 569 535 618 631 620 END
START -3688 13372 -8544 -1253 -314 -538 568 534 618 632 621 END
START -3572 13620 -9116 -1047 91 -707 564 535 619 632 620 END
START -3744 15468 -7456 -864 -350 -416 568 535 619 633 621 END
START -4016 15804 -6804 -1155 -878 85 569 536 619 632 620 END
START -3728 13436 -9092 -569 -47 -547 570 536 619 634 621 END
START -4020 17520 -7492 -283 932 101 571 538 619 635 621 END
START -5904 15456 -5976 -1843 28 439 572 539 620 637 621 END
START -4500 16832 -9036 -1295 705 314 574 540 621 639 622 END
START -6516 17520 -6676 -2291 -1474 1146 577 542 623 641 622 END
START -5196 21752 -7068 -1453 -1071 1685 580 543 625 646 623 END
START -3872 18772 -7744 -2300 -952 1709 582 548 629 651 624 END
START -5836 17088 -4176 -3731 -1433 2613 584 552 633 655 624 END
START -5924 18024 -3772 -3483 -1302 3363 586 557 636 659 626 END
START -5648 18648 -5400 -2912 -1312 3888 589 563 640 665 627 END
START -3288 17076 -6152 -2143 -1046 3451 592 572 643 669 627 END
START -2560 13568 -7104 -1771 -183 3339 595 577 648 673 628 END
START -1708 10316 -6836 -982 -150 2481 598 584 650 675 629 END
START -1676 9156 -5100 53 -362 2215 600 590 653 678 629 END
START -3120 10288 -1396 1243 -1417 2396 603 595 654 680 630 END
START -3788 10576 -132 3036 -2380 2144 605 600 656 682 631 END
START -3460 10716 404 5067 -4604 1990 606 605 658 685 632 END
START -1916 10992 -248 7054 -4729 1386 607 608 659 686 633 END
START -2308 13068 -312 9231 -3466 1179 608 611 659 687 633 END
START -3736 12784 -308 11275 -5028 285 609 614 661 688 633 END
START -2760 11852 -704 13098 -6156 -702 610 616 662 689 634 END
START -1928 11176 -2148 14743 -5480 -1567 611 618 663 689 633 END
START -1724 7420 -4220 16455 -3534 -2649 612 620 663 690 635 END
START -3084 6192 -4172 18229 -1713 -3480 613 621 664 690 636 END
START -3100 5016 -5424 20284 -1715 -4256 613 622 664 689 636 END
START -2148 4368 -9428 22215 -2807 -4635 614 623 664 691 637 END
START -1420 7384 -11420 24110 -3283 -4455 615 623 664 691 637 END
START -840 7716 -11364 25165 -2153 -4309 616 624 664 691 637 END
START -3656 6348 -7648 25771 -1213 -4523 616 624 664 690 636 END
START -4196 3892 -8944 26290 -993 -4781 616 625 665 690 637 END
START -4400 680 -11420 26641 -1142 -5426 616 620 666 690 638 END
START -3980 -2220 -13792 26857 448 -6380 616 624 664 690 637 END
START -744 -4752 -19112 26896 4865 -7116 618 624 665 690 638 END
START -6752 -2516 -16804 26796 5840 -6997 616 624 664 690 637 END
START -2112 -44 -21712 26336 6353 -6392 617 624 664 690 638 END
START -7780 3024 -16344 24987 6248 -6372 617 624 664 689 637 END
START -4672 2044 -18928 22848 8020 -6339 616 623 664 689 637 END
START -2740 944 -21924 20764 7513 -6099 616 623 664 689 637 END
START -7432 200 -20184 18898 4385 -5760 616 619 663 689 637 END
START -9164 -1708 -20608 16952 3282 -5573 616 622 663 689 637 END
START -4376 -4484 -27788 15150 4177 -5113 616 621 664 689 637 END
START -5836 -4204 -29020 13193 3434 -4081 616 620 663 687 637 END
START -2248 -436 -30412 10278 5457 -2966 617 620 663 687 637 END
START -4392 1204 -28556 6610 6103 -1786 615 620 663 687 637 END
START -6776 2432 -26192 2804 3563 -684 616 620 664 688 637 END
START -6092 2616 -24640 -565 151 17 617 619 664 688 636 END
START -4352 2664 -24260 -3238 -668 107 616 618 659 687 638 END
START -2472 944 -23256 -6088 -154 -17 616 617 663 686 637 END
START -4516 924 -21332 -8461 825 -221 616 617 662 686 637 END
START -3436 -1492 -21468 -10588 -766 77 617 617 663 687 636 END
START -8248 -2912 -17040 -12350 -5646 532 616 616 664 684 635 END
START -6836 -3336 -16884 -13614 -9241 253 615 616 661 682 631 END
START -1536 -5688 -20888 -14537 -8871 -442 617 616 660 679 627 END
START 392 -4268 -22792 -15335 -6068 -1347 619 614 652 675 623 END
START -936 -3584 -21536 -16375 -3885 -1635 622 609 653 668 617 END