START 2680 792 15028 -549 -367 23 671 627 631 668 627 END
START 2668 732 15092 -567 -202 10 671 627 631 668 628 END
START 2592 664 14988 -664 -11 48 671 628 632 669 629 END
START 2420 704 15036 -732 -178 9 671 627 631 668 627 END
START 2680 484 15260 -766 -284 68 671 627 631 668 627 END
START 2632 536 15068 -841 -199 121 671 627 631 668 627 END
START 2668 340 15200 -872 -365 11 670 628 632 668 627 END
START 3488 688 14812 -905 106 32 671 627 631 668 627 END
START 3640 136 14864 -873 487 -458 672 627 631 668 624 END
START 2292 -328 15308 -1076 1034 -441 671 627 630 667 627 END
START 1728 676 15656 -1171 1306 -36 672 628 630 667 627 END
START 2184 1344 15140 -1177 1200 53 671 627 630 666 627 END
START 3616 2092 14508 -1156 740 -183 671 627 629 666 627 END
START 3900 2748 14668 -1141 505 -358 672 625 628 666 627 END
START 4200 2808 14572 -1037 39 -799 671 626 628 665 627 END
START 5952 2384 13404 -934 120 -1372 671 627 627 664 627 END
START 7392 1876 12432 -880 633 -2056 671 627 627 665 626 END
START 6744 1692 12620 -872 1325 -2617 671 627 627 665 626 END
START 6132 1600 12548 -953 1866 -2945 671 620 626 665 626 END
START 3052 2176 14312 -1016 1852 -3170 671 626 627 662 626 END
START 3064 1700 14072 -1157 181 -3372 671 627 626 665 626 END
START 4600 1892 13268 -1227 -2322 -3879 671 628 625 665 626 END
START 6936 1896 12968 -1432 -2939 -4611 673 629 626 666 627 END
START 6840 1720 14588 -1713 913 -5399 671 630 626 666 627 END
START 4276 1332 14656 -1845 5864 -5986 670 630 626 667 627 END
START 2344 1328 14868 -1658 5608 -6535 671 630 626 666 627 END
START 2736 1088 13808 -1498 2945 -6458 670 629 626 666 627 END
START 2956 820 13072 -1211 435 -5949 665 629 627 666 627 END
START 724 680 14796 -1001 -2100 -5691 672 629 627 666 627 END
START 1956 -312 14420 -1040 -2802 -5829 670 629 626 666 627 END
START 2708 -724 14292 -1086 -1387 -5928 670 629 628 667 628 END
START 1088 -324 15120 -1110 556 -5356 670 627 628 666 627 END
START -660 -720 15184 -1096 -1868 -5011 670 629 629 667 626 END
START 996 -412 14224 -1262 -4295 -4988 670 629 629 666 627 END
START 3924 -764 13068 -1256 -3510 -4737 670 628 627 667 627 END
START 3104 -656 13944 -1214 -2286 -4501 671 629 627 667 627 END
START 1784 -620 14400 -1245 -1983 -4326 670 628 628 667 628 END
START 2760 -424 14004 -1214 -2241 -4286 671 628 629 667 627 END
START 3412 -316 13564 -1162 -2717 -4212 670 627 628 667 627 END
START 3232 -56 13964 -1268 -2558 -4436 670 628 627 667 627 END
START 2380 108 14316 -1355 -2029 -4323 670 626 627 667 627 END
START 2156 324 14424 -1499 -2304 -4292 670 627 627 667 627 END
START 3788 -356 13576 -1527 -2052 -4153 670 627 627 666 627 END
START 2516 -8 14716 -1439 -1728 -3942 671 627 626 667 627 END
START 1048 512 15352 -1432 -2145 -3935 671 628 627 667 627 END
START 1476 964 15140 -1355 -1699 -3808 670 627 626 667 627 END
START 1200 700 15120 -1364 -633 -3574 669 628 625 667 627 END
START 632 1176 15660 -1363 -275 -3345 670 627 625 667 627 END
START 352 536 15860 -1243 118 -3224 671 627 626 667 627 END
START 1768 -520 14532 -1111 457 -2996 670 628 626 667 628 END
START 40 112 15568 -1065 878 -2603 670 627 625 667 627 END
START 1528 -820 14152 -1029 839 -2258 671 627 625 668 627 END
START 2088 -1048 13684 -977 397 -1639 669 627 625 668 628 END
START 2492 -884 13548 -898 10 -904 671 627 625 668 628 END
START -660 -724 16072 -955 -335 -273 671 627 625 668 627 END
START 64 -496 15664 -867 -1281 -24 670 627 625 667 627 END
START 3716 -1864 14348 -751 -1810 -416 665 627 624 668 628 END
START 3796 -784 14396 -627 -1106 -192 671 627 625 668 627 END
START 1928 -312 15528 -689 -324 -374 671 627 624 668 628 END
START 2772 -808 15008 -647 -53 -510 670 626 624 668 627 END
START 4024 -1168 13988 -649 -127 -600 670 626 623 668 628 END
START 4924 -1812 13180 -684 -391 -644 670 627 623 668 628 END
START 2432 -524 14900 -693 -437 -498 670 627 624 669 628 END
START 4260 -812 13664 -737 -579 -487 670 626 624 668 628 END
START 5856 -1348 12336 -817 -625 -469 670 621 624 668 628 END
START 116 -312 16628 -832 -494 -413 671 626 623 668 628 END
START 1724 -564 15484 -784 -280 -434 670 626 623 668 627 END
START 4032 -1028 13496 -797 -519 -527 670 626 624 668 628 END
START -1232 -12 17632 -716 -718 -441 671 626 623 667 628 END
START 216 -188 16568 -707 -826 -460 670 624 623 668 628 END