START 1576 5544 14020 -830 -474 -254 667 622 651 691 639 END
START 1652 5528 14100 -823 -375 -268 668 622 652 689 639 END
START 1396 5544 14204 -789 -243 -220 667 622 651 690 639 END
START 1328 5468 14016 -713 -432 -179 667 622 651 689 639 END
START 1408 5532 14116 -706 -617 -29 667 622 651 689 639 END
START 1632 5576 14060 -694 -576 -62 667 622 652 689 639 END
START 1528 5784 14172 -751 -402 3 667 622 651 689 639 END
START 1624 5468 14032 -713 -210 -225 667 622 651 689 639 END
START 916 5536 14540 -879 -148 -147 667 622 651 689 639 END
START 1432 6412 14268 -680 118 20 667 621 651 688 638 END
START 1584 5328 13756 -525 -71 -369 667 622 651 688 639 END
START 1164 4532 13648 -621 -341 -331 667 621 651 689 639 END
START 860 3532 13800 -673 -898 -342 666 622 651 689 639 END
START 1996 3252 13636 -661 -515 -557 667 621 650 688 638 END
START 2556 3192 13300 -595 785 -1112 667 622 650 688 638 END
START 2752 3208 12660 -589 2048 -1461 668 621 651 688 639 END
START 2572 3216 12256 -564 2279 -1604 667 621 650 688 638 END
START -2996 3648 15556 -606 1583 -1481 667 621 650 688 638 END
START 1524 4588 12384 -678 1094 -1188 667 621 650 688 637 END
START 1516 3852 12804 -868 555 -1095 667 621 650 688 638 END
START 444 3388 14344 -835 962 -1272 667 621 650 688 638 END
START -716 3588 15312 -743 1572 -1500 667 621 650 688 638 END
START 1604 3444 13504 -507 1373 -1850 667 621 650 688 638 END
START 1572 3644 13744 -265 -416 -2287 666 621 650 688 637 END
START 28 3684 14540 56 -2390 -2817 667 621 650 688 638 END
START 1184 3804 14256 147 -4207 -2808 668 621 650 689 638 END
START 956 4116 14784 155 -5779 -3031 667 622 650 690 638 END
START 560 4632 15448 2 -6293 -3392 668 622 650 688 638 END
START 1672 5144 15300 -201 -5972 -3876 667 622 650 688 638 END
START 324 4820 15904 -486 -5002 -4624 667 622 650 688 639 END
START 544 5072 16016 -704 -3035 -5452 666 622 651 689 638 END
START 132 4664 15200 -931 -1325 -6091 667 624 650 689 639 END
START -2220 4980 16112 -1140 -1157 -6391 668 623 651 689 639 END
START -796 3644 13816 -1310 -2585 -6800 667 623 651 689 639 END
START -2688 3244 15720 -1451 -3958 -7225 666 623 650 689 639 END
START 3540 2864 12096 -1534 -2622 -7766 668 623 651 690 639 END
START 2816 2976 12124 -1698 -2147 -8058 666 623 651 689 639 END
START -1976 3000 14612 -1754 -3169 -7786 667 623 651 691 639 END
START -1036 3036 13484 -1792 -5465 -7717 667 623 648 690 639 END
START 716 4512 13304 -2158 -6469 -8214 667 623 651 689 639 END
START 372 1956 13952 -2103 -5033 -8073 667 623 650 689 639 END
START -1264 3080 14200 -2319 -5178 -7730 667 623 650 689 639 END
START -192 2840 13308 -2790 -6335 -7982 667 623 651 689 639 END
START 1388 2648 12484 -3009 -5467 -7585 667 622 651 690 639 END
START 228 2984 13736 -3266 -4714 -7320 667 619 646 689 639 END
START 224 2212 13940 -3347 -4797 -7279 666 623 650 690 639 END
START -572 3076 15240 -3255 -2424 -6978 667 623 651 690 639 END
START -1704 2536 14920 -3026 -2688 -6167 667 622 650 689 639 END
START -1784 2756 15204 -2645 -2938 -5421 667 622 651 689 639 END
START -2536 2880 14608 -2321 -3985 -4276 668 623 650 689 639 END
START -1860 3196 14504 -2125 -5575 -3396 667 621 650 689 639 END
START -864 2892 14176 -1876 -5012 -2965 668 623 651 689 640 END
START -692 3456 14964 -1767 -3535 -2519 668 622 651 689 639 END
START -984 3964 14996 -1854 -2033 -2037 667 622 650 690 639 END
START -1100 4184 15016 -1851 -1068 -1385 667 621 650 689 639 END
START -1620 3632 14460 -1747 -996 -953 668 623 650 690 639 END
START -1416 3560 14696 -1607 -1420 -444 668 622 651 689 639 END
START -804 3948 15104 -1491 -1223 111 668 622 650 689 639 END
START -32 4768 15444 -1409 -626 516 669 623 650 688 639 END
START 1124 5860 15408 -1248 -748 658 668 622 650 689 639 END
START 2368 6276 14696 -1141 -716 633 667 622 650 689 639 END
START 3008 6112 14488 -1046 -152 403 669 621 650 690 639 END
START 3196 6740 14264 -994 761 191 669 624 652 689 640 END
START 2480 7516 14244 -816 1370 -92 668 620 650 689 639 END
START 2616 6144 13204 -650 1210 -295 668 622 651 690 640 END
START 2380 6332 13148 -597 659 -287 668 621 649 689 638 END
START 1244 6488 13744 -655 143 -314 669 621 650 689 639 END
START 2064 5052 13404 -797 255 -497 669 621 650 690 639 END
START 2376 4552 12956 -1047 251 -549 668 621 650 689 639 END
START 976 4460 14084 -1135 456 -680 668 621 650 689 640 END