START -212 5856 13944 -777 -361 152 665 619 655 691 639 END
START -300 5840 14192 -737 -298 114 665 619 655 691 639 END
START -272 6064 14100 -777 -189 61 665 619 655 691 639 END
START -388 5976 13952 -747 -179 84 665 620 656 691 639 END
START -476 5960 14076 -810 -218 41 668 619 655 690 640 END
START -360 5672 13604 -881 -216 13 666 620 655 691 637 END
START -576 6020 14072 -843 -36 102 666 620 655 691 639 END
START -556 5888 14136 -801 -326 65 666 620 655 690 639 END
START -668 6472 14196 -916 -209 421 666 619 655 691 639 END
START -40 6436 13724 -789 -240 159 668 619 656 691 640 END
START -820 5080 13736 -954 -677 11 665 619 655 691 639 END
START -2020 4640 14412 -1235 -946 581 665 619 655 691 639 END
START -188 5904 14312 -1328 -722 700 666 620 654 690 639 END
START -20 6660 14492 -1286 -392 710 665 620 656 691 639 END
START -192 6844 14596 -1201 -107 709 666 620 656 691 639 END
START -68 6676 14720 -1131 -89 730 665 619 655 691 639 END
START 824 7864 14004 -1004 -19 771 665 619 655 691 639 END
START 340 8532 13832 -893 8 767 665 621 655 691 640 END
START 860 7128 13008 -574 -165 309 665 619 655 690 639 END
START -68 6740 13364 -553 -508 -67 665 619 656 692 641 END
START 884 5276 12904 -784 -436 -332 665 620 655 690 640 END
START 92 4828 13508 -897 -480 -459 664 619 655 690 639 END
START -1132 3156 14100 -1023 -433 -637 665 619 655 691 639 END
START -520 3012 13596 -1081 223 -1004 665 618 655 690 639 END
START 96 3860 13804 -1014 727 -1303 664 620 655 690 639 END
START -816 5040 15784 -1097 -899 -1330 664 619 656 689 639 END
START 400 4732 15680 -827 -3457 -1962 660 619 656 691 639 END
START 2228 4904 15004 -844 -4989 -2881 666 619 655 690 639 END
START 3396 5052 14452 -1124 -4912 -4483 665 618 655 690 639 END
START 4060 4768 14324 -1524 -3254 -6426 665 618 655 690 639 END
START 3556 4640 14892 -1670 -661 -7990 663 617 655 690 639 END
START 1980 4952 16296 -1656 2246 -9375 665 617 655 690 639 END
START -1032 4828 15952 -1611 3156 -9667 664 618 655 690 639 END
START -3964 4164 15588 -1456 -569 -9093 664 618 655 690 639 END
START -4764 4356 15520 -1539 -5455 -8979 664 618 655 690 639 END
START -2840 3280 14124 -1464 -8203 -8171 665 618 655 690 639 END
START -2244 3324 14244 -1556 -8128 -7836 664 618 655 690 639 END
START -1288 4284 14104 -1771 -6683 -8492 664 618 656 691 639 END
START -3192 4124 14836 -1896 -6105 -7505 663 617 655 690 639 END
START -3532 3884 14388 -1951 -7688 -7106 663 617 655 690 639 END
START -3752 3912 14628 -2109 -9090 -6771 664 617 655 689 638 END
START -1696 4308 14556 -2449 -9191 -6749 662 616 655 690 639 END
START -60 3380 14176 -2542 -5677 -7090 662 616 655 690 638 END
START -1740 4552 15040 -2643 -3379 -6405 662 617 655 690 639 END
START -3408 3984 15312 -2700 -4295 -6034 662 617 654 691 639 END
START -2848 4124 15148 -2688 -5500 -5477 661 618 656 690 639 END
START -1460 4192 14804 -2715 -5271 -5332 661 617 654 690 639 END
START -1976 3480 14536 -2864 -4765 -4930 662 617 655 690 639 END
START -1412 3520 15080 -2788 -2967 -4933 661 617 655 690 639 END
START -2384 3576 15336 -2710 -1621 -4259 661 617 656 692 640 END
START -3244 4008 15768 -2709 -1586 -3385 662 618 655 690 639 END
START -3792 3544 15700 -2735 -2445 -2797 662 618 655 690 638 END
START -2440 3712 15188 -2658 -2043 -2172 662 617 655 691 639 END
START -2300 3332 15176 -2456 -2182 -1451 662 617 656 690 639 END
START -2272 3316 15076 -2352 -2334 -895 661 617 655 691 640 END
START -1616 3556 15360 -2265 -1810 -594 662 617 655 690 639 END
START -1328 3580 15788 -2067 -375 -404 663 617 655 690 639 END
START -732 4856 15920 -1798 883 15 663 615 655 691 639 END
START -784 5344 15572 -1453 571 445 663 617 655 691 639 END
START 344 5940 15264 -1224 -375 539 662 617 655 691 639 END
START 1156 7152 14624 -893 -593 478 662 616 655 691 639 END
START 1444 6488 13848 -705 -418 225 663 616 654 691 639 END
START 2448 5936 13476 -585 52 -149 663 616 655 690 639 END
START 1172 5864 13808 -662 608 -562 663 616 655 691 639 END
START 1360 4464 13476 -829 1160 -861 663 615 654 690 639 END
START 232 4200 13852 -1031 1061 -838 663 615 654 690 639 END
START -956 3956 14620 -1191 581 -767 663 615 655 691 639 END
START -1108 3940 14620 -1260 -122 -584 662 616 654 690 639 END
START -36 3176 13988 -1401 -674 -528 663 615 655 690 639 END
START 340 2788 13920 -1496 -480 -415 662 614 654 690 639 END