START 756 6676 13296 -916 -621 -1882 662 600 648 680 632 END
START 2728 8572 12440 -497 -458 -1545 662 601 647 685 632 END
START 2196 8376 13132 -448 -1784 -2236 661 601 648 685 633 END
START 3260 7524 12908 -532 -2320 -2868 661 596 648 685 633 END
START 3472 7192 12432 -666 -1986 -3542 662 603 648 685 633 END
START 2948 6932 12348 -904 -1700 -4335 661 601 648 685 633 END
START 2240 6968 12720 -960 -1875 -4865 661 601 649 685 632 END
START 1528 6864 13008 -1010 -2723 -5066 661 601 649 683 633 END
START 1468 6800 12632 -999 -3554 -5249 661 602 649 685 633 END
START 2036 6344 11692 -1338 -3632 -5376 662 602 649 686 633 END
START 1632 6384 11932 -1598 -3307 -5661 662 602 649 686 633 END
START 1244 6412 12112 -1894 -3452 -6170 662 601 649 685 633 END
START 432 6664 12564 -2236 -3612 -6488 662 603 649 686 634 END
START -216 6480 12848 -2520 -4428 -6722 662 600 651 686 633 END
START -500 6316 12732 -2727 -5416 -6692 661 601 650 684 633 END
START -348 6184 12848 -3159 -6146 -6859 661 602 651 685 633 END
START 544 5572 12808 -3439 -5486 -7082 662 602 651 686 634 END
START 632 5728 13560 -3657 -4054 -7305 662 602 651 686 633 END
START -808 5028 14088 -3577 -3474 -7314 662 602 650 686 634 END
START -1228 4668 13704 -3354 -4799 -6902 662 601 650 686 633 END
START -964 4528 13228 -3198 -6582 -6595 661 602 651 686 634 END
START -120 3956 13136 -3321 -6641 -6764 664 601 651 686 634 END
START 276 3528 13284 -3528 -5160 -7118 661 601 651 687 634 END
START -1072 3084 13508 -3553 -4615 -7101 661 601 650 686 634 END
START -1992 3336 13576 -3491 -5220 -6911 661 601 651 686 634 END
START -1800 2872 13360 -3515 -5980 -6902 662 600 651 686 634 END
START -1368 2592 13292 -3566 -5397 -6775 662 599 651 686 635 END
START -956 2684 13216 -3652 -4264 -6706 658 600 651 686 634 END
START -1496 2604 13476 -3645 -3557 -6216 661 601 651 686 635 END
START -2624 1792 14692 -3371 -2755 -5823 662 601 652 686 635 END
START -3220 1652 14400 -3056 -2643 -4944 662 601 651 687 634 END
START -2836 2280 14136 -2747 -2864 -4122 661 601 652 687 635 END
START -2208 1772 14272 -2458 -1589 -3548 661 601 652 683 634 END
START -2520 2672 14708 -2196 -771 -2947 661 601 650 687 635 END
START -2660 3000 14768 -1936 -955 -2287 661 601 651 687 635 END
START -2436 3012 14804 -1633 -1341 -1567 661 601 651 687 635 END
START -1996 3516 14928 -1422 -1324 -1108 662 601 651 686 635 END
START -1120 3308 13952 -1365 -470 -746 662 602 652 688 635 END
START -1600 4680 14992 -1470 -101 -399 663 601 651 687 635 END
START -1336 4844 15272 -1436 -36 -69 662 602 651 688 634 END
START -332 5308 15432 -1339 -158 323 661 601 652 687 635 END
START -144 5512 15716 -1110 -267 455 662 601 651 687 635 END
START 1284 6328 15024 -940 1 416 662 601 651 687 635 END
START 2160 7616 14020 -816 482 239 662 601 651 687 635 END
START 1756 7908 14104 -643 828 -59 662 601 652 687 634 END
START 1992 6896 13148 -587 1175 -387 661 601 651 687 635 END
START 1560 6684 13156 -651 1278 -476 661 601 652 687 635 END
START 404 5824 13552 -751 1312 -624 662 600 651 687 634 END
START 396 4656 13420 -974 1001 -676 661 601 651 687 635 END
START -1080 4768 14608 -1204 -32 -598 662 600 651 687 635 END
START -600 4608 14164 -1252 -311 -538 662 601 651 687 635 END
START 260 4104 13920 -1309 -56 -645 662 601 652 687 635 END
START -920 2284 14216 -1467 142 -580 662 601 651 688 635 END
START -676 2992 14208 -1542 526 -444 662 598 651 687 636 END
START -564 3424 14532 -1665 787 -195 662 600 651 687 635 END
START -1132 4748 15440 -1841 1025 90 661 600 651 687 635 END
START -1056 5060 15932 -1683 1059 108 662 601 650 687 635 END
START -616 4688 15616 -1526 847 307 660 600 651 687 634 END
START 436 5804 15580 -1234 876 558 662 600 651 687 635 END
START 852 6816 14756 -1027 1314 413 661 600 651 687 636 END
START 1128 7744 14388 -853 1927 132 661 600 651 687 635 END
START 748 7040 13528 -690 2195 -174 662 600 651 687 636 END
START 1016 5996 12748 -616 2125 -387 662 600 651 687 635 END
START -496 6204 13584 -636 1436 -287 662 600 651 687 635 END
START -736 5988 13684 -745 292 -331 663 600 651 687 635 END
START 104 4684 13112 -893 -139 -413 662 600 650 688 635 END
START -1400 4896 14468 -983 -756 -463 662 600 650 687 635 END
START -348 4084 14096 -949 -913 -431 662 600 650 687 635 END
START -1556 2372 14528 -967 -984 -390 662 600 650 686 635 END
START -1560 2304 14196 -1072 -782 -414 662 599 651 686 635 END