START 1840 3520 14868 -869 342 -190 668 620 637 674 629 END
START 1808 3636 14540 -863 656 -341 668 620 637 675 628 END
START 932 3656 14704 -882 1158 -615 667 620 636 674 628 END
START 72 3688 14608 -824 1041 -671 668 621 637 674 628 END
START -248 3752 14528 -844 414 -343 667 620 637 674 630 END
START -268 3884 14408 -920 -486 -69 668 619 637 674 627 END
START 260 3784 14276 -946 -689 45 668 619 636 674 628 END
START 480 3524 14860 -972 -765 -4 668 620 636 674 629 END
START 1144 4008 14224 -939 -332 2 668 619 636 673 628 END
START 856 3208 14432 -991 -312 -305 668 620 636 674 629 END
START 720 3552 15116 -1167 300 -111 668 618 635 674 626 END
START 880 4536 14864 -1056 863 39 668 619 635 672 628 END
START 1224 4504 14484 -939 744 -252 668 616 636 673 629 END
START 1380 3736 13964 -789 560 -471 668 617 635 672 628 END
START 1044 3672 14284 -739 584 -479 668 616 634 672 627 END
START -404 3636 14652 -754 291 -493 668 615 634 672 627 END
START -1812 3680 15480 -757 -106 -353 669 616 634 672 627 END
START 1980 3500 12808 -634 -333 -137 667 615 634 672 627 END
START 1132 3296 13612 -600 -751 -49 668 615 633 672 628 END
START -312 3276 14812 -570 -1009 -20 667 615 632 671 627 END
START -1760 3592 16040 -576 -852 -116 668 615 632 671 627 END
START 2504 3216 13184 -517 -332 -279 669 615 634 671 628 END
START 396 3384 14684 -523 -188 -362 667 615 632 671 627 END
START -212 3268 14800 -579 -157 -462 668 615 632 671 627 END
START 528 3140 14188 -693 139 -542 668 615 633 671 627 END
START 1448 2960 13280 -739 364 -591 668 615 631 670 627 END
START 2536 2408 12864 -802 186 -774 669 615 632 670 626 END
START 2652 2000 13344 -732 116 -1197 668 615 632 670 626 END
START 844 1836 14560 -621 -318 -1748 667 614 630 669 626 END
START -1448 2032 14792 -743 -2041 -1499 667 614 629 668 625 END
START -888 1664 14516 -1161 -2740 -1676 667 614 627 667 624 END
START -904 1612 16044 -1260 -2902 -1930 667 614 626 665 624 END
START 1132 1748 15980 -1107 -1807 -2463 667 613 624 665 624 END
START 2876 1736 15436 -925 226 -3197 667 613 623 664 623 END
START 680 1760 15596 -629 645 -3682 667 611 623 665 623 END
START -1104 1768 16132 -638 -919 -3913 668 612 623 664 623 END
START -504 1692 16104 -680 -2381 -4639 668 612 620 664 623 END
START 1240 1444 15528 -761 -2157 -5481 666 612 619 664 623 END
START 2124 1328 14956 -906 -1009 -6615 667 611 618 664 622 END
START 932 1404 14488 -1061 -1372 -7072 667 612 618 665 624 END
START -196 1672 14640 -1341 -3477 -7426 667 614 617 666 624 END
START 1172 1052 14524 -1731 -3288 -8056 666 615 616 665 624 END
START -564 920 15900 -1761 -977 -7731 665 615 617 666 624 END
START -2304 2724 16076 -2065 -2179 -7187 666 616 618 667 624 END
START -1264 1796 14456 -2524 -3985 -6793 665 617 619 666 625 END
START -1624 1940 15208 -2628 -4756 -5898 665 617 619 666 624 END
START -1068 2940 14728 -3006 -5075 -5543 665 617 620 667 624 END
START -1552 2884 15388 -3171 -5961 -4805 666 617 620 666 623 END
START -600 2796 15540 -3251 -6842 -5294 665 617 620 666 624 END
START 2128 3824 14644 -3462 -5639 -6224 665 617 620 665 623 END
START 1272 3284 14836 -3446 -3350 -6013 664 616 619 664 623 END
START -1148 3064 15936 -3398 -2403 -6044 664 616 618 664 624 END
START -852 2536 15824 -3127 -4040 -6617 663 616 617 664 624 END
START 64 2340 15296 -2893 -3980 -6478 664 616 617 665 624 END
START -560 2720 15832 -2715 -2938 -5738 665 616 618 662 624 END
START 568 2576 15696 -2402 -1462 -5591 663 617 616 666 625 END
START -300 3180 15704 -2036 591 -4984 663 617 618 664 625 END
START -956 3704 15572 -1786 2121 -4474 664 615 618 668 625 END
START -1156 3592 14808 -1431 2419 -3361 664 616 618 669 626 END
START -1140 3836 14516 -1262 1701 -2030 664 616 619 669 627 END
START -1540 4032 15068 -1127 913 -871 664 616 619 669 627 END
START -720 4072 14168 -927 591 -150 664 617 619 669 627 END
START -1144 3408 14732 -728 -295 280 664 616 619 669 627 END
START 904 3160 15044 -422 -1995 -243 664 617 619 670 627 END
START 2708 1988 14340 -284 -1224 -469 664 616 619 669 628 END
START 1448 1988 14756 -357 284 -644 664 616 619 669 627 END
START 1400 1292 14044 -624 749 -853 663 615 619 670 627 END
START -820 424 14980 -927 263 -834 663 616 619 669 628 END
START -1096 700 15228 -1290 -235 -697 664 616 620 670 628 END
START -776 776 15300 -1527 90 -626 664 616 619 670 628 END