START 1596 1132 14768 -1304 -52 85 671 636 642 678 632 END
START 1492 1280 14844 -1317 -165 107 671 633 643 679 632 END
START 1572 1316 15156 -1230 -499 147 672 632 642 678 632 END
START 1784 1452 15036 -1114 -588 128 671 633 643 678 632 END
START 2072 1564 14980 -969 -375 36 670 633 643 678 633 END
START 2004 1660 14884 -973 28 21 671 632 642 676 632 END
START 1776 1472 15008 -871 142 -145 671 632 643 679 632 END
START 1584 1704 14840 -860 192 133 670 632 642 678 632 END
START 1812 1416 14488 -712 -420 -76 671 632 642 678 632 END
START 1328 720 14740 -715 -860 -195 670 633 643 677 632 END
START 1444 1180 15756 -875 -531 284 671 632 642 677 633 END
START 1956 1928 15664 -778 -246 483 670 632 641 678 632 END
START 2768 2356 15112 -671 9 492 671 632 641 678 632 END
START 2448 3500 15504 -551 197 402 671 632 641 677 632 END
START 3612 2816 14084 -506 505 229 670 632 642 677 631 END
START 3572 2772 13972 -530 527 246 671 632 642 678 632 END
START 3336 2776 14216 -492 251 320 670 632 642 677 633 END
START 3344 2868 14188 -511 -150 380 670 632 641 677 632 END
START 3180 2936 14512 -560 -291 416 671 632 641 677 632 END
START 2924 2792 14716 -567 -197 335 671 634 641 678 632 END
START 1956 2840 15012 -576 -85 263 670 633 642 678 632 END
START 1692 2704 14468 -591 -175 97 671 633 641 677 632 END
START 3412 2356 13532 -607 215 -168 671 633 641 677 632 END
START 5724 1768 12292 -636 495 -499 672 632 641 676 632 END
START 7516 1252 11040 -800 1256 -863 670 632 639 676 632 END
START 7968 900 10708 -1067 1394 -1077 670 632 639 675 631 END
START 1672 2136 15532 -1244 1206 -1117 672 631 638 673 631 END
START -140 2740 17484 -1302 830 -1221 670 632 638 673 630 END
START -224 2628 17216 -1256 182 -1741 670 632 637 673 630 END
START 3504 2528 14944 -1245 -802 -2491 670 631 637 673 630 END
START 3620 1880 14892 -1284 -1164 -3382 671 632 636 672 631 END
START 5596 1984 13996 -1318 -1000 -4463 671 630 636 672 629 END
START 4056 2368 14936 -1545 -359 -5514 670 630 635 672 628 END
START 3044 2568 14696 -1686 -948 -6288 670 630 635 672 629 END
START 4268 2440 13792 -1960 -1716 -7172 671 632 636 672 629 END
START 5032 2360 13980 -2378 2182 -8262 669 631 636 672 630 END
START 2664 1960 15172 -2399 4289 -8663 669 632 635 673 629 END
START -380 1608 15596 -2236 1411 -8199 669 632 636 673 630 END
START -472 1380 15352 -1962 -1691 -7219 668 633 636 672 630 END
START 196 1644 15208 -1918 -3736 -7035 668 632 637 673 630 END
START 1364 992 14692 -2011 -2583 -6806 668 632 638 673 630 END
START -484 316 15512 -1802 -2579 -6091 668 629 638 673 630 END
START 968 788 15172 -1835 -5132 -6321 667 632 638 673 630 END
START 3736 84 13544 -1909 -4759 -6759 668 632 638 674 630 END
START 3304 -60 13788 -1885 -2568 -6603 668 632 638 673 630 END
START -716 -68 15888 -1674 -2685 -6257 668 632 638 673 630 END
START 668 148 15136 -1591 -5049 -6793 668 631 638 674 630 END
START 3900 -332 13036 -1568 -5441 -6681 667 631 637 674 630 END
START 5000 -120 12504 -1721 -2920 -6719 667 632 637 673 630 END
START 1384 236 14284 -1789 -1694 -6418 668 632 636 674 630 END
START 1688 -400 14156 -1883 -1592 -6521 667 632 636 674 630 END
START 1668 344 14256 -1842 187 -6142 666 632 637 674 631 END
START 2608 -700 13336 -1840 1327 -5667 667 632 636 675 631 END
START 728 -564 14144 -1654 1989 -4898 670 631 637 675 631 END
START -784 -676 14832 -1515 1323 -3895 669 631 637 675 631 END
START -676 -808 14672 -1425 630 -2832 668 632 636 676 631 END
START -2140 -580 15892 -1276 -292 -1797 668 631 637 676 631 END
START -1032 -408 15868 -1134 -707 -899 668 631 637 675 631 END
START -592 -384 15400 -968 -593 -71 668 631 636 675 631 END
START 1060 -928 14876 -962 -1778 -114 665 629 636 675 631 END
START 3836 -420 14352 -878 -2289 -185 668 631 635 675 631 END
START 4344 -1364 13600 -709 -1058 -163 669 631 635 675 631 END
START 4304 -416 13604 -761 129 -376 668 630 635 674 631 END
START 4728 -1036 13248 -847 250 -627 668 630 635 675 631 END
START 4116 -1612 13456 -832 282 -730 669 631 635 675 631 END
START 2224 -1884 14700 -859 267 -808 669 631 636 675 631 END
START 5668 -1008 12344 -849 6 -777 669 630 635 676 632 END
START -2280 -1972 17692 -907 -769 -621 668 630 635 674 631 END
START 4132 -2348 13352 -868 -12 -652 668 630 634 675 631 END
START 988 -2332 15532 -860 -145 -596 669 629 634 675 631 END