START 988 1132 15360 -766 167 -21 670 629 624 661 627 END
START 920 960 15240 -716 212 4 670 630 624 661 626 END
START 840 1104 15348 -596 177 31 670 629 623 661 626 END
START 776 1248 15300 -533 -107 88 671 629 624 661 626 END
START 1072 1232 15256 -463 -200 119 671 630 623 660 626 END
START 964 1108 15412 -485 -360 211 670 630 623 660 626 END
START 1352 980 15304 -430 -610 140 670 629 623 661 626 END
START 1196 844 15644 -518 -533 212 670 629 622 660 626 END
START 1980 1608 15380 -386 -46 314 670 630 623 660 626 END
START 1588 796 15096 -360 -131 -99 670 629 623 660 627 END
START 472 -128 15248 -515 -477 -245 671 629 623 658 626 END
START -180 -624 15928 -696 -740 -95 670 631 622 659 625 END
START -936 -328 16512 -942 -1072 133 670 630 623 660 626 END
START -756 -240 16576 -1108 -1136 169 670 629 623 659 626 END
START -424 -1128 15916 -1132 -1005 -43 670 629 623 659 625 END
START 1836 -1864 14076 -1090 -659 -358 670 629 622 659 626 END
START 1272 -1972 14408 -1052 -778 -465 669 630 623 659 626 END
START 652 -180 15376 -993 -604 -371 670 629 623 659 626 END
START 1748 24 14768 -984 -414 -436 670 630 622 659 626 END
START 2564 -72 14256 -997 -43 -598 670 629 623 659 627 END
START 3204 -76 14148 -990 -310 -720 670 629 622 659 626 END
START 5448 -40 13532 -1036 -271 -1160 669 629 623 658 625 END
START 6052 -32 13196 -1112 1302 -1424 670 629 622 658 625 END
START 3504 556 14796 -1302 1166 -1820 670 629 621 658 625 END
START 4300 444 14624 -1477 250 -2737 669 630 619 657 624 END
START 5876 112 14008 -1352 -848 -3626 670 629 619 657 624 END
START -704 828 19236 -1153 -1447 -4822 670 627 618 656 623 END
START 2076 736 16568 -1025 -1352 -5869 670 627 618 656 624 END
START 708 540 17340 -1079 -1239 -7343 667 626 618 657 624 END
START 5568 208 13680 -1247 -335 -8820 670 629 617 658 625 END
START 5296 -304 13276 -1510 308 -9751 668 628 617 658 624 END
START 1576 -452 13856 -1585 -2091 -10146 670 629 617 659 625 END
START 2628 -764 13776 -1875 -3887 -11171 670 629 617 660 625 END
START 3644 -776 13328 -2328 1909 -11624 671 630 618 660 626 END
START -3916 -1492 16068 -1818 -23 -9768 670 630 618 659 623 END
START -3872 -292 15096 -1644 -7107 -9218 668 630 619 660 624 END
START 636 -676 13032 -1947 -6383 -9524 670 629 620 660 624 END
START -1772 -960 14940 -1901 -6787 -8352 669 629 620 661 624 END
START -36 -472 14268 -2188 -6626 -8435 670 629 620 660 624 END
START 452 -1244 14804 -2100 -3992 -7727 671 629 619 660 624 END
START -1564 -1024 16176 -1829 -3119 -7314 669 628 618 658 624 END
START -1684 -784 15724 -1707 -5189 -6801 670 628 617 659 623 END
START 1956 -1036 13484 -1668 -4586 -6294 670 628 616 659 624 END
START 2852 -1076 13076 -1670 -1663 -5568 669 628 615 660 624 END
START 1324 -1192 14072 -1643 31 -4977 669 628 615 660 624 END
START -8 -584 14804 -1523 56 -4165 669 627 615 660 624 END
START -1148 -748 15580 -1438 -283 -3314 670 627 615 661 624 END
START 208 -848 14968 -1291 -95 -2497 669 627 614 661 625 END
START 984 -1116 14232 -1215 -40 -1580 668 627 614 660 625 END
START -692 -560 16024 -1099 -308 -845 670 627 615 661 625 END
START -264 -644 15372 -922 -953 -204 669 626 613 661 625 END
START 744 -420 16112 -681 -2329 -635 669 626 613 661 625 END
START 3060 -488 15156 -540 -1453 -341 669 626 613 661 625 END
START 1544 -44 15844 -536 -558 -478 669 626 613 661 625 END
START 2428 -232 15280 -583 -87 -668 668 625 613 661 625 END
START 3852 -796 13920 -590 -34 -756 669 625 613 661 625 END
START 4924 -1268 13104 -626 -476 -720 668 625 612 661 625 END
START 5024 -1828 12900 -672 -422 -669 669 624 613 661 625 END
START 3836 -408 14192 -726 -290 -682 668 625 612 661 625 END
START 5632 -1080 12784 -744 -29 -698 669 625 612 661 622 END
START 6168 -1620 12384 -734 134 -671 669 625 612 661 625 END
START 5056 -2468 12692 -667 -148 -667 668 624 613 661 625 END
START 3716 -976 13856 -614 -491 -540 668 624 613 660 625 END
START 5612 -1608 12604 -621 -686 -527 670 624 612 661 625 END
START 1136 -256 15960 -623 -689 -585 670 624 613 660 625 END
START 3508 -796 14268 -607 -136 -646 669 625 613 661 625 END
START 4776 -1456 12692 -621 -56 -664 669 625 613 662 625 END
START 4744 -2168 12736 -688 -390 -629 670 627 613 662 625 END
START 3296 -656 14016 -781 -532 -686 669 625 614 661 625 END
START 5332 -1216 12792 -922 -127 -793 671 625 613 662 626 END