START 1432 5752 13768 -866 -334 -21 668 619 649 687 636 END
START 1612 5596 13668 -904 -256 -54 667 619 649 686 637 END
START 1684 5544 13696 -951 -138 -87 667 620 649 686 637 END
START 1500 5440 14216 -1012 -22 -6 667 619 648 685 636 END
START 1228 5284 14256 -986 -182 -1 667 619 649 686 636 END
START 1360 5320 14208 -946 -442 -11 667 619 649 686 637 END
START 1472 5476 13932 -956 -498 103 667 619 648 687 636 END
START 1480 5372 14100 -987 -634 112 667 618 649 686 636 END
START 1900 5696 13648 -997 -324 64 667 619 648 686 636 END
START 1740 4912 13792 -1001 -455 -230 667 619 649 686 636 END
START 1036 5452 14424 -1231 -404 221 668 619 649 686 636 END
START 1544 6784 14416 -1057 -239 412 667 619 649 686 636 END
START 2056 6736 14288 -843 -424 313 667 618 648 686 636 END
START 2264 6416 13748 -707 -333 129 667 618 648 686 636 END
START 1892 6200 13928 -579 -85 -46 666 620 648 686 636 END
START 2456 6264 13240 -577 219 -214 667 619 649 686 637 END
START 3328 6112 12756 -537 240 -176 667 618 648 686 636 END
START 4124 5852 12156 -508 286 -201 667 618 648 686 636 END
START 4980 5732 11716 -453 442 -225 667 619 648 685 636 END
START 5548 5368 11204 -419 352 -210 667 619 649 687 636 END
START 6604 4844 10656 -397 272 -351 666 618 648 686 636 END
START 6908 4304 10916 -360 359 -768 667 618 648 686 636 END
START 5260 4524 12476 -306 1281 -1366 667 618 648 686 636 END
START 3632 4692 13804 -120 3195 -2581 666 618 648 685 635 END
START 5228 4592 12204 -168 4382 -3391 667 618 648 685 635 END
START 2696 4900 14184 -311 2512 -4390 667 619 648 685 636 END
START 3416 5272 14156 -358 505 -5573 666 619 648 685 635 END
START 3016 5408 15040 -436 -227 -6715 667 618 648 686 635 END
START 4584 4636 14216 -555 -113 -8070 666 619 648 686 636 END
START 3872 4320 14000 -702 -330 -9437 666 618 647 686 636 END
START 1768 2880 14212 -976 -1113 -10240 666 618 648 686 637 END
START 1688 2320 14104 -1164 -263 -10781 665 618 649 686 636 END
START 1232 3080 14048 -1429 1237 -10904 666 620 649 687 637 END
START -1560 2668 14068 -1510 68 -10087 665 620 650 688 637 END
START -4520 2620 14800 -1483 -3559 -8837 665 620 649 687 637 END
START -3088 2516 14124 -1497 -5942 -7707 666 621 650 687 637 END
START -3636 2416 14964 -1290 -7222 -6126 666 621 650 687 637 END
START -1684 4296 14200 -1882 -8087 -6889 666 620 651 687 637 END
START 1528 2524 12560 -2360 -6658 -7276 666 621 650 688 637 END
START 496 1380 12928 -2465 -2726 -6672 666 621 650 688 637 END
START -3784 4188 14488 -2806 -4423 -5926 667 620 650 688 638 END
START -1316 2988 13876 -3334 -8515 -6426 666 620 650 688 638 END
START 1876 2152 12204 -3657 -6509 -6580 666 620 646 687 637 END
START 1276 3076 13332 -4073 -2987 -7322 666 620 649 688 637 END
START 260 2464 13744 -4400 -800 -7426 667 620 650 688 637 END
START -1588 2564 14432 -4198 346 -6540 667 620 649 688 638 END
START -3788 3648 16036 -3998 -1893 -5719 666 621 649 687 637 END
START -3152 3528 15844 -3623 -4367 -5348 666 620 649 688 637 END
START -1860 3824 14816 -3511 -3936 -4582 666 620 649 688 637 END
START -1752 3920 14732 -3561 -2823 -3951 666 619 649 688 638 END
START -2172 3784 15400 -3494 -2143 -3365 666 619 650 688 638 END
START -2240 3168 15240 -3371 -1496 -2534 668 618 649 688 637 END
START -2640 3420 15648 -3227 -1276 -1677 667 618 649 688 638 END
START -2568 3648 15888 -2874 -586 -688 667 617 650 688 637 END
START -1684 4012 15816 -2449 -321 269 665 617 649 688 638 END
START -1348 4624 16416 -1957 -1055 1070 668 615 649 688 638 END
START 964 4840 16000 -1405 -2685 1065 667 615 649 688 637 END
START 2656 5324 15564 -865 -2394 793 667 614 649 688 637 END
START 3444 6400 14628 -623 -989 451 668 614 649 687 638 END
START 2256 6244 14184 -462 532 -29 669 614 649 688 638 END
START 2292 5528 13660 -342 1474 -409 667 614 649 688 638 END
START 412 5720 14468 -350 887 -407 668 612 650 688 638 END
START -132 5228 14432 -302 -394 -320 668 613 649 688 637 END
START 1716 3716 13320 -411 -1113 -300 667 613 649 688 637 END
START 1948 3764 13524 -512 -953 -392 668 614 644 688 637 END
START 772 3884 14640 -642 -354 -548 668 613 648 688 638 END
START 852 3404 14560 -718 244 -744 669 613 649 688 639 END
START 36 1684 14732 -711 145 -750 668 613 650 687 638 END
START -524 1844 14584 -912 -558 -160 669 613 648 687 637 END
START -180 1716 14500 -1040 -953 68 668 614 648 688 638 END