START 752 1144 15188 -995 114 -221 671 635 643 677 631 END
START 908 1168 15248 -984 129 -205 672 634 644 677 631 END
START 1136 1224 15284 -894 225 -167 669 635 644 678 631 END
START 1120 1384 15176 -855 426 -97 671 634 644 677 631 END
START 1244 1416 15100 -876 642 -105 671 634 643 673 630 END
START 1004 1468 14876 -933 773 46 672 634 643 677 631 END
START 1096 1124 15032 -899 483 -45 670 634 643 676 630 END
START 1048 1600 14964 -987 496 269 671 634 643 677 630 END
START 1152 1384 14988 -806 147 133 670 634 643 677 630 END
START 912 508 15184 -705 -432 -64 671 633 642 676 630 END
START 560 768 15940 -809 -516 143 671 634 642 677 630 END
START 1596 1456 15464 -727 -34 363 671 633 643 676 630 END
START 1232 2412 15852 -719 272 417 671 634 642 676 630 END
START 636 3244 15916 -729 327 417 671 634 642 677 630 END
START 664 3560 16048 -679 450 351 671 633 642 674 629 END
START 4340 2396 13196 -649 619 187 669 633 643 675 630 END
START 4472 2548 12820 -712 775 89 671 633 642 675 629 END
START -992 2668 16512 -751 578 -41 671 634 641 675 629 END
START -1788 2664 16940 -788 532 -179 671 633 641 673 629 END
START -1472 2424 16544 -858 344 -171 670 633 641 674 628 END
START 564 1804 15404 -806 48 -151 671 633 640 673 628 END
START 3824 740 13160 -849 855 -657 671 633 640 673 628 END
START 5576 608 12188 -1028 2191 -1394 670 633 640 672 627 END
START 3452 668 13848 -1285 3370 -1832 670 633 639 670 627 END
START 856 604 15684 -1381 3680 -2215 671 632 638 670 626 END
START -824 324 17196 -1143 3236 -2393 671 632 638 669 626 END
START 104 -308 15404 -720 1660 -2553 670 633 639 669 625 END
START 212 196 15396 -562 -1375 -3165 669 632 638 669 626 END
START 1720 -972 14976 -538 -2365 -3892 670 632 638 670 626 END
START 2172 -756 14928 -455 -2042 -4215 670 632 638 666 625 END
START 508 -772 15432 -357 -3052 -4600 669 631 636 668 625 END
START -280 -652 16132 -324 -5029 -5232 669 632 638 669 626 END
START 1228 -568 16124 -370 -5797 -6227 670 632 638 670 626 END
START 2860 -740 15132 -726 -3677 -7289 669 632 638 671 626 END
START 1924 -1148 15148 -1045 -1019 -7952 671 632 638 671 626 END
START 1908 -1484 13284 -1278 -3310 -8397 671 632 638 671 627 END
START 3828 -544 12820 -1653 -4858 -8951 670 633 639 673 627 END
START 2904 76 14336 -2122 -3034 -9536 671 634 639 674 627 END
START 4136 -1324 13964 -2578 919 -9905 670 634 640 674 628 END
START -1184 -1824 15976 -2288 1787 -9197 670 633 639 674 628 END
START -1472 -964 14476 -2062 -2337 -8429 671 633 640 674 629 END
START -2488 -524 15528 -2077 -3690 -7732 669 634 640 674 628 END
START -1184 -284 15312 -2030 -4593 -7301 669 634 640 675 629 END
START 652 -264 14848 -2238 -4825 -7551 669 634 641 674 629 END
START 708 -1156 15216 -2164 -2570 -7299 668 633 640 674 629 END
START -488 -1084 15548 -1953 -1202 -6701 668 633 640 674 627 END
START -496 -1216 14968 -1725 -3496 -7053 669 633 639 674 629 END
START -32 -500 15096 -1539 -4537 -6585 668 633 640 674 628 END
START -380 -608 14644 -1463 -4852 -5988 668 632 640 674 628 END
START -500 -608 15320 -1399 -3562 -5726 668 633 639 674 629 END
START -1304 -260 15380 -1453 -2666 -5433 669 633 639 674 629 END
START -220 -420 14956 -1485 -1093 -4965 668 633 638 674 629 END
START 84 -520 14048 -1442 482 -4234 668 633 638 674 629 END
START -1800 -312 15084 -1579 60 -3544 669 633 636 674 629 END
START -1276 -640 14656 -1705 -73 -2711 668 633 636 673 629 END
START -1852 -580 15276 -1681 -221 -1762 667 632 636 675 629 END
START -2156 -296 15788 -1622 -576 -875 670 633 636 671 629 END
START -1996 -336 16288 -1415 -621 17 669 633 635 675 629 END
START 520 -756 15448 -1162 -2449 -239 669 633 634 674 629 END
START 2508 -556 15212 -787 -2128 -149 671 633 634 674 629 END
START 3256 -1216 14372 -593 -833 -174 669 632 633 674 628 END
START 3024 -392 14784 -589 -246 -516 669 632 633 674 629 END
START 3968 -776 13824 -648 265 -666 669 632 633 674 629 END
START 4456 -1120 13340 -669 292 -744 669 632 633 674 629 END
START 4144 -1648 13532 -643 159 -748 668 632 633 673 629 END
START 3560 -236 14152 -668 22 -654 669 631 632 674 630 END
START 820 -2080 15496 -742 -385 -549 669 631 632 674 629 END
START 6368 -1472 11936 -780 -417 -570 669 631 633 675 629 END
START 5808 -2008 12244 -798 -13 -543 667 631 632 674 629 END
START 3444 -2572 13556 -834 -110 -501 669 632 632 674 629 END