START 1304 3332 14848 -885 -514 262 667 631 635 679 632 END
START 1256 3168 14944 -869 -565 301 667 630 635 679 632 END
START 1360 3356 14912 -775 -886 368 667 630 635 679 632 END
START 1728 3228 14944 -791 -898 352 667 630 635 680 632 END
START 1888 3052 14632 -754 -489 293 667 631 635 680 632 END
START 1732 3112 14648 -815 -201 238 666 631 635 679 632 END
START 1724 2912 14356 -785 -158 141 669 630 634 680 631 END
START 1064 2912 15128 -872 -540 459 667 630 634 679 632 END
START 1704 3644 14592 -754 -700 584 668 631 635 680 632 END
START 2088 2532 14364 -548 -848 141 667 630 634 679 632 END
START 1160 2000 14636 -685 -845 33 668 631 634 680 632 END
START 136 1780 15728 -902 -913 109 668 631 635 679 632 END
START 216 2396 16260 -944 -619 333 667 630 635 680 632 END
START 1284 2568 15512 -970 -409 397 667 630 634 680 632 END
START 1892 2504 14876 -1086 -599 417 668 630 634 679 632 END
START 2404 2380 14616 -1214 -636 364 667 630 634 679 632 END
START 2724 2124 14424 -1295 -593 296 668 631 635 679 632 END
START 2676 2096 14500 -1274 -943 141 667 630 635 679 632 END
START -892 1792 16480 -1312 -1235 56 667 630 634 679 633 END
START -824 1656 16248 -1284 -1274 -102 667 630 634 679 632 END
START 1172 716 14296 -1167 -904 -266 667 630 634 680 632 END
START 1708 736 14136 -1071 -768 -347 667 630 634 679 633 END
START 2184 668 14040 -960 -819 -512 667 631 634 679 632 END
START 3128 540 13700 -854 -474 -759 668 630 634 677 632 END
START 3324 732 13524 -857 79 -972 667 627 633 678 632 END
START 3456 928 13620 -931 -222 -966 668 630 634 679 632 END
START 3872 836 13832 -827 -475 -1270 666 630 633 679 632 END
START 4340 1188 13820 -570 -1109 -1901 667 630 633 679 632 END
START 2528 1164 14820 -311 -1902 -2849 667 630 633 679 632 END
START 3452 1344 14056 -120 -3260 -3792 667 629 633 678 632 END
START -296 1900 17464 -137 -3683 -4818 667 630 633 678 632 END
START 6968 2148 12412 -228 -3038 -5957 667 630 633 678 632 END
START 7924 2880 11212 -673 -3600 -6942 667 630 634 679 631 END
START 10996 2284 9296 -1310 -2816 -8344 667 630 634 679 631 END
START 2924 2492 15592 -1434 1058 -8725 666 629 634 678 632 END
START 700 3564 16508 -1409 1300 -9139 667 629 634 678 632 END
START 6752 3444 10620 -1930 -4541 -9604 667 630 634 678 632 END
START 3696 3300 13716 -2066 -5319 -10146 666 630 633 679 632 END
START 4336 4080 14368 -2338 -895 -10918 665 630 634 679 632 END
START 7848 3940 11212 -2957 2853 -11699 666 630 634 679 633 END
START 3964 3832 12996 -3209 2427 -11637 666 630 635 679 632 END
START -3180 4140 17164 -2783 -62 -10051 665 629 633 679 632 END
START -3572 3568 17376 -2037 -4515 -8130 666 629 634 679 632 END
START -448 5632 16196 -2207 -8143 -8847 666 629 634 679 632 END
START 4820 4300 13032 -2711 -6659 -8723 667 628 634 679 632 END
START 2756 3068 15216 -2021 -944 -7006 666 628 634 679 633 END
START -1028 4648 15360 -2233 -1738 -6624 667 628 634 679 633 END
START 300 3884 15448 -1931 -3197 -5565 666 627 633 679 632 END
START 300 3680 14620 -1637 -1981 -4610 666 628 633 678 632 END
START -596 3708 14684 -1639 -1932 -3609 666 628 632 679 632 END
START 772 3660 14012 -1530 -650 -2855 667 628 632 679 633 END
START 288 3236 13988 -1395 572 -2048 666 628 633 679 633 END
START -96 3188 14252 -1336 578 -1405 666 628 633 679 632 END
START -812 2568 14432 -1217 -491 -709 666 628 633 679 632 END
START 1016 2412 13920 -1189 -1051 -271 665 628 632 679 633 END
START 1112 2384 13976 -1099 -497 131 666 628 632 679 633 END
START 308 1900 14808 -1067 -1455 98 666 628 631 679 632 END
START 1944 2100 14640 -998 -1625 -179 666 627 630 679 633 END
START 2740 528 14004 -782 -413 -369 666 627 631 679 632 END
START 848 -120 14960 -788 -293 -652 666 627 630 680 632 END
START 836 384 14988 -805 -382 -575 666 627 630 679 632 END
START 1920 1624 14696 -1028 -126 -259 666 627 631 676 632 END
START 1364 900 14628 -1017 -135 -210 666 627 631 679 632 END
START 1652 1084 14848 -1026 -362 -76 666 627 630 679 632 END
START 676 1420 16400 -1008 -364 171 665 625 630 679 632 END
START 1228 2328 16420 -962 -314 299 666 626 630 678 632 END
START 3036 3088 15440 -896 -190 514 665 627 630 679 633 END
START 2528 3484 15664 -881 -292 596 666 627 630 679 632 END
START 2416 3804 15928 -821 -359 623 666 627 630 679 632 END
START 3804 4760 14916 -844 -30 483 666 627 629 677 632 END