START 656 1412 15312 -1222 -226 -233 669 631 635 679 632 END
START 628 1460 15220 -1192 -174 -225 669 631 637 677 631 END
START 304 1300 15104 -1158 -286 -86 671 630 636 679 632 END
START 284 1320 15152 -1101 -637 27 670 631 636 679 633 END
START 472 1556 15008 -1028 -948 100 670 631 636 677 632 END
START 860 1732 15096 -976 -1023 207 669 631 636 678 632 END
START 708 1480 15132 -989 -1119 162 669 631 636 678 632 END
START 1248 1768 14944 -820 -690 117 669 631 635 678 632 END
START 1000 1216 15248 -814 -688 -79 670 631 637 679 632 END
START 780 1876 15620 -965 -445 300 670 631 636 678 632 END
START 1440 2308 14844 -797 -79 252 670 632 636 678 632 END
START 964 2176 14992 -638 -199 18 668 632 635 678 632 END
START 1052 1356 14728 -608 -544 -181 670 630 636 678 632 END
START 108 1508 15348 -613 -897 -223 670 630 635 678 632 END
START 132 1160 15256 -622 -764 -378 670 631 636 678 633 END
START 1152 872 14580 -662 -688 -477 670 631 636 678 632 END
START 2636 604 13388 -692 -655 -531 668 631 634 678 632 END
START 3784 260 12952 -690 -653 -585 670 631 635 678 632 END
START -2748 -516 16992 -829 -893 -563 669 631 636 677 632 END
START 2832 -412 13264 -865 -395 -688 670 631 635 677 632 END
START 604 -408 14968 -866 -268 -641 669 631 635 677 632 END
START -1936 -484 16392 -877 -488 -604 668 630 635 678 632 END
START 1948 -468 13704 -835 -585 -570 669 631 635 678 632 END
START -96 -720 14892 -931 -899 -627 671 631 635 677 632 END
START -1048 -584 15996 -1022 -1012 -728 670 631 635 677 632 END
START 1212 -328 14940 -1046 -296 -939 669 630 635 677 632 END
START -808 -276 16444 -1106 -469 -1025 669 630 635 677 632 END
START 796 -616 15556 -1129 -1007 -1033 669 630 634 677 631 END
START 2756 -452 14720 -1023 -1504 -1246 669 631 634 676 631 END
START 3904 208 14412 -893 -1910 -1999 669 630 635 676 632 END
START 3156 844 14984 -847 -2145 -2551 670 630 634 676 631 END
START 3060 24 15232 -974 -2699 -3421 669 631 634 676 631 END
START 1612 -340 15776 -1108 -3121 -4029 669 631 634 676 631 END
START 1356 -508 16188 -1071 -2401 -4672 669 630 633 675 631 END
START 1304 -664 16276 -990 -1595 -5564 669 631 634 677 631 END
START 2180 -704 15136 -1165 -1982 -6696 670 631 635 676 630 END
START 3748 -832 13464 -1415 -1926 -7446 669 631 634 676 631 END
START 2316 -1036 13636 -1593 -2724 -7390 669 631 634 677 631 END
START 2548 184 14148 -1821 -3412 -7879 669 632 632 677 631 END
START 3656 -708 13936 -2040 -2033 -8486 669 630 634 677 631 END
START 4084 -628 13876 -2330 -92 -9298 669 631 635 678 632 END
START 2612 -796 14456 -2418 2215 -9599 669 632 636 678 632 END
START 292 -948 14528 -2062 1674 -9217 669 631 635 678 632 END
START -2136 -1680 14940 -1887 -1780 -8556 668 631 635 678 632 END
START 308 -576 14220 -1749 -3859 -8368 669 631 635 678 632 END
START 16 -1756 15404 -1514 -3249 -7745 668 633 635 678 632 END
START 472 -1016 14872 -1701 -2942 -7921 669 631 635 678 631 END
START -64 -1736 14748 -1745 -2546 -7832 669 632 636 679 633 END
START -1140 -1420 15900 -1604 -1541 -7405 669 633 636 679 632 END
START -924 -1116 15048 -1534 -3441 -7574 669 632 635 679 633 END
START 1316 -1696 13356 -1642 -4957 -7671 669 632 636 678 632 END
START 1764 -1816 13624 -1440 -3906 -7132 669 631 635 678 632 END
START 480 -284 15272 -1402 -2893 -6650 669 632 635 679 633 END
START 204 -1496 14792 -1391 -1904 -6248 669 632 636 679 632 END
START -248 -332 15232 -1350 -1097 -5767 670 631 636 679 632 END
START -1036 -400 15100 -1352 -468 -4884 669 631 635 678 632 END
START -1184 -156 15020 -1407 -375 -4064 669 632 635 678 632 END
START -1764 -300 15252 -1335 -540 -3043 670 632 634 679 632 END
START -1424 12 15292 -1337 -593 -2109 669 631 635 679 633 END
START 260 -1352 14752 -1289 -248 -1324 669 632 635 678 632 END
START 224 -1176 14704 -1266 -168 -489 669 632 634 679 633 END
START -1564 -1840 15820 -1197 -1299 71 669 632 634 679 632 END
START 396 -1368 15860 -1052 -2772 -112 670 632 634 679 633 END
START 1764 -1552 15220 -886 -1902 -63 669 632 634 680 629 END
START 1072 -1180 15368 -967 -868 -253 668 631 633 679 632 END
START 756 -1416 15508 -993 -72 -517 669 632 634 679 632 END
START 716 -1032 15184 -1098 121 -436 670 632 634 679 633 END
START 1528 -840 14796 -1104 13 -388 665 631 634 679 632 END
START 1516 -672 15232 -1113 -271 -130 670 631 633 679 632 END
START 1864 -860 14692 -1141 -623 -64 669 631 632 679 632 END