START 184 4780 14288 -600 341 -146 669 614 641 680 628 END
START 228 4704 14384 -596 339 -154 668 614 641 680 627 END
START -24 4752 14300 -578 411 -196 669 614 640 680 627 END
START 8 4708 14188 -526 694 -268 669 614 641 680 627 END
START 0 4684 14232 -533 720 -278 669 614 642 679 627 END
START -40 4508 14396 -566 464 -179 669 614 642 680 627 END
START -308 4688 14052 -612 242 -57 669 614 641 680 628 END
START -576 4404 14284 -702 -425 35 669 614 641 680 628 END
START -88 5036 13900 -747 -505 323 669 614 640 681 627 END
START -40 4336 14032 -729 -681 99 668 614 640 678 627 END
START -1052 3800 14624 -1054 -611 200 670 614 640 679 627 END
START -440 4836 15320 -1057 -203 620 670 614 640 680 627 END
START 388 5360 14584 -1012 -197 756 669 615 639 679 627 END
START 524 5972 14748 -953 -187 763 669 613 640 680 627 END
START 1696 6540 13648 -838 137 650 669 613 639 679 626 END
START 2780 6112 12528 -710 514 540 671 612 639 679 627 END
START 3056 5800 12352 -627 342 450 669 615 640 680 627 END
START 1956 5596 13032 -610 -146 295 668 614 640 680 626 END
START -272 5644 14368 -606 -359 262 668 613 639 679 627 END
START -672 5076 14772 -606 -616 122 669 614 639 680 627 END
START 92 4288 14444 -638 -485 69 669 614 639 679 627 END
START 180 3848 14180 -703 -546 -247 669 613 639 679 627 END
START 108 2896 14176 -689 -782 -350 669 613 639 680 627 END
START -1112 2212 14624 -796 -1061 -303 668 613 639 679 626 END
START -744 2232 14824 -844 -1007 -407 668 614 639 679 627 END
START -660 2364 14980 -815 -373 -732 669 613 638 679 627 END
START 104 2764 14800 -811 853 -1077 668 614 639 679 627 END
START -16 3344 15380 -862 1936 -1249 668 613 638 678 626 END
START -876 3260 15868 -813 1537 -1446 668 614 638 678 626 END
START -1136 4260 16624 -646 -184 -1793 668 613 637 678 626 END
START -480 4116 16168 -423 -1662 -2031 669 613 638 678 626 END
START 384 4184 16196 -345 -2892 -2439 668 613 637 678 626 END
START 2416 5180 15536 -267 -3438 -3156 668 613 637 678 626 END
START 3552 5484 15428 -381 -3236 -4376 668 613 637 678 627 END
START 4120 5188 14804 -684 -2276 -5752 669 613 636 678 627 END
START 3708 5356 14860 -1002 -1115 -6888 668 613 636 679 627 END
START 3656 5036 15036 -1242 194 -7725 668 614 635 679 628 END
START 2816 5124 15212 -1316 1306 -8371 668 611 634 680 628 END
START -396 5012 15740 -1093 1417 -8131 668 616 636 680 629 END
START -2124 5232 14520 -1147 -2940 -7722 667 619 637 681 628 END
START -1732 4796 14392 -1388 -6141 -6466 668 617 638 681 628 END
START -932 5376 14876 -1691 -6706 -6363 667 617 638 681 628 END
START -756 5376 14668 -1800 -6695 -5518 668 617 639 680 628 END
START -516 5764 14388 -1953 -7902 -5659 667 617 639 681 628 END
START 2404 5972 13732 -2162 -8293 -6590 669 617 638 681 629 END
START 3324 5604 13852 -2090 -5606 -6263 668 616 639 681 629 END
START 944 6556 13872 -2325 -4596 -6586 669 616 638 680 629 END
START 1012 6280 14072 -2423 -6745 -6646 667 616 637 682 630 END
START 3060 5880 13904 -2361 -5980 -7249 667 616 637 681 629 END
START 2548 6540 14616 -2521 -3231 -7387 667 616 637 682 631 END
START 1116 5600 15100 -2338 -292 -7697 665 616 638 682 630 END
START 276 5060 14128 -1999 1552 -7430 667 616 638 682 631 END
START -32 4124 13208 -1805 2534 -6647 667 615 638 683 631 END
START -2340 3472 14364 -1497 2260 -5772 667 615 638 683 631 END
START -3464 3788 14316 -1220 793 -4475 668 617 639 683 631 END
START -2760 3620 14092 -974 -379 -3222 668 616 639 684 631 END
START -1712 3284 13900 -964 -469 -2297 668 616 639 684 631 END
START -2720 2812 14556 -1005 -280 -1356 668 615 639 683 632 END
START -2696 2920 14716 -985 131 -486 667 615 634 684 631 END
START -1412 2560 14676 -1060 -1470 -249 667 615 639 683 632 END
START 0 1624 14652 -721 -2845 -324 668 614 638 684 632 END
START 520 2592 14824 -773 -2393 -148 668 614 638 684 632 END
START 564 2768 14856 -914 -855 30 669 613 639 683 632 END
START 1344 4332 15076 -1048 300 166 668 614 638 684 632 END
START 1268 4856 15136 -1080 691 141 668 614 639 684 632 END
START 1284 5216 14836 -1124 869 173 668 613 638 684 632 END
START 980 6192 14448 -1003 721 190 668 613 639 684 633 END
START 132 6188 14700 -787 310 18 668 613 639 684 633 END
START 244 5152 14148 -665 -292 -253 669 614 639 684 632 END
START 928 3880 13768 -766 -356 -414 668 613 639 684 632 END