START 2736 12504 8964 -932 27 -29 511 606 416 448 452 END
START 2800 12544 8992 -903 96 -104 509 611 416 447 453 END
START 2816 12508 8352 -880 245 -99 510 611 416 447 453 END
START 2804 12600 8476 -885 355 -69 510 611 416 447 453 END
START 2488 12720 8348 -991 72 105 512 611 416 447 454 END
START 2928 12964 8336 -1045 -186 192 510 610 415 448 453 END
START 2868 12620 8748 -1097 -206 90 510 613 416 448 453 END
START 3624 13260 8396 -1047 -122 7 510 611 416 447 453 END
START 3280 12540 8320 -953 -636 -395 510 611 416 447 453 END
START 2880 12692 8820 -960 -1224 -292 511 613 416 448 453 END
START 3956 13968 8340 -955 -1084 -260 510 612 416 448 453 END
START 4192 14824 8168 -786 -1561 -380 510 612 415 449 453 END
START 4932 15488 7540 -524 -2777 -573 510 611 416 447 453 END
START 4592 16136 6816 -527 -5136 -533 510 612 416 447 453 END
START 5060 16204 5844 -654 -8713 -530 510 612 416 448 453 END
START 6108 15984 6240 -1166 -9803 -830 510 612 416 448 453 END
START 5352 15432 6888 -1861 -8055 -1121 511 612 416 448 453 END
START 5564 15500 6524 -2515 -5696 -1608 510 613 416 448 453 END
START 5604 15588 5808 -3056 -4444 -1803 511 612 416 447 453 END
START 3604 15664 6968 -3761 -5037 -1821 510 612 416 447 453 END
START 3640 14744 8332 -4421 -5964 -1832 510 612 416 448 453 END
START 4396 14156 8380 -4824 -5323 -2001 510 613 417 447 453 END
START 4664 14400 8576 -5289 -3447 -2006 512 613 417 448 454 END
START 4200 14144 7752 -5841 -2316 -2064 511 613 417 448 453 END
START 3148 13952 9096 -6127 -2532 -2056 511 614 409 448 453 END
START 3144 13152 9880 -6075 -3962 -1776 512 613 416 448 453 END
START 3636 13068 9304 -6225 -4552 -1771 511 612 416 448 453 END
START 4436 13164 8656 -6631 -3606 -1845 512 613 416 448 454 END
START 4536 13164 9596 -7258 -2219 -1938 511 613 417 446 453 END
START 5004 12608 9800 -7822 253 -2133 512 613 417 448 453 END
START 4096 12804 10876 -8192 2506 -2313 512 613 416 448 450 END
START 3856 12392 11096 -8122 3551 -2556 512 613 417 447 454 END
START 3296 12592 10768 -8198 3501 -2243 512 614 418 448 454 END
START 3232 10860 11364 -7656 1959 -2016 512 614 416 448 453 END
START 3156 10184 12620 -6959 571 -1909 512 614 416 448 454 END
START 2260 10932 12396 -6275 -292 -1858 513 614 417 449 453 END
START 2244 11492 12196 -5998 -866 -1505 513 614 416 448 453 END
START 1920 11508 12472 -5718 -1709 -1237 512 614 417 448 453 END
START 3352 11416 12232 -5669 -1229 -1058 513 618 416 448 453 END
START 3064 10432 12276 -5495 -819 -913 513 614 417 448 453 END
START 2524 10356 12292 -5420 -1526 -580 513 613 416 447 453 END
START 3096 10044 11756 -5509 -1941 -418 513 614 417 444 453 END
START 3108 9904 12176 -5795 -1009 -10 515 615 417 448 453 END
START 2576 10808 12284 -5931 -694 316 514 616 417 448 453 END
START 2404 10824 12388 -5758 -2180 551 514 616 416 448 452 END
START 2636 10624 12664 -5689 -3555 710 514 617 416 447 453 END
START 3984 10668 11900 -5627 -3128 891 516 618 416 447 453 END
START 4104 10448 11772 -5757 -2200 854 516 617 417 446 453 END
START 4764 10200 12576 -5770 -2035 623 516 618 416 448 453 END
START 4888 9132 13328 -5379 -1846 337 517 618 416 448 453 END
START 3724 9056 13796 -4943 -1052 127 516 619 416 448 453 END
START 3252 9012 14132 -4453 -522 -131 517 619 417 448 454 END
START 3080 8584 14012 -3739 -56 -164 517 620 419 448 453 END
START 2356 9288 14484 -3093 -99 -28 518 619 416 448 453 END
START 4140 8668 12116 -2705 -550 -133 518 619 416 448 453 END
START 4420 8408 12400 -2460 -367 -174 518 620 416 448 453 END
START 4256 8244 12724 -1849 257 -212 519 620 416 448 453 END
START 3232 8300 13788 -1296 -146 -338 519 619 416 447 453 END
START 2176 8192 13896 -862 -311 -344 520 620 416 448 453 END
START 2832 8596 12776 -797 -691 -507 519 619 416 448 453 END
START 3060 6972 12436 -672 -314 -340 520 621 419 448 453 END
START 3392 7308 12028 -727 -948 -221 520 619 416 447 453 END
START 2488 8100 12856 -758 -1052 -247 520 620 416 448 453 END
START 2680 8160 12944 -760 -517 -361 520 619 416 448 453 END
START 1880 7428 13240 -697 -514 -454 520 620 417 448 453 END
START 2620 6036 12588 -621 -951 -620 520 620 416 448 453 END
START 2768 5856 12344 -628 -1018 -781 521 619 416 448 454 END
START 2216 4988 12344 -628 -497 -875 520 618 416 448 453 END
START 1104 5316 12676 -727 -414 -686 521 619 416 448 454 END
START 1232 5180 12944 -894 -888 -516 521 620 416 448 453 END