START 2140 12860 8768 -1223 449 -180 500 611 405 434 444 END
START 2000 12912 8880 -1158 294 -137 499 612 405 433 444 END
START 2036 12896 8632 -1076 42 -7 500 611 405 435 443 END
START 2384 12760 8312 -1100 325 119 500 611 405 434 444 END
START 2364 12740 8008 -1284 538 169 500 611 405 434 444 END
START 2228 12716 8360 -1282 621 47 499 611 405 435 444 END
START 2124 12652 8976 -1228 369 158 500 611 406 434 443 END
START 2312 12856 8532 -903 269 -11 500 611 403 435 444 END
START 1848 12276 8732 -762 116 -250 500 613 407 430 444 END
START 772 11840 9104 -862 -196 -22 500 607 404 435 444 END
START 1764 12692 8824 -884 -38 492 500 610 404 434 443 END
START 3048 13960 8164 -877 331 706 496 611 405 434 444 END
START 3300 14588 8232 -863 490 714 500 611 405 435 444 END
START 2716 14848 8844 -691 480 627 500 611 406 435 444 END
START 4096 14720 7128 -577 439 468 500 612 405 435 444 END
START 2924 14660 7772 -563 -19 254 500 611 405 433 444 END
START 2920 13584 7500 -635 -418 -4 500 611 405 435 444 END
START 2428 12880 7264 -899 -652 -172 500 611 405 434 444 END
START 1688 12248 8192 -1147 -427 -337 501 612 405 434 444 END
START 1184 10616 8200 -1368 -158 -450 500 612 403 435 444 END
START 1940 10856 8096 -1386 -255 -343 500 611 405 433 444 END
START 1832 11972 8284 -1175 -1121 -259 500 611 405 435 444 END
START 1888 12500 8464 -857 -2050 -261 500 611 405 434 444 END
START 1652 13032 8192 -786 -3029 -396 500 611 406 435 443 END
START 2892 14236 7452 -1056 -3352 -345 499 610 405 435 444 END
START 2488 15400 7288 -1435 -4140 -364 500 611 405 435 444 END
START 2048 14800 5996 -2375 -6621 -209 499 611 405 435 444 END
START 3364 14920 5920 -3335 -10107 -388 499 611 406 433 444 END
START 3752 13196 5988 -4555 -9900 -838 499 613 404 435 444 END
START 4164 13996 7416 -5644 -7496 -1462 499 611 406 435 444 END
START 3096 13204 8416 -6578 -5168 -2626 499 611 406 434 444 END
START 3832 11888 8240 -7144 -2818 -3319 500 612 405 435 444 END
START 3260 10988 8096 -7391 -1678 -3557 500 611 405 434 443 END
START 1952 10736 9204 -7578 -2430 -3823 500 612 405 435 444 END
START 1284 10480 10008 -7552 -2975 -4111 500 612 406 435 443 END
START 712 10004 9920 -7644 -3260 -4335 499 612 406 435 444 END
START 1108 8952 10340 -7741 -2842 -3945 500 612 405 435 443 END
START 2264 8924 9960 -8023 -1979 -3709 500 612 406 435 444 END
START 1572 10300 11464 -7960 -1727 -3522 500 612 406 435 444 END
START 1076 9112 11564 -7943 -2552 -3179 500 612 406 435 445 END
START 1284 9636 12048 -7803 -2986 -2924 500 612 406 435 444 END
START 1408 9564 12188 -7858 -2166 -2794 501 612 406 435 444 END
START 1240 9216 11488 -8011 -1962 -2767 501 613 406 435 444 END
START 656 10008 12136 -8121 -3190 -2341 500 612 406 435 444 END
START 1228 9860 12544 -8184 -3843 -2186 501 612 406 436 444 END
START 944 9236 12892 -8069 -4092 -2169 501 613 406 435 444 END
START 796 8732 12996 -7857 -4010 -2380 501 613 406 435 444 END
START 3032 9528 12932 -7537 -2097 -2478 500 615 406 430 444 END
START 1116 9596 14764 -7061 -2617 -2302 501 614 408 435 444 END
START 1020 9484 14612 -6495 -3636 -2122 501 613 407 435 444 END
START 1988 8884 13768 -6003 -3426 -2092 502 614 406 435 444 END
START 1908 9132 13136 -5813 -1888 -2156 502 614 406 435 443 END
START 1324 9124 13612 -5759 -1636 -1902 502 615 407 435 444 END
START 628 7684 13964 -5318 -1966 -1703 503 614 405 435 444 END
START 2748 8140 12940 -4935 -2000 -1589 505 614 408 435 443 END
START 3060 8976 12196 -4779 -1876 -1464 505 614 408 435 444 END
START 3488 9000 12556 -4941 -2170 -1251 505 614 407 435 444 END
START 3236 7696 13760 -4643 -1473 -1052 505 614 406 435 444 END
START 3136 7556 13720 -4244 -777 -695 506 615 407 435 443 END
START 2712 7560 13364 -3864 23 -360 507 616 407 435 444 END
START 2352 8644 13944 -3389 -783 -61 508 616 408 435 444 END
START 2272 9516 14184 -2908 -872 376 508 616 407 435 444 END
START 3172 9692 13608 -2347 -1221 671 509 617 406 436 444 END
START 3736 9392 13484 -1762 -1205 898 508 617 406 435 444 END
START 2648 9084 13420 -1290 -426 1061 510 617 407 435 444 END
START 2700 9032 13140 -911 -291 904 510 619 410 435 443 END
START 4144 9120 11864 -455 -185 770 511 617 407 437 444 END
START 3392 9012 12332 -322 -621 702 510 617 407 435 444 END
START 2724 8272 13140 -362 -782 449 511 617 408 435 445 END
START 4240 8216 11948 -563 -86 108 511 617 406 435 444 END