START 3560 11752 9620 -227 -1209 667 512 616 417 448 454 END
START 3512 11728 9480 -243 -1084 606 512 615 416 449 454 END
START 3220 11612 9196 -411 -642 538 511 616 415 448 454 END
START 3344 11408 8580 -697 -230 457 512 614 417 448 454 END
START 3164 11612 8972 -984 126 415 511 615 418 448 454 END
START 3284 11484 9036 -1185 248 191 512 615 416 448 454 END
START 3176 11640 9896 -1192 544 -6 512 616 417 447 454 END
START 3060 11548 9920 -1122 393 -375 511 615 417 448 454 END
START 3152 11860 9632 -1144 669 -181 512 615 416 448 453 END
START 3380 12344 9348 -1008 776 -165 511 615 416 448 454 END
START 3224 11844 8988 -1013 469 -325 511 615 417 448 454 END
START 2840 11504 9500 -1092 345 -510 511 616 416 448 454 END
START 2264 10080 9152 -1082 23 -596 513 615 417 449 454 END
START 2068 10364 9316 -1012 -608 -623 511 616 417 447 454 END
START 2168 10432 9744 -749 -1700 -662 512 615 417 448 453 END
START 1968 11364 9956 -525 -2083 -921 512 616 416 448 454 END
START 3040 11512 8592 -488 -1916 -1161 511 616 417 448 454 END
START 2476 12220 8152 -763 -1492 -1251 512 615 417 448 454 END
START 1888 12448 7068 -1233 -2755 -1263 512 615 417 448 454 END
START 1824 11988 6864 -1769 -6273 -1367 513 614 418 448 454 END
START 2800 12204 6868 -2563 -7444 -1549 512 616 415 449 454 END
START 3616 12176 7028 -3363 -5244 -2063 513 616 417 448 454 END
START 3416 11172 8060 -4322 -2010 -2606 513 616 417 448 454 END
START 2444 10812 7884 -5141 438 -3022 513 617 417 449 453 END
START 1400 10212 10116 -5244 378 -3096 514 617 417 448 454 END
START 1800 9780 10984 -4791 250 -3335 513 616 418 448 453 END
START 1908 10100 11964 -4155 -318 -3393 513 616 417 448 454 END
START 1892 10536 11340 -3707 -2059 -3279 513 617 417 448 454 END
START 828 10960 10604 -3493 -4234 -3152 513 617 418 448 454 END
START 1052 10120 9772 -3574 -5818 -2886 514 617 417 449 454 END
START 712 10172 9952 -4050 -5811 -2741 514 617 417 448 454 END
START 1764 10364 10364 -4515 -4577 -2562 514 617 417 449 455 END
START 944 9496 9708 -5169 -3242 -2426 514 617 417 448 454 END
START 1844 9824 10012 -5829 -3290 -1661 514 617 417 449 454 END
START 1204 9336 10604 -6146 -4492 -1306 514 618 417 449 454 END
START 2484 8972 10740 -6501 -4356 -1293 514 617 418 448 453 END
START 2388 8904 11428 -6554 -3830 -1386 514 618 417 449 454 END
START 2184 9196 11608 -6837 -3542 -1394 514 618 417 449 454 END
START 2768 8852 10768 -7084 -3150 -1388 514 618 418 449 454 END
START 2604 8064 11664 -7287 -2942 -1529 514 619 417 449 448 END
START 2576 7752 12156 -7333 -2652 -1689 511 618 417 449 454 END
START 2956 7828 12072 -7605 -1324 -1705 514 619 419 449 454 END
START 1208 6536 13128 -7542 -1133 -1735 516 618 417 449 454 END
START 2044 6528 12468 -7253 -1880 -1894 513 618 418 449 454 END
START 1876 6156 12552 -7119 -2549 -1700 515 619 418 445 455 END
START 1100 6024 13224 -6939 -3300 -1623 515 618 417 448 454 END
START 1732 5760 13220 -6858 -2913 -1712 515 619 418 449 454 END
START 1356 5068 13724 -6638 -2146 -1616 516 619 418 449 454 END
START 880 4528 14196 -6200 -2043 -1685 515 619 417 449 455 END
START 1836 5124 14244 -5634 -1768 -1472 516 619 418 448 454 END
START 1220 4752 14068 -5119 -1256 -1413 516 619 418 449 454 END
START 1108 3676 14672 -4511 -695 -1374 515 619 418 448 454 END
START 960 4808 15060 -3660 -1123 -1238 516 619 417 449 454 END
START 1816 4724 14352 -3015 -259 -1210 516 619 418 448 454 END
START 1192 5388 13784 -2635 346 -1001 517 618 418 449 454 END
START 2400 6156 13764 -2433 291 -750 516 619 418 450 454 END
START 1836 5944 13880 -2175 277 -300 517 619 418 449 454 END
START 1800 6868 14336 -1806 -374 167 516 618 417 449 453 END
START 2844 7860 14344 -1595 -614 559 517 620 417 448 454 END
START 4928 8468 13044 -1516 -626 792 516 619 417 448 454 END
START 4856 8176 13352 -1371 -314 988 517 618 418 449 455 END
START 3500 8680 14004 -1167 -543 1137 517 619 418 448 454 END
START 3936 9940 13752 -1058 -446 1072 516 619 417 449 455 END
START 3268 9620 13680 -987 -532 1088 516 620 417 449 454 END
START 4524 10136 13524 -710 -291 1070 516 620 418 449 454 END
START 4324 10612 13348 -443 -426 1046 517 619 418 449 454 END
START 3832 10256 13580 -273 -342 1036 517 619 418 449 454 END
START 4252 10388 13084 -174 -504 904 516 619 418 449 455 END
START 3476 9640 12680 -47 -73 665 516 619 416 449 454 END
START 3812 9384 11896 186 528 469 517 619 418 449 454 END