START 1828 13728 7780 -403 -403 -130 496 602 390 424 433 END
START 2152 13604 7608 -359 -615 -249 497 601 391 423 433 END
START 2664 13620 7152 -264 -377 -363 496 603 391 423 433 END
START 2484 13828 7336 -329 -170 -268 497 601 392 422 433 END
START 2252 13592 7300 -426 -622 -157 496 601 392 422 434 END
START 2624 13424 7244 -582 -737 -257 496 602 390 422 433 END
START 2540 13628 7264 -761 -94 -186 496 602 392 424 434 END
START 2428 13780 6980 -769 501 -221 497 601 392 423 433 END
START 1444 13144 7076 -917 -234 -437 496 602 392 423 434 END
START 1388 13132 7944 -1031 -433 79 496 602 391 423 434 END
START 2196 14112 7696 -962 -313 349 498 602 392 423 433 END
START 2940 14688 7224 -822 -86 464 497 602 392 423 434 END
START 3308 15288 6936 -796 206 487 495 604 392 424 435 END
START 3372 15900 7144 -791 185 390 497 602 392 423 434 END
START 3744 15220 5968 -721 104 333 496 603 392 424 434 END
START 4764 14960 4952 -699 159 251 496 602 391 423 434 END
START 4356 14488 5276 -713 -14 124 497 602 392 423 433 END
START 1840 13372 6720 -859 -258 -152 498 602 393 421 433 END
START 2468 13580 5764 -1043 -166 -210 497 603 392 423 434 END
START 2668 13324 6168 -1135 -356 -525 497 602 392 425 434 END
START 3212 13768 5896 -1198 -1064 -1052 497 603 392 423 434 END
START 3608 14092 5200 -1280 -1738 -1755 496 604 391 424 434 END
START 4412 14852 4648 -1169 -3287 -2111 496 606 391 423 433 END
START 5272 15956 2748 -1281 -5832 -2394 496 605 392 424 433 END
START 5300 16816 1756 -1755 -9140 -2509 496 606 393 423 434 END
START 5424 17412 1988 -2977 -11368 -2928 495 608 391 424 433 END
START 6412 17052 1348 -4640 -10549 -3286 496 607 391 423 434 END
START 5616 16804 1924 -6464 -9184 -3766 496 609 393 423 433 END
START 7392 16388 1140 -8267 -8262 -4563 496 609 393 424 434 END
START 7080 15640 2468 -10038 -6496 -5223 497 611 388 424 433 END
START 4404 14836 5752 -11524 -3777 -5568 498 610 394 424 434 END
START 3612 14080 6684 -12520 -2155 -5985 497 611 394 424 434 END
START 3028 12904 6816 -12859 -3136 -6375 497 612 394 424 434 END
START 3408 12952 8660 -12878 -4803 -6514 498 612 395 424 434 END
START 3592 11796 9848 -12836 -5096 -6530 498 612 394 424 434 END
START 3288 11964 10276 -12906 -3632 -6282 499 613 395 424 434 END
START 784 11172 11488 -12935 -3576 -5869 497 613 394 425 434 END
START 492 11236 11968 -12821 -6727 -5750 497 614 395 424 434 END
START 2068 8820 12768 -12693 -7107 -5433 498 614 395 421 435 END
START 2820 8432 12492 -12402 -3775 -5166 499 614 394 425 434 END
START 1716 8560 12936 -12297 -942 -4673 498 615 394 425 431 END
START -84 8240 14256 -11824 -1918 -4065 499 615 395 424 434 END
START 480 7672 14572 -10853 -4639 -3483 499 615 395 426 434 END
START 1184 7124 13996 -10110 -5061 -3098 500 616 396 423 435 END
START 2896 6920 13884 -9558 -3818 -2787 501 616 395 424 434 END
START 2860 6140 15028 -8600 -1763 -2308 502 618 396 425 434 END
START 1540 5944 15924 -7226 -1076 -1862 502 618 396 424 434 END
START 1512 5868 15520 -5611 -1451 -1517 502 620 396 424 434 END
START 1800 6344 16132 -4038 -1129 -1045 502 617 395 424 434 END
START 1564 7056 15988 -2760 -295 -428 502 617 397 425 434 END
START 1292 8652 15704 -1762 -62 276 503 617 396 425 434 END
START 2008 9452 14456 -1039 212 637 502 618 396 424 435 END
START 1528 9576 13352 -568 112 765 502 617 396 424 434 END
START 2468 9708 11932 -418 -185 709 503 618 396 424 433 END
START 1496 8848 12548 -456 -790 492 503 617 397 424 434 END
START 2404 7544 12288 -687 -311 320 504 617 396 425 434 END
START 1832 7900 12380 -896 -87 124 503 617 397 424 434 END
START 560 7968 13400 -969 -185 -140 505 617 397 424 436 END
START 1856 6460 12604 -1053 -168 -422 503 618 396 424 434 END
START 1292 4704 12560 -990 -525 -388 502 618 396 425 434 END
START 812 5224 12960 -1017 -906 -415 504 618 396 424 434 END
START 916 5216 13052 -1136 -185 -274 504 610 397 424 434 END
START -92 5952 13560 -1099 123 -151 504 617 396 424 434 END
START 1268 6372 12836 -1022 -128 90 503 618 396 423 434 END
START 1664 6988 13564 -861 -155 425 505 619 398 425 435 END
START 1684 8036 14192 -694 20 493 504 618 397 425 435 END
START 2476 9152 14232 -513 794 466 504 618 397 424 434 END
START 2368 10668 14316 -351 1683 314 503 619 396 425 434 END
START 2840 10732 13952 -96 2657 156 505 618 396 424 434 END
START 1472 9532 14596 462 2611 -113 504 618 396 426 433 END