START 3536 16516 -5052 286 1628 5977 472 646 380 401 407 END
START 3480 18884 -3468 -1439 3125 6465 471 649 380 398 404 END
START 3348 18624 -3784 -3650 3879 4782 465 652 382 398 397 END
START 2900 20012 496 -5611 1218 2947 464 651 377 398 393 END
START 2488 19560 1740 -7073 -1575 1741 460 653 378 395 389 END
START 4000 18056 240 -7581 -3294 735 461 654 378 397 384 END
START 4508 16516 4432 -7507 -3422 803 461 656 377 396 382 END
START 1896 17168 8600 -6966 -2831 1309 461 657 377 398 377 END
START 788 17080 9852 -5594 -3350 1994 463 660 380 401 376 END
START 968 18440 9776 -3709 -3566 3115 464 660 380 401 374 END
START -600 19928 10404 -1933 -4619 4273 466 664 380 402 372 END
START -628 21020 7640 -457 -6678 5219 466 662 383 404 373 END
START 784 21604 5692 178 -7343 5541 466 663 383 405 371 END
START 1240 20524 5804 324 -6401 5891 468 664 384 406 369 END
START -784 17804 5920 242 -6477 5431 470 664 386 408 369 END
START -516 15824 4936 428 -6131 5152 471 666 387 409 369 END
START 192 14152 4916 -37 -5585 5156 471 665 388 410 370 END
START -260 14092 5012 -451 -6844 5602 473 666 384 410 370 END
START -1440 13644 7096 -1024 -7708 5463 473 665 389 411 370 END
START 1132 13880 6368 -1762 -6834 4390 473 666 391 412 370 END
START 2620 14752 5888 -2154 -4628 4323 474 664 392 412 371 END
START 1864 15324 5300 -2172 -3992 4710 475 663 392 398 372 END
START 152 14912 5052 -2230 -6613 5201 476 661 391 414 376 END
START 2968 15236 4604 -3231 -7642 2587 475 661 394 415 374 END
START 1500 12492 6916 -3892 -5028 1087 475 661 394 412 374 END
START 2092 11696 6544 -4760 -2381 -532 476 649 394 416 374 END
START -1136 10232 7228 -5100 -1851 -565 476 662 395 416 374 END
START -2112 9456 8564 -5511 -3942 -598 475 659 395 416 374 END
START 312 8128 7352 -6226 -5413 -1027 476 660 393 421 378 END
START 2340 8900 6952 -6864 -4325 -1261 476 659 396 417 376 END
START 1260 8724 9512 -7659 -1716 -1319 478 659 396 418 377 END
START 264 9864 9408 -8657 -722 -1862 477 661 397 416 377 END
START 1052 10588 9880 -9222 -1445 -2640 478 660 396 417 376 END
START 2876 10976 8472 -9925 -1353 -3344 478 661 397 418 378 END
START 2536 10076 9604 -10291 -1650 -4216 477 661 399 419 378 END
START 2440 8908 11504 -10244 -838 -4803 479 661 399 418 379 END
START 1788 8060 13172 -9771 1144 -5341 479 661 398 419 379 END
START -144 6880 14808 -8460 2960 -4718 477 661 398 418 380 END
START -4332 5572 15328 -6583 1114 -4064 483 661 398 418 380 END
START -2536 5480 14416 -4664 -364 -3454 482 661 399 418 380 END
START -3144 5216 16300 -3158 189 -2533 481 661 377 420 379 END
START -2128 5160 14632 -2089 241 -1765 481 662 397 419 381 END
START -2684 5704 14172 -1275 -109 -1119 484 660 401 420 381 END
START -1376 6140 12864 -933 -21 -778 481 661 399 420 381 END
START 12 7840 12424 -919 -39 -189 483 661 399 422 382 END
START 2960 12076 10280 -1201 567 347 482 660 400 418 381 END
START 2240 13592 10396 -1249 815 211 484 662 399 420 383 END
START 2112 14624 10560 -1419 897 -102 483 661 400 420 379 END
START 832 12720 10688 -1364 573 -521 483 663 400 420 384 END
START 516 11552 10384 -1150 8 -574 484 661 401 420 382 END
START -348 8056 11480 -1227 -819 -522 484 661 399 420 383 END
START -1616 8012 12728 -1218 -949 -205 484 660 400 421 384 END
START -864 8000 12812 -1086 -632 -110 484 661 400 421 384 END
START 920 9588 11848 -997 -284 -33 483 661 401 423 386 END
START 2136 12232 10644 -779 638 81 485 661 401 421 383 END
START 1856 13432 9596 -440 691 -271 485 661 400 415 386 END
START 1228 12988 10188 -368 417 -744 486 652 401 421 385 END
START -728 10644 10280 -430 -73 -1203 486 659 401 421 385 END
START -548 9560 9412 -619 -227 -1231 486 658 402 421 385 END
START -1648 7808 10460 -1064 -708 -1119 477 660 401 421 387 END
START -2572 8132 11688 -1367 -953 -886 487 659 401 422 386 END
START -896 8656 11080 -1649 -11 -497 487 659 401 422 385 END
START -1100 10124 11380 -1663 181 75 487 659 401 421 387 END
START -596 11932 11960 -1438 -441 547 487 658 402 421 386 END
START 2376 12916 10144 -1125 -652 485 486 659 402 422 389 END
START 2632 13068 8648 -802 -471 289 487 658 402 422 388 END
START 1548 11860 10088 -652 -286 -276 488 658 403 423 387 END
START -640 10908 11156 -620 30 -739 488 657 403 423 387 END
START -1676 8856 10436 -848 -94 -925 488 656 403 423 380 END
START -1424 8096 11224 -1135 -359 -718 489 657 402 422 387 END