START -1672 15412 7912 -3228 -50 -1624 515 639 403 443 416 END
START -1616 14724 7988 -2896 -380 -1781 516 638 407 443 416 END
START -644 15260 7892 -2839 -98 -1903 516 637 406 443 415 END
START -1292 15200 8484 -2422 1395 -2156 516 637 406 444 419 END
START -1516 15012 8880 -2083 2657 -1991 516 640 406 443 416 END
START -2848 15052 9164 -1646 2525 -1359 516 637 405 443 417 END
START -2740 14476 8928 -1077 1336 -909 515 636 407 445 420 END
START -3072 13980 8636 -583 35 -149 517 638 407 443 415 END
START -2100 15764 8268 -60 -1281 467 516 637 407 444 417 END
START -1164 14600 7216 168 -525 443 516 636 407 443 416 END
START -1916 13348 7004 52 -211 239 516 637 407 442 416 END
START -2896 12244 8208 -200 -521 314 517 637 405 443 416 END
START -3060 12044 8444 -367 -701 437 517 637 406 443 416 END
START -1912 12736 7872 -250 -601 409 516 638 411 443 417 END
START -1328 14268 8212 -137 277 470 517 637 407 444 417 END
START -804 15832 7356 33 1350 435 517 638 411 443 416 END
START -1432 16148 7540 142 1133 132 517 637 406 444 415 END
START -3384 13660 7932 128 310 100 516 637 405 443 416 END
START -4532 12224 7608 -128 -1211 203 517 637 406 444 417 END
START -3688 11132 7900 -552 -1945 231 517 638 406 444 417 END
START -4148 11212 8748 -993 -1413 337 517 645 406 442 416 END
START -3852 12216 9192 -1184 -86 663 518 639 405 442 416 END
START -1552 13496 7980 -1176 815 1071 517 643 405 443 417 END
START -328 15840 8068 -1096 1585 1412 518 640 407 445 417 END
START -940 17272 7760 -964 2187 1730 517 641 406 443 417 END
START -380 18248 7264 -912 2497 1917 517 644 404 444 416 END
START -1892 16816 7476 -760 1721 2411 517 643 404 443 417 END
START -2436 16648 7072 -479 162 3067 517 644 404 444 415 END
START -2864 15708 7084 -186 -1294 3586 517 645 404 443 415 END
START -388 15752 6336 58 -994 3913 517 645 404 445 416 END
START -1336 17524 7796 165 39 4283 518 647 404 444 416 END
START 572 18524 6964 491 -474 4332 518 647 402 443 416 END
START 3004 18960 4812 771 -1056 4040 517 648 403 444 417 END
START 3112 18432 3912 577 -1154 3443 517 648 402 443 417 END
START 1284 16216 5500 120 -1356 2226 520 649 405 444 416 END
START 164 14684 5544 -325 -1310 1107 517 649 404 444 417 END
START -1500 12624 6384 -1045 -918 460 518 650 403 444 416 END
START -3768 11716 7936 -1638 -2513 388 518 650 403 445 416 END
START -2256 10948 6932 -2089 -4642 286 518 650 407 444 417 END
START -1788 11380 8176 -2449 -4689 -196 517 653 403 441 417 END
START 1316 13068 7136 -3343 -565 -519 518 654 404 445 416 END
START -816 13352 7532 -3298 1189 -957 518 652 403 446 417 END
START -2084 13840 7516 -3304 -415 -888 516 653 404 443 416 END
START -1196 12676 6152 -3144 -4152 -987 518 653 404 445 416 END
START -368 12832 6868 -3485 -5737 -1203 518 653 404 445 417 END
START -2008 11368 7720 -3671 -3388 -2257 518 653 404 444 417 END
START -1556 10452 6684 -4331 -868 -3151 518 652 403 445 416 END
START -3740 9520 7860 -4805 374 -3367 519 653 404 445 416 END
START -4336 7728 8896 -5064 -1183 -2860 520 653 404 444 417 END
START -4520 8652 9896 -5064 -5115 -2654 518 652 399 444 416 END
START -2092 8704 9624 -5103 -4854 -2656 518 653 404 444 418 END
START -2836 9968 10488 -5256 -2444 -3270 519 653 403 445 417 END
START -1000 10892 9340 -5144 495 -4034 519 655 404 443 417 END
START -1436 11756 10516 -5105 1436 -4042 518 653 405 445 416 END
START -3044 11832 11080 -4878 -824 -3615 518 653 405 446 417 END
START 128 12208 9212 -4483 -2570 -3363 518 652 405 444 417 END
START -968 13432 9724 -4325 -2456 -3565 517 652 404 444 416 END
START 936 12740 8444 -4489 -457 -4231 520 651 405 446 415 END
START -1100 11908 8880 -4643 152 -4637 519 653 405 445 416 END
START -3336 9664 9680 -4580 -630 -4467 519 653 405 445 416 END
START -2812 9816 9040 -5046 -2865 -4489 518 652 407 443 416 END
START -5056 8456 10980 -5342 -3424 -4214 518 653 403 444 416 END
START -2988 7964 10116 -6042 -3062 -4291 518 652 406 446 418 END
START -4312 8028 10760 -6764 -2327 -4316 520 653 406 445 420 END
START -4680 6988 11456 -7112 -1861 -4255 519 651 406 446 416 END
START -4096 6440 11760 -7273 -1585 -3865 519 652 406 444 417 END
START -5548 7288 13172 -7109 -3635 -3332 519 652 406 445 416 END
START -3944 7416 13276 -6883 -3376 -2803 520 651 407 445 417 END
START -2236 8008 12568 -6527 -1725 -2726 519 653 405 445 416 END
START -2156 8696 13192 -5644 -15 -2433 519 651 407 445 417 END