START 2920 12240 9436 -1338 621 -538 498 611 408 435 444 END
START 2888 12248 9272 -1273 461 -550 498 612 409 435 445 END
START 3368 12316 9072 -975 141 -420 498 611 407 436 445 END
START 3572 12348 8892 -742 -144 -404 499 612 408 435 445 END
START 3164 12308 8640 -663 -171 -225 499 611 407 435 445 END
START 3544 12540 8496 -574 -646 -268 498 611 408 436 445 END
START 3824 12740 8432 -405 -679 -108 498 611 408 436 445 END
START 3480 12216 8580 -469 -758 -221 498 611 408 437 445 END
START 3460 12908 8380 -661 -393 161 499 612 410 436 445 END
START 4484 13472 8000 -591 -126 167 499 611 408 436 445 END
START 4312 13312 8232 -476 264 -151 499 612 409 436 445 END
START 3664 12552 7624 -441 413 -316 498 612 409 436 444 END
START 3444 12376 7484 -640 20 -496 498 611 408 436 445 END
START 2668 12428 8688 -736 -53 -593 499 611 408 436 445 END
START 1900 12172 9600 -761 -188 -635 498 612 407 437 445 END
START 3020 11272 8312 -746 -299 -795 490 612 408 436 445 END
START 2672 11672 8964 -672 -23 -900 499 611 407 437 444 END
START 1960 10240 8532 -661 -254 -859 499 611 407 436 445 END
START 1540 10604 8484 -768 -636 -579 499 611 408 436 445 END
START 1444 10808 8808 -1025 -685 -173 500 611 408 436 443 END
START 1680 10748 8740 -1225 -456 103 499 614 408 436 445 END
START 2552 11480 9272 -1418 -119 217 498 611 406 436 445 END
START 2760 12804 10088 -1300 86 272 499 612 408 433 445 END
START 4836 13044 9004 -1127 386 344 498 612 410 437 445 END
START 4488 13552 9076 -1034 437 317 500 611 408 436 446 END
START 5048 14448 8288 -980 392 294 498 611 408 437 445 END
START 6348 15032 7160 -859 -6 62 499 611 408 436 445 END
START 6048 15168 6612 -538 -785 -504 499 611 408 436 445 END
START 5928 14816 6336 -300 -951 -994 499 610 409 436 445 END
START 5776 15392 6148 -244 -880 -1531 499 613 407 436 445 END
START 4564 15032 6184 -480 -1707 -1976 499 612 407 436 445 END
START 4644 15488 5448 -883 -2832 -2297 499 612 407 436 445 END
START 3972 15632 4280 -1547 -5869 -2261 499 613 407 436 445 END
START 4564 15396 4264 -2177 -10082 -2250 500 613 410 437 446 END
START 6104 14896 4396 -3314 -10382 -2646 499 612 407 436 445 END
START 6060 14740 4964 -4638 -7293 -3110 500 613 408 436 445 END
START 5908 14552 5456 -5758 -4092 -3617 500 614 408 437 445 END
START 5548 14588 6020 -6666 -1817 -4147 500 615 411 436 445 END
START 4220 13804 6360 -7248 -658 -4398 502 613 407 436 445 END
START 3232 13228 7092 -7390 -1640 -4517 502 614 408 436 445 END
START 3144 12872 7284 -7410 -3951 -4852 502 615 409 437 445 END
START 3172 12408 8164 -7504 -5494 -4819 502 614 408 436 445 END
START 3384 12056 8932 -7676 -5406 -5009 502 615 408 436 445 END
START 3780 11808 8488 -8155 -3725 -4976 503 616 408 435 444 END
START 2748 11296 9228 -8627 -2891 -5036 502 615 408 436 445 END
START 1708 10724 10548 -8810 -2787 -4825 503 615 408 436 445 END
START 3976 10664 8872 -8805 -3296 -4615 503 617 408 436 444 END
START 3784 10464 8924 -8837 -4088 -4464 503 616 406 436 445 END
START 3720 10108 9932 -9069 -4949 -4321 504 616 409 436 445 END
START 4340 9512 9524 -9078 -4199 -4331 504 614 408 437 444 END
START 3344 9788 10468 -9207 -4021 -4227 504 618 408 435 445 END
START 3424 9632 9996 -9440 -5028 -4207 503 617 402 436 445 END
START 2548 8196 11324 -9634 -4907 -4294 505 616 408 436 445 END
START 2348 7688 11860 -9559 -3807 -4110 505 618 408 437 445 END
START 2332 7652 12464 -9632 -3844 -4054 506 617 408 436 446 END
START 1828 7252 12404 -9335 -3093 -4027 506 618 408 436 445 END
START 2328 6388 12900 -9019 -1819 -3921 507 617 410 437 445 END
START 1972 5924 14188 -8098 -658 -3307 506 617 408 438 445 END
START 1372 6144 14864 -6917 -1800 -2853 506 617 408 436 445 END
START 1576 6392 14900 -5764 -1793 -2203 508 608 409 437 444 END
START 2004 6400 14900 -4584 -1100 -1711 508 617 409 436 445 END
START 2360 6548 14788 -3472 121 -1133 507 618 409 436 445 END
START 2048 7124 14620 -2489 208 -747 508 618 408 435 444 END
START 2244 6496 14408 -1698 -197 -642 507 617 408 436 446 END
START 2252 7204 14008 -1218 -513 -252 508 618 409 436 444 END
START 3276 7364 13136 -899 -812 180 508 618 409 436 445 END
START 2084 7664 13912 -748 -1163 401 508 617 408 436 445 END
START 2380 7224 13684 -737 -1091 291 508 618 409 437 445 END
START 2388 7612 13848 -762 -465 -6 508 618 409 436 445 END
START 2860 4656 12728 -683 165 -217 508 617 408 436 445 END