START 1432 15276 7912 -2810 -546 -2941 503 634 398 431 422 END
START 1804 14768 7252 -2349 591 -3042 499 635 398 428 417 END
START 384 15532 7616 -2682 3136 -2885 492 634 395 423 415 END
START -84 15712 7952 -2371 3194 -2474 486 635 391 420 412 END
START -1336 14548 8948 -1503 1561 -1785 481 633 393 417 405 END
START -844 15032 8716 -1410 -338 -860 477 633 388 414 403 END
START -1708 14864 9108 -923 -962 -507 472 633 387 412 400 END
START -828 14936 8756 -1069 -382 -258 470 633 388 411 397 END
START 52 15336 7720 -1188 838 -297 468 633 386 410 396 END
START -976 13892 7712 -1277 1409 -260 466 633 386 412 396 END
START -2336 12828 8528 -1366 1103 179 465 634 387 410 395 END
START -3684 12484 8900 -1525 178 814 466 632 390 411 394 END
START -1536 13128 8004 -1528 -274 1422 465 635 386 409 393 END
START -584 13976 7696 -1627 -367 1536 465 634 389 410 394 END
START 1040 15192 6672 -1579 604 1844 466 638 386 411 394 END
START 880 15608 6576 -1342 219 1839 467 638 386 411 395 END
START -312 16264 7764 -1159 -483 1738 467 639 386 412 393 END
START -1840 15016 7364 -1255 -1319 1305 468 639 387 410 394 END
START -1328 13972 5528 -1413 -1685 884 468 640 386 411 394 END
START -2132 13840 6324 -1623 -1171 718 469 642 384 412 393 END
START -884 13356 5804 -2068 -694 617 470 645 387 411 392 END
START -1104 13820 6556 -2290 -330 1364 473 644 388 413 394 END
START -2304 14988 7720 -2450 -1870 2286 472 644 371 416 392 END
START -180 16612 6444 -2512 -2856 2951 473 644 382 415 392 END
START 936 18216 6476 -2359 -2564 4056 475 645 388 415 392 END
START 3736 20304 4268 -2463 -3009 4605 476 646 387 416 393 END
START 5172 20384 2352 -2598 -3372 4920 476 647 389 417 393 END
START 5800 21344 3316 -3103 -3102 4708 478 647 388 416 386 END
START 4480 19508 5052 -4056 -1280 3773 478 644 389 417 393 END
START 2200 18340 5968 -4625 -1793 3102 479 647 390 416 393 END
START -412 16620 6392 -4432 -3833 3029 482 647 391 417 396 END
START -408 14872 7284 -4133 -6223 2959 482 646 390 416 389 END
START -540 12812 9444 -4025 -5715 2644 481 647 392 419 397 END
START -840 12452 9872 -4386 -3148 1870 483 649 392 419 397 END
START -1084 12216 9716 -4228 -712 1332 481 649 394 419 396 END
START 276 12124 8168 -4015 758 867 483 650 394 419 397 END
START 868 13052 7640 -3730 -533 890 484 650 394 421 397 END
START 2468 12880 5848 -3759 -3392 757 487 650 395 421 398 END
START 1344 13360 6484 -4039 -5686 732 487 651 394 420 400 END
START 240 12240 7368 -4526 -5398 214 489 650 394 422 400 END
START 492 10836 6648 -5428 -3048 -1039 487 650 396 423 399 END
START -272 10524 7636 -6833 183 -1524 488 652 396 422 393 END
START -2788 8700 10624 -7128 -382 -1995 488 655 396 421 402 END
START -1812 7268 9816 -7171 -3395 -2230 487 653 383 425 402 END
START -1320 7528 10692 -7127 -4803 -2394 489 653 396 425 402 END
START 324 7500 10856 -7087 -3767 -2815 490 654 397 424 402 END
START 1608 8600 11364 -7354 -2573 -3593 490 656 397 425 403 END
START 1424 8144 11348 -7563 -2433 -4280 490 654 397 425 402 END
START 4192 8900 9448 -7567 -2403 -4278 491 655 397 425 403 END
START 3464 9000 9316 -7314 -2915 -4499 493 656 397 426 403 END
START 3088 9884 11080 -7216 -2172 -4685 493 658 398 427 405 END
START 2688 8776 11008 -7262 -590 -5339 495 656 398 426 404 END
START -232 8784 12492 -7113 97 -5408 494 657 398 426 404 END
START -1480 7788 12028 -6947 -462 -5482 494 656 398 426 405 END
START -652 6592 11280 -6742 -954 -5329 495 656 397 427 405 END
START -3020 6256 13116 -6575 -1045 -4931 496 655 401 429 406 END
START -720 6212 12484 -6544 -695 -4787 496 658 400 428 406 END
START -1572 5936 13144 -6520 820 -4429 496 656 400 428 404 END
START -1152 6392 12648 -6541 1521 -3942 497 657 398 427 407 END
START 0 4668 13244 -6364 1182 -3866 496 656 402 428 406 END
START 700 7520 12404 -6330 595 -3214 497 657 399 427 406 END
START 1852 7944 11360 -6085 242 -2999 503 661 407 428 407 END
START 752 9304 12612 -5880 672 -2693 499 657 400 428 406 END
START -1384 8892 13380 -5656 133 -2384 499 657 399 427 407 END
START -1480 8256 12876 -5356 -1175 -2244 499 657 401 430 406 END
START -256 6896 14272 -4519 -259 -2323 501 657 401 429 407 END
START -1076 6420 15432 -3559 612 -2475 501 658 401 428 407 END
START -1420 6620 15364 -2848 572 -2454 501 659 402 428 406 END
START -2368 5968 14920 -2423 1010 -2207 501 658 402 429 408 END
START -3100 5860 15328 -1986 608 -1605 501 657 402 428 406 END