START -644 14928 7728 -2236 5525 -2601 509 632 405 441 412 END
START -832 14852 7900 -2132 5071 -2533 515 638 405 441 412 END
START -1068 15004 7752 -1964 3720 -2233 510 631 405 440 412 END
START -420 15708 7568 -2023 2399 -1709 510 632 405 443 412 END
START -508 15424 7676 -2071 2203 -1235 509 630 405 441 414 END
START 616 15472 6940 -1988 1910 -1508 511 632 404 442 412 END
START 484 15416 7372 -1867 3711 -1174 512 634 409 441 412 END
START -260 14864 7568 -1460 4844 -1079 512 632 403 441 412 END
START -500 15528 8236 -1137 4512 -541 511 633 406 441 411 END
START -1060 15244 8348 -957 2312 -533 510 633 405 441 413 END
START -1096 14476 8808 -1086 400 -493 510 633 405 441 412 END
START -896 13268 8368 -917 476 -281 511 633 406 442 414 END
START -200 14280 8628 -627 1655 -97 510 633 404 441 412 END
START -364 15964 9008 -341 2413 -78 511 634 406 441 412 END
START 216 16764 7704 36 1484 -151 513 633 405 441 414 END
START -1568 15336 7788 308 -349 -447 499 633 405 440 413 END
START -1052 14176 6576 337 -985 -435 512 633 408 441 412 END
START -1556 12200 7148 184 -747 -309 512 634 406 442 412 END
START -3236 11260 8400 -14 -201 18 512 635 405 442 414 END
START -4164 11388 8884 -199 233 485 512 633 405 442 413 END
START -3516 12880 8868 -349 -167 835 511 633 406 442 412 END
START -988 14652 7312 -485 -373 645 512 635 405 441 414 END
START -152 15580 6272 -550 -102 484 512 635 405 440 413 END
START -1220 14656 6628 -600 302 290 512 636 406 441 414 END
START -2228 13764 6112 -829 244 290 510 636 405 442 413 END
START -2072 13260 6888 -1401 -415 226 512 635 405 441 413 END
START -3352 14300 8016 -1827 -523 414 512 637 405 441 413 END
START -2212 15524 7480 -1776 -249 672 510 636 403 442 414 END
START 688 17520 5932 -1043 117 1303 509 638 404 441 413 END
START 2672 20264 5888 -24 -670 2287 511 637 403 441 413 END
START 2708 22052 5192 580 -2552 2866 512 638 403 441 412 END
START 2364 21348 5440 750 -4819 2651 513 639 403 441 414 END
START 1948 19052 4788 803 -5362 1793 512 638 405 441 414 END
START 272 16032 5324 228 -4265 1510 512 641 404 441 414 END
START -1572 14024 7024 -1085 -4665 1267 513 641 403 442 413 END
START -744 12688 6556 -2472 -5114 875 515 641 403 441 413 END
START -2084 12096 7948 -3540 -4161 613 513 642 403 437 413 END
START 72 12624 7016 -4011 -2582 563 512 642 403 440 413 END
START 1044 14332 7152 -3710 -2047 701 513 643 404 440 415 END
START 520 16108 7000 -3364 -2271 692 515 643 404 442 413 END
START -468 16096 7980 -3004 -3004 130 514 646 403 443 414 END
START -1332 14288 7600 -3058 -3663 -504 514 644 402 441 414 END
START -220 12248 5660 -3225 -2742 -1160 514 646 404 441 413 END
START -2056 10640 6816 -3513 -1097 -2168 516 646 404 441 413 END
START -2272 8956 8548 -4070 -161 -2734 514 646 404 441 413 END
START -4648 8652 10296 -4460 -1083 -3257 513 646 405 442 413 END
START -4176 8708 9312 -4541 -2317 -3300 514 647 404 441 412 END
START -1568 8156 8240 -4785 -1191 -3108 514 647 403 441 414 END
START -2852 8128 9700 -5168 197 -3486 513 646 405 443 413 END
START -1816 9860 9720 -5499 1849 -3549 513 647 404 442 413 END
START -2012 10016 10616 -5366 677 -3501 515 649 404 442 414 END
START -880 10800 10512 -5300 -1018 -3192 514 648 403 442 413 END
START 1272 11060 8740 -5308 -1591 -3260 514 649 405 443 413 END
START 528 11820 9720 -5487 493 -3411 513 649 405 442 413 END
START -60 11184 9516 -5524 1821 -3422 514 647 405 442 414 END
START -3016 11492 10224 -5744 550 -3441 515 650 382 442 413 END
START -3728 10872 10872 -5922 -1902 -2590 514 647 403 443 413 END
START -3776 10632 10844 -6227 -4222 -2373 514 648 403 442 415 END
START -1204 9388 9908 -6341 -3383 -2182 514 650 404 443 414 END
START -3140 9012 12000 -6737 -1847 -2024 513 648 404 444 413 END
START -3940 8704 11996 -7242 -1025 -2016 514 648 404 443 410 END
START -2220 7680 10984 -7455 -1073 -1669 515 648 404 442 414 END
START -4784 7404 12576 -7197 -2412 -1716 514 649 405 444 417 END
START -3496 7508 13112 -7028 -2539 -1391 515 648 404 443 413 END
START -1764 7644 12496 -7157 -2327 -1663 516 649 405 444 415 END
START -1496 7800 12056 -7201 -1218 -1862 518 649 406 443 415 END
START 116 7948 10980 -6826 -107 -1778 513 649 406 444 414 END
START -1836 8640 12296 -6135 -1034 -1509 515 648 405 443 414 END
START -532 8828 11708 -5595 -1868 -1262 516 649 405 443 414 END
START -1708 9440 12744 -5217 -1717 -1281 516 650 406 443 415 END