START 1068 13764 7104 39 -1057 188 476 616 375 405 416 END
START 956 13736 7220 67 -815 253 477 616 376 405 415 END
START 1264 13852 7020 72 -469 12 476 616 376 406 417 END
START 1180 13844 6736 49 -3 93 477 617 376 406 416 END
START 1460 13800 6776 -48 -108 108 477 618 377 405 416 END
START 1536 13896 6748 -123 -354 213 476 618 377 405 416 END
START 1820 14240 6444 -243 -477 286 477 616 377 405 418 END
START 1748 14056 6064 -573 -808 200 476 617 376 406 416 END
START 2920 15068 5508 -863 -1000 201 477 617 377 405 416 END
START 3592 14632 5344 -1082 -2921 -373 477 617 377 406 417 END
START 3480 13772 5640 -1313 -4985 -1043 478 617 376 406 418 END
START 3492 13024 6260 -1543 -5045 -1822 477 617 376 404 417 END
START 2504 12464 6848 -1540 -3031 -2616 477 617 377 406 417 END
START 140 12016 7800 -1334 -1339 -3092 478 616 377 406 417 END
START -1220 11268 8084 -941 -1004 -3200 478 617 379 407 418 END
START -1200 10692 7324 -531 -1378 -2839 478 615 377 406 417 END
START -1436 10728 7504 -219 -1783 -2222 477 616 378 406 417 END
START -1716 10876 7048 148 -1935 -1581 477 616 377 407 416 END
START -1120 11052 6880 319 -2042 -899 477 616 378 407 417 END
START -1564 12012 6784 230 -2238 -301 478 615 379 407 418 END
START 140 12704 6488 73 -3149 290 478 616 379 407 418 END
START 1740 14688 6932 35 -4341 713 478 616 378 407 418 END
START 2616 15656 6652 -105 -5354 559 477 616 379 406 418 END
START 4208 16876 5876 -529 -5632 -72 477 617 379 407 418 END
START 3724 17260 4624 -965 -5356 -706 478 617 378 407 418 END
START 4788 19380 2540 -1708 -6138 -1060 477 617 380 407 419 END
START 3988 19708 3012 -3025 -8674 -1073 479 617 379 407 418 END
START 4740 17732 1452 -4791 -11855 -1636 480 618 380 408 418 END
START 2404 15052 1176 -7059 -13634 -2514 478 618 380 407 418 END
START 4360 13320 528 -9510 -12661 -3714 478 619 380 408 418 END
START 7284 11784 452 -11613 -10034 -4250 480 619 380 408 419 END
START 4984 11376 2560 -13082 -9108 -4936 480 620 381 408 418 END
START 2148 11044 4488 -14685 -9077 -5611 480 620 381 407 419 END
START 2044 10104 6124 -15915 -8984 -6359 482 620 381 408 419 END
START 2600 9292 8008 -16675 -5825 -7183 483 620 382 408 419 END
START 2760 8248 8616 -17037 92 -7320 482 622 380 408 419 END
START -328 7836 11028 -16750 1080 -7601 484 621 382 408 420 END
START -2128 7472 11704 -15811 -4795 -7177 485 621 381 406 419 END
START 12 7184 10972 -14773 -9016 -7015 485 621 380 408 420 END
START 784 6528 11712 -13857 -8419 -6885 487 620 380 409 419 END
START 1028 6572 11692 -13213 -6860 -6680 487 621 379 408 419 END
START 1576 7464 11384 -12807 -2282 -6281 487 620 379 409 418 END
START -16 7272 13284 -11001 -7589 -6501 486 619 378 408 418 END
START 2068 8032 11048 -10260 -9597 -5923 490 620 376 409 417 END
START 1696 8164 11636 -10865 -7700 -4942 491 620 374 409 420 END
START 1680 7268 11512 -11369 -2912 -4519 493 620 375 409 420 END
START 88 7332 13344 -11271 -1696 -3946 493 620 375 409 419 END
START 504 7244 13288 -10783 -3937 -3456 494 620 376 410 419 END
START 2468 7192 12276 -10467 -6102 -3182 495 620 375 410 418 END
START 3228 6340 13172 -10236 -5838 -2366 494 620 376 409 419 END
START 4028 5624 14232 -9302 -3372 -1783 495 620 376 411 419 END
START 2820 6156 15196 -8102 -1395 -1399 496 621 376 410 420 END
START 1596 6964 16172 -6804 -1625 -1312 496 620 376 410 420 END
START 1560 7584 16576 -5631 -2277 -1032 496 620 376 410 420 END
START 1872 7640 17016 -4606 -2122 -367 497 621 376 411 420 END
START 2988 7960 15940 -3684 -1007 89 497 621 376 410 420 END
START 2080 7772 15340 -2966 165 277 497 621 377 411 420 END
START 3424 7112 13996 -2114 486 166 498 620 381 411 421 END
START 3004 7224 14208 -1469 -49 122 498 620 377 409 420 END
START 1636 7188 14672 -1093 -238 166 499 621 377 411 420 END
START 2812 6420 13712 -848 -278 90 498 619 376 410 420 END
START 2964 6732 13280 -918 -662 -61 498 620 377 411 420 END
START 1312 6608 14800 -956 -828 -40 497 620 377 410 420 END
START 2372 5836 13952 -1012 -633 -78 498 620 378 411 420 END
START 2792 3812 13300 -963 137 -115 497 622 377 411 420 END
START 880 3812 14040 -926 315 -124 499 620 378 411 421 END
START 180 4868 14064 -1094 -438 -26 498 620 377 411 421 END
START 1292 4700 14104 -1047 -1309 138 497 620 378 411 421 END
START 2128 4948 14300 -1028 -1062 275 498 620 378 411 421 END
START 2148 4648 14068 -1018 -109 292 498 619 378 412 421 END