START 4468 13020 6944 -1208 103 -48 502 609 409 437 444 END
START 4624 12988 7060 -1263 408 -144 502 609 410 437 445 END
START 4156 13044 7168 -1323 1009 -363 502 609 408 437 446 END
START 3924 13136 7772 -1196 1423 -647 502 609 409 437 446 END
START 3416 13084 8076 -1114 1712 -816 502 609 409 437 446 END
START 2780 12992 7680 -1117 1599 -740 502 609 410 437 446 END
START 2716 13104 7708 -1224 1464 -510 502 609 409 437 446 END
START 3008 13268 7584 -1029 1113 -418 502 608 408 437 446 END
START 2664 12724 7844 -1091 194 -262 502 610 409 437 445 END
START 3828 13552 7980 -1000 -19 19 502 608 409 438 446 END
START 4864 14472 7424 -762 299 -302 502 608 409 437 446 END
START 5684 14892 6692 -540 -245 -869 502 610 408 437 446 END
START 5560 15012 4896 -418 -1535 -1371 502 609 408 437 445 END
START 5548 16388 4736 -494 -3977 -1645 501 609 409 437 446 END
START 4804 16568 4772 -720 -6091 -2327 502 609 410 437 445 END
START 7444 17028 2768 -1465 -7402 -2864 502 609 409 438 444 END
START 8260 17352 684 -2265 -11449 -3123 502 609 409 437 445 END
START 7324 17172 2116 -3510 -13748 -3895 502 611 409 437 445 END
START 8300 17548 4284 -5071 -10180 -4943 502 609 409 437 444 END
START 8408 17348 5212 -6420 -4336 -5813 502 610 409 437 445 END
START 7880 16660 5216 -7495 561 -6365 503 611 409 437 444 END
START 3256 15492 5860 -7953 -774 -6457 503 612 410 437 444 END
START 2592 14740 6152 -8062 -5265 -6797 502 611 409 437 445 END
START 3008 13936 7276 -8454 -7774 -6423 503 612 409 436 445 END
START 4064 13848 8044 -9057 -5695 -6407 503 613 411 437 444 END
START 3004 13328 8348 -9567 -3582 -6166 503 612 409 437 445 END
START 1800 12692 8708 -10084 -3985 -5923 503 613 411 438 447 END
START 2904 12276 10492 -10451 -3675 -5248 504 612 411 437 445 END
START 3236 11224 11032 -10419 -1383 -4650 504 613 410 437 445 END
START 2368 11156 12040 -10000 379 -4078 505 613 410 437 445 END
START 1688 11552 11916 -9501 -701 -3290 505 613 411 438 445 END
START 1940 11852 11480 -8865 -3665 -2687 504 613 409 438 443 END
START 1272 11812 12468 -8432 -6406 -2087 506 614 410 438 444 END
START 2912 11632 12124 -8035 -6112 -2056 505 606 410 437 445 END
START 3760 11564 12052 -7930 -3350 -1940 506 613 411 438 445 END
START 3328 11888 12468 -7913 -2956 -1724 507 615 410 438 445 END
START 3568 11408 12188 -7452 -3625 -1848 507 614 410 438 445 END
START 3084 10340 12552 -7262 -4012 -1688 506 614 411 437 444 END
START 3176 9940 12368 -7160 -3578 -1575 507 614 411 437 445 END
START 2848 9604 13112 -7112 -3459 -1398 508 615 411 438 445 END
START 3236 9572 13108 -7082 -2937 -1281 510 615 412 438 445 END
START 2960 9184 13236 -6750 -2466 -1229 509 615 410 437 445 END
START 3264 8676 13188 -6530 -2175 -1113 509 615 411 438 445 END
START 2960 8356 13320 -6244 -2537 -1060 510 616 410 438 445 END
START 2912 7956 14064 -5787 -2615 -1010 509 617 410 438 445 END
START 3552 7832 14172 -5227 -1907 -1017 509 615 409 438 445 END
START 3568 7468 14472 -4604 -412 -754 510 615 411 439 445 END
START 3264 7540 14124 -3946 150 -413 510 616 411 438 445 END
START 2652 8544 14236 -3280 -30 -59 510 615 410 438 445 END
START 3748 10132 13664 -2578 -671 165 511 616 411 438 445 END
START 3332 10456 13868 -2025 -1165 465 506 616 411 438 445 END
START 3828 10720 13680 -1712 -1304 639 510 614 410 438 446 END
START 4468 11004 13284 -1658 -280 780 511 615 411 438 445 END
START 2992 10840 13432 -1511 357 760 511 614 411 438 445 END
START 2796 10932 13688 -1243 -219 621 511 615 410 438 445 END
START 3744 10056 12496 -909 -973 698 510 616 412 438 445 END
START 4700 10008 11576 -727 -941 569 511 617 411 438 446 END
START 4880 10196 11792 -607 -72 388 510 616 411 438 445 END
START 3588 10312 12396 -533 19 146 512 616 411 439 446 END
START 3976 8168 11888 -529 -250 -74 512 615 411 438 445 END
START 3260 8224 12220 -502 -803 -183 511 616 411 439 445 END
START 3944 8084 11804 -491 -1156 -286 511 614 410 438 446 END
START 2552 8352 13072 -516 -532 -337 511 614 411 438 446 END
START 1788 7952 13344 -477 -379 -480 511 615 411 438 446 END
START 1508 7916 13568 -428 -909 -538 512 616 410 438 445 END
START 2628 7108 12636 -446 -1184 -750 511 615 411 438 445 END
START 3132 5104 12024 -514 -468 -907 511 616 410 438 446 END
START 3196 5692 11940 -666 114 -1010 511 616 411 440 445 END
START 2196 4168 12136 -649 185 -897 511 617 410 438 445 END
START 1116 4508 12936 -679 -155 -508 512 616 410 439 446 END