START 3996 13080 7252 -675 -465 -114 502 603 410 439 448 END
START 4008 13116 7360 -689 -312 -132 502 603 411 440 448 END
START 3880 13220 7292 -702 -45 -74 502 604 409 440 448 END
START 3636 13404 7172 -738 -472 -2 502 603 410 440 448 END
START 3788 13332 7180 -797 -759 13 503 604 410 440 448 END
START 4148 13204 6976 -862 -764 -221 502 602 410 440 448 END
START 4168 13400 6860 -1048 -323 -196 502 604 411 440 447 END
START 4424 13356 6544 -1114 -700 -554 502 603 410 440 448 END
START 4500 13860 6664 -1218 -1085 -492 503 603 410 440 448 END
START 4684 14880 6556 -1117 -2069 -582 500 603 410 440 448 END
START 5000 14672 5992 -1136 -2881 -1256 502 604 410 440 448 END
START 5052 14260 5692 -1477 -3548 -1695 502 604 410 440 448 END
START 4856 14284 5020 -2068 -3677 -1880 501 604 410 441 448 END
START 4508 14712 4756 -2712 -3556 -1855 502 604 410 440 447 END
START 5408 15448 3768 -3378 -3596 -1998 502 605 411 441 448 END
START 2960 15780 5396 -4186 -4567 -1964 501 604 411 440 448 END
START 5052 15996 5580 -5080 -5459 -1871 501 605 410 440 448 END
START 6940 15072 6352 -5427 -5475 -2047 502 606 411 440 448 END
START 6168 15080 7528 -5426 -4373 -2427 502 606 410 440 448 END
START 5168 15244 7036 -5621 -3046 -2661 502 597 411 440 448 END
START 5924 15684 6224 -5744 -2982 -2608 502 606 411 440 448 END
START 4704 15628 7560 -5755 -4611 -2247 502 606 410 440 448 END
START 4776 15276 8600 -5706 -6089 -2299 502 606 411 440 448 END
START 5628 14816 8064 -5818 -4874 -2335 502 606 411 440 448 END
START 5092 15056 8108 -6247 -3508 -2404 503 608 411 440 448 END
START 4680 14912 8392 -6554 -3026 -2397 502 607 409 439 448 END
START 4560 14432 8796 -6835 -3403 -2421 502 608 411 440 448 END
START 4356 13440 9692 -7056 -2449 -2319 503 608 411 440 447 END
START 3728 13052 9760 -7243 -1811 -2171 503 608 410 440 447 END
START 3900 12940 9500 -7479 -2230 -2033 504 610 411 441 448 END
START 3912 12384 10112 -7653 -2817 -2082 504 610 411 440 447 END
START 4388 11476 10276 -7853 -2368 -2340 505 611 410 440 448 END
START 5396 10864 9852 -8105 -1596 -2717 503 608 410 440 447 END
START 3768 10868 11340 -8126 -1416 -2517 504 611 410 439 447 END
START 3432 10404 12552 -7566 -1694 -2681 504 612 411 440 446 END
START 3152 10680 12244 -7224 -1558 -2436 505 613 413 439 446 END
START 1836 10004 12084 -6890 -1629 -2062 505 613 410 440 446 END
START 1332 9596 12908 -6503 -2592 -1594 506 614 412 440 446 END
START 1568 9888 12348 -6188 -3721 -1280 507 614 412 440 446 END
START 2320 9716 11968 -5960 -3633 -833 506 615 410 440 446 END
START 1720 9544 12700 -5921 -3852 -527 507 615 411 440 447 END
START 2372 10280 13016 -5866 -3834 -350 508 615 412 441 447 END
START 3284 8268 12324 -5808 -2537 -568 509 617 411 440 446 END
START 2508 9700 12664 -5932 -996 -609 510 617 407 441 446 END
START 2440 8696 12168 -5825 -890 -713 509 615 412 440 446 END
START 2052 9520 13024 -5500 -1985 -518 510 616 411 440 446 END
START 2048 8696 13368 -5206 -3489 -400 510 617 412 440 446 END
START 2124 7868 13404 -4955 -3701 -404 510 616 411 440 446 END
START 2704 7552 12656 -4950 -2877 -480 510 617 413 440 447 END
START 2684 8840 12892 -5154 -1520 -364 511 616 412 440 447 END
START 2564 7696 12908 -5029 -1018 -450 511 616 412 440 447 END
START 2764 6572 12788 -4800 -1684 -515 511 617 412 440 446 END
START 2952 6172 12508 -4357 -1942 -598 511 617 412 440 447 END
START 2720 7048 13300 -4133 -1557 -570 511 617 412 440 447 END
START 2660 6848 13316 -3993 -872 -487 512 617 412 441 447 END
START 2820 6416 13092 -3824 -539 -252 511 617 412 440 447 END
START 2304 7536 14008 -3510 -695 -173 512 615 411 439 447 END
START 2592 7340 13288 -3282 -682 -223 511 617 411 441 446 END
START 2976 7800 13548 -3040 -936 -114 511 617 412 439 447 END
START 3012 7804 13832 -2842 -1132 71 512 617 413 440 447 END
START 4932 8912 12564 -2712 -467 421 511 617 412 440 447 END
START 5804 9100 12072 -2668 -179 625 512 616 413 440 447 END
START 5388 8840 12536 -2546 -842 727 512 618 412 439 447 END
START 4832 8912 13376 -2356 -1542 841 512 617 412 440 447 END
START 4548 9972 13516 -2125 -1048 874 512 617 413 440 447 END
START 4064 9744 13912 -1972 -448 875 512 617 412 441 447 END
START 4624 10880 13408 -1775 -404 957 512 617 413 440 447 END
START 4256 10208 13620 -1484 -1126 1104 512 617 412 441 446 END
START 4636 9608 13588 -1166 -1431 1117 513 617 412 440 447 END
START 5676 10888 13092 -930 -727 1082 511 617 412 440 447 END