START -788 16200 9576 -6123 3347 -2895 521 629 411 453 429 END
START -784 16172 9748 -5769 3301 -2946 522 630 412 452 429 END
START -364 15756 9816 -4726 3326 -2679 522 630 411 453 433 END
START -580 15048 10072 -3378 3713 -2238 522 630 410 452 429 END
START -2152 14972 11244 -1710 2670 -1359 522 632 411 452 427 END
START -2464 14968 11380 -412 572 -731 521 631 398 453 430 END
START -2072 15268 10552 445 -468 -167 521 632 413 452 428 END
START -1160 15428 9532 1148 -540 64 523 633 411 453 428 END
START -1108 13312 8800 1529 -490 167 523 633 411 452 429 END
START -2772 12368 9908 1621 -152 524 522 633 410 451 429 END
START -3656 12876 9988 1634 -440 986 523 621 411 452 428 END
START -1160 13576 8288 1676 -637 1326 524 634 412 453 428 END
START -4 15064 8268 1729 197 1546 523 634 412 452 429 END
START -1068 15788 7856 1908 285 1735 522 634 412 452 428 END
START -1728 15048 7908 1825 -297 1598 524 634 412 452 428 END
START -3536 13380 7636 1550 -45 1410 524 635 411 451 428 END
START -2564 13188 5312 1038 120 1189 523 634 412 453 428 END
START -2600 12812 6200 642 -57 1266 523 634 414 452 428 END
START -2588 13900 7296 267 -146 1534 523 635 411 452 428 END
START -1832 15420 7712 121 -585 1889 523 635 411 452 427 END
START -952 17308 8012 212 -1574 2209 522 636 412 453 428 END
START 1752 17896 5884 707 -1941 2246 523 636 411 452 427 END
START 2116 18312 5252 1237 -1276 1583 523 634 416 452 428 END
START 640 16648 6676 1466 -143 573 523 635 411 452 427 END
START -1424 14800 6108 1101 499 -21 523 634 411 452 427 END
START -3644 13268 7660 609 -1207 192 523 636 410 451 428 END
START -3724 13568 8160 233 -4095 197 523 634 411 452 428 END
START -3728 13844 9156 -40 -4401 440 521 635 413 454 427 END
START -1200 15052 8484 -254 -2021 -71 511 635 412 452 430 END
START 196 14880 7700 -430 813 -453 522 635 411 451 427 END
START -516 14728 6792 -603 566 -718 523 636 411 453 427 END
START -2216 13640 7612 -1002 -2414 -1326 523 637 412 451 427 END
START -2036 13244 7588 -1565 -4491 -1656 523 636 412 452 427 END
START -1020 10768 6080 -1958 -2671 -2855 525 638 413 452 428 END
START -3456 10000 8188 -2643 658 -3436 522 636 412 452 428 END
START -4852 9044 8688 -3464 992 -3897 523 636 412 452 428 END
START -6252 9016 10080 -4232 -1983 -3658 525 639 413 453 426 END
START -4180 8308 8696 -5048 -3891 -3504 522 636 412 452 428 END
START -4484 8304 9612 -5536 -2272 -3499 523 635 412 452 428 END
START -2800 9224 9244 -5808 8 -3598 523 638 413 452 428 END
START -3024 10956 10976 -5747 769 -3527 523 636 412 451 428 END
START -1540 11896 9148 -5571 -546 -3189 523 636 411 452 429 END
START -2140 12312 8320 -5529 -3064 -3239 525 636 411 453 429 END
START -504 10936 8036 -5456 -1514 -3253 523 636 413 454 428 END
START -1352 11276 8096 -5472 -12 -3482 526 636 401 453 427 END
START -4364 9648 10056 -5461 62 -3697 521 635 413 453 428 END
START -5276 9064 9564 -5479 -1741 -3591 524 635 412 453 429 END
START -5228 8556 9452 -5753 -4802 -3710 512 636 413 452 428 END
START -3152 7308 8780 -6357 -4148 -3866 525 637 413 453 429 END
START -4596 7036 10036 -7075 -2624 -3800 525 637 413 451 428 END
START -5276 7548 10716 -7973 -2663 -3920 523 635 413 454 428 END
START -4124 7428 10032 -8679 -4193 -4180 523 634 411 453 428 END
START -3888 6904 10972 -9320 -3346 -4175 523 636 415 453 428 END
START -2644 6584 11012 -9271 194 -4042 523 634 406 452 428 END
START -4212 7616 13324 -8930 1049 -3948 523 635 414 448 428 END
START -4068 7600 14564 -7947 -238 -3821 523 634 413 452 428 END
START -3184 7676 13792 -6675 -1841 -3806 523 635 414 452 428 END
START -1680 7548 12632 -5225 -269 -3402 524 634 413 452 428 END
START -3012 8068 13756 -3764 1806 -3039 525 634 413 452 428 END
START -4388 7704 13776 -2537 1994 -2515 523 634 413 450 428 END
START -5228 7528 13340 -1598 1202 -2180 526 633 413 453 428 END
START -4424 6936 11848 -1044 131 -1703 525 634 416 453 429 END
START -5528 6636 12868 -797 353 -1264 524 634 413 450 429 END
START -5068 5688 13136 -766 631 -827 524 634 413 452 428 END
START -6916 5376 14640 -823 219 -538 525 635 414 453 429 END
START -6944 5916 14300 -831 161 -295 524 633 414 453 428 END
START -4920 8048 13672 -868 754 151 525 631 414 453 428 END
START -2848 9904 12080 -722 1017 470 524 633 415 452 429 END
START -2648 10824 11940 -420 1033 596 525 633 415 453 429 END
START -3276 10736 11896 -201 744 556 524 633 414 453 429 END