START -1916 17692 10556 -3802 3969 -6112 510 611 418 458 440 END
START -1576 18048 10572 -3603 3295 -5647 509 611 418 460 442 END
START -788 18048 10428 -2969 1957 -4051 511 612 418 459 442 END
START -1156 17776 9996 -2249 1672 -3000 510 612 417 459 442 END
START -1244 17504 10084 -1662 1729 -2245 510 613 419 458 442 END
START -1048 16728 9508 -1019 956 -1474 511 613 418 458 442 END
START -1324 15864 9236 -598 -112 -323 510 617 417 457 443 END
START -1096 14936 9068 -292 -767 869 509 614 417 459 442 END
START -1588 15136 8648 -179 -1157 1153 510 614 417 458 442 END
START -1260 14544 7244 -305 -1386 886 510 614 418 459 442 END
START -2464 13704 6736 -501 -858 906 509 615 417 458 442 END
START -3872 12804 7788 -1105 -264 665 507 615 418 457 442 END
START -4172 12416 7852 -1752 -371 685 507 616 417 457 442 END
START -5216 12192 8756 -2053 -1080 1248 508 617 417 458 442 END
START -2548 12468 7392 -1925 -1431 2253 507 616 416 458 442 END
START -1888 13240 7104 -1547 -383 2983 508 616 416 458 443 END
START 780 15828 6220 -1197 2383 3336 508 617 417 458 442 END
START -1540 17980 7068 -829 3594 3768 506 617 416 458 441 END
START -1676 19772 7848 -409 1879 4423 508 618 417 457 442 END
START -444 18616 7492 453 -548 5035 508 617 417 458 442 END
START -284 17600 6848 1430 -2436 5948 509 617 416 457 443 END
START -640 16376 7388 2165 -3933 6416 508 617 417 458 442 END
START -1912 15740 8592 2443 -4433 6204 508 616 417 458 442 END
START -1028 14968 7676 2284 -3073 5673 508 618 417 460 442 END
START 1208 14424 6604 1938 -1475 5144 507 618 416 457 442 END
START -32 14600 7740 1809 -83 4832 507 619 424 457 442 END
START 2040 16172 5728 1881 -369 4761 506 618 418 457 442 END
START 664 16412 6644 1723 -2169 4421 507 619 416 458 441 END
START -196 16008 6072 1590 -3477 3670 506 619 416 458 442 END
START 776 14876 3944 1303 -2892 2726 508 619 416 457 443 END
START 1528 12412 3940 806 -848 1457 507 619 416 456 440 END
START 504 11004 5052 392 2303 1342 506 619 416 457 441 END
START -2220 10900 6872 121 2154 1223 507 620 417 456 441 END
START -2072 12120 7468 -301 -1252 1044 507 621 417 456 442 END
START 1920 12316 4360 -849 -4301 465 508 620 417 458 441 END
START 4884 13740 2280 -1343 -3426 -834 508 622 417 458 441 END
START 3820 13760 2628 -1918 468 -1880 508 621 415 457 441 END
START 984 12656 3656 -2574 2514 -3153 508 622 418 453 441 END
START -1216 12232 4944 -3289 1599 -3860 508 623 423 457 442 END
START -2972 11748 5860 -4231 -2431 -4209 509 623 416 457 441 END
START -1356 10720 5236 -4934 -4493 -4465 510 622 417 458 442 END
START 1264 10100 4696 -5384 -1424 -4924 508 622 416 457 442 END
START -1456 9852 6996 -6124 2840 -5912 507 623 418 457 441 END
START -1348 10380 7088 -6976 5007 -6169 509 622 417 459 441 END
START -2912 11292 8268 -7410 2130 -5673 510 622 417 449 441 END
START 220 11680 6344 -7419 -1809 -5559 510 623 416 457 442 END
START -48 13120 7056 -7420 -1645 -6308 508 621 416 458 440 END
START 2672 12744 6088 -8140 2036 -6974 510 623 417 458 441 END
START -908 13588 8092 -8857 3065 -7915 511 621 416 458 440 END
START -2568 12128 8316 -9074 1530 -7993 512 622 417 458 442 END
START -2124 11072 7376 -9274 -1268 -7832 513 622 417 458 441 END
START -1956 9996 7824 -9477 -2236 -8222 511 621 418 459 442 END
START -3388 9084 9236 -9953 -320 -8526 513 621 417 460 441 END
START -3984 8324 9464 -10409 1406 -8964 513 625 417 459 441 END
START -6076 8332 11088 -10503 1376 -8588 519 621 416 458 440 END
START -6704 7016 11060 -10341 -355 -8481 512 623 414 458 443 END
START -6800 6800 11752 -10185 -735 -8118 515 624 417 459 444 END
START -5648 6648 11744 -10192 1182 -8007 514 623 416 459 443 END
START -4740 5248 11560 -10002 2451 -7307 518 625 417 459 442 END
START -6464 5828 14096 -9040 963 -6320 516 626 419 459 441 END
START -6196 6496 15460 -7791 -1000 -5034 517 626 416 459 442 END
START -7160 6892 16344 -6079 -2203 -3639 517 626 417 459 442 END
START -4860 7424 16848 -4202 426 -2917 518 627 416 459 443 END
START -4280 8680 15764 -2571 2786 -2615 519 628 417 459 442 END
START -5916 8648 14704 -1051 1894 -2041 519 628 416 460 448 END
START -4880 9692 13460 -214 -500 -1379 519 630 419 460 442 END
START -3828 9152 11340 -130 -242 -1259 519 628 417 459 443 END
START -6152 8924 12804 -349 794 -1078 520 627 418 459 442 END
START -5184 7392 11824 -513 1611 -701 520 628 417 459 441 END
START -7472 6696 13328 -525 1334 -53 520 628 417 458 442 END