START -1236 15808 9044 -2644 2089 -2883 518 628 415 456 432 END
START -1596 15992 9160 -2532 2377 -2593 518 628 415 450 431 END
START -2220 15736 9388 -1611 2325 -2194 516 627 414 455 431 END
START -1972 15620 9384 -1081 2303 -1840 519 629 414 456 431 END
START -2920 15248 8812 -360 2314 -1845 518 628 413 456 431 END
START -2316 14672 8116 -459 2487 -1174 518 629 414 455 431 END
START -2484 14280 7384 -486 1890 -887 518 628 413 456 431 END
START -1756 13880 7064 -611 1993 -527 518 629 414 455 431 END
START -2108 13816 7076 -647 2260 -199 516 629 414 457 432 END
START -2720 12732 7512 -767 2243 -90 513 630 414 457 432 END
START -3268 12632 7824 -850 2668 81 519 630 414 456 430 END
START -2076 13792 7624 -644 2947 193 520 631 413 455 432 END
START -1128 14792 7420 -323 2919 102 518 632 414 456 432 END
START -2656 13956 7412 -191 2787 194 518 633 412 455 431 END
START -3144 13016 7804 -124 2576 83 518 635 414 456 433 END
START -5204 12248 9188 -438 1656 29 518 636 412 455 431 END
START -6440 11136 9536 -775 802 277 518 637 413 456 432 END
START -5544 10836 8820 -783 1277 499 519 642 414 456 431 END
START -3316 11436 7956 -632 2532 982 518 638 414 456 431 END
START -2936 13428 8436 -669 2921 1239 518 639 413 456 431 END
START -2168 16144 8036 -766 2692 1536 519 640 417 456 432 END
START 96 16972 5932 -775 2147 1878 518 641 414 455 432 END
START -704 17596 6532 -678 470 2159 518 641 414 456 431 END
START -1104 17636 6128 -597 -1125 2489 519 642 413 455 433 END
START -1028 17124 6112 -192 -2321 2882 519 641 414 456 431 END
START -752 17436 6860 256 -1974 3117 520 641 416 456 431 END
START 600 17908 7080 262 288 2905 519 641 413 456 431 END
START 2364 18908 5648 40 2623 3062 519 643 413 455 432 END
START 996 19516 5528 -268 1633 3387 521 644 413 455 434 END
START 472 18332 3876 -413 -1618 3302 519 644 414 456 430 END
START -1888 17080 5432 -547 -5050 3246 520 646 411 456 431 END
START -3824 16320 6888 -873 -7548 2842 519 644 419 456 432 END
START -1496 13612 4400 -1327 -5901 1675 522 647 412 456 432 END
START -3432 12616 5996 -2062 -2429 858 521 646 413 457 437 END
START -5636 11400 8368 -2610 -1535 818 524 649 413 455 437 END
START -6204 10820 8512 -2855 -5741 1146 522 648 414 456 430 END
START -5460 10988 8804 -3025 -8498 341 520 647 414 457 432 END
START 152 11828 5920 -3325 -4581 -129 520 648 414 454 431 END
START -244 13420 6964 -3918 -297 -868 522 647 413 456 432 END
START -872 13568 6268 -4090 1040 -1471 522 647 414 446 432 END
START -1628 13848 6932 -4432 -1043 -884 522 646 413 457 431 END
START -3452 14584 8288 -4069 -6295 -1719 522 648 413 448 431 END
START 1112 12324 6096 -4666 -5971 -2449 522 648 414 457 433 END
START -2700 11344 8132 -5132 -4491 -3179 520 645 413 456 428 END
START -1984 10100 6672 -5783 -3220 -4434 522 647 413 456 432 END
START -2228 9660 7420 -6253 -2781 -4843 522 646 414 456 431 END
START -5240 8300 9936 -6754 -4686 -4797 522 641 414 457 430 END
START -3400 6944 9692 -7050 -6028 -5077 521 647 414 457 431 END
START -4608 6844 11108 -7323 -4551 -5365 521 646 414 456 431 END
START -2932 7132 10072 -7658 -1621 -5601 521 646 418 457 432 END
START -3748 6936 11144 -7951 -248 -5350 521 647 414 456 431 END
START -5508 7668 11804 -8169 -1793 -5199 522 646 414 457 432 END
START -2156 7232 11028 -7990 -2895 -4461 521 650 414 458 432 END
START -3788 8104 12400 -7863 -3568 -4431 522 646 423 457 431 END
START -448 8952 10840 -7738 -2542 -4546 524 645 415 457 432 END
START 44 9016 10544 -7826 -1224 -4787 524 645 415 457 432 END
START 44 9404 9880 -7557 -739 -4886 525 647 413 458 432 END
START -1632 9084 10936 -7327 -967 -5307 523 646 415 455 432 END
START -4348 8140 12564 -6992 -2112 -5064 523 645 415 457 434 END
START -3096 7916 11452 -7084 -2796 -5302 522 645 415 457 433 END
START -2176 7340 10496 -7342 -2083 -5803 523 644 415 457 432 END
START -4600 5660 12320 -7206 -766 -6030 523 644 415 457 432 END
START -4240 5080 12828 -7016 -146 -5527 523 644 416 458 433 END
START -7268 4652 15004 -6676 -661 -5366 523 644 415 457 432 END
START -5584 2884 14340 -6163 -461 -4983 523 643 415 457 432 END
START -6488 3000 15184 -5111 495 -4172 525 645 417 458 432 END
START -4736 3380 14432 -3992 1549 -3390 523 647 416 458 432 END
START -5312 4564 15312 -2877 1505 -2695 523 643 415 457 432 END
START -3416 5416 14736 -2011 1892 -2123 524 642 416 457 432 END
START -3940 6440 14100 -1269 2171 -1205 524 644 415 457 431 END