START 3248 12664 8564 -770 -366 -418 507 614 412 444 451 END
START 3424 12688 8696 -817 -450 -417 508 614 414 442 451 END
START 3344 12504 8204 -1112 -359 -524 508 615 415 444 450 END
START 3400 12228 8472 -1229 408 -644 509 614 414 444 450 END
START 2700 12260 8964 -1288 769 -600 508 615 414 444 450 END
START 2716 12416 8848 -1273 595 -615 508 614 414 444 451 END
START 3020 12924 8948 -1200 487 -380 508 614 414 444 451 END
START 3904 12852 8660 -894 -563 -725 508 614 415 444 451 END
START 3992 13448 8436 -690 -1562 -886 508 614 414 444 451 END
START 4884 15024 7980 -510 -1788 -1139 509 614 414 444 450 END
START 5044 15288 7224 -507 -1511 -1753 508 614 413 443 452 END
START 4684 15412 6248 -810 -2210 -2096 508 614 414 443 450 END
START 4164 15588 5068 -1215 -5358 -2209 508 614 414 444 450 END
START 5860 16192 3844 -1763 -8257 -2227 508 614 414 444 450 END
START 6300 15616 3844 -2869 -8385 -2385 508 614 413 444 450 END
START 3968 15464 6872 -4122 -6898 -2635 509 613 413 444 450 END
START 4748 15008 8880 -4909 -3584 -3203 509 615 414 443 451 END
START 7128 14712 7088 -5416 832 -3450 507 615 415 444 450 END
START 4012 13764 8060 -5372 2595 -3292 509 615 413 444 450 END
START 2564 13740 8768 -5059 -185 -3224 508 616 413 443 450 END
START 1680 14216 10436 -4502 -3892 -3190 509 615 413 444 450 END
START 3592 13536 9732 -4409 -4352 -3211 509 615 414 444 450 END
START 3780 12920 10052 -4426 -3355 -2872 509 616 413 444 450 END
START 3224 13016 10708 -4444 -2610 -2621 509 614 414 444 451 END
START 3532 13516 10388 -4582 -1669 -2524 510 615 414 444 450 END
START 2880 13796 10552 -4673 -1591 -2315 509 615 414 444 451 END
START 2860 12456 10992 -4809 -2769 -1962 510 615 413 438 450 END
START 3184 11852 11064 -4794 -4457 -1486 510 615 414 444 451 END
START 4032 12172 10896 -4939 -4840 -1417 511 615 414 445 450 END
START 4316 11620 10856 -5061 -3640 -1519 509 614 414 444 451 END
START 3588 11148 11756 -5162 -2300 -1586 509 615 412 444 451 END
START 2496 10748 11976 -5317 -2875 -1724 511 617 414 444 450 END
START 2036 10764 12140 -5369 -3187 -1942 510 616 414 444 450 END
START 2192 9564 11820 -5374 -3390 -1973 510 615 414 444 450 END
START 2580 8828 11620 -5302 -3239 -1939 511 616 414 444 450 END
START 2172 8916 11540 -5273 -3749 -1829 510 615 414 444 450 END
START 1776 8072 11932 -5209 -3895 -1875 511 615 415 444 450 END
START 2072 7864 11900 -4991 -3134 -1926 511 615 414 443 450 END
START 1816 8080 11560 -4966 -2411 -1921 511 616 414 444 450 END
START 1208 8780 11204 -5190 -2580 -1718 511 615 414 444 451 END
START 780 7880 11468 -5176 -3586 -1708 513 616 414 444 449 END
START 1264 7328 12156 -5044 -3737 -1615 511 616 415 445 450 END
START 1092 6572 12516 -4735 -3269 -1544 510 616 415 445 450 END
START 920 6872 12376 -4557 -2492 -1466 511 617 414 445 451 END
START 840 6688 12348 -4424 -2238 -1544 512 616 415 444 450 END
START 1460 7252 11920 -4304 -1926 -1507 513 617 416 444 451 END
START 1252 6952 12404 -4134 -1768 -1383 513 616 413 444 450 END
START 1336 6240 12580 -3759 -1622 -1205 513 616 415 444 450 END
START 1172 6276 12168 -3612 -772 -1210 512 618 415 443 450 END
START 1264 6540 12100 -3752 258 -1391 514 616 414 444 449 END
START 1648 5976 12196 -3836 852 -1371 513 615 415 445 451 END
START 1708 6156 12292 -3905 1758 -1150 512 616 413 444 449 END
START 624 6276 12840 -3745 1485 -1044 513 617 414 445 450 END
START 992 5952 12516 -3545 650 -1123 513 617 415 444 450 END
START 1228 6516 12636 -3316 629 -908 514 617 415 444 449 END
START 1040 6624 13396 -3014 -421 -470 513 617 415 444 450 END
START 1856 6504 12900 -2646 -527 -273 513 618 415 444 450 END
START 1848 6984 13404 -2347 220 -50 513 617 415 444 450 END
START 1240 7764 14048 -2104 2 285 513 617 415 444 450 END
START 1872 8540 14096 -1683 -423 636 513 617 415 445 451 END
START 4120 8976 12704 -1441 -327 727 513 617 415 445 450 END
START 3772 9548 13136 -1310 133 834 513 618 415 444 450 END
START 2252 10096 13884 -1132 86 833 514 617 415 444 451 END
START 3440 11424 13228 -959 -35 767 513 616 415 444 451 END
START 4244 11324 12836 -677 492 826 514 608 415 445 451 END
START 3036 10868 12884 -397 296 698 513 617 415 445 450 END
START 2796 10372 12556 -188 205 594 513 617 415 445 450 END
START 3524 9908 12056 32 380 518 514 616 414 444 450 END
START 2160 8464 12920 269 8 287 514 617 415 444 450 END
START 3040 7640 12084 337 -160 60 515 616 416 444 451 END