START 2376 12552 8688 -818 -36 35 496 605 404 433 441 END
START 2420 12688 8696 -823 -63 67 494 606 405 433 442 END
START 2288 12656 8336 -923 -321 65 496 607 405 432 441 END
START 2892 12964 8488 -910 -639 104 495 607 404 433 442 END
START 3632 13568 8296 -827 -1322 -57 496 606 406 432 441 END
START 4376 14176 7780 -617 -1805 -465 495 606 405 433 442 END
START 4400 14484 8016 -416 -1447 -862 496 608 403 432 441 END
START 3488 13780 8320 -423 -1142 -1171 496 607 405 433 441 END
START 2960 14752 7604 -509 -1123 -825 495 607 402 435 442 END
START 2500 15728 6784 -392 -2724 -610 496 608 403 434 441 END
START 2540 14660 5852 -544 -5361 -415 495 607 405 432 442 END
START 2556 13500 6732 -1135 -7245 -395 498 611 405 433 442 END
START 3544 12144 6256 -1923 -7024 -613 495 610 404 433 441 END
START 3536 11764 6448 -2791 -6425 -1290 497 608 404 433 442 END
START 5004 10816 6476 -3280 -5387 -1967 498 608 405 433 441 END
START 5712 11260 6288 -3687 -3371 -2659 496 610 405 433 442 END
START 1680 12160 8792 -4050 -2849 -3025 496 609 406 433 442 END
START 1556 12244 9144 -4305 -3768 -3309 497 609 405 433 442 END
START 3340 11752 7716 -4481 -4644 -3790 495 609 405 433 441 END
START 2676 11412 9336 -4834 -4451 -4143 496 609 405 434 441 END
START 2048 10616 10004 -5042 -3055 -4413 495 609 406 434 441 END
START 3304 10632 8436 -5295 -1048 -4626 496 609 405 433 441 END
START 2444 10792 8380 -5533 -714 -4687 496 610 405 434 442 END
START 960 9916 9584 -5585 -2560 -4501 497 610 405 433 441 END
START 1288 8344 9036 -5722 -4621 -4307 497 610 405 433 442 END
START 2500 8348 8692 -6141 -3930 -4398 496 610 405 433 441 END
START 1956 8772 8868 -6602 -2693 -4442 497 610 405 433 441 END
START 1360 8684 9152 -7199 -2747 -4431 497 610 406 434 441 END
START 652 8936 9392 -7731 -3142 -4228 496 610 405 433 442 END
START 556 8848 9748 -8225 -3593 -3898 498 611 405 433 441 END
START 1100 8196 10944 -8446 -2981 -3642 497 611 406 433 442 END
START 1520 8472 10640 -8729 -2245 -3712 497 611 406 433 442 END
START 1000 8052 10476 -8790 -2527 -3655 498 611 405 432 442 END
START 336 7224 11484 -8839 -2698 -3599 498 612 406 433 442 END
START 872 6784 12108 -8571 -1926 -3465 499 612 405 433 442 END
START 524 6688 12472 -8299 -892 -3541 499 612 405 433 441 END
START -324 7040 12576 -7845 -1363 -3320 498 612 406 433 442 END
START -112 6924 12836 -7526 -2676 -3172 499 611 405 433 442 END
START 152 6096 13300 -6926 -2372 -3013 500 612 405 433 441 END
START 1372 6036 13360 -6585 -648 -2756 500 612 407 433 443 END
START 888 6168 13628 -5940 -133 -2435 500 612 405 433 442 END
START 808 6360 13580 -5381 -404 -2087 500 612 405 434 442 END
START 504 7408 14312 -4856 -781 -1680 499 609 405 433 441 END
START 188 7228 14588 -4210 -1541 -1082 501 612 405 433 442 END
START 2832 8072 13328 -3603 -1624 -610 502 612 406 433 442 END
START 3464 8368 13044 -3327 -970 -273 501 613 406 433 442 END
START 3408 8436 13448 -2980 -431 16 501 613 406 433 441 END
START 2544 8892 13988 -2635 -449 303 502 613 405 433 442 END
START 2356 10252 13608 -2223 -391 440 499 613 406 433 442 END
START 2324 10816 13912 -1908 -338 486 502 610 406 434 442 END
START 2680 12012 13180 -1774 -651 526 501 613 406 434 443 END
START 3264 11888 13416 -1519 -681 334 501 613 406 433 442 END
START 2008 11120 13468 -1406 178 244 501 613 406 434 442 END
START 2976 10104 12352 -1111 520 73 501 613 405 433 441 END
START 2104 10084 12400 -782 66 -21 501 613 405 433 442 END
START 960 8968 12808 -735 -643 -142 502 612 406 434 442 END
START 2524 8072 11964 -750 -1026 -429 502 613 406 433 442 END
START 1648 8420 12904 -710 -533 -470 501 613 405 433 442 END
START 1360 8360 12788 -717 80 -501 501 613 406 434 442 END
START 1724 6216 12708 -587 280 -807 501 612 406 433 442 END
START 700 4928 12440 -523 -205 -851 501 613 406 434 442 END
START 160 5952 12864 -503 -573 -635 500 613 405 433 442 END
START 276 6692 12780 -662 -556 -434 501 612 405 433 442 END
START 1288 6720 12956 -717 -526 -46 502 613 406 434 442 END
START 1056 7560 13644 -700 -974 298 501 613 405 434 442 END
START 2444 8208 13312 -585 -1442 614 501 613 405 433 443 END
START 2344 8216 13728 -401 -1404 899 502 615 406 434 442 END
START 4064 8348 13212 -111 -1157 1069 502 613 406 434 442 END
START 2688 8816 14176 321 -906 1343 502 614 398 433 442 END
START 3328 9496 14116 874 -590 1205 501 612 406 434 442 END