START -1728 16764 9356 -3186 236 -3615 516 638 405 449 431 END
START -1132 16984 9548 -2881 -378 -3573 513 639 403 445 427 END
START -244 16672 8128 -2389 -248 -3098 502 639 398 437 416 END
START -228 15960 7836 -1997 862 -2988 490 635 392 429 393 END
START -228 15728 8932 -1896 2647 -2309 483 632 389 420 399 END
START -728 17976 8284 -1824 2885 -1318 477 628 389 416 393 END
START -3964 15616 8624 -1145 835 -648 470 625 389 413 388 END
START -1844 15412 8556 -630 -2149 -342 465 624 388 410 383 END
START -352 16092 7872 -775 -1311 -19 459 623 386 411 381 END
START -1112 14760 6500 -707 -981 195 455 622 388 412 382 END
START -1432 13832 7768 -433 -867 498 454 622 385 413 382 END
START -3848 13352 9096 -397 -1601 386 451 624 387 411 383 END
START -3252 12152 8036 -409 -1992 135 452 624 387 415 383 END
START -1688 11764 6892 -268 -641 746 452 626 389 415 380 END
START -2488 12876 8124 -254 -230 1391 453 627 386 414 383 END
START -672 13636 6956 -327 -448 1599 453 629 388 416 382 END
START 352 14220 5832 -407 -248 1849 452 630 388 416 383 END
START -296 15212 5636 -822 -588 1495 454 630 388 417 383 END
START -1876 15332 5244 -1212 -551 1479 457 631 388 415 383 END
START -1976 15644 5528 -1739 -958 1501 458 632 385 416 384 END
START -3064 14928 5968 -2231 -1704 1614 459 632 387 416 384 END
START -2356 14804 6560 -2450 -2259 1750 461 632 388 417 384 END
START -3052 15216 7080 -2340 -2728 2087 464 634 385 417 384 END
START -2656 16076 6680 -2224 -3193 2656 464 633 387 418 385 END
START -748 16768 5212 -2345 -4018 3040 467 634 387 418 386 END
START 1976 17160 4624 -2815 -4745 3250 467 636 389 419 385 END
START 4604 17908 3400 -3383 -3032 3495 471 637 388 419 386 END
START 2856 18972 5116 -3688 -3490 3104 473 637 388 421 385 END
START 2868 18612 4816 -3808 -5417 2216 475 636 388 421 387 END
START 3300 18728 6184 -4078 -5662 1134 478 639 389 420 387 END
START 456 16640 7168 -4286 -4986 -100 460 639 388 419 387 END
START -88 14832 7352 -4236 -4306 -971 480 640 391 419 389 END
START -1264 12572 9276 -4090 -3633 -1061 480 642 389 420 388 END
START -3620 12052 11296 -3572 -5053 -1275 483 644 390 421 386 END
START -2704 11300 12140 -3456 -6686 -1837 481 642 391 422 389 END
START -736 9708 10400 -3345 -4901 -2499 483 643 390 421 389 END
START -2860 10332 11948 -3199 -2559 -2411 484 643 391 422 389 END
START -1868 9236 11104 -2958 -947 -2515 484 644 393 423 390 END
START -2232 9372 11336 -2748 -2429 -1577 486 644 393 422 388 END
START -2228 9904 12392 -2759 -6850 -1451 485 644 392 423 391 END
START 2852 10304 9116 -3097 -4643 -1864 486 645 392 423 392 END
START 1236 11644 9444 -3440 -912 -2149 487 646 393 422 392 END
START 1480 11736 8360 -3746 1102 -2450 487 646 392 424 391 END
START -1368 12064 9516 -3850 -1621 -2365 487 644 393 424 392 END
START -556 11368 9328 -3738 -4034 -2061 487 645 393 423 391 END
START -1544 10364 9544 -4095 -4520 -2288 488 645 393 423 393 END
START -1492 9428 9156 -4539 -3256 -2435 488 645 395 425 394 END
START -1740 8252 9716 -5068 -2566 -2594 489 644 395 423 396 END
START -1756 8084 9780 -5369 -2755 -2297 488 646 394 424 392 END
START -2636 7060 10832 -5585 -4025 -2090 489 646 395 425 394 END
START -1640 6580 10784 -5739 -3613 -2375 487 647 395 424 395 END
START -1752 6668 11500 -6106 -1716 -2237 489 646 395 424 393 END
START -2228 7208 11272 -6498 -1541 -2219 490 648 396 425 394 END
START -760 7064 10972 -6747 -1637 -2129 489 646 395 424 395 END
START -780 7916 11712 -6811 -1481 -1777 492 649 395 424 398 END
START 704 8916 10860 -6925 -1732 -1378 492 650 396 426 396 END
START 1120 10424 10572 -6885 -2495 -921 490 649 397 426 397 END
START 2532 10980 9736 -7168 -2700 -1026 493 649 397 426 396 END
START 1744 11524 11088 -7122 -2526 -1585 491 651 397 427 397 END
START 2136 10528 10720 -6812 -1672 -1770 491 650 397 427 398 END
START -1144 9860 12868 -6488 -3091 -1939 493 651 397 425 398 END
START -704 9776 13172 -6294 -2966 -2341 493 650 395 427 398 END
START -240 8132 11760 -5915 -1461 -2830 493 651 397 427 398 END
START -2112 6828 13588 -5205 -515 -3007 494 636 401 427 398 END
START -1964 5572 13828 -4248 40 -2817 493 652 398 429 400 END
START -2560 4880 14656 -3276 181 -2332 494 651 397 427 399 END
START -3780 4680 15000 -2422 808 -1820 493 651 398 428 400 END
START -1256 5516 13948 -1742 1538 -1112 494 652 398 428 401 END
START -2128 6540 14972 -1320 1660 -470 494 652 398 428 399 END
START 564 7008 12464 -866 1681 122 497 652 398 427 399 END