START -868 14640 8396 -1420 754 -2052 507 627 402 436 408 END
START -812 14480 8216 -1376 833 -1971 507 629 403 437 408 END
START -1288 14012 8096 -1174 978 -1564 505 630 401 436 409 END
START -2072 13900 8304 -1018 498 -1028 509 629 402 439 409 END
START -2380 13936 8104 -981 -116 -507 507 630 403 437 408 END
START -2656 13696 8096 -1119 -85 -218 508 630 402 442 408 END
START -2392 13504 7452 -1117 122 126 508 631 403 438 409 END
START -2780 13288 7836 -1071 84 336 507 634 402 437 409 END
START -2976 12856 7860 -1283 -52 592 511 630 403 441 408 END
START -1464 13260 7544 -1318 35 777 508 632 403 438 408 END
START -1772 13296 7312 -1284 92 613 508 634 404 436 408 END
START -2988 12648 8260 -1328 -32 478 509 633 403 438 409 END
START -4268 11412 9480 -1340 -190 214 508 633 390 437 408 END
START -3308 10616 8936 -1117 -22 284 510 633 400 437 409 END
START -4696 10512 9880 -1131 219 515 508 634 401 438 409 END
START -2636 11108 9364 -1030 460 494 509 634 402 438 409 END
START -560 12672 8320 -822 783 701 509 635 403 438 409 END
START 72 13868 6848 -567 828 605 508 635 401 437 408 END
START -2708 14248 8292 -473 457 -123 508 633 399 437 408 END
START -1680 14100 6644 -530 416 -462 508 634 402 437 409 END
START -2820 13192 7140 -776 603 -605 507 635 402 437 409 END
START -4144 13556 8472 -1123 1567 -425 508 634 402 437 411 END
START -3328 14904 8008 -1354 2079 214 509 635 402 436 408 END
START -2124 16696 7768 -1077 937 1324 509 634 400 437 409 END
START -2192 18568 8096 -359 107 2388 508 636 401 437 407 END
START 660 20964 6000 528 342 3375 508 636 400 436 408 END
START 1276 22272 5464 976 306 3741 497 637 402 436 398 END
START 224 19880 5360 743 -236 3466 508 638 401 437 408 END
START -1484 16640 6020 84 -1220 3271 508 639 400 435 407 END
START -1568 14908 6932 -577 -1817 2996 507 640 399 436 407 END
START -292 14324 6392 -1029 -1402 2923 507 641 401 435 408 END
START -2072 14212 8052 -1538 -1010 2548 505 641 401 437 408 END
START 836 13592 6352 -2179 587 2034 506 643 399 437 408 END
START 1632 14608 5768 -2519 2492 2096 507 644 399 435 407 END
START -136 15172 6400 -2798 1571 1830 505 644 399 435 407 END
START -2396 15652 8768 -3241 -2122 1138 505 645 399 435 408 END
START -592 13768 6820 -2973 -3948 526 506 644 397 437 407 END
START -192 11476 6256 -3179 -2618 -159 505 647 399 436 408 END
START -1752 10000 7332 -3629 1466 -634 505 647 398 435 408 END
START -3300 10052 8792 -3882 3254 -1301 497 647 399 436 408 END
START -6836 9384 11304 -3960 143 -989 504 646 401 435 407 END
START -4756 8436 10112 -3966 -4148 -1245 504 647 398 436 408 END
START -3432 8640 9712 -3814 -3706 -1205 505 646 401 439 407 END
START 68 9600 8892 -3919 736 -1357 504 647 401 435 407 END
START -1680 11360 10512 -3987 3001 -1792 503 646 399 435 407 END
START -212 12260 9252 -3918 1678 -2337 502 646 401 434 407 END
START -1964 12940 9672 -3865 -1526 -2284 503 647 399 434 407 END
START -572 11452 8396 -3494 -2372 -2633 502 645 400 433 406 END
START 560 11348 8184 -3730 -1055 -3438 502 645 399 434 405 END
START -1540 10416 9448 -3822 825 -4011 502 644 401 434 406 END
START -4168 9248 10256 -4059 571 -4447 502 645 400 435 406 END
START -5668 7312 10748 -4247 -1436 -4467 502 645 398 434 405 END
START -4416 7324 10156 -4329 -2306 -4302 503 645 401 435 407 END
START -2920 6872 10100 -4837 -858 -3808 502 644 399 434 406 END
START -5324 6784 11960 -4709 -919 -3540 501 644 398 433 409 END
START -3860 7228 11168 -5018 -1370 -3043 503 645 400 435 409 END
START -5384 7840 11744 -5455 -1495 -2770 503 644 400 435 406 END
START -4292 7676 10860 -5689 -1256 -2807 503 644 400 438 400 END
START -2096 8696 10248 -5890 -880 -2518 503 644 401 437 406 END
START -3320 9936 12244 -6063 -1019 -1963 503 644 400 435 407 END
START -828 10300 10260 -6297 -1512 -1980 503 644 400 436 408 END
START -948 10256 10328 -6169 -2021 -1657 504 644 401 436 407 END
START -1688 11380 11012 -6295 -2337 -1771 503 646 402 435 406 END
START -1160 10800 10968 -6205 -2040 -1883 504 645 401 436 408 END
START -1356 10092 11132 -5804 -1581 -1778 504 645 402 437 408 END
START -1936 9884 12056 -5179 -1591 -2019 503 645 400 436 407 END
START -1580 9280 12088 -4335 -1197 -1957 505 645 401 436 406 END
START -3156 8184 13516 -3276 6 -2001 505 645 401 436 407 END
START -3924 7724 13308 -2310 508 -1895 507 645 401 437 414 END
START -5748 6636 14152 -1596 32 -1591 505 646 401 437 408 END