START 3352 7988 12304 25 -2161 1002 527 486 412 450 458 END
START 2260 9152 11600 -540 -3871 1058 527 481 412 450 456 END
START -1992 10460 14492 -594 -3886 233 527 486 412 450 456 END
START 56 9088 13680 -410 -7281 -664 527 487 413 450 455 END
START -1044 8404 14176 -100 -8598 -371 527 487 412 450 456 END
START 5068 8836 10836 197 -6416 -35 528 487 412 450 456 END
START 4576 8928 10728 713 -5009 221 527 488 413 450 456 END
START -32 10244 13316 464 -4882 364 527 488 412 449 455 END
START 3404 10940 12048 -148 -2202 782 526 488 413 450 457 END
START 1224 8864 12544 1009 -1860 1312 526 489 413 450 457 END
START 4244 10048 10456 1047 15 840 526 488 412 450 456 END
START 5424 8736 9852 1352 829 691 525 488 412 450 457 END
START 4072 9836 10672 77 634 602 524 488 413 450 454 END
START 3436 7308 10592 -310 458 904 524 488 416 450 457 END
START 2120 7512 11464 -814 111 455 524 489 413 450 456 END
START 2012 7756 11936 -963 56 546 524 489 413 450 456 END
START 2124 8572 12644 -1206 -313 360 522 490 412 450 456 END
START 3388 9056 12260 -1136 -736 478 525 491 413 450 456 END
START 3188 9364 12432 -1328 -715 581 524 490 413 451 457 END
START 4008 9372 11628 -1453 -677 683 524 490 413 450 456 END
START 3216 10080 11948 -1526 -702 675 525 490 414 450 457 END
START 3096 10472 12220 -1635 -220 667 525 491 413 450 456 END
START 3752 10976 11496 -1472 418 703 525 490 412 450 456 END
START 3592 10632 10836 -1286 2035 910 526 491 414 450 457 END
START 2380 10604 10848 -1174 3299 880 526 491 413 450 456 END
START 5608 10524 9176 -948 6428 1343 526 491 413 450 456 END
START 1168 10684 10736 -1895 1487 -267 527 491 413 450 458 END
START 3904 9212 11772 -1878 -354 1152 526 491 413 450 457 END
START 3432 8392 11712 -1863 877 1622 526 492 413 451 456 END
START 1032 9024 12664 -2006 937 848 528 492 413 450 456 END
START 2852 9124 13064 -2456 14 455 526 492 414 453 456 END
START 4680 6516 12496 -1997 1810 608 527 492 413 450 456 END
START 3720 6664 12820 -1114 2269 152 527 492 413 450 456 END
START 1952 8360 13840 -1224 222 376 527 492 413 450 457 END
START 3800 7832 13996 -1013 -578 282 527 492 413 451 457 END
START 3320 8640 14344 -954 -2122 197 528 484 413 451 457 END
START 5588 9404 12160 -636 -3806 -229 527 492 415 451 458 END
START 3712 9848 12712 -853 -5403 227 526 492 413 450 456 END
START 5104 9252 10748 -629 -5826 373 526 492 413 450 456 END
START 5552 11908 10656 -585 -5207 1309 526 492 413 451 457 END
START 4936 11060 11152 -1369 -1630 710 526 493 413 450 457 END
START 3628 10536 11716 -1303 -118 477 526 492 413 450 456 END
START 2912 8972 10948 -1264 1196 -281 524 493 413 450 457 END
START 3684 9492 10364 -1328 1329 117 527 492 409 450 456 END
START 3764 9284 10020 -1432 1545 274 525 493 413 451 457 END
START 3804 9416 10436 -1439 959 341 526 494 414 450 456 END
START 2792 8248 11828 -1474 388 -72 527 493 413 450 457 END
START 3668 7860 11260 -1657 -61 -618 526 493 413 450 456 END
START 3064 8420 12160 -1670 119 -1080 525 493 413 451 456 END
START 2984 8648 11756 -1749 -45 -983 526 494 415 450 457 END
START 2948 8484 12364 -1695 -172 -718 526 494 413 451 457 END
START 2736 8396 12496 -1589 192 -930 527 493 413 451 457 END
START 3540 7284 12104 -1614 1064 -1062 526 494 413 450 457 END
START 3128 6952 12288 -1502 1117 -900 526 493 413 450 456 END
START 2848 6344 12096 -1322 1159 -724 526 492 414 451 457 END
START 1576 6156 12820 -1000 -773 -162 527 494 414 451 457 END
START 1244 6364 13816 -476 -1896 454 527 494 414 450 457 END
START 1928 8036 13788 -811 -1244 148 528 494 414 451 457 END
START 3568 8476 12560 -1124 -105 725 526 495 414 452 457 END
START 3320 8024 12796 -1224 1386 164 527 495 413 450 457 END
START 2804 8924 13280 -739 1723 535 527 495 414 451 458 END
START 4488 8916 12020 -435 1960 595 527 495 414 451 457 END
START 3944 9748 11864 -431 2652 1010 527 494 414 450 457 END
START 3724 10808 11604 -837 3065 1016 526 495 414 451 457 END
START 2864 10892 12488 -1108 3635 757 527 494 414 451 457 END
START 3376 9040 11172 -1080 2859 222 525 495 413 450 457 END
START 2848 9184 11180 -881 2408 427 526 495 414 450 457 END
START 2164 9084 11540 -965 2182 398 527 494 414 450 457 END
START 4120 8088 9680 -1253 3158 513 526 495 414 451 457 END
START 2000 7616 11672 -1609 3670 557 526 495 415 450 457 END