START -3284 12204 7428 416 -298 1301 530 626 418 455 432 END
START -3120 12176 7364 221 -713 1214 525 627 417 456 432 END
START -2676 12444 6740 -436 -1060 828 526 627 417 455 432 END
START -2232 12080 6048 -1098 -364 247 525 627 417 458 432 END
START -2532 12220 6148 -1796 839 -245 526 627 416 457 431 END
START -2756 12204 5856 -2412 1833 -1011 526 627 416 458 433 END
START -4004 11948 6712 -2787 2097 -1145 525 628 417 456 433 END
START -5120 12216 7800 -2805 1140 -801 526 629 417 460 433 END
START -6368 11772 8724 -2709 -265 -467 527 627 416 456 432 END
START -6292 11828 8940 -2506 -409 -63 526 627 417 456 433 END
START -4980 13040 9128 -2123 599 247 527 627 417 457 431 END
START -3552 13892 7760 -1428 1294 441 526 627 417 457 432 END
START -4124 13748 7432 -837 1505 785 526 628 416 456 433 END
START -5272 13708 8176 -522 784 913 525 627 416 457 432 END
START -5648 12428 8180 -450 185 806 527 627 416 456 433 END
START -5144 10644 8328 -583 19 833 525 625 415 457 433 END
START -6616 10092 9480 -765 373 1045 525 627 417 456 432 END
START -3892 10772 8348 -808 767 1102 526 627 417 457 433 END
START -3464 12564 8816 -911 1053 988 526 627 416 453 433 END
START -2256 14516 8192 -736 1206 887 526 627 416 456 433 END
START -2808 15460 8632 -494 728 813 527 630 418 456 434 END
START -3716 14328 8156 -382 -13 461 526 628 409 457 432 END
START -4356 13728 6940 -487 -89 293 525 626 418 456 433 END
START -4280 13388 7188 -811 427 333 525 627 416 456 434 END
START -4356 13796 7784 -1158 1137 903 525 630 416 456 432 END
START -5624 14628 8892 -1123 346 1763 526 627 417 457 433 END
START -2664 15984 7332 -787 -959 3001 526 628 418 456 433 END
START -508 18572 6544 -434 -2360 3893 524 626 416 456 433 END
START -248 20300 6708 196 -3210 4162 525 626 414 455 432 END
START 756 21120 6848 610 -3310 3847 524 630 416 456 432 END
START -1032 18696 7076 826 -3481 3178 524 626 418 456 433 END
START -2112 16208 6248 818 -3466 2734 524 626 421 457 434 END
START -2308 14556 6352 453 -2705 2391 526 627 417 457 434 END
START -4300 13728 8256 96 -1228 2241 525 627 416 456 433 END
START -3948 13084 7920 -342 -282 2310 526 628 416 455 433 END
START -3400 13400 7712 -988 -1168 2469 525 628 417 456 433 END
START -3880 13844 8488 -1343 -4248 2448 525 628 417 458 433 END
START -516 14376 6108 -1635 -5459 2176 525 628 417 461 433 END
START -336 14980 6256 -2049 -4011 1462 525 625 417 457 433 END
START 372 14556 5724 -2587 -163 400 526 629 417 457 434 END
START -1628 13576 6920 -3109 2359 -665 526 630 417 457 432 END
START -3980 11276 6652 -3507 1637 -1030 526 629 417 456 433 END
START -7500 10052 8704 -3705 -3827 -803 525 629 417 456 433 END
START -4256 8692 7380 -3921 -7163 -878 526 630 417 456 433 END
START -3860 8236 8652 -4422 -5941 -1493 527 629 417 456 433 END
START -3168 8196 8572 -5254 -1785 -2291 525 629 417 457 432 END
START -4560 8116 9828 -5973 105 -3076 526 629 416 457 433 END
START -2636 8300 8712 -6207 -96 -3186 529 633 417 457 434 END
START -1204 9148 9060 -5869 -1416 -3030 526 629 417 457 434 END
START -2032 10540 9588 -5482 -2026 -3232 527 631 417 457 433 END
START -1688 11028 9520 -5586 -2003 -3826 527 629 417 457 434 END
START 212 11092 7452 -6059 -175 -4519 528 631 417 457 431 END
START -2244 11580 9648 -6214 643 -5023 527 630 416 456 434 END
START -4336 9768 9684 -6235 31 -5200 527 630 417 457 433 END
START -3468 8496 9036 -6443 -1139 -5074 529 633 417 457 432 END
START -5264 8028 11004 -6580 -1862 -4816 527 626 420 458 434 END
START -4436 7212 10860 -6823 -1953 -4933 527 632 418 457 433 END
START -5952 7160 11532 -7120 -1772 -5117 527 633 417 457 432 END
START -5620 6816 12048 -7439 -780 -4972 527 632 418 457 433 END
START -4052 6092 11804 -7685 -162 -4588 527 633 418 457 432 END
START -6668 5436 13588 -7350 -1040 -4152 527 635 417 457 433 END
START -4816 6152 13276 -7034 -1602 -3832 527 641 418 457 434 END
START -5296 6816 14120 -6662 -1131 -3549 528 634 418 457 434 END
START -5700 6232 14668 -5906 -1269 -3470 527 634 418 456 433 END
START -3208 6196 14568 -4767 -26 -2820 526 635 418 457 433 END
START -4508 6632 15168 -3448 433 -1689 526 636 417 457 433 END
START -4716 7620 14288 -2004 -461 -1002 528 636 418 457 433 END
START -5192 8696 14116 -780 -1500 -555 527 639 417 457 432 END
START -4912 7580 11872 7 -1390 -521 526 636 417 456 433 END
START -4436 6504 10660 387 29 -440 527 635 417 456 433 END