START 2112 12636 8868 -773 -689 498 508 614 416 445 452 END
START 2220 12712 8656 -738 -599 472 507 614 414 444 448 END
START 2160 12732 8308 -774 -431 314 507 614 415 443 451 END
START 2428 12756 8092 -972 -148 234 507 615 415 445 451 END
START 2656 12876 7712 -1189 82 203 508 615 415 444 451 END
START 2756 12684 8164 -1372 -89 27 508 614 414 444 451 END
START 3108 13040 8276 -1256 11 -197 508 615 414 444 446 END
START 2800 12604 8496 -1205 -570 -612 508 615 415 444 451 END
START 2684 13040 8656 -1263 -638 -454 507 615 414 444 450 END
START 3260 14464 7812 -1283 -759 -386 508 615 415 444 451 END
START 3752 15072 7104 -1379 -869 -534 508 614 414 444 451 END
START 3400 15432 6944 -1607 -255 -777 508 616 414 444 451 END
START 2888 15136 6648 -1916 -1055 -1046 508 616 415 443 451 END
START 2512 15776 7076 -2299 -4219 -1021 508 615 415 444 450 END
START 2828 15724 6488 -2538 -9440 -691 507 614 415 444 450 END
START 3972 15212 6204 -3037 -10507 -1412 507 615 413 445 451 END
START 6164 15168 6268 -3909 -6582 -1860 508 615 415 445 450 END
START 5792 15020 6660 -4895 -2126 -2321 507 615 415 444 451 END
START 3512 14816 7804 -5319 279 -2667 508 613 415 444 452 END
START 1504 14140 8432 -5336 -975 -2823 509 615 415 445 451 END
START 1676 13380 9276 -4989 -2484 -2982 508 615 415 444 450 END
START 3356 13360 9048 -4506 -3002 -3073 508 609 415 445 451 END
START 2684 13372 9496 -4178 -2272 -2916 509 615 415 445 450 END
START 1772 13932 9236 -4017 -2813 -3028 509 615 415 444 450 END
START 3004 13524 7680 -4208 -3731 -2819 510 615 414 445 451 END
START 2940 12948 7912 -4603 -4278 -2361 509 614 415 444 450 END
START 2732 12592 8864 -4722 -4288 -2442 509 615 416 445 451 END
START 3524 12228 8372 -5099 -2873 -2525 509 616 416 444 450 END
START 2872 12648 9136 -5212 -1632 -2359 510 615 415 443 450 END
START 3480 12620 8028 -5418 -1723 -1951 510 616 415 445 451 END
START 2236 11864 9420 -5560 -2344 -1664 510 616 415 446 450 END
START 2684 11264 10272 -5456 -3007 -1771 510 617 415 446 450 END
START 3564 11336 10600 -5346 -1631 -1781 510 616 415 445 451 END
START 2836 11012 10640 -5159 441 -2184 510 616 415 445 450 END
START 2560 11048 10172 -5000 576 -2266 511 618 414 445 449 END
START 2756 11112 10348 -4801 -1119 -2065 510 616 415 445 450 END
START 3264 10732 10216 -4648 -2394 -2147 510 616 415 445 450 END
START 3432 10720 10480 -4607 -791 -1998 511 616 416 444 450 END
START 2984 10908 10200 -4562 -136 -1882 512 616 415 445 450 END
START 2372 11304 10104 -4535 -2046 -1784 511 616 416 445 450 END
START 2480 11784 11012 -4538 -3622 -1593 511 616 415 444 450 END
START 2392 11124 11292 -4559 -3765 -1514 511 615 415 445 450 END
START 2284 11012 11852 -4610 -3659 -1446 511 617 415 445 450 END
START 3404 11940 11452 -4787 -4197 -1400 512 616 414 444 450 END
START 3300 11784 11716 -4984 -4215 -1111 511 617 415 445 451 END
START 3444 11320 11684 -5237 -3934 -1253 510 617 415 445 450 END
START 4524 10552 11444 -5443 -2343 -1580 512 617 414 444 450 END
START 3680 10744 12620 -5399 -1498 -1509 512 617 415 445 450 END
START 3516 10476 12516 -5401 -1840 -1421 513 617 415 445 450 END
START 2564 9920 13452 -5104 -2043 -1208 513 618 415 444 450 END
START 2692 9700 13316 -4694 -2000 -1097 513 617 414 445 450 END
START 3144 9712 13164 -4189 -1862 -888 513 617 415 445 450 END
START 3316 10088 13216 -3971 -1211 -785 514 617 416 445 450 END
START 3380 10060 13592 -3923 -43 -758 513 618 415 445 450 END
START 2624 9376 14272 -3570 859 -578 513 618 414 445 450 END
START 3336 9596 13240 -3168 586 -589 514 618 415 445 450 END
START 2456 9204 13280 -2738 625 -501 514 618 415 445 450 END
START 3172 9116 12184 -2517 464 -324 516 617 414 445 450 END
START 2980 8604 12592 -2175 323 -242 514 618 414 445 450 END
START 2944 8564 12116 -1777 92 -305 514 618 414 445 450 END
START 2116 7860 13204 -1533 -273 -465 514 619 414 445 451 END
START 2952 7412 12712 -1282 -111 -376 515 618 412 445 450 END
START 2736 7660 12736 -1136 -440 -267 514 618 413 445 450 END
START 2248 7636 13148 -912 -320 -198 514 619 410 445 450 END
START 1912 7792 13132 -663 -468 -244 515 619 414 445 450 END
START 1136 7760 13624 -528 -588 -389 513 618 414 445 450 END
START 2264 7048 12616 -478 -940 -587 515 618 414 445 451 END
START 2176 5124 12488 -473 -961 -586 515 618 414 445 451 END
START 2124 4928 12380 -531 -854 -641 514 617 414 445 450 END
START 996 5204 12704 -643 -336 -587 514 617 415 445 450 END