START -1872 15272 7336 -1752 1327 -3056 524 615 417 445 436 END
START -1796 15528 7536 -1857 1462 -3152 526 618 407 462 438 END
START -632 15100 6512 -1772 2249 -3285 524 617 418 460 438 END
START -688 15280 7160 -1568 3320 -3005 526 617 417 459 438 END
START -2316 15664 7952 -1463 3288 -2495 524 617 419 459 438 END
START -3040 15272 8184 -1434 1579 -2084 524 617 418 460 437 END
START -3052 15028 8080 -1363 -629 -1447 525 617 419 459 443 END
START -2816 14284 7636 -1155 -1856 -1266 525 620 417 460 437 END
START -2928 13260 7800 -1265 -1935 -987 525 618 418 459 437 END
START -2944 13992 7868 -1198 -893 -577 524 618 418 458 437 END
START -2016 14724 7684 -884 291 -322 526 617 417 459 437 END
START -2412 14928 7268 -438 741 -319 525 617 418 460 437 END
START -4096 13152 6880 -224 18 -343 525 618 419 460 438 END
START -5108 11684 6276 7 -1366 -932 525 618 418 460 437 END
START -4784 10788 7176 -937 -1082 -571 524 618 417 459 437 END
START -4756 10876 7408 -1016 -800 -390 524 620 418 459 437 END
START -6328 11576 9420 -1158 -716 144 523 620 417 459 438 END
START -4660 11648 7864 -1210 -491 334 524 619 417 460 437 END
START -2736 13008 6820 -1434 -131 440 524 621 416 459 438 END
START -2672 14052 7324 -1452 17 451 524 622 419 459 437 END
START -1048 15228 6588 -1239 502 581 523 622 419 459 437 END
START -672 15156 6092 -1048 240 560 524 622 417 459 437 END
START -2364 14152 7148 -848 -123 421 505 622 418 459 437 END
START -3308 13604 6564 -796 -278 353 523 623 416 459 438 END
START -3572 14000 7272 -942 -22 391 522 623 417 459 437 END
START -4916 14084 8664 -939 190 939 525 616 417 458 437 END
START -5444 15124 9144 -145 -110 2461 523 624 416 459 437 END
START -2480 16212 8388 985 -1558 3887 522 623 417 458 437 END
START -600 18076 8348 1879 -2653 4929 522 626 416 459 438 END
START -1608 19348 8556 2292 -2336 5242 522 625 416 458 436 END
START 140 18652 5808 2558 -1792 5412 522 627 417 458 437 END
START -396 17264 6152 3104 -1896 5259 522 626 415 458 436 END
START -1676 15092 5856 3411 -2208 5486 522 627 416 458 436 END
START -3228 14252 6292 3310 -3456 5378 521 627 415 458 436 END
START -904 12944 5588 2416 -4189 4974 521 627 415 459 436 END
START -2192 12740 6716 1220 -3957 4335 505 627 416 456 436 END
START -1712 13000 6632 198 -1945 3532 519 626 418 458 436 END
START -520 13364 5844 -394 -375 3012 520 627 415 457 436 END
START -84 14864 6256 -699 232 3078 520 628 417 458 437 END
START -504 16408 5428 -679 -807 2920 519 629 415 457 436 END
START -768 16156 5336 -1011 -3065 2304 518 627 415 457 436 END
START 856 14176 4212 -1700 -4351 1127 516 628 414 455 435 END
START -232 11912 3696 -2599 -3927 -136 517 628 404 457 436 END
START -1748 10640 5140 -3617 -2215 -1183 518 627 415 457 436 END
START -1352 9528 5928 -4441 -306 -1902 519 630 416 457 436 END
START -3680 9508 8208 -5184 -418 -2659 518 629 415 458 435 END
START -1696 9400 7032 -5655 -174 -3124 518 628 415 457 435 END
START -3788 10064 8772 -5869 43 -3345 501 627 415 457 439 END
START -2180 11288 8752 -5837 7 -3711 517 628 415 457 436 END
START 316 11444 7928 -5610 89 -4103 517 627 416 456 435 END
START -368 13192 7696 -5334 -614 -4270 516 626 415 455 434 END
START -844 13132 8152 -5395 -1679 -4970 517 627 415 456 435 END
START -1252 11872 7812 -5417 -410 -6219 514 629 415 455 434 END
START -2256 10688 7904 -5579 927 -6798 518 628 415 458 436 END
START -4104 9168 8612 -5589 1059 -6738 517 627 417 457 435 END
START -5576 8656 10232 -5750 -1315 -6312 516 628 414 457 435 END
START -4392 8732 9600 -6012 -3114 -6350 518 627 416 456 434 END
START -4452 9152 10040 -6398 -2265 -6222 517 627 415 456 435 END
START -3492 9188 10004 -7142 -424 -6104 517 627 416 456 435 END
START -4932 8904 10044 -7636 -157 -5860 517 626 414 456 434 END
START -5068 9260 10356 -7684 -1287 -5367 516 627 416 455 434 END
START -4000 10488 10668 -7868 -3413 -5179 518 627 416 457 435 END
START -3632 10780 11212 -8331 -3586 -5117 519 627 417 456 434 END
START -1576 10784 9672 -8922 -2590 -5471 518 626 417 456 435 END
START -988 9916 9984 -9359 -1506 -5800 517 626 416 453 436 END
START -1628 9668 10432 -9434 -1242 -5864 517 627 416 457 434 END
START -2688 8440 10636 -9066 -1905 -5390 518 628 418 458 435 END
START -3924 8944 13212 -8613 -3361 -4770 520 627 415 458 435 END
START -4496 7252 12712 -8049 -3466 -4397 519 627 417 456 435 END
START -4792 6020 13392 -6910 -3046 -4640 520 627 416 456 435 END