START 1468 15576 6048 -3767 2082 -6069 547 626 507 575 525 END
START 1644 14672 5688 -3805 3462 -6116 547 626 501 570 524 END
START -784 14604 5844 -3660 5872 -6805 546 626 486 552 521 END
START -1576 14384 6672 -3785 5569 -6930 543 626 476 542 513 END
START -2564 14540 7400 -3494 4292 -6544 542 626 465 533 506 END
START -3628 13984 8684 -3035 1659 -6040 542 626 454 519 500 END
START -2916 14668 8468 -2913 642 -5079 540 625 447 505 491 END
START -3320 14620 8616 -2303 -57 -4843 536 625 438 496 483 END
START -2768 14360 9156 -1835 797 -4569 534 626 434 490 476 END
START -4056 14444 9156 -1448 2338 -3988 527 629 428 482 469 END
START -4004 14784 9700 -1076 2296 -3237 519 631 422 473 464 END
START -2564 15368 9544 -688 1600 -2335 511 633 416 465 456 END
START -2564 15548 10160 -325 477 -1746 505 635 412 455 447 END
START -2860 16000 9888 -100 -162 -1214 502 635 408 449 442 END
START -2520 15892 8372 231 -750 -1099 499 636 405 441 429 END
START -1792 13980 7232 306 -180 -978 495 634 399 435 423 END
START -2912 13664 7164 194 156 -574 494 638 397 429 419 END
START -3732 12924 8176 -249 200 -203 492 637 396 424 414 END
START -6268 13120 9460 -1226 -1281 396 489 637 393 421 411 END
START -4060 13044 8064 -1078 -1784 570 488 638 390 419 408 END
START -3656 13572 7836 -1207 -1516 1102 486 639 390 418 404 END
START -2076 14840 7732 -1297 -741 2141 486 641 390 416 401 END
START -2484 16408 8024 -1199 -131 3151 488 643 388 416 399 END
START -1536 17736 6956 -913 -1096 4016 487 644 389 417 397 END
START -928 18404 5196 -445 -2272 4763 489 646 389 416 398 END
START -1452 18424 6380 -274 -3826 4845 493 647 389 416 397 END
START -1676 17664 6084 -355 -4717 4649 491 649 388 416 397 END
START -1448 15624 4976 -557 -4909 4205 492 648 390 417 395 END
START -880 14820 5576 -995 -3604 3780 495 650 389 417 395 END
START -1288 14016 6244 -1583 -2692 3089 495 652 389 420 398 END
START -1624 13388 6816 -1920 -2373 2779 497 652 389 419 395 END
START -2452 12736 8020 -2362 -3643 2294 496 654 389 419 396 END
START -260 12784 6956 -2588 -3745 1575 499 653 389 418 396 END
START -236 14216 7648 -3009 -2312 1078 500 653 390 420 396 END
START 1188 15444 6440 -3214 30 821 500 655 388 421 396 END
START -440 15568 6924 -3037 -1189 665 503 653 387 422 398 END
START -1116 15200 7636 -3125 -4014 -47 502 655 392 422 398 END
START -2064 13372 7344 -3363 -4792 -865 502 655 392 423 398 END
START -2624 12624 7836 -4067 -2847 -1455 502 655 392 424 397 END
START -2836 11160 7908 -4528 -315 -2257 503 655 394 424 399 END
START -3008 9812 9252 -5173 850 -2370 501 655 394 425 399 END
START -5348 8732 11212 -5184 -1814 -2482 503 656 396 425 400 END
START -3632 8336 10280 -5183 -4116 -2602 504 655 396 426 401 END
START -3544 8588 11384 -5493 -3876 -2982 505 655 396 426 401 END
START 280 8748 9532 -6179 -391 -3601 505 656 396 426 402 END
START -1408 9008 10528 -6596 1836 -3852 506 655 397 426 402 END
START -1472 9652 10680 -6501 601 -3637 506 656 397 427 402 END
START -1848 11376 10456 -6307 -3197 -3199 506 655 397 426 405 END
START 808 10664 8508 -6423 -4724 -3306 507 655 397 428 402 END
START -344 10864 10460 -6862 -3392 -3633 506 656 399 428 403 END
START -832 10032 9996 -7392 -2186 -3978 507 655 398 431 404 END
START -2676 8880 10516 -7780 -2649 -4210 507 654 397 429 403 END
START -2372 7236 10232 -7823 -2969 -4000 508 656 400 430 404 END
START -2928 6432 10872 -7698 -3561 -4111 507 653 400 430 406 END
START -4392 6104 12820 -7580 -3750 -4234 509 657 401 430 404 END
START -2964 5312 11688 -7560 -3375 -4297 509 654 399 430 406 END
START -3132 4840 11884 -7547 -2987 -4488 509 654 400 430 405 END
START -5192 4016 13964 -7342 -2224 -4357 510 656 399 430 406 END
START -3872 3716 13512 -6963 -2011 -3857 508 654 400 431 406 END
START -4200 3444 14200 -6452 -2236 -3151 510 655 400 431 406 END
START -5196 3340 14800 -5751 -2386 -2593 509 655 400 431 406 END
START -1988 3820 13988 -4863 -1384 -2015 505 655 401 431 407 END
START -2896 4968 15564 -4185 -549 -1478 512 655 401 432 408 END
START -2548 4880 15360 -3137 -447 -980 512 653 402 432 408 END
START -1784 6764 14816 -1911 -734 -533 510 654 400 432 407 END
START 644 7444 12420 -979 -683 -479 511 654 401 432 404 END
START 216 8492 12052 -549 128 -657 511 655 402 431 407 END
START -1512 8332 11612 -461 692 -529 511 654 402 432 409 END
START -3460 7096 12676 -559 -540 -126 512 654 402 432 408 END
START -4292 6444 13436 -787 -1477 89 511 654 402 432 407 END