START 3196 13432 7272 -1069 -72 -248 475 599 387 418 427 END
START 3416 13364 7132 -1054 -276 -269 474 600 387 419 428 END
START 3768 13636 7304 -983 -645 -190 475 599 389 417 427 END
START 3448 13320 7368 -904 -516 -43 475 598 387 416 428 END
START 3532 13924 7372 -966 -743 -218 475 600 388 418 428 END
START 3776 13424 7440 -799 -184 -209 475 600 388 417 428 END
START 3772 13464 7228 -697 13 -314 475 600 387 419 428 END
START 3432 13428 7216 -572 141 -290 475 600 387 418 428 END
START 3540 13488 6824 -435 -263 -438 476 601 388 417 428 END
START 2812 12960 7304 -553 -952 -437 475 600 388 418 428 END
START 3540 14052 6692 -591 -596 -43 476 600 388 418 427 END
START 3648 14036 6984 -386 -598 -178 475 600 388 418 428 END
START 3400 13424 6868 -491 -347 -282 476 600 389 418 428 END
START 3868 13456 5936 -656 -591 -410 477 600 389 418 428 END
START 4100 13304 5396 -790 -898 -438 476 600 388 419 428 END
START 3384 14280 6124 -934 -1097 -347 477 601 388 418 429 END
START 2960 14568 6076 -1138 -1471 -295 476 601 389 419 429 END
START 5612 15168 4896 -1254 -1606 -369 477 601 389 419 429 END
START 7704 15552 4552 -1414 -644 -372 477 600 389 418 429 END
START 8028 14972 4068 -1525 176 -567 477 600 389 418 429 END
START 2992 15880 7936 -1427 480 -765 477 601 389 419 429 END
START 3860 15740 6864 -1340 -92 -808 476 602 390 420 429 END
START 5604 15744 4904 -1329 -1196 -753 477 601 390 419 430 END
START 2448 16888 6564 -1485 -3664 -661 478 601 390 419 429 END
START 5196 17344 4700 -1871 -6180 -1074 477 601 389 419 429 END
START 8940 17060 1892 -3015 -6099 -1535 477 602 390 419 429 END
START 7788 17260 3260 -4410 -5535 -2137 477 601 390 419 429 END
START 7420 17696 4212 -5962 -3057 -2699 477 602 390 419 429 END
START 7416 17180 4584 -7387 -407 -3127 478 601 390 419 429 END
START 7144 15848 5208 -8314 -1043 -3524 478 603 390 419 430 END
START 3444 14448 8124 -8827 -2854 -4404 479 603 390 419 429 END
START 2756 13192 9244 -9165 -2526 -5113 478 602 390 420 429 END
START 5804 11836 6616 -9192 -76 -5737 479 603 391 420 430 END
START 3240 11260 7708 -8997 -1540 -5943 480 604 391 419 430 END
START 1372 11032 8476 -8528 -6782 -5783 480 605 392 420 430 END
START -564 11052 10592 -8263 -9385 -5733 481 604 391 420 430 END
START 1052 10112 9756 -8390 -8096 -5758 480 605 392 419 430 END
START 1248 8588 9516 -8632 -7377 -5927 477 606 392 420 430 END
START 420 9476 10724 -8954 -7958 -5614 481 606 391 420 430 END
START 1540 8676 10556 -9247 -6348 -5564 482 607 392 421 430 END
START 1628 7300 10688 -9332 -2802 -5439 482 607 392 421 431 END
START 324 6944 11052 -9175 -2395 -5710 482 607 392 421 430 END
START -508 7324 11360 -8878 -5501 -5496 483 608 392 421 430 END
START 2312 6180 11484 -8561 -5611 -5010 483 606 392 419 430 END
START 1996 5492 11648 -8492 -811 -4752 483 609 392 421 430 END
START -596 5060 11984 -8273 -135 -4774 483 608 393 421 431 END
START -1556 6440 12340 -7783 -4031 -4229 479 609 394 421 430 END
START 1804 5268 11532 -7301 -4853 -3644 483 610 393 421 431 END
START 1132 5124 11464 -7330 -2653 -3338 484 611 394 421 431 END
START 1068 4588 11184 -7178 -2806 -3468 484 612 394 422 431 END
START 2328 4828 11068 -7063 -3913 -3677 484 613 393 421 431 END
START 2704 4528 12356 -6654 -3152 -3840 485 608 395 421 431 END
START 1624 4376 12976 -6118 -2395 -3821 486 612 394 422 431 END
START 1916 4404 12232 -5774 -2761 -3849 487 613 394 422 431 END
START 1680 4092 12624 -5448 -2728 -3632 487 613 395 421 431 END
START 1256 4044 12240 -5258 -2281 -3269 488 614 396 422 433 END
START 1040 4000 11732 -5212 -1513 -2791 488 613 395 421 433 END
START 1176 4036 12104 -5182 -871 -2426 489 614 395 421 431 END
START 1060 3668 13488 -4778 -187 -1891 489 614 396 422 432 END
START 284 3144 13908 -3982 -279 -1203 489 614 395 422 432 END
START -584 4092 14092 -3098 -1440 -687 490 614 395 422 432 END
START 152 4868 13820 -2370 -1809 -408 490 614 395 422 432 END
START 376 6140 14032 -2058 -1203 -64 490 614 396 422 432 END
START 1472 5872 13488 -1890 -354 308 490 614 395 423 432 END
START 1836 6668 13344 -1665 682 478 490 615 396 422 432 END
START 1572 7992 13628 -1594 982 450 490 614 396 423 432 END
START 2784 9376 13664 -1464 521 354 489 614 395 415 432 END
START 4412 9516 12600 -1455 502 423 491 614 396 422 431 END
START 3004 10028 13532 -1458 588 634 491 615 396 422 432 END
START 3616 11272 13212 -1336 521 675 490 615 396 422 432 END