START -14716 6672 -2408 -965 -2110 93 650 416 409 463 453 END
START -14532 6736 -2420 -1011 -2262 53 650 417 410 464 453 END
START -14172 6700 -2400 -984 -1991 85 650 418 409 464 452 END
START -14332 6732 -2248 -910 -1422 93 649 417 410 464 452 END
START -14220 6688 -2196 -818 -992 137 649 417 410 464 453 END
START -14568 6704 -1900 -914 -1023 60 650 418 410 464 453 END
START -14468 6972 -2356 -755 -1055 86 651 417 410 464 453 END
START -15288 6192 -1816 -1046 -1839 178 650 418 411 464 453 END
START -15100 7196 -1240 -1167 -2272 811 650 417 410 464 452 END
START -14272 7740 -2040 -874 -2244 715 651 417 410 463 450 END
START -12592 8176 -3016 -565 -1515 777 650 417 410 463 453 END
START -13020 7828 -4200 -455 -1902 998 651 417 411 463 453 END
START -15264 7340 -3416 -773 -3286 907 651 417 411 464 453 END
START -15016 7396 -3272 -1221 -5378 660 650 417 411 463 452 END
START -13412 6664 -4704 -1548 -5951 601 651 417 409 463 452 END
START -14616 6084 -2776 -1751 -5417 320 651 417 409 464 452 END
START -12708 5732 -2076 -2126 -3004 -307 651 417 410 464 453 END
START -11444 4736 -752 -1970 3841 -1890 651 417 410 462 453 END
START -5944 3748 -3192 -1369 16298 -4848 651 417 411 464 453 END
START -6196 3904 -4440 -517 32737 -6319 651 418 412 464 453 END
START -9400 3976 -5772 -291 32767 -6241 651 418 413 464 453 END
START -13264 4892 -7372 -223 32767 -7374 651 418 411 465 453 END
START -15128 5664 -7944 -375 32767 -8520 650 418 412 464 453 END
START -10184 6120 -13376 -374 32767 -9510 650 417 412 462 453 END
START -13288 5828 -13396 -1876 32767 -8073 650 416 412 461 454 END
START -16996 6276 -13488 -2400 32767 -5159 648 415 411 461 453 END
START -19472 6256 -11092 -1892 32767 -2185 647 413 411 458 453 END
START -16792 5020 -9768 -1375 23695 -203 644 412 410 456 452 END
START -10200 5100 -13936 -54 10035 648 643 412 410 454 452 END
START -5980 6040 -17020 114 2748 929 641 411 411 453 452 END
START -6684 7516 -17780 127 1253 890 641 412 412 452 452 END
START -6168 6532 -19080 -740 3132 1012 640 412 412 452 452 END
START -8072 5616 -18188 -1508 4605 1585 636 412 413 451 452 END
START -10360 4312 -15316 -1706 3679 1612 637 412 414 451 453 END
START -9084 3620 -14612 -1543 -26 829 638 413 414 453 452 END
START -8892 2780 -15192 -1988 -1677 548 637 413 415 452 452 END
START -8488 4256 -15096 -2450 -2383 690 633 413 415 452 452 END
START -11464 5040 -11856 -2527 -1643 949 637 413 418 453 452 END
START -9892 4888 -11888 -2572 -1710 852 637 414 416 452 453 END
START -9264 5720 -12412 -2423 -4378 734 637 414 416 451 452 END
START -7552 6668 -14500 -2051 -7311 887 638 414 417 452 453 END
START -9252 7408 -14516 -1646 -10833 1681 637 414 415 451 452 END
START -7252 6816 -16516 -1518 -16405 1588 638 414 415 452 450 END
START -9184 6300 -15068 -928 -21247 1162 640 413 413 454 448 END
START -11328 5576 -15244 -553 -26335 974 641 410 410 455 446 END
START -15592 5192 -13588 -556 -31129 2340 642 410 409 456 447 END
START -18632 5632 -14380 -1129 -32768 4744 642 409 407 458 447 END
START -16684 5712 -15932 -3190 -32768 6815 644 408 404 459 450 END
START -18084 5352 -15048 -4497 -32768 6833 645 406 403 459 448 END
START -17200 5940 -11380 -5072 -32768 10176 646 403 401 460 448 END
START -18936 4100 -8768 -5407 -32768 10291 647 404 400 459 448 END
START -18968 6144 -6348 -6402 -32768 8774 649 404 399 459 448 END
START -14272 6984 -6900 -7679 -32768 7876 648 403 397 459 448 END
START -13052 6212 -4328 -8162 -32768 6084 648 404 396 458 448 END
START -7956 4192 -2884 -5758 -32768 5415 649 404 394 458 448 END
START -12664 6844 3360 -5473 -32768 6765 650 405 395 458 447 END
START -11188 6400 3016 -6144 -32768 5935 650 404 395 458 446 END
START -8220 6784 4948 -6203 -32768 4353 650 406 396 456 446 END
START -9200 7612 7884 -5571 -32768 4458 652 408 395 457 445 END
START -6168 7128 6320 -4721 -31101 4073 652 407 395 456 445 END
START -5324 8312 8480 -4331 -27233 3190 652 407 396 457 445 END
START -1656 9008 7560 -3717 -21216 2960 652 409 396 456 445 END
START -84 8696 6424 -3408 -14544 2335 653 409 396 456 444 END
START -3840 8892 8696 -3210 -8864 1528 653 410 397 456 445 END
START -5592 7008 9116 -2979 -5464 628 653 410 397 456 445 END
START -4480 6580 9656 -2355 -2351 184 653 411 399 457 446 END
START -3776 5384 10148 -1834 1331 -532 653 412 401 458 445 END
START -3132 6020 10916 -1430 8233 -1511 653 412 402 459 446 END
START -4592 6688 11840 -34 19862 -3263 653 413 403 460 446 END
START -3956 7360 8948 1500 29002 -3639 653 413 404 460 447 END