START 2504 7012 10872 -2537 22609 -4563 633 392 392 418 399 END
START 3180 6800 10148 -2640 25398 -5080 634 391 392 417 399 END
START 2880 6652 9220 -2945 32767 -6507 633 391 392 415 400 END
START -1416 6628 9796 -3633 32767 -6808 633 392 391 418 399 END
START -4808 6340 9440 -3915 32767 -7460 633 391 392 417 401 END
START -5496 6176 8440 -4237 32767 -8418 633 390 390 417 397 END
START -2960 4948 3936 -4932 32767 -9296 633 394 392 415 400 END
START -1920 3432 -340 -5820 32767 -9604 633 391 392 414 399 END
START -12744 2332 -1148 -6361 32767 -7912 632 391 392 415 401 END
START -28032 2200 2952 -4863 32767 -6617 632 390 391 414 399 END
START -28460 2484 3712 -2125 32767 -6106 632 389 391 413 398 END
START -27180 4020 5708 -172 21484 -4467 633 390 391 414 398 END
START -22080 4536 3796 426 8956 -3564 633 384 392 414 399 END
START -15648 6276 2352 161 6116 -2549 633 392 392 413 399 END
START -15708 4524 2176 -255 7964 -1649 634 392 393 414 400 END
START -18988 4908 4408 -580 10255 -1155 633 392 391 414 398 END
START -15572 2820 712 -339 11307 -1033 633 393 392 414 399 END
START -15464 2740 -328 -48 7644 -451 633 391 392 413 398 END
START -14136 3964 -136 34 5635 -565 634 392 392 413 398 END
START -15136 5940 1816 -1295 8277 228 634 393 393 413 400 END
START -12800 3960 -1672 -642 10008 -277 634 392 393 415 392 END
START -15124 5588 -724 -1924 11291 493 635 392 390 412 399 END
START -19144 3444 -236 -1107 8346 301 635 391 391 413 402 END
START -19244 3248 44 -1221 4717 702 634 392 391 411 398 END
START -20000 3308 616 -1235 2200 1125 635 392 392 412 399 END
START -19068 2744 124 -1308 -1441 1562 634 392 393 412 399 END
START -17924 2620 -1640 -1091 -8610 2420 635 393 393 413 398 END
START -20180 2432 -436 -479 -19246 3531 634 392 392 413 402 END
START -28004 2856 4276 404 -32499 5060 635 396 392 414 400 END
START -29496 3236 4644 1431 -32768 6458 633 394 391 415 400 END
START -20100 1880 -2040 2600 -32768 7336 634 393 393 417 399 END
START -12112 1988 -5208 3992 -32768 7572 634 395 384 416 400 END
START -16560 3920 3808 3602 -32768 7414 635 393 393 417 401 END
START -8000 3672 3912 3253 -32768 6465 635 392 393 420 400 END
START 2076 3424 1356 2833 -32768 5485 634 393 392 417 403 END
START 760 4452 5084 2346 -24572 3907 635 396 399 417 401 END
START 4168 4540 5836 1678 -10447 1375 634 394 394 417 402 END
START 896 5716 8836 986 6190 -732 634 393 394 417 402 END
START 2280 5616 7736 -81 21019 -2747 636 394 394 416 402 END
START -2356 4516 7636 -862 32767 -4508 634 394 393 417 400 END
START -6356 3856 7528 -1170 32767 -6258 634 392 393 417 400 END
START -8772 3324 4492 -1085 32767 -7075 634 391 393 417 401 END
START -14420 3244 4108 -451 32767 -7066 633 392 392 417 401 END
START -19100 4072 5452 -649 32767 -6754 633 392 392 417 400 END
START -16868 4980 -1304 -462 32767 -5625 633 391 393 413 400 END
START -17688 6392 -3776 -86 32091 -4629 633 389 393 416 401 END
START -19476 5912 -428 -375 23435 -3363 634 390 393 416 400 END
START -24128 5392 1908 -571 12849 -2463 633 390 390 417 404 END
START -17852 4792 -1316 -852 6623 -1728 636 391 393 417 403 END
START -12120 3356 -4632 -1177 4301 -1345 635 392 394 416 402 END
START -17052 4252 -52 -1563 1859 -851 634 392 394 416 401 END
START -11656 3504 -2924 -1917 1867 -465 633 391 392 415 400 END
START -17556 3588 556 -1880 561 -127 630 391 393 416 402 END
START -19676 3676 2976 -1758 -208 46 633 390 392 415 400 END
START -17448 3496 1460 -1422 -1880 334 634 392 393 416 402 END
START -16516 3276 1356 -1026 -4128 627 634 392 393 417 402 END
START -16348 3436 1224 -726 -5149 869 632 392 393 416 402 END
START -11488 3236 -404 -630 -2900 724 634 392 393 416 401 END
START -15020 3944 1348 -509 -1435 714 634 393 393 416 402 END
START -11396 3424 -880 -402 -359 813 635 393 391 416 400 END
START -14568 3900 1008 -286 -422 799 635 393 393 416 403 END
START -13944 3676 64 -72 -1880 883 635 393 393 415 401 END
START -18088 5440 3628 156 -4088 966 636 393 393 416 401 END
START -18636 5460 4428 325 -4800 955 635 394 392 416 401 END
START -13544 5772 2208 194 -3013 615 635 392 393 414 402 END
START -8600 5800 -3352 12 -245 389 635 394 393 416 403 END
START -8132 6384 -6232 105 1000 198 634 393 393 415 401 END
START -14248 6504 -864 203 -1362 191 636 393 384 416 401 END
START -18016 6160 2148 440 -3185 145 636 394 392 416 401 END
START -17736 5164 2000 763 -4872 69 637 393 392 415 402 END