START -13276 8776 5012 -791 -731 -20 652 410 403 446 447 END
START -13344 8708 4856 -964 -1288 -39 653 410 402 446 447 END
START -12688 8316 4288 -1379 -2166 -25 652 410 402 449 447 END
START -11856 8132 4316 -1426 -1880 141 653 410 403 447 446 END
START -11780 7868 4500 -1309 -893 305 652 409 402 446 447 END
START -11644 8096 4600 -1147 -90 42 653 409 401 445 446 END
START -11488 8444 5132 -1186 626 35 652 410 402 446 446 END
START -11348 7628 4516 -1202 906 -441 651 410 401 446 447 END
START -11424 7712 4480 -1911 1969 -283 652 409 403 445 447 END
START -9696 7544 3776 -1692 6545 -1174 653 409 398 446 447 END
START -5848 7308 1224 -1161 15949 -3707 652 409 401 445 450 END
START -5952 7484 348 630 28417 -5208 652 409 402 445 447 END
START -10984 8356 1716 1672 32767 -4197 652 409 403 445 448 END
START -18528 7456 2012 1610 28305 -2572 651 408 403 445 448 END
START -18848 6840 408 545 17841 -2218 651 409 404 445 448 END
START -13484 5724 -2804 -1120 13341 -4586 651 409 404 445 449 END
START -8740 4480 -4200 -1123 21367 -6749 651 409 403 445 449 END
START -11616 4992 -812 90 32767 -6615 651 408 398 444 449 END
START -15108 6108 -1332 617 32767 -4906 651 408 404 444 450 END
START -13736 4396 -4316 -292 32767 -6704 651 408 404 444 449 END
START -11828 4316 -7864 -1208 32767 -8470 650 407 404 444 449 END
START -11848 5340 -7820 -1035 32767 -8268 650 407 405 443 450 END
START -13156 6000 -7240 -273 32767 -6682 648 407 405 443 450 END
START -14484 4632 -10012 349 32767 -6509 647 406 404 442 450 END
START -12804 5648 -14044 -610 32767 -6100 646 405 405 442 451 END
START -13192 6156 -14664 -504 32767 -3794 645 405 405 442 450 END
START -14608 5716 -10124 359 32767 -1799 644 405 406 441 450 END
START -14288 4912 -10224 1766 20966 -867 642 406 407 441 450 END
START -8360 6240 -15140 1872 8811 -443 641 405 407 443 450 END
START -6836 7600 -17388 1401 6097 446 640 406 407 442 450 END
START -6264 6336 -20244 869 6146 739 641 406 407 442 450 END
START -8168 5156 -18228 223 4427 506 640 406 407 442 450 END
START -7556 3916 -16612 -286 3262 179 640 406 408 442 450 END
START -11032 3536 -14960 -587 590 344 640 407 409 443 451 END
START -10520 3240 -15040 -872 -1803 461 639 407 409 443 450 END
START -9044 3584 -15468 -1218 -1745 721 640 407 409 443 450 END
START -12100 4220 -12508 -1090 -3706 810 641 407 410 443 450 END
START -9912 4620 -13900 -994 -7370 1062 641 407 409 442 451 END
START -11200 5920 -13060 -401 -12947 1794 643 407 409 443 451 END
START -8636 6088 -15840 163 -19014 2061 644 407 409 442 450 END
START -9364 6672 -16508 622 -22109 2138 643 407 410 443 450 END
START -9732 5576 -16868 600 -22159 2098 643 407 409 442 449 END
START -10736 3796 -15952 360 -23301 2619 645 407 409 442 450 END
START -13252 3740 -15044 351 -28193 2819 644 406 409 441 447 END
START -14452 3520 -14144 -163 -32213 2888 644 407 408 440 445 END
START -14128 3684 -13476 -677 -32768 3260 645 407 407 439 443 END
START -13704 3664 -11720 -1052 -32768 4076 646 407 405 441 444 END
START -14100 3544 -10236 -1350 -32768 5077 645 406 404 441 440 END
START -15096 3652 -9812 -1374 -32768 6039 647 406 402 442 438 END
START -15244 4072 -7456 -2688 -32768 5672 647 405 400 442 438 END
START -16936 4540 -5876 -3113 -32768 6877 647 404 400 444 437 END
START -18592 4596 -4472 -3722 -32768 8788 648 405 398 443 436 END
START -18868 4140 -656 -6497 -32768 9599 648 405 397 444 436 END
START -15616 4396 -4532 -5196 -32768 7459 649 405 397 444 436 END
START -11528 4880 -1720 -5413 -32768 5417 649 406 395 445 434 END
START -7260 5760 -292 -3820 -32768 4504 650 405 396 445 434 END
START -13684 7192 2880 -2627 -30016 6272 650 405 396 446 434 END
START -17072 7064 5408 -2602 -32768 6972 650 406 396 447 433 END
START -14680 8104 4276 -4510 -32768 6363 651 402 395 446 433 END
START -8900 7568 3336 -4493 -32768 4345 650 406 394 447 432 END
START -2788 7632 2576 -3522 -32768 3959 650 406 394 447 432 END
START -5148 7552 4912 -2271 -24907 4498 651 406 393 448 433 END
START -8004 8884 6504 -1193 -22756 4231 651 406 395 447 432 END
START -10288 9320 8208 -2472 -27692 5824 652 406 395 448 432 END
START -9596 8500 9020 -3989 -32347 4404 652 407 396 449 432 END
START -1984 7632 6780 -4294 -27093 2122 653 407 394 449 432 END
START 2752 6492 5448 -4195 -13719 880 652 408 396 449 433 END
START -756 5784 8776 -2416 -3784 390 652 409 396 450 433 END
START -9336 5632 13060 -1902 -2494 1600 652 409 397 450 433 END
START -12212 7532 16080 -2661 -8703 2675 652 409 398 451 433 END