START -4072 3012 12592 -2634 27603 -3544 617 386 388 410 397 END
START -4344 3564 12736 -2586 27096 -3525 619 386 388 412 396 END
START -4488 4324 12996 -2418 26661 -3540 616 387 387 412 394 END
START -4480 3816 12424 -2459 27842 -3269 615 386 389 411 394 END
START -4916 3676 11564 -2572 30223 -3136 615 387 389 410 394 END
START -7660 2772 11432 -2654 31286 -2651 612 386 389 411 391 END
START -9460 3404 11816 -2185 29687 -2485 614 387 390 411 393 END
START -9576 3040 11224 -1465 27893 -2945 613 387 391 412 393 END
START -7500 2896 10572 -1372 29165 -3517 612 390 391 408 392 END
START -6408 2848 8436 -1704 32767 -3559 613 386 392 411 392 END
START -6104 3112 5428 -1755 32767 -3527 612 387 392 411 391 END
START -16492 2244 8564 -1203 32767 -2516 613 387 392 412 393 END
START -20512 1776 6992 -134 32767 -2152 613 385 393 410 389 END
START -18156 1004 5272 1290 28231 -1381 608 388 392 411 391 END
START -22084 1564 6240 1984 16284 -1034 615 388 394 411 393 END
START -15192 1544 3592 1617 14621 -1263 616 387 394 411 392 END
START -7952 1908 -2180 132 20561 -1311 616 387 393 411 393 END
START -16672 1780 300 -1047 24722 -884 617 388 394 411 393 END
START -26364 2600 4264 -1179 19360 -446 615 388 392 412 394 END
START -22360 912 1088 -1165 9767 -810 616 390 394 410 395 END
START -17672 716 -2724 -794 966 -589 617 389 396 412 395 END
START -16844 768 -2988 -797 -7538 -232 617 391 397 420 395 END
START -13300 1252 -3536 -1093 -11855 110 618 389 396 413 394 END
START -18520 1980 644 -1834 -14566 604 618 391 397 414 395 END
START -25048 1864 5180 -1956 -19109 1653 618 391 395 415 395 END
START -23796 716 3104 -1178 -28332 2575 620 396 396 416 396 END
START -20700 -832 772 509 -32768 3598 619 392 397 417 396 END
START -17504 1424 1384 1195 -32768 4282 619 392 397 419 395 END
START -8816 3372 2620 497 -32768 3513 620 392 398 418 397 END
START 2088 2884 0 -417 -29265 3860 619 394 397 419 397 END
START -192 2624 2956 -1139 -16746 3667 622 395 396 420 398 END
START -9640 3148 9040 -630 -12791 3033 620 394 398 421 400 END
START -15024 4908 14448 -552 -12011 1411 619 395 395 420 398 END
START -408 5128 7492 -997 -3245 -108 621 396 398 419 400 END
START -3156 5504 10020 -1681 8184 -1308 621 393 397 421 398 END
START 2912 4772 2348 -1985 20320 -2093 620 398 396 421 398 END
START -752 5860 6876 -2614 28816 -3411 621 393 397 422 399 END
START -11484 3760 10368 -2984 32767 -4009 620 394 398 421 399 END
START -9848 3708 7404 -3294 32767 -5622 621 394 398 421 398 END
START -2776 2420 560 -4737 32767 -5881 621 397 399 420 401 END
START -18752 1920 4404 -5063 32767 -5303 622 392 396 421 400 END
START -23828 -1348 256 -3487 32767 -4773 621 393 398 419 400 END
START -29864 -588 2068 -280 31097 -4077 622 392 397 419 402 END
START -19396 -704 -1508 949 16440 -4309 622 392 398 419 400 END
START -20768 1152 276 721 9897 -3488 623 393 397 419 400 END
START -14180 592 -4624 -111 10319 -3018 621 392 398 419 401 END
START -24660 1864 -108 -582 8225 -2189 622 392 398 416 401 END
START -24192 1364 268 -318 4637 -1271 622 392 397 417 402 END
START -19204 1116 -3496 -115 -753 -854 623 394 396 418 404 END
START -16448 992 -3884 -154 -3554 -680 622 394 398 418 401 END
START -14348 1348 -4344 -636 -2020 -471 622 394 398 418 400 END
START -13640 1412 -4728 -1106 -112 -194 622 393 398 417 405 END
START -16656 948 -2380 -1311 -299 113 622 395 398 420 402 END
START -20128 892 -20 -1316 -1786 158 622 394 398 417 402 END
START -20960 864 1156 -1136 -3520 91 621 394 396 419 400 END
START -15564 152 -2132 -970 -3703 110 622 395 399 420 402 END
START -17152 612 -348 -882 -2695 82 622 395 399 419 403 END
START -17060 556 -392 -828 -1931 190 623 396 400 418 403 END
START -17384 288 -104 -636 -2144 331 622 396 400 420 403 END
START -14048 -216 -1728 -474 -2236 289 622 396 399 419 402 END
START -15684 144 -100 -399 -2466 321 622 395 398 419 402 END
START -15760 1164 1224 -366 -1708 690 623 397 400 418 400 END
START -19860 1328 3320 -440 -1703 870 623 396 400 420 403 END
START -15948 2848 -2108 -359 -476 950 622 395 400 421 398 END
START -14088 1868 688 -412 -597 882 623 396 399 420 402 END
START -12448 3548 -6348 -213 -216 1005 622 395 399 419 403 END
START -12292 3692 -6324 -136 -1167 1036 623 396 400 419 403 END
START -12648 4208 -5744 -80 -1532 1144 623 395 399 419 403 END
START -13308 3976 -4312 -167 -1433 1070 623 397 399 420 403 END
START -13412 4076 -4304 -177 -741 890 623 397 399 420 403 END