START 1032 5380 13836 -1744 11202 -735 633 394 393 422 408 END
START -116 5368 14328 -1668 10720 -603 634 396 394 421 406 END
START -1772 5620 14892 -1407 7176 -618 633 394 394 420 405 END
START 156 5932 13916 -1380 5062 -606 634 392 392 417 402 END
START 1316 5620 13464 -1348 6264 -617 631 392 391 416 403 END
START 2124 6256 13280 -1475 9802 -1001 631 390 391 418 401 END
START 1480 5440 12976 -1631 13874 -1393 629 391 398 413 399 END
START -672 5804 13644 -1724 15524 -1461 630 389 392 414 399 END
START -872 5744 13656 -2080 15485 -1601 628 388 392 412 398 END
START 272 5468 12544 -1966 17876 -2227 629 388 391 411 397 END
START 1856 5332 11996 -2323 23158 -3690 627 389 392 411 397 END
START 3896 5528 10508 -2828 32767 -5036 620 387 392 411 397 END
START -76 5044 10524 -2499 32767 -5674 626 387 394 410 396 END
START -3724 5792 8528 -1699 32767 -5944 625 388 394 410 396 END
START -2740 4152 7168 -727 32767 -7290 625 388 394 411 397 END
START -9896 4184 9344 -307 32767 -6945 627 387 392 410 395 END
START -13676 4568 8952 251 32767 -6906 627 388 394 410 395 END
START -10176 4508 4384 564 32767 -6920 626 388 393 409 396 END
START -10008 4932 1088 399 32767 -7767 625 388 395 409 395 END
START -9008 3072 -5332 -361 32767 -7666 627 388 394 408 395 END
START -30848 4652 2888 538 32767 -5726 625 388 394 409 396 END
START -31404 6384 4220 3034 32767 -5044 627 388 393 411 397 END
START -16424 5084 -6152 3962 12437 -3400 624 388 394 410 397 END
START -16028 5888 -2096 1873 5438 -3237 624 388 394 409 396 END
START -5372 864 -10952 -447 18534 -4192 624 388 396 411 395 END
START -13756 2272 -6848 -2208 23613 -3892 624 390 396 409 395 END
START -30472 2484 1096 -2182 10277 -2435 625 390 396 402 396 END
START -21180 1176 -5936 -1476 -6520 -1728 626 392 397 410 397 END
START -19656 2060 -3864 -1623 -17393 -663 625 392 398 411 398 END
START -9704 1704 -6368 -2891 -12851 -706 626 391 396 409 396 END
START -14076 3700 -1968 -5105 -145 -189 626 391 396 410 397 END
START -19932 1232 -456 -4489 1718 455 628 392 396 409 398 END
START -21456 324 -260 -3078 -7113 1683 628 392 393 411 395 END
START -26744 992 3340 -1039 -23138 3340 629 392 397 410 397 END
START -28568 1112 4804 889 -32768 5178 628 392 395 410 398 END
START -18420 728 -32 1955 -32768 4829 629 391 395 412 398 END
START -2388 -468 -5116 2111 -32768 3263 630 393 395 412 398 END
START -14620 2528 5648 2296 -27378 3845 630 393 395 410 399 END
START -16180 2584 7312 2357 -24230 3099 631 394 397 412 398 END
START -3524 1496 492 2746 -19021 1873 631 393 395 412 399 END
START -2736 3772 4068 1763 -5569 -573 634 394 397 415 402 END
START 7048 2868 -2060 571 16526 -2147 630 393 396 414 400 END
START -1968 3616 896 -605 32767 -3428 630 394 397 413 399 END
START -5952 2224 -2028 -854 32767 -4752 630 395 397 414 402 END
START -19756 2700 3716 -573 32767 -5766 630 393 397 414 400 END
START -25872 3844 6000 351 32767 -5612 631 391 397 413 400 END
START -15784 3932 -1680 1137 32767 -5570 629 390 395 413 402 END
START -12824 2216 -7784 174 27413 -3341 630 391 395 413 402 END
START -23228 3264 -3728 1650 16828 -2595 630 393 396 413 400 END
START -21448 5840 -3112 2734 11184 -1898 631 392 394 413 399 END
START -11124 3840 -6012 1995 9877 -1533 630 380 395 412 399 END
START -19164 4080 -208 1420 6797 -866 629 394 396 414 400 END
START -15196 5508 -8216 1646 2377 -327 629 393 396 413 399 END
START -16500 5524 -6516 1758 -1169 323 628 393 397 412 400 END
START -10068 4848 -9196 1450 -366 155 629 392 395 412 399 END
START -14080 4420 -5880 771 2235 -115 630 393 394 413 395 END
START -16300 4096 -5172 393 1828 -166 630 394 395 413 404 END
START -15448 3596 -5788 255 -449 -234 629 394 396 412 400 END
START -15084 3296 -5748 33 -825 -423 629 392 397 421 400 END
START -15472 3068 -5172 -163 349 -440 631 393 395 413 400 END
START -17372 3004 -4136 -402 1080 -263 630 394 396 412 400 END
START -16880 2916 -4560 -497 606 -109 630 395 397 412 401 END
START -16028 1940 -4836 -569 -455 3 630 394 395 412 401 END
START -16784 408 -4164 -1036 -1348 311 630 394 396 411 400 END
START -17888 1372 -3224 -495 -2169 220 630 396 396 411 400 END
START -14624 1336 -5296 -768 -372 -29 630 394 396 411 400 END
START -15008 1000 -5652 -1061 1297 -165 633 395 396 412 400 END
START -15916 832 -5064 -1026 258 -158 629 395 397 412 402 END
START -19200 916 -3148 -883 -2287 56 630 394 397 412 401 END
START -19876 1236 -2240 -649 -4642 398 630 397 398 414 403 END