START 6932 5356 12264 -2246 6814 -1033 626 393 391 422 402 END
START 7156 5152 12288 -2416 7654 -1187 630 392 391 421 383 END
START 6836 5256 12452 -2756 10416 -1586 629 392 391 420 403 END
START 5552 4480 13240 -3097 12102 -2004 630 391 391 418 401 END
START 3740 4864 13808 -3409 11943 -1805 629 389 389 416 399 END
START 4768 4064 13316 -3581 12499 -2386 627 389 391 415 397 END
START 5744 4532 13180 -3428 16022 -2736 627 389 391 414 397 END
START 3376 3240 13280 -2807 19408 -3110 626 386 391 413 396 END
START -1960 2948 15560 -2246 16935 -2788 624 388 392 411 396 END
START -80 4384 15324 -2364 12493 -2944 624 387 394 412 397 END
START 5840 4096 12180 -2456 17262 -3607 624 390 392 411 397 END
START 6892 5436 12788 -2764 28315 -5048 624 389 395 410 395 END
START 2480 4848 12988 -2832 32767 -4910 625 389 394 411 396 END
START -5116 2832 13636 -1698 32767 -4365 624 390 395 420 397 END
START -9356 3732 17240 -807 22212 -4977 628 388 395 413 396 END
START -6096 2156 14052 -512 17043 -4587 626 388 395 411 397 END
START -504 1896 10492 -763 19913 -5946 626 388 396 412 396 END
START -152 1912 9216 -1128 30158 -6339 625 389 399 411 397 END
START -5548 1772 9096 -1482 32767 -6114 626 388 395 411 398 END
START -11896 2984 11204 -1559 32767 -6277 627 387 396 411 398 END
START -11508 1212 5804 -1952 32767 -5430 626 389 395 411 398 END
START -9372 4372 4780 -1738 32767 -6377 627 390 394 411 398 END
START -10728 6064 1564 -2547 32767 -4309 626 390 395 410 399 END
START -12000 3876 4056 -3923 32767 -4486 628 392 395 411 398 END
START -18704 3164 5212 -5204 32767 -3256 627 377 395 410 398 END
START -17968 1684 340 -5183 32767 -2841 628 390 396 410 398 END
START -24088 2032 3652 -4590 32767 -2671 628 390 393 410 399 END
START -19880 1396 688 -4585 30795 -2782 629 391 399 409 397 END
START -22000 608 1196 -4507 25759 -2086 628 391 398 409 398 END
START -25624 692 2292 -4180 17053 -1456 628 391 395 409 398 END
START -21120 -204 -1156 -3785 8369 -1035 629 393 396 410 399 END
START -16648 -804 -4708 -3111 -108 -574 628 391 395 410 399 END
START -19084 -248 -2184 -2807 -8847 -12 629 392 396 410 399 END
START -21680 -12 612 -2409 -16720 913 629 392 396 410 397 END
START -19780 -176 612 -1896 -20930 1721 630 393 396 411 398 END
START -21000 -452 2100 -978 -24702 2799 623 393 397 412 400 END
START -25968 -712 5912 598 -31810 4339 629 394 398 415 401 END
START -20556 -1832 4928 3220 -32768 4511 630 395 399 420 401 END
START -14864 1420 6456 3843 -32768 4080 630 394 398 414 401 END
START -12360 756 3320 4027 -32768 4275 629 394 398 415 401 END
START -7896 656 1536 4828 -31652 3331 632 395 397 416 382 END
START -3124 980 1536 4494 -27097 1492 629 395 400 418 401 END
START 4264 3452 1012 3448 -14712 -892 630 395 399 417 402 END
START 10284 3864 164 1059 8997 -3193 631 398 399 418 402 END
START 1208 3472 2436 -1291 32305 -3686 630 395 399 411 402 END
START -7264 2084 1476 -2327 32767 -4613 631 396 399 417 403 END
START -17316 2292 4692 -2293 32767 -5461 632 395 398 417 400 END
START -7048 2548 -3736 -2413 32767 -6739 630 395 399 417 401 END
START -12520 2876 -2752 -3487 32767 -6696 632 403 397 416 403 END
START -28232 3208 2100 -2474 32767 -4853 631 394 399 417 403 END
START -18864 1476 -7888 -254 20952 -3260 633 395 398 417 402 END
START -26988 2772 3440 390 1425 -2013 630 395 397 418 402 END
START -27008 3652 5232 307 -8233 -1040 630 393 399 417 402 END
START -16944 3176 348 -524 -8594 -806 632 394 398 418 404 END
START -17196 3696 2768 -1745 -688 -498 630 396 399 417 402 END
START -16280 2796 856 -2808 6406 292 632 385 399 417 401 END
START -22948 3152 4672 -2824 5792 885 631 396 399 418 402 END
START -20236 4296 -1244 -1950 1087 1497 630 395 400 418 402 END
START -16736 2572 1912 -1382 -3577 1495 631 395 398 422 402 END
START -19104 2588 4732 -1480 -3069 1515 631 396 399 417 402 END
START -18080 2304 3504 -1389 -67 1385 631 396 400 417 402 END
START -16768 3292 4184 -1685 3021 1284 633 397 398 416 404 END
START -14216 3560 1688 -1814 4707 1307 631 397 399 416 402 END
START -18224 2232 2828 -1171 2547 1010 631 401 403 417 403 END
START -18148 2620 3316 -564 668 1092 631 396 400 417 405 END
START -12300 3340 -3648 -302 -242 965 625 397 398 416 402 END
START -13144 4516 -3952 -277 -137 1029 631 397 398 418 402 END
START -13316 4684 -4440 -447 -175 1049 633 396 399 418 403 END
START -12740 3928 -4568 -542 -1159 1047 632 397 398 417 402 END
START -15992 4560 -3248 -353 -2074 1014 631 397 398 420 403 END