START 748 7604 12872 -1516 2170 249 639 395 380 424 424 END
START 656 7280 12744 -1468 2127 121 638 395 388 423 421 END
START -52 7476 13136 -1270 1885 -79 638 392 384 418 417 END
START 60 7804 13212 -1246 1152 -160 636 391 382 415 413 END
START 400 7784 12792 -1397 1066 -253 636 384 380 411 406 END
START 500 7140 12736 -1244 1785 -689 634 385 378 407 400 END
START 336 8004 12852 -1348 3137 -831 632 383 375 403 398 END
START -296 6940 13888 -1321 3501 -1242 632 381 375 401 393 END
START -788 7960 14092 -1576 4016 -760 630 381 375 400 390 END
START -956 8948 14132 -1548 4227 -1103 627 378 374 400 387 END
START 1372 8104 11260 -1446 6474 -2216 627 377 374 398 385 END
START 3152 7828 11620 -2143 11120 -2877 627 378 372 396 383 END
START 644 5316 10740 -2790 16238 -2298 624 377 374 397 380 END
START -3056 5296 11288 -2817 17254 -2790 623 376 373 398 380 END
START -3700 7108 13632 -2547 16612 -3528 623 374 373 400 380 END
START -1416 7384 11848 -3137 20953 -3720 622 375 373 396 379 END
START 660 8120 8128 -3693 28496 -4151 616 375 375 398 378 END
START 2108 7964 6448 -4436 32767 -4043 620 377 374 398 378 END
START -6336 8368 12380 -4896 32767 -4161 619 375 375 398 377 END
START -8496 7204 12948 -5080 32767 -4048 619 374 376 398 375 END
START -4856 6828 10000 -5239 32767 -5019 619 374 377 399 377 END
START -5292 4472 7756 -5438 32767 -5632 621 375 375 399 376 END
START -7096 2924 5716 -5598 32767 -6249 620 373 378 400 376 END
START -8740 1928 2912 -5602 32767 -6798 620 373 377 399 377 END
START -14952 2484 2852 -5091 32767 -7024 621 373 376 400 379 END
START -23388 4260 5324 -3685 32767 -6568 621 375 378 399 378 END
START -19956 5288 1644 -2652 32767 -5778 621 374 378 400 378 END
START -11100 5060 -4800 -2283 32767 -4883 620 376 379 400 380 END
START -20016 2912 -1452 -2552 30860 -4061 621 377 378 398 377 END
START -21732 1960 -3412 -2489 19916 -2911 621 377 380 399 379 END
START -25356 2264 -564 -2681 9616 -1985 622 377 380 399 382 END
START -19472 3580 -1748 -3442 8061 -2022 623 377 379 397 380 END
START -17396 2108 -3500 -4239 10262 -918 622 377 379 398 380 END
START -21768 4032 -3696 -4009 4387 185 623 378 381 396 379 END
START -18040 4872 -4912 -3259 -5805 2190 624 378 380 398 381 END
START -22116 5924 -2728 -1179 -19528 3000 624 380 381 397 383 END
START -28348 4092 4920 550 -32768 4487 626 380 381 400 382 END
START -24864 1920 1964 2308 -32768 5315 625 381 382 404 382 END
START -13232 1304 -3460 4094 -32768 4964 627 381 382 402 383 END
START -10860 776 248 4679 -32768 3574 627 380 382 403 384 END
START -9912 3016 4264 4611 -32768 2720 627 381 383 402 382 END
START -6896 2848 5328 4233 -31089 1793 628 381 382 403 384 END
START -8724 4344 8060 3965 -21073 1529 627 384 384 406 385 END
START -6728 5136 6884 3810 -16032 120 628 382 384 405 384 END
START -1080 5992 5628 2455 -3410 -1596 628 383 386 405 386 END
START 2924 8000 416 628 17978 -2585 627 383 385 404 385 END
START 1032 7960 612 -968 32767 -4072 628 383 385 405 385 END
START -4140 8532 1648 -2263 32767 -4581 628 382 386 407 384 END
START -15284 6140 5760 -3009 32767 -4842 627 385 385 407 385 END
START -10664 4836 360 -3457 32767 -5757 627 383 387 405 385 END
START -20056 3260 144 -3691 32767 -5041 627 383 386 410 386 END
START -24780 2312 -1092 -2583 32767 -4282 628 384 382 407 387 END
START -27272 1212 -804 -1187 19580 -2903 627 382 383 405 379 END
START -21456 1440 -3832 -288 5603 -2258 627 385 384 406 386 END
START -19356 2824 -3308 -406 -1205 -1536 629 383 386 406 389 END
START -13932 3856 -6104 -872 -457 -959 628 384 385 407 387 END
START -13908 4884 -4328 -1506 48 -610 628 384 387 406 387 END
START -16224 6008 -2240 -1514 479 -346 629 384 383 405 387 END
START -16196 5060 -1728 -1428 -143 -216 628 385 385 406 386 END
START -12736 7356 -5468 -1204 949 224 628 384 385 407 387 END
START -13228 5780 -4328 -924 -519 379 629 385 386 406 388 END
START -15088 4872 268 -745 -3434 841 629 385 388 406 387 END
START -16156 5008 -1124 -187 -6475 1123 629 384 385 406 387 END
START -13276 3604 -1028 -140 -7337 875 629 385 386 406 389 END
START -13492 3468 -1036 -333 -5392 958 626 385 384 406 389 END
START -18712 3424 1300 -77 -5449 962 630 386 385 407 387 END
START -15072 2016 -1996 316 -8309 1275 630 386 385 406 387 END
START -18856 2764 1700 640 -9380 988 630 386 386 407 379 END
START -13212 2356 -1640 573 -9536 1002 629 385 385 408 388 END
START -19340 3328 3116 566 -8351 513 630 386 384 408 389 END