START 1912 4708 14068 353 19365 -3991 630 382 380 426 401 END
START 1628 4468 14400 273 19529 -4043 623 380 378 422 398 END
START 1604 5596 13868 -407 20899 -4017 624 380 379 418 395 END
START 876 4608 14596 -468 20896 -3795 623 380 379 418 393 END
START -1172 5388 14268 -876 20132 -2761 622 379 381 417 369 END
START -1796 5040 14268 -1289 18419 -2942 622 377 380 418 388 END
START -220 4680 11412 -2149 20694 -2252 621 380 383 416 389 END
START -1604 3772 11796 -2573 23836 -3360 620 377 382 416 388 END
START -1412 3640 11944 -3512 27817 -3991 621 379 383 417 388 END
START -1812 3224 11068 -3803 30947 -3179 621 379 384 417 388 END
START -3184 3228 10336 -3884 32621 -2793 619 380 385 416 388 END
START -8016 4204 12816 -3902 31447 -3085 621 380 386 416 387 END
START -9640 3840 12512 -3634 30860 -3570 619 378 384 416 384 END
START -6116 2916 9500 -3522 31441 -4195 620 370 385 416 390 END
START -6428 2676 8536 -3501 32767 -4436 619 380 385 417 389 END
START -10820 1700 8648 -3627 32767 -4460 621 381 385 416 392 END
START -16592 1200 9140 -3315 32767 -4323 620 381 387 417 391 END
START -22496 1132 10284 -2499 32767 -3835 621 382 388 417 391 END
START -20652 1516 7928 -1746 26550 -3751 622 383 387 417 394 END
START -12324 1232 1552 -1151 24454 -3367 621 381 387 421 392 END
START -17272 3632 3900 -1187 22639 -2262 620 385 387 417 393 END
START -17856 3204 1692 -896 18211 -903 622 384 389 417 394 END
START -21208 5408 2240 -239 10115 -112 622 382 388 418 395 END
START -19020 5404 408 -63 2548 755 622 385 388 417 394 END
START -16420 4656 1512 -343 -2895 1176 625 384 387 418 395 END
START -20612 5276 4924 -827 -5885 1964 621 384 389 418 395 END
START -17024 4312 3348 -895 -7977 2588 623 385 389 416 395 END
START -11592 4400 -3520 -995 -10924 3091 622 383 389 418 395 END
START -18936 2368 6636 -812 -18126 3527 621 387 392 418 396 END
START -20348 3684 9736 -536 -24487 3952 623 386 391 419 395 END
START -12500 3016 6756 -597 -24326 4019 623 387 391 420 396 END
START -7664 2164 3560 -445 -22470 4002 624 388 390 421 396 END
START -11676 3632 9356 -507 -19350 3184 623 388 390 410 396 END
START -14612 3644 13180 -711 -10467 3095 623 388 393 422 396 END
START -5820 3680 8608 -1171 1141 1606 625 389 392 421 397 END
START 260 1740 2580 -1569 9228 654 623 390 392 421 398 END
START -1776 1496 4196 -1733 13715 -197 623 389 392 421 397 END
START -3560 2216 5672 -1999 22293 -2248 624 389 391 421 398 END
START -756 804 1096 -2317 32767 -3441 625 390 392 422 397 END
START -15068 1356 6648 -1940 32767 -3864 625 389 393 421 399 END
START -14924 2668 4184 -2184 32767 -4069 624 390 392 421 398 END
START -23960 1252 5896 70 31722 -4805 624 390 393 423 399 END
START -19752 1392 3068 922 24150 -5391 624 391 393 423 395 END
START -13472 1704 -3200 919 21242 -5251 624 389 395 422 399 END
START -20728 2316 -392 1405 18514 -4106 626 385 393 420 399 END
START -22548 3892 -412 1403 13062 -3553 624 389 393 421 400 END
START -14708 3188 -6272 1033 7784 -2925 625 391 392 422 400 END
START -15700 2432 -5196 340 3648 -1966 626 390 394 420 400 END
START -20804 4040 -1572 63 713 -1580 626 390 393 421 400 END
START -16096 2636 -4444 -806 423 -1114 626 391 394 421 402 END
START -17136 3276 -3300 -1009 -182 -849 625 390 393 420 400 END
START -16960 3112 -3044 -1372 -420 -413 625 383 393 420 400 END
START -13284 2704 -4956 -1555 -522 -228 626 390 394 420 401 END
START -16264 3448 -1324 -2400 -321 431 625 392 393 421 401 END
START -14956 2064 -3244 -1374 -1020 365 626 391 394 421 400 END
START -14336 2364 -2840 -1039 -1936 349 625 389 392 421 401 END
START -18164 3040 228 -780 -2821 548 626 391 393 417 401 END
START -17156 1928 240 -554 -2787 367 626 392 394 422 401 END
START -15932 2148 -544 -416 -1709 201 626 391 394 423 401 END
START -14480 1368 -1708 -317 -100 62 626 392 393 423 403 END
START -17368 524 232 -169 549 -100 627 391 393 423 402 END
START -16668 -164 -872 180 129 -52 626 391 393 423 401 END
START -14740 -236 -1900 577 -305 8 627 392 393 425 402 END
START -14848 -364 -1536 890 -845 -164 627 392 393 426 402 END
START -13188 392 -2136 947 -169 -209 628 392 394 427 402 END
START -13400 1264 -1996 774 856 -115 628 393 394 427 400 END
START -13732 1248 -2888 642 922 -67 627 392 394 428 400 END
START -13708 920 -2768 612 699 171 628 392 393 432 401 END
START -19844 1880 2420 742 -1362 196 628 394 394 430 402 END
START -17196 2060 -36 1260 -2176 672 628 394 393 432 401 END