START -9300 4408 8756 -1567 28219 -1979 623 388 394 409 400 END
START -10348 4508 8764 -1579 28084 -1975 624 389 393 408 399 END
START -11760 4336 8120 -1426 26628 -2383 625 388 394 409 400 END
START -9168 4584 6832 -1530 28068 -3181 624 388 393 408 400 END
START -10164 4004 5728 -1906 31743 -3038 624 388 394 409 400 END
START -14172 3852 5732 -1679 30823 -2890 624 391 397 408 400 END
START -14380 3656 5184 -1190 27245 -3517 624 388 393 410 399 END
START -11044 3736 3124 -915 28484 -3676 625 388 394 409 400 END
START -10116 3856 1264 -970 32767 -4353 626 391 393 410 400 END
START -11644 3832 -256 -1075 32767 -4815 625 388 397 409 399 END
START -17832 1336 -600 -386 32767 -4607 625 390 394 409 401 END
START -21388 1868 -152 807 28002 -4396 626 391 395 412 400 END
START -17632 1060 -1996 1345 19981 -4035 625 389 394 411 401 END
START -20152 1568 -1324 1057 14999 -3734 626 390 396 410 400 END
START -22136 1172 -2984 490 11493 -2213 626 394 394 411 400 END
START -18136 3380 -4028 -7 6975 -2220 626 391 395 409 401 END
START -19272 2304 -3556 233 2407 -1454 626 391 395 410 402 END
START -19460 2012 -4000 377 -4216 -1123 626 391 395 410 401 END
START -16820 2220 -3880 48 -6720 -1102 628 382 396 410 401 END
START -15768 2356 -3596 -734 -2808 -991 629 393 385 409 400 END
START -18404 2296 -1944 -1308 -639 -589 627 393 396 409 401 END
START -18144 1516 -3040 -1150 -2695 -137 628 392 396 411 404 END
START -21736 2196 -708 -378 -9141 488 629 393 396 410 401 END
START -24560 2044 2080 351 -16379 1148 628 393 397 410 401 END
START -15436 1796 -1704 438 -16101 825 628 394 399 411 402 END
START -14560 2248 -1868 94 -11727 1022 629 394 396 411 402 END
START -20776 2344 1292 71 -11758 1570 629 394 396 411 402 END
START -23220 1424 2228 662 -16986 2579 630 400 395 411 402 END
START -22784 1400 824 1526 -25829 3097 630 395 397 413 402 END
START -21664 1332 660 2392 -32768 3767 629 394 396 413 401 END
START -23220 2076 2488 2784 -32768 4430 630 393 395 414 402 END
START -17032 2328 792 3071 -32768 5149 630 395 396 413 402 END
START -12944 2372 -168 2932 -32768 5669 630 394 397 414 402 END
START -15768 3912 4400 2632 -32768 6301 631 395 397 416 402 END
START -14604 5272 7228 2214 -32768 5403 630 394 397 416 400 END
START -1192 5120 2824 1465 -28726 3923 631 395 397 416 402 END
START 4008 5816 2364 504 -14249 3243 631 396 397 417 403 END
START 1324 6104 5064 -470 -1243 2014 631 395 397 416 403 END
START 1220 7088 5364 -1237 10546 70 630 396 397 416 403 END
START -1460 5620 5836 -1707 19219 -1933 631 395 397 417 404 END
START -2636 7164 4352 -1567 25892 -3898 631 395 399 416 404 END
START -5728 7040 5840 -1931 32767 -4513 631 396 398 420 405 END
START -8052 5692 6292 -2063 32767 -5277 631 395 398 415 406 END
START -15020 4756 7884 -1759 32767 -5662 630 394 398 417 405 END
START -13784 4492 4452 -1695 32767 -5749 631 395 398 416 404 END
START -11832 3516 -284 -1760 32767 -4868 632 396 397 417 402 END
START -17892 1404 -336 -1414 32211 -4218 631 394 397 417 403 END
START -13740 1728 -4032 -878 27966 -3997 630 395 398 417 404 END
START -21012 2244 632 -782 21870 -3342 632 395 398 418 404 END
START -23396 2920 2156 -617 16684 -2898 631 394 400 418 404 END
START -18476 700 -1572 -916 12431 -2448 630 396 400 418 406 END
START -12836 40 -5924 -845 8860 -1954 631 395 398 418 403 END
START -17784 1036 -3016 -633 5106 -1641 632 396 398 419 405 END
START -18772 1688 -1600 -626 1828 -1324 631 395 398 419 404 END
START -16144 1848 -2672 -964 966 -1241 630 396 398 418 405 END
START -15532 1892 -3884 -1115 1116 -1221 630 394 400 418 404 END
START -17440 1328 -2064 -967 155 -786 631 396 397 417 406 END
START -16600 1252 -2132 -705 -543 -343 631 396 399 418 405 END
START -17612 1736 -524 -699 -452 -349 631 396 398 417 405 END
START -17832 1384 -968 -794 1142 -230 631 396 399 418 405 END
START -19408 2176 -384 -628 942 -84 632 396 398 418 408 END
START -19988 1792 440 -354 -492 150 631 396 396 417 407 END
START -20444 2348 920 -108 -2646 285 631 395 399 417 405 END
START -16128 1720 -1348 -126 -2377 339 631 398 398 418 406 END
START -15484 2048 -1228 -260 -1587 248 630 396 399 417 405 END
START -14160 2400 -2152 -331 -1480 535 632 397 398 417 405 END
START -14080 2352 -2348 -453 -2129 616 631 394 398 416 406 END
START -17796 3156 876 -627 -1830 613 632 397 399 417 390 END
START -16968 3772 1208 -798 -720 637 631 398 397 417 404 END
START -12108 4400 -3480 -710 207 703 631 397 398 420 405 END