START -10284 7568 3836 -1936 4598 -1141 650 406 398 441 449 END
START -9868 7472 3568 -1881 6736 -1659 649 407 398 440 449 END
START -9128 6864 2252 -1722 14056 -3300 649 406 397 439 448 END
START -10844 5460 1216 -200 20702 -4258 650 406 396 437 448 END
START -16304 6396 3104 1278 19240 -2578 650 406 396 436 449 END
START -19496 8188 5052 997 9875 -976 650 405 396 436 448 END
START -17344 7912 4572 -853 1256 -1389 650 405 397 435 449 END
START -12264 7312 1120 -1245 1769 -1862 650 405 398 436 449 END
START -10256 6708 -932 -392 7514 -2543 650 405 397 436 448 END
START -12568 5784 -428 -254 11508 -2180 651 404 397 435 449 END
START -14316 5556 624 -486 13062 -2475 650 404 398 436 450 END
START -16040 5528 2420 -312 13733 -2900 650 405 397 437 450 END
START -17388 5652 2148 294 12223 -1983 651 405 398 437 451 END
START -15780 5372 1064 83 8808 -1013 650 404 397 437 451 END
START -12080 5588 -432 -35 10816 -2492 651 403 399 437 451 END
START -9436 6104 -960 1076 20742 -4163 651 404 397 437 451 END
START -7636 6904 -4528 1630 32584 -4248 651 405 397 437 452 END
START -10096 7048 -6460 2205 32767 -4752 650 403 397 436 452 END
START -13900 7036 -7792 2354 32767 -4478 650 403 398 435 451 END
START -14876 6948 -8992 2641 32767 -4481 649 402 399 435 452 END
START -11800 7660 -12128 2658 32767 -5467 648 401 399 435 451 END
START -10696 8236 -13824 2050 32767 -4176 647 400 400 436 452 END
START -10988 6776 -13384 1725 32767 -2253 645 399 400 437 453 END
START -11420 5140 -13968 2572 32767 -2545 643 398 401 437 453 END
START -10260 5528 -15936 816 32767 -1253 641 399 403 439 453 END
START -11444 4364 -16472 1776 22620 1061 640 399 404 439 454 END
START -9808 3272 -15660 2887 10280 566 639 400 407 441 455 END
START -9452 3268 -13532 2532 5100 153 637 400 407 441 456 END
START -9764 3232 -14492 1964 3704 -353 638 401 407 442 458 END
START -8508 3268 -16948 1077 5389 -89 637 401 409 441 458 END
START -8772 4104 -15220 301 6880 738 638 402 410 444 459 END
START -9692 4688 -13452 147 6868 1490 637 402 410 445 460 END
START -10456 5876 -14576 439 2326 1655 637 402 410 446 461 END
START -8504 6416 -16988 195 -2611 1668 638 403 410 447 462 END
START -7196 7228 -18468 -40 -7067 1315 636 403 411 447 462 END
START -9284 6340 -17500 -383 -10540 887 637 403 410 447 462 END
START -9044 4824 -18748 -644 -14139 1072 637 404 411 447 463 END
START -12728 3728 -15704 -929 -19650 1509 638 403 411 447 463 END
START -14600 2948 -15652 -1262 -26999 1670 637 403 410 446 461 END
START -13892 2708 -15292 -1681 -32768 1600 639 403 409 444 459 END
START -13628 3032 -14436 -2183 -32768 1888 639 402 406 442 458 END
START -14036 3680 -13808 -3128 -32768 3492 640 403 405 441 457 END
START -15444 4556 -12352 -4635 -32768 5517 641 401 403 439 455 END
START -15224 4084 -10516 -6119 -32768 7012 642 401 400 437 453 END
START -15528 4188 -9788 -6609 -32768 7355 643 401 399 437 452 END
START -14944 3960 -8872 -6765 -32768 8294 643 401 399 437 452 END
START -16200 4164 -6696 -6700 -32768 8353 644 401 398 437 453 END
START -15200 5104 -6532 -7188 -32768 8577 644 401 397 435 451 END
START -15812 5176 -3396 -6693 -32768 9199 644 401 397 435 451 END
START -14216 6360 -3616 -6628 -32768 10349 645 401 396 435 450 END
START -17856 6756 -64 -5599 -32768 12058 646 402 393 433 449 END
START -17144 7964 148 -6099 -32768 12705 647 402 393 432 448 END
START -13444 7348 -248 -6744 -32768 11552 647 402 392 431 448 END
START -7980 6156 52 -5215 -32768 10402 648 402 392 430 447 END
START -9436 8472 3792 -3658 -32768 11132 647 402 391 431 447 END
START -8616 8520 4520 -2400 -32768 11896 649 402 391 428 446 END
START -10684 9696 6580 -2679 -32768 11990 649 403 390 427 445 END
START -8532 9592 4988 -3505 -32768 10701 650 403 389 427 444 END
START -3128 9240 4828 -3779 -32768 8607 649 404 389 425 444 END
START -824 9796 5476 -3937 -32768 6841 650 405 390 424 443 END
START 536 8100 7100 -3994 -30690 5502 651 405 388 424 441 END
START 2740 7020 8224 -3849 -19879 4859 651 405 389 424 441 END
START -1196 7044 11620 -3537 -11740 2972 652 406 390 424 440 END
START 256 6720 11952 -3190 -5798 822 651 406 389 425 440 END
START -496 7736 12460 -3377 -310 -510 651 406 391 425 440 END
START 0 8280 11204 -3227 5230 -1857 651 407 391 426 440 END
START 548 8944 10256 -2961 10274 -2838 652 406 393 428 441 END
START 424 10680 9988 -1945 14413 -4470 652 406 394 428 442 END
START -408 11020 9392 -2186 18017 -4779 651 407 395 429 443 END
START -1480 7780 6444 -2095 24365 -6942 652 408 397 429 442 END