START -14628 7220 1736 -395 116 57 648 417 408 460 449 END
START -14696 7336 1776 -486 -130 104 648 417 408 460 453 END
START -14828 7400 1916 -702 -1215 335 649 417 408 459 451 END
START -15164 7268 1628 -862 -2663 516 648 417 408 459 450 END
START -14816 7464 1516 -1090 -4179 723 649 418 407 459 451 END
START -14124 6772 1548 -1353 -4619 796 649 417 407 460 451 END
START -13044 7404 1832 -1046 -3309 839 648 417 407 460 451 END
START -13316 6896 2124 -1125 -2839 334 648 418 407 460 451 END
START -14012 6392 3200 -1331 -2706 415 649 417 406 459 451 END
START -14116 7028 3532 -1201 -2337 527 649 418 407 459 452 END
START -12808 7296 2916 -912 -1460 412 648 418 407 459 451 END
START -13160 8448 3368 -502 -385 569 649 417 407 460 451 END
START -11468 8724 1548 -113 1050 555 649 418 406 459 451 END
START -11952 8976 596 -176 1116 268 649 417 407 460 450 END
START -14760 7560 1364 -605 94 -149 649 418 407 460 451 END
START -16352 6648 2388 -1245 -998 -432 648 418 408 459 451 END
START -13652 6248 1540 -1656 -678 -547 649 418 407 460 450 END
START -12112 5600 2704 -2098 2856 -1617 648 417 407 459 451 END
START -10504 4724 2832 -1939 11400 -3583 649 417 407 459 451 END
START -10432 4428 1868 -819 21547 -4478 649 417 408 461 452 END
START -11040 5128 72 186 30094 -4171 649 418 409 459 451 END
START -13080 6444 -860 1047 32767 -4121 648 418 411 460 449 END
START -12692 7124 -3424 569 32767 -5113 647 418 410 459 451 END
START -11624 6656 -7344 180 32767 -5799 646 418 409 458 451 END
START -11068 6460 -11004 304 32767 -7431 646 419 408 457 451 END
START -12032 7080 -13700 -154 32767 -9044 644 418 409 455 451 END
START -13928 7716 -15608 -780 32767 -8403 644 418 411 455 450 END
START -13756 8056 -17244 -2066 32767 -8082 643 417 411 454 450 END
START -14584 6336 -14920 -2597 32767 -4881 642 414 414 452 450 END
START -14256 6096 -17040 -3484 32767 -5527 640 412 411 452 450 END
START -14416 6268 -15084 -2190 32767 -1801 639 412 411 451 450 END
START -13472 6952 -15064 -1216 13535 769 638 411 413 450 450 END
START -9536 5656 -16688 -503 1637 1282 636 412 413 450 451 END
START -7908 4580 -17232 -462 -2544 965 636 412 414 449 451 END
START -8660 4728 -16492 -1153 -344 877 636 413 416 449 451 END
START -10944 4224 -14640 -1775 2219 1465 636 412 415 449 451 END
START -11160 3528 -13744 -1864 1208 2000 635 413 416 449 451 END
START -11488 2960 -12488 -1615 -2831 1864 635 413 417 449 451 END
START -12928 3676 -11284 -1286 -7844 1841 636 414 416 449 451 END
START -11620 4008 -11616 -961 -13816 1915 636 414 418 449 451 END
START -11000 4620 -12440 -529 -18995 1909 638 414 418 450 452 END
START -10508 5136 -12572 -287 -20739 2280 639 415 417 451 451 END
START -10452 5144 -12576 105 -22774 2539 638 414 417 451 449 END
START -12136 6988 -12436 696 -25192 2965 640 413 415 455 447 END
START -10908 7032 -13640 936 -27321 3284 641 413 412 453 446 END
START -11960 7904 -14560 853 -30701 3565 642 412 411 455 446 END
START -12036 8512 -13968 184 -32510 3658 643 412 409 456 445 END
START -9532 7344 -16396 -772 -30642 4479 643 411 408 457 446 END
START -12032 5912 -13156 -2096 -28082 4556 644 411 406 459 445 END
START -13536 5704 -12152 -2933 -27921 3989 644 410 407 461 445 END
START -14956 6648 -10100 -3695 -29403 4446 646 411 400 461 445 END
START -15340 6572 -9580 -3982 -32768 4809 646 410 404 460 445 END
START -16632 5616 -9348 -5056 -32768 4408 645 410 404 462 445 END
START -14252 5680 -8036 -6098 -32768 3712 646 410 403 462 446 END
START -14352 5988 -4260 -6774 -32768 4466 647 410 402 462 445 END
START -15888 5940 -1612 -5389 -32768 3922 648 409 402 462 445 END
START -16652 5932 -2920 -5246 -32768 4398 648 410 402 462 446 END
START -16764 5828 -768 -6174 -32768 4095 649 410 401 463 446 END
START -15080 5940 1568 -6113 -32768 3655 649 410 401 463 446 END
START -14080 6300 3840 -6034 -32768 3974 649 410 401 464 446 END
START -11024 6512 4492 -5857 -32768 3550 650 411 400 464 445 END
START -11964 4868 6172 -5053 -32768 3491 649 412 399 464 446 END
START -9232 6700 7816 -5211 -32768 3871 650 412 400 464 445 END
START -7480 7268 9252 -4858 -32768 3471 651 412 400 463 445 END
START -4616 7644 9468 -3989 -27899 2750 651 414 402 463 445 END
START -4648 7760 10708 -3280 -21325 2061 652 414 401 463 445 END
START -1464 7700 9012 -1961 -14313 1578 652 415 401 464 444 END
START -4636 9416 11140 -2014 -10531 1626 651 415 402 463 445 END
START -2892 8844 9660 -1662 -7086 1181 652 415 404 464 445 END
START -2552 7380 9044 -1160 -3307 688 652 417 405 464 445 END