START 1232 7092 12220 -1045 19322 -3264 628 385 389 408 394 END
START 412 7120 12700 -1086 19915 -3201 628 385 389 407 395 END
START -1888 7060 13336 -1302 19489 -3171 627 384 392 407 396 END
START 160 7116 12484 -1525 20350 -3531 628 387 391 407 394 END
START 1104 6960 11548 -1748 25398 -4163 627 386 379 407 396 END
START -1100 6136 11656 -1879 28938 -4735 626 384 389 407 395 END
START -6024 5900 13156 -1576 26477 -4213 627 386 391 407 395 END
START -4800 6712 12292 -1142 22234 -5180 626 385 392 407 396 END
START -872 6004 10708 -1194 24657 -6692 627 386 391 407 396 END
START 268 4208 8980 -1366 32767 -7592 626 386 392 409 396 END
START -7620 3832 10304 -1150 32767 -7071 627 386 391 409 396 END
START -11456 3868 10132 87 29724 -7099 627 386 391 408 396 END
START -5740 4472 7868 440 31567 -7733 627 387 392 409 398 END
START -1124 2096 1024 -510 32767 -8235 626 386 392 409 397 END
START -13816 3216 4924 -953 32767 -7447 628 385 391 407 396 END
START -20844 1644 3104 174 32767 -5490 627 386 392 408 396 END
START -22412 2656 3640 1558 30138 -5487 628 385 391 410 396 END
START -17080 4012 3124 972 28035 -6174 627 386 391 408 397 END
START -17052 4492 844 -1067 32767 -5506 627 386 394 405 398 END
START -20540 2516 -3496 -1724 31088 -3658 627 386 391 409 396 END
START -24636 4836 -2264 -900 15758 -1964 628 386 390 407 396 END
START -18800 5556 -5080 -741 2554 -789 628 387 392 407 396 END
START -23372 6912 -1512 -1367 -8577 779 629 387 393 408 397 END
START -22324 8772 -2352 -1671 -17460 2232 630 389 392 407 396 END
START -18868 6648 -1492 -1731 -27218 4411 629 390 392 406 397 END
START -28832 5408 6004 -1113 -32768 6925 630 390 392 407 397 END
START -20280 3980 496 -40 -32768 7257 632 392 393 406 395 END
START -12040 2756 -4 658 -32768 6869 630 390 393 406 397 END
START -2612 5164 28 1145 -32768 6754 630 390 393 407 398 END
START 3124 5768 4452 27 -32768 4238 631 390 393 408 397 END
START 1416 5792 7936 -1006 -12295 5055 630 390 393 408 398 END
START -5600 4840 9712 -1276 -3980 4241 633 391 394 410 399 END
START -7584 5316 11140 -597 -2787 2424 631 389 395 410 398 END
START -3712 6040 11044 -712 3828 -81 631 387 394 411 398 END
START 1784 5036 7956 -1405 18947 -3045 631 393 393 409 399 END
START -3440 5276 8516 -2590 32767 -5001 631 390 394 410 399 END
START -5068 3840 5440 -3500 32767 -5556 631 391 397 411 399 END
START -8660 2440 2384 -3521 32767 -7259 633 388 393 412 398 END
START -8972 3380 12 -3974 32767 -9021 631 388 393 411 399 END
START -20352 3752 1536 -4449 32767 -8299 630 388 393 411 398 END
START -27864 3412 2188 -2524 32767 -6826 632 387 391 412 399 END
START -18424 5384 -4424 -945 26297 -5357 631 389 392 410 399 END
START -21628 2688 -4796 -129 16016 -2669 630 388 391 411 398 END
START -20628 3856 -876 623 5201 -2566 617 388 389 411 398 END
START -17656 5732 -348 247 428 -1183 631 388 391 410 399 END
START -21484 4396 2184 -286 -2716 -555 631 389 391 410 398 END
START -17508 4828 456 -755 -2200 -249 632 388 391 412 399 END
START -19976 4632 1972 -991 -743 132 631 390 392 410 399 END
START -19484 5496 2604 -1262 -245 320 631 390 392 411 398 END
START -19024 4848 2420 -1178 -366 313 634 387 392 410 399 END
START -14416 6016 -2320 -784 308 518 632 380 391 412 398 END
START -15996 4068 1340 -680 -5 448 633 382 392 409 396 END
START -11368 6024 -6400 -396 876 390 632 392 393 411 399 END
START -10028 4804 -4744 -213 1563 293 632 390 391 410 399 END
START -10176 5644 -7436 -110 1259 338 634 391 394 408 399 END
START -9980 4408 -5180 -117 1001 430 632 391 393 411 400 END
START -8168 4832 -8024 -80 845 462 631 390 392 410 399 END
START -11104 5640 -8152 16 -506 626 631 393 394 410 400 END
START -15548 6496 -3996 -53 -756 662 632 392 383 408 399 END
START -19464 6952 -80 -188 -952 761 631 392 392 410 399 END
START -19620 6292 436 -320 -1185 587 631 391 392 410 398 END
START -16068 5696 -2120 -364 -1377 474 632 392 392 410 399 END
START -19740 6648 1128 -414 -1342 561 631 395 392 409 400 END
START -16704 6032 -1084 -592 374 494 631 392 394 410 399 END
START -19360 6724 608 -831 1841 321 631 392 393 409 398 END
START -19924 5680 -12 -784 1600 316 632 392 392 409 398 END
START -15628 3092 -3944 -516 863 140 633 391 392 410 399 END
START -11036 4232 -5720 -688 433 198 633 391 391 409 400 END
START -12428 3948 -4880 -901 512 124 632 392 392 409 399 END
START -17716 3384 -1800 -872 1233 145 632 393 391 408 397 END