START -5992 4060 -9744 -518 31431 -6662 647 402 395 440 437 END
START -6852 4140 -9960 -66 32767 -6731 647 402 395 440 437 END
START -13356 5532 -8880 438 32767 -5484 646 403 395 439 437 END
START -18532 5048 -6940 86 32767 -4680 647 403 395 440 438 END
START -15312 3784 -10368 740 32767 -6650 645 403 395 440 437 END
START -11296 2900 -13772 590 32767 -8391 646 402 395 440 437 END
START -9104 4728 -15324 -274 32767 -8141 645 401 395 440 437 END
START -9596 5360 -12692 117 32767 -5684 645 400 395 440 436 END
START -15724 2144 -9944 1036 32767 -4784 645 400 394 439 436 END
START -15632 -260 -9804 1577 24958 -792 643 399 395 439 437 END
START -14664 1980 -14712 2263 8256 481 642 399 395 438 436 END
START -10356 2916 -16660 1590 -2310 954 641 398 394 438 437 END
START -7324 3944 -16228 444 -972 799 642 398 396 438 436 END
START -4956 4440 -15964 -275 6309 918 641 398 395 437 436 END
START -3460 5548 -17052 -627 11487 1186 640 398 395 437 436 END
START -7020 5368 -16860 -552 10378 1867 640 398 394 437 437 END
START -8364 5380 -17632 -339 3888 1769 640 398 396 437 437 END
START -7192 3492 -19576 -583 -740 932 640 397 396 436 436 END
START -8400 2596 -16736 -1053 -481 393 640 398 395 433 435 END
START -8092 1912 -15376 -1127 917 99 640 397 396 436 437 END
START -8784 1312 -14864 -1384 1848 52 641 396 398 436 437 END
START -8476 3480 -15240 -1765 2027 0 641 397 397 437 437 END
START -6636 3500 -16144 -1793 2681 468 640 398 396 436 434 END
START -7200 4676 -15444 -1647 2014 1070 639 397 397 436 438 END
START -7392 4960 -15492 -1295 676 611 639 397 397 436 437 END
START -4096 4684 -18164 -960 -189 272 639 398 398 435 438 END
START -7788 3484 -17992 -837 -5246 295 639 397 398 435 439 END
START -13016 2436 -15120 -1179 -16196 825 639 398 399 436 439 END
START -12568 2436 -15592 -1046 -30031 338 639 399 399 437 439 END
START -15380 1912 -12352 -885 -32768 2479 640 398 399 436 440 END
START -18080 1928 -13124 28 -32768 4390 641 399 399 436 437 END
START -18276 2776 -15636 -478 -32768 6329 642 399 397 437 435 END
START -18272 3656 -17948 -2401 -32768 8308 643 400 397 437 435 END
START -17528 3048 -14680 -3846 -32768 10488 643 399 394 439 434 END
START -19192 3300 -7328 -4265 -32768 12922 642 399 394 439 432 END
START -21188 3792 -8056 -3898 -32768 15310 644 399 393 440 432 END
START -19580 4680 -7264 -6457 -32768 13440 644 398 392 440 432 END
START -7756 2084 -6240 -5716 -32768 8452 644 398 391 439 431 END
START -10540 4488 -2124 -4469 -32768 9855 645 399 391 440 431 END
START -11236 5372 1996 -3025 -32768 10099 644 398 391 441 431 END
START -15992 7084 4588 -3144 -32768 10748 645 399 392 440 430 END
START -14084 7508 4320 -3735 -32768 11493 645 402 390 440 430 END
START -12148 6708 2796 -4757 -32768 11091 646 399 389 439 430 END
START -4168 6044 2452 -4920 -32768 9114 646 400 388 439 429 END
START -1104 7048 5452 -4186 -32768 9815 647 401 386 439 429 END
START -1360 8544 7680 -3744 -32768 8686 647 401 389 439 429 END
START 2796 8132 5280 -3902 -26095 7094 648 401 389 439 430 END
START 1656 8116 7420 -4095 -15807 5713 648 402 389 440 430 END
START 812 6296 8764 -3524 -4488 3158 649 402 390 441 431 END
START 924 6740 9284 -3146 5633 853 648 402 388 442 431 END
START -1616 5228 11572 -2632 16308 -1826 648 402 391 443 431 END
START -1512 6040 10888 -2016 26300 -4219 649 403 392 443 432 END
START -2552 6860 10416 -1258 32767 -6213 649 404 392 444 432 END
START -3356 8148 9812 -479 32767 -6926 648 404 393 444 432 END
START -5608 7704 6564 -38 32767 -5663 647 404 397 442 431 END
START -8800 7084 3500 1011 32767 -5751 647 403 395 441 431 END
START -10056 8932 152 845 32767 -5971 647 403 395 441 430 END
START -12496 7720 -820 947 32767 -6896 647 404 395 442 431 END
START -14612 7660 -2760 -250 32767 -5980 647 403 395 441 431 END
START -16908 5620 -4744 -172 32767 -5343 646 404 396 442 424 END
START -17936 5436 -3664 -484 32767 -6578 647 404 396 442 431 END
START -15816 4120 -6032 -773 32767 -7639 646 404 396 442 429 END
START -15392 3996 -6156 -276 32767 -8642 646 404 396 442 432 END
START -15060 3628 -5964 -859 32767 -8589 646 404 397 441 432 END
START -12836 2744 -11116 -1555 32767 -8691 645 404 397 440 433 END
START -12948 1540 -14376 -2521 32767 -7787 643 404 397 438 434 END
START -15244 2848 -13324 -2261 32767 -7463 643 405 398 437 434 END
START -14204 2408 -12116 -2296 32767 -5948 645 403 398 437 434 END
START -13068 1316 -10148 -339 32767 -6184 643 402 397 437 431 END
START -11996 500 -13972 -251 32767 -3492 644 401 397 437 434 END