START 2032 7688 13360 -832 1074 -367 640 418 408 438 447 END
START 2000 7484 13648 -822 1079 -354 644 416 416 436 447 END
START 2088 7240 13524 -593 992 -313 635 415 414 436 446 END
START 2768 7464 13012 -482 885 -237 641 413 412 434 443 END
START 2108 7520 12856 -593 1397 -86 634 412 411 437 440 END
START 2428 7428 12788 -677 1744 -263 642 411 407 429 437 END
START 2508 7464 12856 -764 2658 -343 641 407 406 427 442 END
START 1912 7244 12836 -1060 3249 -603 640 406 402 425 432 END
START 2040 8052 13024 -1287 4007 -686 640 403 398 421 426 END
START 2384 6712 12916 -1029 4800 -1129 638 400 395 407 421 END
START 1100 6376 13460 -1290 5548 -1008 638 399 391 413 417 END
START 816 7796 13308 -1825 6471 -1093 637 393 388 409 411 END
START 2468 8500 12264 -2429 9174 -1693 637 389 382 402 404 END
START 4240 7180 11776 -2584 12736 -2454 634 386 380 398 398 END
START 1140 6752 12204 -2773 15916 -2502 633 385 379 396 397 END
START -3240 8564 14356 -3171 16350 -2129 632 382 378 393 391 END
START 1804 6956 12072 -3900 22625 -3867 630 379 373 392 388 END
START 7632 4216 8368 -4483 32767 -7049 627 378 374 390 385 END
START -672 4664 10796 -5029 32767 -7059 626 376 374 391 385 END
START -10344 4476 13500 -4281 32767 -5554 626 377 372 389 381 END
START -8824 7100 11640 -3773 29225 -6056 625 376 374 388 383 END
START -1404 6608 7144 -3867 32767 -6793 623 376 372 389 381 END
START 652 6392 6820 -4898 32767 -7767 623 374 375 389 381 END
START -3020 5036 5308 -5657 32767 -7392 622 374 375 390 380 END
START -10784 3588 3368 -5621 32767 -7268 621 374 375 388 378 END
START -10036 2400 476 -5675 32767 -7046 620 375 377 388 376 END
START -21500 804 212 -5430 32767 -5805 621 374 375 387 379 END
START -27184 2228 -572 -3429 32767 -5190 620 375 375 388 379 END
START -21044 4064 -2836 -2754 28786 -3695 620 375 378 388 380 END
START -22876 5188 612 -2875 16400 -2338 620 376 379 389 381 END
START -19180 3468 -1488 -3026 6580 -1614 621 376 378 388 381 END
START -21064 2440 64 -3023 -1943 -537 622 377 378 387 384 END
START -28024 3920 4284 -2762 -12741 830 625 377 378 383 382 END
START -19320 6464 -4664 -1476 -27753 3583 624 380 379 388 383 END
START -28712 5032 4928 -89 -32768 6910 625 380 380 388 383 END
START -27960 3308 3184 1435 -32768 7916 627 379 381 386 383 END
START -14012 1624 -1772 2813 -32768 7087 628 380 381 392 385 END
START -9168 1780 0 3274 -32768 8888 629 383 381 390 385 END
START -9588 2928 3708 3519 -32768 7844 629 380 380 390 386 END
START 2196 4496 1700 3846 -32768 5378 630 380 381 391 388 END
START 11524 8092 3496 3334 -32768 3072 629 380 384 388 387 END
START 14784 8564 4404 1952 -7500 2296 630 379 386 392 387 END
START 6220 8256 11160 850 12937 358 630 381 383 393 388 END
START -3864 8308 14248 399 20795 -1096 629 380 384 395 387 END
START -2696 7928 13468 -190 22444 -3621 631 382 384 393 388 END
START -264 6928 11532 -786 28092 -5350 631 382 384 394 388 END
START -2480 6168 10980 -1601 32767 -6551 630 382 385 397 390 END
START -6716 3416 9412 -2004 32767 -6859 632 383 385 394 388 END
START -8232 3768 7212 -2646 32767 -7298 631 380 385 395 388 END
START -5276 4392 3044 -3544 32767 -8449 630 380 384 396 389 END
START -7496 6340 -1512 -4982 32767 -7805 631 380 385 396 389 END
START -15352 4832 264 -5710 32767 -5724 631 380 384 396 389 END
START -24044 3404 2004 -4217 32767 -4988 630 380 384 396 389 END
START -27128 2364 3472 -2395 26156 -4265 632 378 382 398 374 END
START -22332 1932 1384 -1529 15476 -3789 632 381 384 395 389 END
START -13964 1212 -3120 -1229 10436 -3709 631 383 384 396 389 END
START -17780 4316 728 -1393 6977 -2933 631 384 385 396 389 END
START -17404 5936 -424 -1525 6188 -1892 632 381 382 395 389 END
START -14556 4048 -404 -1939 6723 -904 632 381 385 395 389 END
START -14880 3880 -924 -1781 5629 -754 632 382 386 394 389 END
START -15544 2860 -2020 -1280 3480 -644 632 384 385 396 390 END
START -20456 2264 2176 -716 2006 -400 632 383 385 395 392 END
START -14252 1880 -344 -618 2808 -516 632 381 386 395 390 END
START -16480 1340 -636 -499 2698 -515 632 385 384 394 390 END
START -17052 1480 264 -563 2287 -559 632 383 385 398 390 END
START -17788 1652 -320 -1031 1533 -6 635 391 385 395 390 END
START -17852 1668 -688 -115 -1440 -168 633 386 389 394 391 END
START -12864 1856 -2660 33 -2334 -304 633 384 384 396 390 END
START -18484 3936 1352 -61 -896 -374 636 386 385 394 390 END
START -16380 3952 -564 -138 665 -360 633 383 385 397 384 END