START -15104 6308 -648 -1231 -4343 562 651 411 403 459 454 END
START -14860 6300 -564 -1245 -4608 508 652 411 403 458 452 END
START -14000 6288 -672 -1147 -4129 553 652 410 402 458 452 END
START -13668 6184 -540 -965 -2556 411 652 411 402 458 452 END
START -13984 6332 -88 -878 -1142 294 652 411 402 458 453 END
START -14632 6320 -48 -721 -991 125 652 411 402 457 452 END
START -15136 6596 288 -966 -2049 627 652 411 402 458 452 END
START -14908 6504 -668 -950 -3246 409 652 411 402 458 452 END
START -14616 5568 -40 -1492 -4104 234 652 411 402 458 452 END
START -13752 6096 620 -1218 -2328 109 652 411 401 458 452 END
START -12296 6900 68 -1009 774 41 652 411 401 458 452 END
START -10088 7688 -1580 -537 4056 -427 652 410 401 458 452 END
START -8236 6976 -4580 -211 7950 -1142 652 411 401 458 453 END
START -11124 6824 -3596 -112 12223 -2004 652 411 402 458 452 END
START -11644 6364 -3624 -216 17516 -3310 652 412 403 452 453 END
START -12112 5872 -4748 74 23493 -4087 651 412 404 457 453 END
START -13872 4636 -4832 -449 26336 -4751 651 411 404 455 452 END
START -13784 3536 -6260 -419 29873 -5815 653 413 404 454 452 END
START -12788 3980 -6876 -523 32767 -6353 651 411 404 452 452 END
START -15312 3244 -6428 -92 32767 -6528 651 410 403 450 452 END
START -17732 3896 -5456 -411 32745 -5274 651 411 405 441 451 END
START -17320 3376 -6528 -361 26822 -5884 650 410 405 447 450 END
START -13556 2300 -8808 -785 25904 -6621 649 409 406 445 450 END
START -11888 3988 -9184 -1311 32767 -7229 649 409 406 444 449 END
START -11160 3916 -12204 -1434 32767 -5633 647 408 406 442 449 END
START -11948 3644 -13816 -1901 32767 -4081 646 408 407 442 448 END
START -14468 4468 -11156 -1619 32767 -5428 645 407 408 442 450 END
START -12528 4032 -14364 -2697 32767 -1867 644 406 408 441 450 END
START -15312 4456 -11476 -1825 21229 -469 643 403 410 441 449 END
START -12432 4248 -12340 -1215 9193 870 642 406 409 441 450 END
START -7280 5008 -15612 -930 5286 533 641 405 409 441 450 END
START -4640 5880 -17980 -1112 6226 1254 640 405 409 441 450 END
START -6952 6232 -16684 -1125 5302 1484 640 406 410 441 451 END
START -7672 5496 -16672 -1144 3688 1449 641 405 410 440 451 END
START -6392 4152 -18656 -1414 2452 1183 639 406 412 441 451 END
START -10204 3488 -15056 -1376 1055 1285 640 406 411 441 452 END
START -9148 3116 -15360 -1127 -265 1285 641 406 412 442 452 END
START -12028 2868 -12868 -767 -4512 1700 640 406 412 442 453 END
START -12060 2008 -12660 -549 -13465 2399 641 406 412 442 453 END
START -12384 2016 -13548 -332 -22895 2870 641 406 412 442 453 END
START -10588 2556 -13776 -523 -24401 3133 643 407 413 443 452 END
START -8956 4608 -13436 -1058 -20692 2334 643 407 412 443 452 END
START -12624 4772 -11176 -881 -17857 3188 644 409 413 443 450 END
START -15320 5664 -9788 -41 -22417 4051 643 408 411 444 450 END
START -16140 6488 -11688 392 -32321 5559 644 408 410 444 449 END
START -13628 6620 -14312 -317 -32768 5984 644 408 408 443 448 END
START -14064 6548 -13068 -197 -32768 7241 644 408 406 444 447 END
START -14984 6656 -12040 -550 -32768 8178 645 409 405 445 446 END
START -14608 6764 -11208 -1045 -32768 8606 642 407 402 444 445 END
START -14720 8228 -10388 -1741 -32768 9803 645 407 401 445 440 END
START -15208 8292 -9160 -2857 -32768 9466 647 408 400 446 445 END
START -14368 8944 -8444 -3713 -32768 9125 647 408 399 447 444 END
START -15244 8772 -9092 -5477 -32768 11621 647 407 398 447 443 END
START -16624 7560 -5920 -4066 -32768 11107 647 406 397 448 442 END
START -16044 9132 -4492 -5654 -32768 10285 648 406 395 448 440 END
START -11412 7500 -4704 -5909 -32768 9184 648 407 396 449 439 END
START -9256 7056 -2004 -5213 -32768 8538 648 407 396 450 438 END
START -7236 7596 484 -4999 -32768 8508 648 409 397 451 437 END
START -6192 6608 2572 -5610 -32768 7602 649 409 396 453 436 END
START -3052 6188 4828 -5635 -32768 5415 649 409 397 453 436 END
START -2664 6220 8468 -5622 -28845 4738 649 409 396 454 436 END
START -2072 5084 9460 -4153 -17370 3594 648 410 397 455 436 END
START -2372 5492 10952 -3857 -10619 3322 649 411 396 455 436 END
START -3668 6304 12168 -3799 -6429 2765 650 411 397 456 436 END
START -5504 7288 14404 -3201 -4267 1775 650 411 397 456 436 END
START -1244 7252 11924 -2755 -1103 928 649 411 398 457 436 END
START 1872 7860 10436 -1615 4452 -456 649 411 399 457 436 END
START 476 9224 10076 -790 10695 -1704 649 412 398 457 438 END
START 164 8932 8432 -233 17047 -3053 649 412 399 459 437 END
START -3196 7516 8756 -89 24206 -4140 649 412 397 459 438 END