START -2172 4500 14576 204 -12899 2705 630 386 388 416 415 END
START -1888 4516 14236 215 -13216 2615 630 384 388 415 414 END
START -704 4616 13560 286 -13579 2336 630 386 387 415 414 END
START 996 4772 13216 199 -12576 2053 633 386 385 414 411 END
START 2304 4748 13396 -84 -10249 1546 629 386 387 414 413 END
START 2000 4408 13864 -283 -7618 613 629 385 387 412 406 END
START 1232 4904 14640 -679 -7099 -301 629 384 387 412 407 END
START 3004 5340 13652 -509 -6502 -707 626 386 388 411 407 END
START 2820 3576 13300 -188 -5757 -726 628 387 392 409 395 END
START 1788 3356 14376 -305 -5257 -732 627 384 388 411 406 END
START 2564 4076 14088 -552 -4937 -1406 628 386 388 411 406 END
START 4600 4832 13620 -966 -3673 -1215 628 386 388 410 405 END
START 2496 5328 15640 -1032 -2972 -1721 629 386 389 409 405 END
START 4560 5112 13596 -1084 -2529 -1917 628 385 390 410 405 END
START 5868 4160 12468 -1134 -975 -2093 628 386 391 410 406 END
START 5508 4560 13000 -1213 2093 -2330 629 387 391 410 406 END
START 3352 4012 14588 -1586 6606 -2855 629 386 389 409 404 END
START 5176 3544 13144 -1788 13085 -3607 633 387 392 410 404 END
START 9520 2344 9088 -1983 22621 -4509 627 387 391 409 405 END
START 4144 3004 10836 -2301 28138 -4978 628 387 393 409 405 END
START 180 2768 12076 -2417 29453 -5836 623 386 392 409 405 END
START -2056 3040 12404 -2376 30530 -6663 628 386 392 410 405 END
START 404 4096 9360 -2295 32767 -7300 628 387 393 409 405 END
START -2288 4524 8488 -2078 32767 -7008 628 388 392 408 407 END
START -4624 5588 6828 -1940 32767 -6705 628 387 392 409 405 END
START -8616 4504 10820 -2131 32767 -6579 624 386 393 409 404 END
START -11924 3332 10000 -2202 32767 -5886 628 388 393 408 404 END
START -13500 3348 10612 -2472 32767 -6027 629 387 392 405 405 END
START -11008 1324 4784 -2900 32767 -5501 631 388 392 407 407 END
START -14164 848 2348 -3447 32767 -4826 629 388 392 406 405 END
START -25704 848 6940 -2983 32767 -3791 629 386 392 406 404 END
START -18048 1556 3356 -2452 30149 -4563 628 389 393 407 405 END
START -10676 2140 -1588 -2647 30590 -4354 628 388 392 406 405 END
START -19060 4248 1424 -2507 28398 -2136 629 389 394 408 405 END
START -25384 3584 3324 -1110 16019 -818 629 387 392 407 407 END
START -25192 3128 7216 -325 -529 154 629 390 397 410 407 END
START -21232 3060 3544 596 -14650 1372 630 390 393 408 407 END
START -22252 2192 6596 1072 -26274 1638 630 390 395 409 406 END
START -19016 1436 4040 1906 -32768 3112 631 391 394 410 406 END
START -24040 1320 6568 2774 -32768 4774 630 392 395 411 407 END
START -21716 1372 5276 3962 -32768 5060 630 391 392 412 409 END
START -14104 1460 3676 4006 -32768 4723 632 391 395 413 409 END
START -2216 3004 3912 2944 -32768 2848 629 393 395 412 409 END
START 7768 3332 4332 1014 -22709 2214 629 393 395 413 409 END
START 4652 4804 7180 -970 3217 1014 630 393 395 413 409 END
START 1188 3876 7980 -2338 23653 -637 628 393 396 414 410 END
START -5860 3028 8992 -3192 32767 -1456 630 393 395 413 408 END
START -7300 2504 7568 -3233 32767 -3177 628 392 396 413 410 END
START -9204 2376 6056 -2980 32767 -4288 628 391 395 412 409 END
START -12524 4148 6988 -3115 32767 -5707 628 392 396 409 410 END
START -10112 4976 112 -3159 32767 -4835 629 392 394 410 410 END
START -17772 3100 4608 -2526 32767 -4375 628 391 394 409 410 END
START -20968 2644 5480 -1725 32767 -4593 628 391 394 407 409 END
START -24652 2424 6640 -704 29330 -3824 629 391 390 406 410 END
START -21584 568 48 525 19648 -2771 629 390 392 407 410 END
START -20640 448 -756 1673 10164 -2010 629 390 391 406 410 END
START -17016 420 -2196 1725 2594 -1535 630 391 393 407 409 END
START -21080 1436 1308 1084 -192 -1137 629 392 393 405 409 END
START -16860 1796 -1096 96 2554 -884 631 393 394 405 409 END
START -21364 2508 2712 -957 4853 -629 629 390 394 406 409 END
START -16504 2056 -2152 -1601 5794 -457 630 392 394 406 410 END
START -13508 984 -4376 -1682 6139 -352 630 392 394 403 410 END
START -13092 1032 -3752 -1766 4584 -412 630 391 392 405 409 END
START -17828 1740 8 -2007 4355 -395 630 392 393 404 409 END
START -16640 1864 -376 -2364 7397 -408 631 391 393 403 409 END
START -16924 1516 -332 -2515 7946 -186 632 393 393 403 411 END
START -20320 1792 1288 -2217 5504 18 630 392 393 403 410 END
START -22036 1608 3040 -1926 2409 -40 632 392 392 403 410 END
START -18616 2072 1444 -1480 602 -62 631 383 394 403 412 END
START -14104 3108 -5040 -1197 -47 -101 631 393 392 404 411 END