START -15176 4220 4680 -167 32767 -4923 624 383 386 403 393 END
START -13564 3968 3544 -142 32767 -4838 624 383 386 405 390 END
START -10872 4520 776 -771 32767 -4892 625 381 383 406 391 END
START -12032 3796 -1744 -1734 32767 -4445 625 384 385 402 391 END
START -24616 3464 880 -840 32767 -2909 625 383 386 405 392 END
START -25436 4060 1900 631 21576 -2518 626 384 388 406 393 END
START -13688 3888 -2672 -47 15565 -2349 627 383 387 405 390 END
START -16324 3920 -2928 -679 16994 -1902 626 383 388 405 388 END
START -21952 4236 -1988 -743 9232 -353 626 384 387 405 391 END
START -18308 4652 -3684 -617 1007 -59 627 384 387 404 390 END
START -16740 4920 -3328 -743 -3724 -201 627 383 389 404 391 END
START -18004 4548 -848 -963 -6592 -347 627 385 374 405 391 END
START -15788 3688 -1676 -1049 -8055 -320 628 383 388 405 393 END
START -17084 3760 -720 -1048 -9350 -199 627 384 389 405 392 END
START -11744 3456 -2648 -1118 -7282 -557 628 385 388 405 391 END
START -15184 3760 -464 -1383 -3168 -608 628 386 387 404 392 END
START -16980 3368 828 -1177 -3350 -426 629 384 387 404 392 END
START -18476 3152 824 -678 -5610 -195 627 384 388 405 394 END
START -19888 2460 1612 102 -9362 448 628 385 388 404 373 END
START -21344 2812 1576 713 -16506 1220 629 386 388 406 392 END
START -18256 2720 -340 938 -21691 1937 630 386 387 405 392 END
START -15108 4244 -1396 656 -21525 2210 628 386 388 404 392 END
START -15684 4804 -32 217 -18269 2962 628 385 389 407 392 END
START -14328 5112 -1168 252 -19724 4039 629 386 389 406 385 END
START -22972 6048 5012 618 -27554 4950 629 386 389 406 394 END
START -20048 7488 1724 1418 -32768 5767 629 386 389 406 394 END
START -10400 4760 1684 2270 -32768 5909 630 387 390 407 394 END
START -9028 6184 4396 1683 -32768 5245 631 387 388 408 395 END
START -564 6616 3736 900 -29273 4111 630 387 389 407 394 END
START -2492 6264 9736 -105 -10839 3095 631 387 389 408 394 END
START -4052 6580 9828 -950 5125 1320 630 395 389 408 394 END
START -7280 4000 9220 -1134 15674 -206 624 387 389 409 393 END
START -10176 4964 9892 -910 20428 -2015 631 386 391 412 395 END
START -7568 3560 7272 -836 22860 -3599 631 387 390 409 395 END
START -8636 3392 6248 -793 27025 -4572 631 387 388 408 394 END
START -8984 1872 3056 -738 32767 -5523 631 388 389 409 395 END
START -16284 2692 3748 -566 32767 -5674 629 387 389 410 399 END
START -17444 2728 1704 -233 31678 -5220 631 387 391 409 390 END
START -18204 3472 -588 194 22848 -4621 630 386 389 409 396 END
START -22188 4920 2556 176 14935 -4206 632 386 388 408 394 END
START -13184 5856 -3168 -681 14942 -3702 630 387 389 408 395 END
START -11316 6072 -6080 -1276 17201 -2587 631 386 389 408 395 END
START -17536 5328 -280 -1725 10169 -1576 631 390 390 409 396 END
START -16616 3272 -1352 -1569 3413 -1138 631 387 389 409 394 END
START -10612 3444 -4272 -1653 303 -1238 631 387 390 408 395 END
START -15104 3320 2000 -3283 3891 -832 630 386 389 408 396 END
START -19564 3140 2344 -3053 7197 -740 632 388 391 410 395 END
START -12908 1672 -4144 -2310 4760 -786 631 386 393 407 395 END
START -15484 1556 -2544 -1366 -1138 -744 631 387 389 408 396 END
START -19888 1904 2488 -612 -6452 -889 631 388 389 409 395 END
START -16144 2048 1076 -517 -4803 -913 631 388 389 408 396 END
START -8420 1520 -4428 -493 522 -987 632 388 389 408 396 END
START -11048 2008 -3968 -396 3388 -640 631 389 390 408 396 END
START -14348 1744 -2292 -201 2410 -745 631 390 389 408 397 END
START -15936 1708 -1716 171 144 -479 631 387 389 408 396 END
START -20244 3384 1540 335 -1649 -376 632 388 388 405 396 END
START -19076 3028 1012 285 -2243 -203 631 388 389 408 397 END
START -17768 3556 120 159 -1649 -142 630 387 387 401 396 END
START -19912 3612 2060 -36 -1155 -172 632 388 387 408 397 END
START -22064 3460 3052 -200 -439 -286 632 391 388 409 396 END
START -16180 2916 -1024 -173 30 -349 632 388 389 408 395 END
START -21564 3320 2692 -173 -1154 -216 633 388 388 409 396 END
START -13068 2640 -3240 -127 -1731 -140 632 389 387 408 395 END
START -10164 2592 -5116 -64 -2790 -118 632 387 388 410 396 END
START -15504 3540 -944 -106 -2378 -142 631 389 388 409 395 END
START -20960 4484 2940 -219 -1376 -146 632 389 388 409 396 END
START -17320 3376 216 -187 -1720 -63 632 390 389 410 395 END
START -21372 3960 2752 -12 -2947 -96 632 390 389 410 396 END
START -17252 2980 -136 193 -4605 69 632 389 388 410 396 END
START -13356 2248 -2692 306 -5760 106 632 388 389 413 395 END