START -13396 6148 -128 -4867 302 1602 657 393 387 435 437 END
START -15604 5164 1572 -5635 -450 1352 657 392 382 435 437 END
START -14232 5248 1684 -5030 2521 1231 656 392 382 435 437 END
START -8532 4272 -644 -4530 10288 -479 656 391 382 435 437 END
START -308 3376 -5852 -2822 26520 -3354 648 392 382 435 438 END
START -2816 2964 -10476 -329 32767 -4554 652 393 385 436 438 END
START -10920 3728 -12840 1595 32767 -3233 650 393 383 437 437 END
START -19296 5128 -11824 595 32767 -5663 646 393 384 438 437 END
START -21080 3948 -9080 1151 32767 -5644 646 393 384 437 436 END
START -16360 3848 -12084 1067 32767 -4456 643 392 385 437 436 END
START -15076 3172 -12168 411 32767 -3383 642 391 386 435 436 END
START -11860 3272 -12696 -133 32531 -2522 640 391 386 433 435 END
START -11200 1892 -13384 -5 29641 -2012 639 389 387 432 435 END
START -9396 1976 -13272 -186 27858 -2596 638 389 386 431 435 END
START -5228 2412 -17240 -1769 31048 1012 638 389 387 430 434 END
START -16324 2400 -12284 -2022 28858 1801 637 388 388 429 434 END
START -12640 1388 -11256 -60 13159 1719 635 387 389 431 435 END
START -9048 2252 -12712 151 6599 1641 635 388 389 430 436 END
START -6712 3792 -14524 49 4147 539 633 388 390 431 437 END
START -6040 5056 -17088 -48 5191 37 632 388 391 432 438 END
START -3944 6248 -16128 383 4508 -1091 632 388 391 433 440 END
START -3380 5404 -16832 1265 5042 -2062 631 388 392 433 440 END
START -7476 5324 -15132 1999 2657 -3184 631 388 393 434 440 END
START -8016 3920 -17984 2466 -1386 -3673 631 389 394 435 441 END
START -12712 3436 -16148 2340 -8174 -3412 632 388 394 436 442 END
START -12772 3252 -16636 2097 -18224 -3028 633 388 394 436 442 END
START -13260 2480 -16352 1393 -24681 -1986 633 390 394 436 440 END
START -15364 1988 -13836 932 -29869 -845 633 389 393 435 438 END
START -15508 1984 -14416 545 -32768 930 634 388 393 435 436 END
START -16740 2564 -15300 115 -32768 2419 635 389 393 435 435 END
START -15616 3276 -15000 -609 -32768 3548 635 389 392 436 435 END
START -14856 4564 -12340 -1229 -32768 5119 635 390 390 437 434 END
START -14240 4288 -9876 -1727 -32768 6285 634 390 389 436 433 END
START -16648 4628 -7204 -1355 -32768 8009 635 390 388 437 432 END
START -17988 4412 -8072 -816 -32768 9097 635 390 388 438 432 END
START -15196 4508 -9500 -1920 -32768 8024 634 390 388 439 432 END
START -13660 5136 -5460 -2431 -32768 8092 635 390 387 438 432 END
START -15988 5992 -2300 -1409 -32768 9831 635 391 386 439 432 END
START -21436 5856 -336 -1630 -32768 11226 636 391 385 439 432 END
START -18384 6964 -2836 -2596 -32768 11135 635 393 385 438 431 END
START -13164 5336 -3516 -2565 -32768 9065 636 393 382 438 430 END
START -11016 5600 -1324 -1330 -32768 8827 635 393 381 438 430 END
START -5828 6616 -404 -935 -32768 8001 637 393 381 436 429 END
START -5596 7548 120 -1669 -32768 8591 637 394 372 434 428 END
START -7436 6668 1560 -2762 -32768 7701 639 394 380 433 428 END
START -7112 5408 3592 -3300 -32768 4917 638 395 378 433 428 END
START -6528 5892 6256 -3498 -28365 4215 640 396 381 432 427 END
START -4608 5396 7024 -3174 -21447 4631 640 388 381 432 427 END
START -6704 6300 9580 -3749 -16491 4284 641 396 381 433 427 END
START -6176 5428 10080 -4030 -12267 3285 641 396 382 432 427 END
START -6336 5480 11332 -4140 -8944 1893 642 397 381 433 427 END
START -2844 5904 9588 -3745 -3792 2592 641 397 381 434 428 END
START -2024 6104 9932 -2701 2477 1672 641 397 383 434 427 END
START -2952 7788 11960 -1890 8406 359 641 397 383 434 428 END
START -140 8440 9424 -1003 19795 -1872 642 397 385 435 430 END
START 1780 6820 4456 22 32767 -5951 642 398 385 436 430 END
START -2656 4724 4464 448 32767 -8479 641 399 385 435 430 END
START -8052 4404 3716 532 32767 -8911 641 398 387 432 430 END
START -13664 6024 6192 1155 32767 -7534 641 399 389 433 430 END
START -16336 5156 3668 532 32767 -4860 641 399 388 432 431 END
START -17200 3372 1928 724 32767 -7414 643 399 387 434 430 END
START -15600 4592 -560 376 32767 -7304 643 399 390 435 430 END
START -15584 4624 -2684 526 32767 -6475 642 399 392 435 431 END
START -16920 6596 -260 738 32767 -6985 642 399 391 437 432 END
START -16092 6760 -4040 1280 32767 -6080 642 399 391 437 432 END
START -16716 5144 -6372 1323 32767 -6866 643 400 392 437 432 END
START -13848 5320 -10944 -225 32767 -8093 642 399 393 437 432 END
START -13492 6544 -11164 -574 32767 -6887 641 398 393 437 432 END
START -12144 5876 -11948 -985 32767 -4977 642 396 393 437 432 END
START -14700 4784 -11968 -406 32767 -4289 641 397 393 437 432 END