START -14188 7152 1716 -743 -492 200 649 413 407 457 449 END
START -14388 6988 1684 -737 -657 245 649 413 405 459 450 END
START -14460 6852 1472 -864 -1211 214 649 413 406 460 450 END
START -14188 6740 1168 -924 -1472 273 648 412 405 458 450 END
START -13840 6696 1140 -858 -1146 273 649 413 405 458 450 END
START -13396 6668 1584 -700 -299 2 650 413 405 458 451 END
START -13132 7264 1632 -669 869 -39 649 413 406 459 450 END
START -12572 6444 1084 -1021 2020 -887 649 414 407 458 450 END
START -11672 6204 864 -874 5973 -1295 649 414 407 458 451 END
START -11780 7340 -116 108 10941 -1433 650 414 408 458 451 END
START -13640 6980 -780 419 11942 -1768 649 414 408 459 451 END
START -15320 6960 -668 204 10020 -1794 648 414 409 458 450 END
START -17112 6352 268 -611 7020 -1357 649 415 408 459 450 END
START -14448 5468 -636 -1432 7224 -2521 649 414 409 459 450 END
START -8460 3916 -2884 -1647 15200 -4846 649 414 409 459 451 END
START -8316 3188 -4032 -459 30071 -6947 649 414 408 459 451 END
START -12800 4092 -3856 801 32767 -5604 651 414 408 459 450 END
START -17692 4984 -2708 779 32767 -3779 650 413 409 458 445 END
START -15876 4540 -4296 204 32767 -6546 649 413 409 457 449 END
START -13372 4580 -8584 50 32767 -9868 647 413 408 455 450 END
START -5360 5656 -18156 -1094 32767 -11516 646 412 408 452 450 END
START -11228 8244 -17196 -2820 32767 -6693 644 410 408 450 450 END
START -18544 5036 -10560 -2563 32767 -3461 641 407 409 448 449 END
START -25148 2752 -7700 -958 32767 1518 637 406 409 448 449 END
START -17220 4644 -7932 1593 14093 2990 635 406 411 446 449 END
START -8752 6040 -14940 3448 -8846 2226 635 406 412 445 450 END
START -5780 6832 -19488 2214 -11000 1663 634 407 414 445 451 END
START -208 6236 -21984 720 -527 -218 635 407 413 440 451 END
START -4624 5096 -19748 -55 7053 470 634 407 414 445 452 END
START -9176 3852 -17204 -555 5917 1091 635 407 415 445 452 END
START -13412 3508 -13808 -875 -909 836 636 408 415 446 452 END
START -10052 2284 -14588 -996 -5148 282 635 408 416 446 452 END
START -12284 2852 -12988 -908 -8665 59 636 408 415 447 453 END
START -10848 3656 -13216 -876 -8919 67 636 407 416 447 453 END
START -8884 4804 -13892 -840 -7673 355 637 408 416 447 453 END
START -9492 5648 -13340 -551 -10550 1138 637 408 416 448 453 END
START -10040 6348 -14232 145 -16857 1563 638 409 416 448 451 END
START -11200 6412 -14652 672 -22893 1835 639 409 414 448 450 END
START -9792 5140 -17200 722 -26683 1792 639 406 412 446 448 END
START -11564 4356 -16480 252 -28707 1855 639 406 404 450 448 END
START -12380 3860 -15392 -505 -28590 2465 641 405 405 449 441 END
START -12956 4124 -12828 -576 -28503 2481 641 404 402 450 442 END
START -15292 4064 -11692 -586 -28191 3523 640 402 399 452 441 END
START -13388 4572 -14152 -2669 -27353 3799 638 402 396 454 441 END
START -11992 4148 -13840 -4004 -25514 3573 638 401 396 454 441 END
START -15576 3988 -7856 -3610 -25445 5932 639 400 396 455 441 END
START -18284 4040 -6892 -3621 -31578 6595 638 400 395 456 441 END
START -16984 4356 -6604 -3953 -32768 5160 638 400 393 450 440 END
START -16144 4384 -5084 -3973 -32768 5612 639 399 393 455 441 END
START -15936 3836 -4476 -4113 -32768 6790 639 400 393 456 440 END
START -17348 4752 -3400 -5142 -32768 7139 639 400 393 455 440 END
START -16316 3756 -44 -4525 -32768 8119 641 400 391 456 441 END
START -18824 5916 704 -4156 -32768 8699 641 401 392 455 440 END
START -13336 6404 -364 -4693 -32768 6600 640 401 391 456 440 END
START -10096 6072 1452 -3814 -32768 5217 642 402 392 456 439 END
START -11424 6536 3444 -2086 -32768 8058 642 403 392 457 440 END
START -16020 7964 8212 -2522 -32768 8481 643 404 392 456 440 END
START -12640 9092 6896 -3342 -32768 7220 643 404 393 456 440 END
START -3840 7888 3036 -3574 -32768 6151 643 405 392 457 439 END
START -400 8004 2976 -2802 -31047 5126 644 405 392 456 439 END
START -5140 9700 8600 -1806 -23269 5495 644 405 392 456 440 END
START -7916 7944 7912 -1969 -22877 5779 644 405 392 455 441 END
START -6232 7640 7828 -3424 -25847 4508 645 405 393 456 441 END
START -1268 6336 7912 -3656 -22142 2632 646 406 393 457 440 END
START -1816 5964 10732 -3148 -14104 2232 646 407 394 456 441 END
START 108 5568 9400 -2651 -5769 1268 646 407 395 458 440 END
START -2492 5700 11524 -2387 10 390 646 408 396 458 441 END
START -3632 6716 12568 -2145 4190 -468 646 409 396 459 440 END
START -4128 7684 12996 -1926 8068 -1568 647 409 397 459 441 END
START 1736 8320 9452 -1202 14642 -3528 647 408 398 459 442 END