START -13856 6832 3900 -915 -1747 204 647 399 394 446 444 END
START -13764 6936 3732 -888 -2131 338 648 401 395 445 444 END
START -13496 7056 4004 -777 -2679 632 648 401 395 445 445 END
START -13108 7064 3776 -693 -2078 526 649 402 395 445 445 END
START -13232 6784 3688 -613 -1167 304 650 402 395 446 445 END
START -12936 6796 3392 -665 -922 -175 650 403 395 446 445 END
START -13356 6768 3908 -568 -499 26 649 403 396 445 444 END
START -13656 7036 3492 -395 -858 101 650 403 396 447 444 END
START -14168 6396 4356 -738 -1472 201 651 404 397 446 437 END
START -13836 7396 4480 -877 -832 634 651 403 397 446 444 END
START -12428 8204 3376 -546 -15 241 651 404 397 446 444 END
START -12272 7956 1772 -230 803 379 651 404 397 446 444 END
START -13088 7196 1432 -501 -300 55 652 404 397 446 444 END
START -14592 6336 3420 -805 -1141 -116 652 405 397 446 445 END
START -15136 5428 3984 -1360 -1581 -420 652 405 397 446 445 END
START -14452 5496 3468 -1518 -1548 -523 652 405 397 446 445 END
START -15716 5460 4952 -1751 -1669 -322 653 405 398 447 444 END
START -11076 4936 3136 -2056 909 -1362 651 405 397 446 444 END
START -6092 5552 2348 -1868 10745 -3982 652 405 398 447 445 END
START -6812 6500 3080 -619 27725 -6062 651 405 398 447 445 END
START -10156 6936 680 720 32767 -4382 650 405 397 445 445 END
START -15776 7288 764 1399 32767 -3845 649 406 398 442 445 END
START -15876 7096 -2572 1181 32767 -5514 648 406 398 445 444 END
START -13780 6788 -4764 1398 32767 -7004 648 406 399 444 444 END
START -11144 7964 -7540 1681 32767 -6612 648 406 399 444 446 END
START -11420 6564 -10348 1833 32767 -5305 640 405 399 444 445 END
START -13640 5464 -11304 1745 32767 -4614 647 405 398 444 446 END
START -11576 4252 -12876 1931 32767 -4834 646 404 399 444 447 END
START -10576 4452 -13184 1901 32767 -6621 647 403 399 444 447 END
START -10428 4764 -17888 -181 32767 -5450 647 403 399 443 447 END
START -12400 2828 -16348 -468 32767 -3742 646 403 399 443 448 END
START -18312 3212 -11612 1167 32767 -2836 646 403 400 443 448 END
START -12744 2352 -13192 2166 15827 -1355 646 405 400 443 449 END
START -11896 3088 -13844 2518 4267 -1126 644 403 403 443 449 END
START -11776 2692 -13776 1972 2101 -1501 646 404 402 443 448 END
START -6852 1924 -17492 1440 3323 -1816 643 404 403 443 449 END
START -10456 2436 -14860 749 4158 -803 643 405 404 444 450 END
START -11188 3492 -13780 518 2938 -48 643 403 404 443 450 END
START -10452 3688 -15040 348 -190 -58 644 404 404 445 450 END
START -9524 5036 -15784 -3 -3036 182 644 405 404 444 450 END
START -9100 6360 -17580 148 -6887 390 641 405 405 445 451 END
START -10856 4896 -17460 376 -12335 802 645 405 405 445 451 END
START -11564 3728 -17056 413 -19499 1151 645 407 405 445 454 END
START -14632 2508 -15184 421 -26449 1760 644 405 403 444 450 END
START -13876 1968 -15360 208 -30870 2098 645 405 402 443 447 END
START -13896 2236 -15592 -520 -32656 2959 646 405 401 442 445 END
START -14660 2692 -14180 -1467 -32768 3933 647 405 400 442 443 END
START -15300 2888 -12108 -2296 -32768 5348 647 406 398 442 441 END
START -16696 3292 -9284 -2604 -32768 7440 648 404 397 442 439 END
START -16000 2524 -8804 -3152 -32768 8344 649 404 396 443 438 END
START -18040 3420 -8188 -3558 -32768 10294 650 403 395 444 437 END
START -17384 3276 -9324 -4895 -32768 9922 651 401 392 445 436 END
START -16880 4104 -4868 -4793 -32768 9426 651 400 391 445 435 END
START -16548 4884 -3884 -5369 -32768 10379 651 400 390 445 434 END
START -15416 2796 1520 -6139 -32768 11602 652 401 391 447 434 END
START -16004 6160 -620 -5101 -32768 11328 653 402 392 450 435 END
START -11876 5732 -704 -4571 -32768 8790 653 402 390 448 433 END
START -11044 6900 2408 -3984 -32768 7891 653 402 390 448 433 END
START -10068 7036 3500 -2861 -31434 7930 653 402 391 448 434 END
START -12320 7352 4992 -2716 -31488 8633 652 403 390 449 433 END
START -13764 8420 6248 -3031 -32768 8106 653 403 391 449 434 END
START -6092 8208 3204 -3277 -32768 6862 653 404 395 449 434 END
START -4356 8484 3200 -3045 -32398 6054 654 405 391 449 433 END
START -5376 9452 5788 -2634 -26799 5286 653 405 392 449 434 END
START -5668 7908 5624 -2672 -23096 4737 652 406 393 450 434 END
START -6332 7864 6988 -3513 -20940 3865 653 405 393 450 433 END
START -7008 7916 9068 -3999 -17634 2934 653 406 394 450 435 END
START -3248 7012 8072 -4194 -12362 2088 653 406 394 451 435 END
START -2892 6416 9428 -3844 -4252 339 654 407 396 451 435 END
START -1548 5916 10344 -3631 2481 -1050 654 407 392 452 436 END