START -16564 6584 2468 1966 32767 -2786 654 406 400 445 441 END
START -20332 6708 3352 1973 32767 -1047 654 407 399 445 440 END
START -26092 6796 4168 1607 17259 1233 653 406 399 446 440 END
START -18148 7064 1844 -671 3510 -1208 654 408 400 446 441 END
START -6980 4568 -2716 -1138 11158 -4962 654 408 400 446 441 END
START -3288 4616 -6496 -403 32767 -6346 653 408 399 446 440 END
START -9244 5812 -3552 1184 32767 -4526 653 408 400 446 440 END
START -19332 7568 -2132 1885 32767 -1042 653 408 400 446 440 END
START -19152 4016 -3608 1857 32767 -3803 652 408 401 446 440 END
START -12548 2928 -10024 1394 32767 -8347 651 407 400 447 440 END
START -7184 5160 -10136 77 32767 -8868 652 406 400 448 441 END
START -10008 4028 -15508 -1207 32767 -3980 651 404 400 446 441 END
START -20476 2464 -11800 -1115 32767 -2958 650 403 400 445 441 END
START -22512 2848 -8540 138 32767 -1606 649 404 400 446 442 END
START -15728 2560 -10892 1688 20229 1548 647 403 399 444 442 END
START -12116 3796 -10468 1483 5433 1380 646 401 400 443 442 END
START -10212 4108 -11252 1607 3049 356 645 404 400 444 443 END
START -4124 4424 -17440 772 7818 380 645 402 400 443 444 END
START -3932 6260 -19424 -29 12253 963 644 397 400 443 444 END
START -5200 6472 -19072 -368 13299 1605 643 402 401 442 445 END
START -8680 4396 -15444 -89 9476 1251 644 402 401 442 445 END
START -10528 4444 -15144 294 2865 834 644 402 402 441 445 END
START -10172 3108 -16048 32 -622 318 643 394 402 442 445 END
START -8808 2432 -16604 -354 -466 -172 643 403 398 442 445 END
START -11080 2772 -14236 -699 -926 134 644 403 402 443 447 END
START -10660 4016 -13512 -954 -3456 -349 643 402 402 442 446 END
START -10472 3596 -14260 -1459 -3368 -304 642 403 403 443 446 END
START -10376 4856 -13976 -1704 -7294 -123 644 402 403 443 446 END
START -10648 5308 -14128 -1570 -12860 148 643 402 403 443 447 END
START -10820 5740 -13740 -1006 -21011 1236 643 402 403 443 446 END
START -12904 5596 -13752 245 -30255 1998 644 402 402 442 446 END
START -11392 6384 -17612 432 -32768 2282 645 402 401 441 445 END
START -11064 6764 -17396 -347 -32768 2120 646 402 400 442 443 END
START -10536 5124 -16184 -1012 -31881 3505 646 403 399 442 442 END
START -12312 4788 -14460 -1745 -29203 4421 647 403 398 441 440 END
START -11804 4596 -13680 -2258 -26607 3867 648 404 397 442 440 END
START -10064 4772 -12452 -3244 -23685 1999 647 402 394 441 438 END
START -9816 4436 -11812 -3651 -17989 3272 648 402 393 442 437 END
START -16044 4504 -9220 -3171 -18046 5506 649 402 393 442 434 END
START -21656 3868 -7248 -3203 -28658 6764 649 401 391 441 436 END
START -21368 4652 -9720 -5938 -32768 5536 649 400 390 441 436 END
START -13388 4128 -10048 -7540 -32768 4484 649 401 390 441 436 END
START -13988 4596 -5128 -6101 -32768 6761 649 401 390 442 435 END
START -20260 5212 -732 -3633 -32768 10093 650 400 388 442 435 END
START -28400 7388 -964 -6253 -32768 12908 651 401 388 441 434 END
START -19172 3388 -5808 -9597 -32768 9720 651 402 389 441 434 END
START -9004 3152 -3300 -7778 -32768 7753 651 404 390 440 434 END
START -5588 4596 940 -6338 -32768 9127 649 405 391 440 433 END
START -8456 4540 6752 -5592 -32768 9423 652 405 393 442 432 END
START -4672 6212 6876 -6252 -32768 7064 652 407 393 442 433 END
START 784 6216 8040 -5841 -32768 4580 653 407 393 441 433 END
START 7932 7612 7244 -5308 -24066 3114 653 406 396 442 433 END
START 9152 7020 8672 -3989 -1475 288 653 407 395 443 433 END
START 5428 7944 8716 -2328 19252 -2227 653 407 397 444 434 END
START 460 6324 7496 -1205 32436 -4006 653 408 397 446 435 END
START -6052 5908 8504 -1496 32767 -5381 653 408 397 446 436 END
START -10004 5796 10196 -1810 32767 -6729 654 407 398 447 435 END
START -11944 5480 10596 -1822 32767 -6802 653 405 398 445 435 END
START -11772 4636 8996 -1239 32767 -7073 653 409 398 445 435 END
START -9164 4116 6284 -511 32767 -7906 653 408 399 445 435 END
START -9544 3748 5072 691 32767 -7340 653 409 400 445 436 END
START -10800 6132 4736 1738 32767 -6387 653 409 400 444 435 END
START -12084 7012 1496 1677 32767 -6566 654 409 399 445 436 END
START -16260 5268 -2100 2043 32767 -6821 653 408 400 444 436 END
START -17260 5644 -2760 1762 32767 -9257 653 409 400 444 432 END
START -17504 6224 -4076 532 32767 -10048 653 409 400 445 436 END
START -13596 5348 -9292 339 32767 -10267 653 409 401 444 436 END
START -15264 5620 -8616 11 32767 -9409 653 409 401 443 437 END
START -16604 5460 -10648 451 32767 -8789 652 408 398 443 436 END
START -15140 4512 -13340 791 32767 -9147 652 408 401 442 438 END