START -13896 6856 996 -962 -624 -214 647 412 406 457 448 END
START -13804 6784 980 -930 -354 -242 647 412 406 458 449 END
START -14172 6844 1012 -707 455 -249 647 412 406 457 449 END
START -14580 6924 1440 -593 525 -167 647 412 401 458 448 END
START -14968 6972 1288 -618 -110 82 647 407 406 458 449 END
START -15064 6792 1076 -751 -1125 133 647 412 406 457 449 END
START -14568 7240 800 -808 -1384 205 647 413 406 458 449 END
START -14652 6332 1164 -995 -1322 169 648 412 405 457 449 END
START -14256 7272 1320 -880 -318 543 649 412 405 457 448 END
START -13792 7788 352 -469 -16 386 647 412 406 457 449 END
START -14692 6644 152 -692 -1628 120 648 412 406 457 448 END
START -15584 6044 732 -1153 -3040 51 648 413 406 457 449 END
START -14388 5472 844 -1553 -3771 122 647 413 405 457 449 END
START -14848 5072 2404 -1530 -4145 123 648 412 407 457 449 END
START -14692 5452 2820 -1562 -4465 487 648 412 405 457 449 END
START -14400 5576 3036 -1607 -3845 404 649 412 405 457 449 END
START -11568 5944 1912 -855 -250 -133 648 412 405 457 449 END
START -10852 6756 900 -42 3195 455 647 413 404 457 449 END
START -13052 7876 1368 325 3347 739 648 412 405 457 448 END
START -13048 9292 116 -441 1993 210 648 413 406 457 450 END
START -12532 6692 -1140 -1295 3331 -1355 648 412 406 456 449 END
START -6780 5196 -4860 -1365 12699 -3787 649 413 406 456 449 END
START -7136 4196 -4232 -581 26996 -6281 649 412 406 454 449 END
START -8616 4092 -4424 77 32767 -7286 648 412 405 453 449 END
START -12920 4412 -4428 242 32767 -7241 647 411 405 451 449 END
START -14948 3816 -6116 288 32767 -6702 646 410 404 449 449 END
START -17844 3412 -6908 -11 32767 -7658 646 409 404 446 448 END
START -13976 3984 -9704 361 32767 -7880 646 409 406 447 449 END
START -16672 6472 -8720 -498 32767 -7178 644 407 407 446 449 END
START -13468 5584 -11744 -578 32767 -5215 644 407 406 445 450 END
START -16028 5300 -10280 -44 32767 -3892 642 407 407 444 450 END
START -14772 5616 -12432 -109 32767 -3413 640 405 407 444 450 END
START -14840 4608 -12556 785 27371 265 641 404 407 444 450 END
START -10936 3808 -13720 1584 9710 984 639 404 407 444 450 END
START -9992 6664 -15224 2014 -34 962 639 404 407 444 451 END
START -8384 5208 -17624 1805 -3012 119 638 404 408 444 451 END
START -6076 4444 -19936 958 -687 -470 639 405 408 444 450 END
START -8388 3920 -18116 -40 1760 -435 639 405 407 444 451 END
START -11152 3164 -15328 -770 1195 -189 639 404 409 443 451 END
START -12080 2068 -14664 -1200 -1798 -125 639 404 409 444 450 END
START -12964 2196 -13392 -1641 -6920 -67 640 405 409 445 452 END
START -11272 3996 -13472 -1923 -11410 297 640 406 409 444 452 END
START -12744 4784 -12488 -1818 -17297 1203 641 405 409 445 452 END
START -13952 4944 -12272 -1241 -24328 2699 641 406 409 445 452 END
START -12608 5552 -13316 -703 -30217 3186 642 406 409 445 452 END
START -12672 6252 -14060 -710 -32709 4044 641 406 408 445 451 END
START -12356 6172 -13708 -1380 -32768 4962 642 406 407 445 451 END
START -13816 6712 -12144 -2316 -31270 6539 643 406 405 445 450 END
START -13680 6584 -12072 -2744 -32349 7861 643 405 404 446 449 END
START -14936 6428 -10896 -2553 -32768 8284 644 405 403 446 448 END
START -13740 6936 -10648 -2749 -32768 8409 645 404 401 448 447 END
START -13000 7600 -9516 -3070 -32768 8404 645 404 400 449 447 END
START -12156 7376 -9060 -3023 -32768 8672 646 404 399 449 447 END
START -13228 7760 -6664 -2791 -32768 8010 646 405 398 450 447 END
START -13668 7724 -6784 -3743 -32768 8113 646 404 397 450 446 END
START -12480 5840 -7512 -4924 -32768 7890 647 404 396 450 444 END
START -13320 6724 -2940 -3623 -32768 7086 647 404 396 451 446 END
START -12548 6352 -2416 -3194 -32768 7695 648 405 396 450 446 END
START -14540 6764 -472 -3318 -32768 7972 648 405 389 450 444 END
START -14808 6676 428 -4501 -32768 7191 649 405 394 450 445 END
START -11288 6004 1208 -5032 -32768 7177 649 406 395 450 445 END
START -10888 6476 5296 -5242 -32768 6829 649 406 394 451 444 END
START -7572 6040 6356 -4956 -32768 5354 649 407 395 451 445 END
START -4528 5824 8220 -4771 -32658 3816 649 407 395 451 444 END
START -636 6464 8400 -4264 -21612 2540 649 408 395 452 445 END
START -2796 7260 11536 -3698 -9876 1199 650 408 397 453 445 END
START 628 6964 9476 -3129 1039 70 651 409 397 453 445 END
START -1304 9224 9980 -2066 9642 -1077 649 409 399 453 446 END
START -384 9412 7792 -1572 15662 -2363 650 410 400 455 446 END
START -3232 8044 7996 -1766 21497 -4105 650 411 401 455 446 END