START -728 3376 14360 -2004 17387 -2139 623 388 385 401 401 END
START -1508 3756 14956 -1910 17249 -2369 622 387 386 401 403 END
START -1380 3660 14796 -1949 17213 -2402 622 386 387 401 403 END
START -2516 3588 14208 -1646 17380 -1978 622 387 389 404 406 END
START -3968 3280 14156 -1329 16953 -1951 622 385 387 400 402 END
START -3132 3524 13504 -1176 17685 -1992 621 385 387 399 401 END
START -3404 3208 12844 -1443 20034 -1786 622 366 387 398 400 END
START -4928 3552 12628 -1146 21283 -1255 621 387 386 396 398 END
START -5768 3240 12480 -1117 21814 -1907 622 386 389 397 398 END
START -4196 2740 11672 -1477 24132 -2340 622 387 389 396 399 END
START -3584 2264 10228 -1579 28492 -2246 622 392 393 397 398 END
START -12716 2352 14432 -905 27263 -1865 622 386 391 397 399 END
START -9912 1600 10912 -208 21964 -2327 623 388 392 400 400 END
START -7320 2040 10060 51 19138 -2886 622 387 390 396 400 END
START -5460 2180 8568 -132 23048 -3206 622 388 389 398 398 END
START -6648 1900 7676 -532 30384 -3621 622 388 391 396 400 END
START -8004 1572 5772 -707 32767 -3581 624 389 389 400 399 END
START -14964 1452 7420 -618 32767 -3693 624 388 391 400 399 END
START -13148 1652 4308 -895 32767 -4119 625 387 392 398 398 END
START -10760 -160 -2132 -1237 32767 -3578 625 389 390 396 398 END
START -22508 -148 1332 -887 32767 -3179 624 387 392 395 398 END
START -23952 672 -136 149 26568 -2375 625 390 391 396 400 END
START -21816 1768 -1664 946 10834 -2031 625 388 391 396 400 END
START -16304 3028 -2076 354 4097 -1941 626 390 391 395 398 END
START -22260 4252 936 -434 3013 -1195 626 390 391 398 405 END
START -23944 3772 2924 -1039 36 -644 625 390 391 398 400 END
START -25708 3464 2492 -1080 -7962 163 626 390 393 399 400 END
START -30252 2800 6456 -606 -19614 671 627 391 382 400 401 END
START -26800 2128 2768 427 -32768 2057 627 390 393 402 402 END
START -21088 1728 -656 1549 -32768 2888 628 391 393 402 405 END
START -11124 3296 -2588 1934 -32768 2776 627 392 394 403 403 END
START -12928 5256 2612 2075 -32768 4295 627 392 392 403 403 END
START -14036 4684 4388 2301 -32768 5080 628 396 393 402 405 END
START -5828 4036 -24 2853 -32768 5659 627 393 395 405 404 END
START -7860 3024 5968 3289 -32768 5830 628 393 397 394 403 END
START -20084 5540 16196 3430 -32768 5330 628 393 396 406 405 END
START -7760 6148 13168 2278 -32768 3766 628 393 396 406 403 END
START 10528 5296 5052 977 -21171 3806 628 393 396 405 403 END
START 4800 4996 9628 -385 -6916 2958 629 392 395 408 404 END
START 7216 4144 7740 -1373 4916 1411 628 393 397 406 405 END
START 3772 4116 10460 -2241 15358 -455 630 392 397 412 404 END
START 1216 3536 10040 -2991 25415 -2493 629 393 397 407 406 END
START -3452 2708 11356 -3611 32767 -3758 629 393 397 407 406 END
START -10016 1348 11192 -3523 32767 -4429 621 393 395 407 405 END
START -10200 240 8856 -2598 32767 -5337 629 395 396 406 405 END
START -15716 2620 11932 -2574 30708 -6254 630 393 396 407 403 END
START -6692 2168 3144 -2878 32767 -6106 629 392 395 406 406 END
START -16376 2548 3104 -3286 32767 -4848 630 392 392 408 406 END
START -19492 4532 2724 -2625 32767 -4380 628 393 398 406 405 END
START -17844 2772 4252 -1897 31931 -3382 628 393 395 407 406 END
START -16696 2396 3488 -1330 24503 -3156 629 392 395 407 406 END
START -13500 1708 676 -1646 24751 -3054 630 392 394 406 403 END
START -16072 808 -348 -1557 23997 -2500 630 394 396 406 405 END
START -17136 376 -2156 -1281 17681 -1587 630 393 395 406 406 END
START -21224 -340 136 -531 7182 -1284 629 394 395 406 405 END
START -22376 688 2708 -182 1833 -1089 629 394 396 408 406 END
START -21540 -252 3952 -899 -862 -1115 630 394 396 406 405 END
START -20296 460 1776 -811 237 -371 630 394 394 405 402 END
START -23448 664 3316 -947 -1335 16 630 393 395 406 405 END
START -20820 384 1720 -700 -2467 698 632 395 396 406 406 END
START -15512 80 -392 -413 -3553 715 631 397 395 407 406 END
START -15076 412 404 -390 -2650 853 630 395 396 407 407 END
START -16964 884 1652 -327 -978 975 630 394 400 413 405 END
START -15420 692 1460 -309 -454 989 630 396 396 407 406 END
START -13684 380 -16 -202 -379 997 630 395 394 406 405 END
START -17688 1488 2992 -37 -1313 1381 631 395 397 408 408 END
START -15372 1048 1172 40 -3147 1269 630 395 397 407 407 END
START -18096 1932 4416 164 -3502 1393 631 395 398 408 407 END
START -16776 2896 4020 -124 -2648 1102 630 396 396 408 407 END
START -15488 2480 3448 -233 -22 1114 631 396 396 407 408 END