START -15236 7104 960 -168 3258 -402 648 421 411 461 447 END
START -15228 7216 816 -258 2720 -399 648 422 413 461 449 END
START -14536 7040 772 -516 1767 -447 648 421 412 460 448 END
START -14300 7132 712 -383 1745 -470 648 422 412 461 451 END
START -15040 7400 928 -541 1005 -56 647 422 412 461 449 END
START -15332 7308 768 -757 -568 174 648 421 411 460 449 END
START -14824 7176 1076 -1192 -1883 313 648 421 411 460 448 END
START -13464 7464 516 -1020 -1531 28 648 422 412 461 449 END
START -14284 6288 1204 -1178 -1463 -181 648 421 411 460 449 END
START -14712 6588 1872 -1264 -1333 238 648 420 412 461 450 END
START -14052 7040 2076 -980 -776 367 648 421 412 461 449 END
START -12828 7696 1560 -621 129 569 648 421 411 460 450 END
START -12948 8132 1052 -275 496 625 648 422 412 461 449 END
START -10948 9128 -1176 -237 739 636 648 422 411 460 449 END
START -13256 7800 -1108 -573 285 275 649 421 412 461 449 END
START -13864 6928 -628 -1180 219 -283 648 421 411 461 450 END
START -12872 6024 -748 -1285 2033 -1053 648 421 411 460 450 END
START -12372 5916 52 -1486 5312 -1640 648 421 412 461 450 END
START -10624 5016 468 -1682 11019 -3294 648 422 412 460 450 END
START -7832 3900 -1648 -1072 20749 -5048 648 422 413 461 450 END
START -9928 3740 -1788 110 32145 -5219 648 417 414 461 450 END
START -12236 5688 -2548 673 32767 -4877 647 422 414 461 450 END
START -13920 5972 -3952 883 32767 -5108 647 423 414 461 452 END
START -12820 5900 -7344 624 32767 -7217 645 422 414 461 450 END
START -14012 6736 -9132 393 32767 -8337 645 421 414 460 449 END
START -12028 6600 -13004 364 32767 -7992 644 421 414 459 450 END
START -13508 6496 -15080 -85 32767 -7753 644 421 414 459 450 END
START -13844 7404 -14376 -389 32767 -6734 643 418 413 459 450 END
START -11660 7368 -15056 -627 32767 -6115 641 418 413 457 450 END
START -11804 6092 -17468 -1476 32767 -4951 641 416 413 455 449 END
START -13304 6016 -18104 -2048 32638 -608 641 416 414 453 449 END
START -13448 6060 -15292 -548 14483 -104 640 414 414 452 449 END
START -10180 4240 -15568 -210 2318 436 639 415 414 451 448 END
START -6972 3832 -18284 -489 -1980 -14 639 408 415 450 449 END
START -8052 3920 -18092 -1436 -1555 -64 638 415 416 448 449 END
START -10184 3736 -16016 -2249 -752 290 638 415 418 447 449 END
START -8292 3048 -15324 -2425 -49 461 638 415 417 448 449 END
START -9832 3844 -12688 -2355 -2039 344 638 415 417 448 449 END
START -12236 4700 -10940 -2228 -6118 509 638 415 417 448 449 END
START -9676 5224 -12636 -1465 -10579 999 639 416 418 448 450 END
START -10436 5708 -12940 -413 -15787 1704 640 416 418 448 448 END
START -10084 6300 -13180 448 -19915 2505 640 416 418 450 449 END
START -9916 5792 -13484 1496 -24132 3049 641 416 418 451 448 END
START -10832 6656 -15412 1943 -27810 2858 641 416 416 453 446 END
START -8944 6312 -18212 1446 -28552 2546 642 417 416 455 445 END
START -10464 6852 -17864 172 -27768 3463 643 416 415 456 444 END
START -13484 5496 -13956 -404 -28866 4324 643 416 413 457 444 END
START -13536 5228 -13792 -1146 -31806 4619 644 416 412 458 444 END
START -14684 4916 -12844 -2119 -32768 5197 644 415 411 459 445 END
START -16860 5000 -12232 -2441 -32768 6770 645 414 409 460 445 END
START -18456 4816 -9420 -3162 -32768 6968 645 413 408 460 445 END
START -17156 4708 -9428 -3940 -32768 6034 645 413 410 460 446 END
START -17764 5480 -6452 -4903 -32768 5654 648 413 405 459 445 END
START -15596 5328 -7536 -5859 -32768 6941 647 414 404 459 446 END
START -17240 4960 -3800 -6509 -32768 7255 647 413 403 459 446 END
START -13884 5276 -1800 -5659 -32768 5159 650 414 403 460 449 END
START -11992 5788 -48 -5184 -32768 5285 648 413 402 460 447 END
START -15560 5912 3720 -4746 -32768 6262 649 413 401 461 447 END
START -15440 4844 3048 -5404 -32768 7112 650 414 400 461 447 END
START -12644 7100 5836 -5651 -32768 6016 650 414 399 461 446 END
START -8436 7888 7148 -5216 -32768 6041 650 414 399 461 445 END
START -2588 7160 5456 -3906 -32251 5299 650 415 399 461 446 END
START -5884 7696 8896 -2738 -27802 6432 651 415 400 461 447 END
START -6052 8668 9692 -3471 -25381 5280 651 415 399 461 447 END
START -224 8528 7332 -3665 -22001 3411 651 416 399 462 447 END
START -1140 7752 8420 -2526 -16279 3433 651 416 400 461 446 END
START -2740 7524 10280 -2970 -10847 2371 651 418 399 461 448 END
START -4 5920 8864 -3150 -5870 958 651 417 401 462 447 END
START -116 4576 9664 -2790 46 655 651 418 404 464 448 END
START -1212 4772 10932 -2083 6732 61 652 418 406 465 448 END