START -14396 6760 1184 -902 -822 262 649 412 405 459 446 END
START -14344 6712 1216 -911 -932 235 650 412 402 458 448 END
START -14420 6960 1284 -930 -1107 324 648 412 406 458 447 END
START -14584 6888 1492 -1022 -1714 434 650 412 405 459 447 END
START -14328 6828 1252 -1017 -2172 449 650 412 406 458 447 END
START -14200 6860 1504 -795 -2341 714 650 412 406 458 447 END
START -14648 6588 1508 -743 -3219 613 650 412 407 458 447 END
START -14356 6872 2068 -879 -4071 1040 649 412 407 459 447 END
START -12324 7404 1008 -728 -2908 590 650 413 408 459 448 END
START -10944 6160 -84 -480 242 -720 650 412 408 458 449 END
START -11852 5272 652 -284 4843 -1558 650 412 408 459 448 END
START -12484 5212 1912 101 8568 -1959 650 413 408 459 448 END
START -15196 5476 2460 400 9659 -1322 651 413 409 458 448 END
START -17624 6740 3872 505 7535 -606 650 413 409 458 449 END
START -16084 6944 3008 148 5177 -459 650 412 409 458 449 END
START -11452 6828 140 -261 7601 -1632 650 412 409 458 449 END
START -5508 6184 -3908 -190 18422 -4558 650 413 408 457 449 END
START -3816 6636 -7164 1041 32767 -7414 651 413 409 456 449 END
START -7696 7364 -8732 1844 32767 -7576 649 412 408 455 449 END
START -14072 6200 -9516 2023 32767 -6778 649 412 407 454 449 END
START -17056 5040 -9064 1541 32767 -8478 647 411 407 453 449 END
START -13040 3956 -11948 1808 32767 -10288 647 411 407 453 449 END
START -13544 6092 -10104 1876 32767 -10929 646 410 408 452 447 END
START -11484 3492 -19204 452 32767 -6932 644 409 407 449 450 END
START -19708 2572 -14292 -262 32767 -4055 642 408 403 448 450 END
START -17880 2524 -13440 509 32767 -2828 642 404 407 448 450 END
START -16920 2164 -11952 1403 15636 -159 640 405 407 447 450 END
START -12944 1600 -12608 1963 2597 -444 639 405 407 447 450 END
START -6984 1508 -16524 1148 -2178 -1310 640 405 408 447 450 END
START -10368 2472 -14304 355 -699 -1082 639 405 409 447 451 END
START -10068 4268 -14260 -352 762 -474 639 406 409 447 451 END
START -10992 4592 -13468 -310 146 692 639 405 409 447 451 END
START -9116 5216 -13584 50 -1886 603 639 406 410 448 451 END
START -7768 5780 -15080 526 -1555 600 639 406 412 448 451 END
START -8396 5208 -16468 908 -1247 -73 639 406 411 446 451 END
START -7268 4396 -17912 1034 -1874 -399 639 406 411 448 450 END
START -12804 3440 -14504 674 -5533 -197 638 407 411 448 451 END
START -12136 2208 -15316 415 -11984 -127 640 407 411 449 450 END
START -14120 1684 -12792 -11 -18929 556 640 407 412 449 452 END
START -13088 1428 -13208 -314 -23738 1327 640 407 412 449 451 END
START -14096 1988 -12844 -609 -26963 1913 640 407 410 450 449 END
START -12328 3944 -13120 -1006 -26530 3169 641 406 408 451 447 END
START -13728 4668 -11624 -1536 -26679 4377 643 406 407 452 446 END
START -14344 4872 -11280 -2218 -28138 5671 643 405 405 453 446 END
START -14484 5368 -11940 -3534 -28753 7421 644 405 405 455 447 END
START -15824 4928 -7900 -3885 -29960 7735 645 404 403 456 445 END
START -13868 5496 -7932 -4042 -29926 7456 646 403 402 456 446 END
START -16312 6500 -5692 -3850 -30664 8310 646 403 402 457 446 END
START -17380 6892 -6796 -3686 -32768 10679 646 403 400 457 445 END
START -19436 5828 -4388 -3819 -32768 10267 647 402 399 456 445 END
START -14676 6472 -5940 -4473 -32768 9837 647 403 398 457 445 END
START -16632 7496 -3468 -5265 -32768 11959 647 403 397 456 445 END
START -17156 5912 -1500 -4017 -32768 12783 648 404 398 455 444 END
START -16556 6860 -2440 -4371 -32768 12153 649 405 398 455 445 END
START -14160 7232 -132 -5030 -32768 10741 649 406 396 454 444 END
START -9408 7484 -1628 -5115 -32768 9718 650 407 397 455 444 END
START -8040 6900 1348 -3701 -32768 8491 649 407 398 455 444 END
START -7576 8820 4356 -3900 -32768 8795 649 407 396 455 444 END
START -4220 7004 4060 -4559 -32768 8224 651 407 398 455 441 END
START -3420 7112 6484 -5279 -32768 6216 651 408 399 454 444 END
START 1296 6120 6444 -5478 -32128 4163 651 409 400 457 444 END
START 1472 5440 8740 -5018 -20869 2965 652 407 402 456 444 END
START 2020 4704 10508 -3885 -9118 1513 651 409 403 456 444 END
START -2140 6180 14164 -3029 507 1028 652 411 403 457 444 END
START -900 7060 12744 -2151 6724 230 652 411 403 457 443 END
START -528 8884 12736 -1679 9314 -904 652 411 403 458 445 END
START 2084 9260 9284 -1247 12758 -2384 652 411 404 458 445 END
START -1172 8796 10584 -557 18103 -3701 653 411 403 458 446 END
START -1664 6812 8736 74 24287 -4598 651 411 404 458 446 END
START -4232 5896 8740 228 27973 -4967 651 411 404 458 446 END