START 3972 7452 12688 -2054 11084 -1355 624 378 373 407 385 END
START 4280 7248 12232 -2080 12459 -1626 625 379 372 407 384 END
START 4712 6884 12116 -2575 17706 -2504 627 375 372 405 379 END
START 3056 6740 12520 -2787 21872 -2992 624 375 371 402 379 END
START 1008 7072 13232 -3140 24163 -2954 623 374 370 403 379 END
START 128 6516 12856 -3159 24795 -3245 622 374 371 399 378 END
START -108 7092 12072 -3361 28029 -3291 621 371 372 403 377 END
START -1948 6972 11832 -3431 30417 -3655 622 372 370 402 378 END
START -4476 5652 12308 -3631 31168 -4166 603 371 370 403 362 END
START -2792 4284 9896 -3742 32767 -3773 619 371 362 400 378 END
START -4556 5632 10292 -3819 32767 -3574 621 371 371 402 379 END
START -6012 5136 10536 -4069 32767 -3160 619 373 372 401 379 END
START -5348 4412 7868 -4278 32767 -3744 621 371 372 400 379 END
START -3172 5232 7788 -4818 32767 -5022 618 372 372 399 380 END
START -6476 3476 5092 -5841 32767 -5009 617 371 374 400 379 END
START -12968 1260 3500 -5258 32767 -4871 618 372 372 401 379 END
START -19536 1980 6036 -3695 32767 -5544 616 372 373 401 382 END
START -17452 2544 3016 -2411 32767 -5621 617 372 372 402 381 END
START -23820 6104 4960 -1185 32767 -4690 617 371 374 403 381 END
START -17984 6916 -1296 -801 29828 -3763 618 372 375 401 382 END
START -21968 3424 1512 -345 19278 -2926 618 373 375 399 382 END
START -25116 3288 3784 -42 10391 -2344 618 373 376 401 382 END
START -18968 1652 -1996 -560 5246 -1523 618 372 374 399 382 END
START -21100 1700 -728 -802 393 -728 618 372 375 399 381 END
START -20000 2336 -2016 -780 -6205 334 618 374 377 400 382 END
START -21860 2812 272 -543 -15203 1205 618 374 377 400 383 END
START -22284 2708 624 -89 -24137 2647 619 375 377 400 384 END
START -13904 4140 -1848 59 -30095 3037 620 375 377 400 384 END
START -11140 5468 8 -200 -20626 3228 620 374 375 399 384 END
START -7872 6348 -1448 -395 -9740 2945 620 375 376 398 383 END
START -15716 7668 5900 38 -7647 4156 621 376 377 400 385 END
START -20020 6208 7756 1507 -15496 4918 621 375 378 399 383 END
START -20972 5800 10028 2906 -28064 4392 621 376 379 401 385 END
START -9448 5300 6652 3306 -23502 2854 621 377 378 401 384 END
START 684 4448 3664 2275 -3308 1251 621 378 377 400 384 END
START -3492 4748 4664 1047 16952 -172 621 378 379 401 385 END
START -3764 2600 12 8 32099 -1450 621 380 380 401 386 END
START -11568 3572 3304 -251 32767 -2368 621 378 379 402 389 END
START -15032 3256 2744 -380 32767 -3620 622 378 379 403 386 END
START -16888 2248 728 -443 32767 -4307 623 380 388 406 387 END
START -13500 2260 -5624 -222 32400 -3981 623 378 378 401 387 END
START -20084 3276 -1792 13 21590 -3742 622 378 380 402 386 END
START -22192 2264 -288 -220 13623 -3003 622 377 381 402 385 END
START -17896 5100 -4424 -500 7934 -2643 623 372 380 401 386 END
START -16756 5592 -5520 -928 3757 -2048 623 374 379 401 387 END
START -18020 6412 -5132 -853 -3333 -625 623 377 389 402 387 END
START -18092 6268 -3308 -864 -10122 -204 623 380 381 401 386 END
START -15732 4344 312 -1423 -8887 256 623 377 380 402 387 END
START -14180 4964 528 -2023 -4805 224 623 377 380 401 387 END
START -19008 4260 3108 -2460 -24 392 624 379 383 402 387 END
START -20836 4644 4076 -2410 -424 559 623 378 381 402 386 END
START -13960 4664 -2444 -1885 -3326 799 622 378 382 401 385 END
START -20628 4868 5028 -1445 -6176 750 623 377 381 403 386 END
START -20964 4508 5440 -1193 -5342 846 624 377 381 402 387 END
START -13656 3564 1208 -1114 -3135 679 624 379 383 402 390 END
START -12840 3352 -264 -1101 -206 638 624 380 380 400 386 END
START -12500 2912 -1464 -872 -161 512 624 379 382 402 388 END
START -14784 3048 280 -513 -1923 578 625 378 381 402 389 END
START -14784 3168 -284 -241 -3719 604 625 380 380 400 389 END
START -14840 3160 392 -194 -3732 546 625 379 382 403 389 END
START -16196 3420 604 -240 -1895 503 625 379 381 402 387 END
START -13608 3180 -1360 -270 -721 475 626 380 382 401 390 END
START -20632 3804 2452 -294 -2226 537 627 380 381 403 389 END
START -22588 4120 4500 -178 -4588 677 626 380 381 404 388 END
START -15004 3408 -1052 -309 -5645 889 627 382 382 404 389 END
START -10660 2196 -4000 -285 -5829 986 628 381 381 406 388 END
START -12052 2712 -3760 -145 -6420 1020 627 382 381 405 389 END
START -14412 2008 -1668 -59 -10617 1545 628 381 381 408 388 END
START -22988 3400 2628 385 -17271 2378 629 382 381 406 388 END
START -19692 3276 3124 371 -20239 2105 629 381 379 407 388 END