START -16868 6820 5080 1407 19398 -390 654 406 401 446 440 END
START -18892 7156 5444 1192 16572 335 654 407 400 447 440 END
START -20848 6992 4900 175 4710 991 654 407 400 447 440 END
START -16672 6472 3752 -589 -3664 9 654 407 401 446 441 END
START -12332 6268 2288 -842 -4071 71 654 408 401 447 441 END
START -8344 5232 1260 -886 2954 -1788 654 407 402 446 441 END
START -6492 5848 496 69 16231 -3651 655 408 402 447 441 END
START -9540 5168 1828 379 25920 -3619 654 408 401 447 441 END
START -16044 6188 2560 1040 27845 -1970 655 407 400 446 440 END
START -20916 7332 2660 1121 17910 -617 654 406 397 445 441 END
START -19308 7140 332 545 5338 -816 653 406 401 445 441 END
START -15828 6436 -1920 167 -1582 -1294 654 403 401 445 441 END
START -14880 6132 -2484 -348 -2943 -1292 650 405 400 446 441 END
START -8732 4404 -5620 -649 4031 -3516 654 405 401 446 441 END
START -10340 4276 -3324 -141 15443 -5122 655 405 401 446 441 END
START -15404 4460 -2636 236 23165 -3645 654 405 400 445 441 END
START -19692 4628 -1048 12 18042 -1357 653 406 402 445 441 END
START -18196 4284 -1016 -1023 10035 -2665 654 403 400 446 441 END
START -8104 2768 -5052 -1262 14598 -7072 654 406 400 446 440 END
START -2140 1504 -8480 -663 32767 -9584 654 406 400 445 441 END
START -8008 2816 -8212 -173 32767 -9482 654 404 400 444 441 END
START -13276 5672 -7320 253 32767 -7794 653 406 396 443 441 END
START -15896 4640 -14272 -1559 32767 -5521 652 404 399 438 442 END
START -22632 4280 -10924 -1323 32767 -3798 650 404 399 440 438 END
START -19268 4268 -9200 104 32767 -2519 650 402 399 440 442 END
START -14344 4488 -12216 779 25084 -222 648 400 399 439 443 END
START -11880 5580 -12524 838 14729 972 647 401 400 439 443 END
START -11024 4708 -12248 1600 6515 769 644 401 399 438 443 END
START -7032 6252 -16448 952 4620 867 645 400 400 439 443 END
START -5944 5828 -18640 166 6836 661 644 401 400 438 444 END
START -9868 3636 -18544 -994 6974 493 643 399 400 438 444 END
START -11868 2824 -15712 -1553 2904 571 642 400 401 439 445 END
START -11568 2044 -13868 -1537 -2424 -56 642 400 402 438 445 END
START -10332 2204 -14928 -1659 -4321 -905 642 400 402 439 444 END
START -13180 2124 -13448 -1886 -5713 -972 642 401 403 440 444 END
START -13320 2792 -13748 -2052 -8053 -672 643 400 403 440 445 END
START -14784 3624 -12120 -1659 -14404 493 644 401 404 441 446 END
START -14652 3904 -10612 -941 -22700 1380 644 401 403 441 444 END
START -13740 4536 -11728 118 -27959 2701 645 401 403 440 442 END
START -13088 5060 -13172 575 -29628 3168 645 402 402 440 440 END
START -12220 5204 -14528 120 -29245 3620 645 402 401 440 438 END
START -11532 5276 -14244 -711 -27153 4353 646 403 400 441 436 END
START -9952 5440 -13380 -1418 -25204 5123 647 403 400 441 435 END
START -13384 6692 -11056 -1814 -24897 6702 647 403 397 441 434 END
START -15808 6720 -10464 -1870 -28609 7571 647 403 397 442 433 END
START -13332 6504 -11508 -2095 -32383 6941 648 403 396 443 433 END
START -13084 7760 -10284 -2634 -32768 7045 648 402 395 442 432 END
START -13312 7832 -8984 -3625 -32626 7815 649 402 394 442 432 END
START -14704 7220 -8444 -5458 -32768 9289 650 401 394 441 431 END
START -18228 6588 -6060 -3515 -32768 10266 650 402 392 441 431 END
START -17804 6596 -6716 -5626 -32768 9835 651 402 390 440 431 END
START -13988 6404 -6728 -6986 -32768 8242 651 402 390 440 431 END
START -11892 5344 -4944 -6563 -32768 9229 651 403 391 441 431 END
START -13056 6104 -2292 -6004 -32768 9179 651 403 391 440 430 END
START -12852 6592 136 -6652 -32768 9761 651 404 391 441 431 END
START -13380 6476 2552 -6699 -32768 10558 652 405 391 442 431 END
START -12848 5448 3552 -7367 -32768 11584 652 405 391 441 432 END
START -6776 4828 2236 -7795 -32768 9790 652 406 393 442 431 END
START -1196 5320 4912 -7693 -32768 8338 652 407 394 441 432 END
START 4008 3168 8776 -7576 -32768 7286 652 407 394 441 432 END
START 12664 3868 7124 -6157 -26122 4310 652 407 394 441 432 END
START 13644 4464 8576 -4401 -2360 1880 652 407 396 442 433 END
START 4276 5676 13444 -2406 15851 -1729 652 407 395 443 434 END
START 3668 7040 12456 -1054 26844 -4434 653 407 397 442 435 END
START 1388 7744 11516 2 31508 -5127 653 407 397 444 435 END
START -2832 8304 10628 -145 31663 -6236 653 408 397 444 438 END
START -5484 5716 9176 126 31992 -7587 654 408 398 443 435 END
START -7240 5924 10076 -444 30637 -8139 653 408 398 443 435 END
START -7504 5928 10248 -272 30772 -6743 653 408 399 443 435 END
START -8376 6032 10388 -497 32676 -5137 650 409 400 444 435 END