START 2128 11144 7372 269 -3624 1198 504 634 409 445 453 END
START 1884 10880 7308 82 -4137 730 504 634 408 444 453 END
START 2116 11636 7468 -886 -5259 718 505 635 410 445 453 END
START 3104 11480 8972 -1303 -4996 322 506 635 409 444 453 END
START 3956 11668 9156 -1485 -3376 39 508 636 409 445 453 END
START 3360 11936 8652 -1680 -1658 -74 507 637 409 445 453 END
START 2804 12372 8824 -1993 -930 151 508 637 410 444 453 END
START 3008 12104 8576 -2139 -1349 -98 508 637 411 445 453 END
START 3056 11324 9140 -2156 -1648 -191 508 636 410 440 454 END
START 2672 11752 10592 -2117 -877 -80 508 637 411 445 450 END
START 2624 12312 10920 -1612 361 -86 509 637 411 445 454 END
START 2580 12916 9372 -1603 -9 23 507 637 411 445 455 END
START 3284 13556 9060 -1704 -228 112 508 638 411 445 453 END
START 3572 12904 9260 -1742 -317 307 508 637 411 445 454 END
START 3720 13528 10732 -1530 -607 424 508 637 412 444 454 END
START 4272 13732 9732 -1518 -1209 122 508 638 411 445 454 END
START 2672 13104 11280 -1449 -169 -53 507 638 411 445 454 END
START 1520 13012 11200 -1577 522 -119 507 638 411 445 454 END
START 5216 12208 8408 -1601 -132 -13 507 638 411 445 454 END
START 4292 13112 10060 -1496 -1488 66 507 639 411 445 454 END
START 5828 13816 10676 -1311 -804 -449 506 638 411 445 455 END
START 7840 13736 5900 -1810 1690 -1433 504 639 410 445 454 END
START 5092 13064 10036 -1800 3587 -2704 503 639 409 445 456 END
START -676 12556 15372 -717 1518 -2238 501 639 409 444 456 END
START 836 12048 14080 1003 -2227 -2723 500 638 408 444 456 END
START 5756 11876 10596 2447 -2628 -4200 498 629 407 444 456 END
START 4312 13492 4816 386 -70 -5023 494 622 406 443 456 END
START 7872 10576 2408 -2379 4025 -8622 492 623 404 444 457 END
START 2072 8060 12520 -2501 7981 -7245 492 619 403 444 457 END
START -2192 10412 14260 -1163 7832 -6224 490 608 399 442 456 END
START -696 11644 10440 -1321 7369 -8147 486 590 398 442 456 END
START -544 9436 8356 -2796 6468 -10887 487 568 395 441 456 END
START 1276 6408 4428 -5856 6781 -11682 487 560 395 440 458 END
START 3288 5192 6968 -7422 9974 -11522 485 561 394 439 458 END
START 12 7120 8976 -8123 15587 -6997 485 550 391 439 457 END
START -6448 8392 11256 -8378 18202 -6843 484 528 387 437 456 END
START -6232 9588 10152 -9609 17645 -8793 480 507 385 436 455 END
START -5500 8624 9192 -11011 17172 -8075 478 497 383 434 454 END
START -4764 7284 8772 -10911 18330 -7473 476 492 380 434 454 END
START -7696 8144 10060 -10926 18348 -5737 475 487 378 434 454 END
START -9560 8196 10544 -10905 15938 -5356 475 483 377 434 454 END
START -9556 7232 9988 -10381 13610 -5334 474 480 375 434 453 END
START -9116 7488 10376 -9333 11468 -4159 475 478 375 434 454 END
START -9200 7512 12000 -7971 10549 -3321 476 478 375 434 453 END
START -8304 7844 12040 -6858 12417 -2924 478 476 375 434 454 END
START -8124 8984 12100 -6015 15204 -2539 480 476 376 434 454 END
START -7748 9104 11752 -5629 18492 -1913 481 476 376 434 454 END
START -8372 9184 10888 -5608 23200 -965 481 477 376 435 455 END
START -9592 9176 9724 -5151 27627 -166 482 477 378 434 454 END
START -9568 8748 7628 -5025 30419 303 482 478 377 434 455 END
START -11308 9004 7180 -4629 31401 1461 482 480 376 435 454 END
START -11612 9152 4564 -3579 31235 2723 485 480 380 434 454 END
START -13996 11076 5756 -3265 29082 4951 483 483 381 435 454 END
START -15436 10684 4948 -3046 25889 5869 483 485 381 434 453 END
START -14220 10476 3768 -2344 22980 7797 482 487 382 434 453 END
START -15328 10672 3940 -1892 19648 8584 481 491 385 434 451 END
START -14092 10848 3432 -1541 15617 8876 483 495 385 434 451 END
START -15460 12392 3952 -1842 10144 10058 484 501 386 433 451 END
START -15504 10840 2400 -2380 2904 11728 487 514 388 433 450 END
START -13368 9044 1392 -1855 -823 10845 488 532 391 435 450 END
START -11916 11284 3292 -800 -3222 10261 487 553 395 435 451 END
START -13584 12444 5284 -930 -10450 12217 492 577 398 436 451 END
START -10000 9596 2376 -297 -16879 11967 495 592 401 436 453 END
START -10480 10952 4576 1471 -22048 10626 498 603 403 436 455 END
START -10376 12180 4500 2525 -30036 10119 502 609 404 436 457 END
START -10172 12436 6096 3525 -32768 8595 504 612 405 436 457 END
START -5008 12496 2296 3014 -32768 6569 507 616 405 438 457 END
START -3728 12180 2940 2514 -32768 5269 508 619 405 439 458 END
START -1992 13588 3376 1046 -32481 4313 510 620 406 439 459 END
START 1856 12636 1708 -1005 -24294 2440 511 621 406 439 460 END