START -10056 7764 10900 -534 -2298 440 510 567 452 491 465 END
START -9624 7744 10416 -454 -2672 330 508 567 451 492 463 END
START -9612 7556 9856 103 -3710 -520 506 568 450 492 464 END
START -7800 8012 9332 -214 -3505 -272 504 568 450 491 464 END
START -7500 7600 9532 -153 -2234 -498 503 570 450 491 464 END
START -6620 7500 9416 -64 -759 -1260 502 570 448 491 463 END
START -6480 7640 10136 52 1636 -1635 501 570 450 492 463 END
START -6056 7292 9884 381 3484 -2852 501 571 449 490 463 END
START -6792 7044 9340 165 5366 -3533 500 573 447 490 467 END
START -7772 8096 9332 35 6598 -3867 500 575 448 489 462 END
START -8360 8196 7828 132 5733 -4653 497 576 449 489 462 END
START -8340 7164 8424 17 3234 -5642 500 579 448 489 463 END
START -8364 6448 7816 -323 2355 -6309 501 581 448 489 462 END
START -10384 5940 7856 -1028 2557 -6547 500 583 448 489 462 END
START -11072 5792 7924 -1677 1504 -7886 498 583 448 489 462 END
START -6428 5492 7144 -1926 1098 -10186 497 585 448 488 463 END
START -3132 6048 7292 -2291 3812 -11649 495 592 449 488 462 END
START -3036 7348 5208 -2528 10730 -10803 493 596 445 485 461 END
START -2344 6636 6548 -3550 15562 -10527 491 602 444 486 461 END
START -14016 6368 11308 -4777 14749 -10408 492 606 444 485 461 END
START -11884 3920 6876 -5608 10747 -11001 492 605 444 486 461 END
START -20484 4480 10196 -6978 3040 -11117 497 603 441 483 462 END
START -16416 2492 4876 -8854 -1557 -9853 501 597 440 482 452 END
START -21636 1296 6912 -11132 -5093 -8273 508 588 440 480 465 END
START -18804 -740 4944 -12490 -7512 -6897 509 579 439 479 458 END
START -22124 108 10668 -12187 -10226 -4184 514 572 438 478 458 END
START -12400 308 5368 -12625 -9612 -1092 517 570 436 475 458 END
START -15608 2592 10732 -11943 -6706 1390 520 567 438 474 457 END
START -8384 1124 8628 -10522 679 3811 519 564 437 472 457 END
START -5700 -732 10896 -9032 7935 4864 518 560 437 469 458 END
START -1736 -588 4196 -6937 14190 5993 522 551 437 468 456 END
START -9856 716 10076 -4872 16918 7568 518 543 437 469 456 END
START -21304 2256 14156 -2259 17307 8579 519 535 437 469 457 END
START -13372 2188 8124 462 19045 9105 518 532 438 470 457 END
START -6044 2616 3292 2843 20083 9391 518 528 439 471 457 END
START -7708 3908 3664 3367 22164 9956 517 528 440 473 457 END
START -7384 3716 632 4401 24871 10336 515 529 441 471 456 END
START -8740 4692 -1180 4810 23815 10845 515 534 443 473 458 END
START -12860 4832 648 5128 19199 11352 514 539 444 475 458 END
START -16772 6300 3248 4555 16016 10718 514 545 444 477 460 END
START -17780 6820 4612 4209 14555 10403 513 547 450 478 462 END
START -19580 7396 5152 3509 12969 9688 511 550 447 480 463 END
START -16840 7180 3332 2779 8832 9125 510 552 448 480 462 END
START -15812 7332 3512 2317 4232 8115 508 555 448 483 465 END
START -15516 7652 3996 1743 1001 6902 508 556 448 484 469 END
START -16808 8084 6232 1694 66 6096 510 558 449 487 467 END
START -14416 8792 5712 1531 565 4995 509 561 448 487 468 END
START -9680 7680 548 852 -95 4242 512 561 449 487 468 END
START -16824 7676 4352 829 -2316 3346 509 562 449 490 470 END
START -13036 7400 2752 598 -5151 1697 509 564 449 489 470 END
START -16308 8608 5824 155 -5680 897 509 566 448 484 470 END
START -9520 7140 1184 -331 -4773 -139 509 564 450 489 472 END
START -15016 7064 4376 -773 -2877 -1101 509 565 449 490 471 END
START -5844 5240 -3004 -749 -1306 -2595 508 566 449 490 472 END
START -9484 6064 -456 -1780 -1410 -2709 498 566 447 489 471 END
START -21784 7064 7472 -2212 -1909 -3039 504 566 447 488 471 END
START -7632 5052 -2236 -2495 -886 -3617 502 565 446 486 470 END
START -15564 6144 3848 -2622 -2099 -4560 501 563 443 482 469 END
START -21740 6660 8184 -2912 -2580 -4552 498 560 440 480 466 END
START -17880 5856 4776 -3425 -1634 -4844 497 558 439 478 467 END
START -14016 4716 1048 -3952 -1980 -4892 496 559 437 477 464 END
START -15908 4088 2192 -4508 -3915 -4895 496 561 437 476 465 END
START -12748 1024 844 -4363 -4014 -4341 496 575 436 479 467 END
START -11364 960 280 -2086 154 -1262 495 581 440 480 468 END
START -14064 3876 3280 -396 5930 -1451 497 581 441 478 467 END
START -15320 5908 4332 -192 6000 -1216 496 577 439 478 471 END
START -19948 6048 4544 -539 4141 -59 499 577 440 477 465 END
START -16984 4280 2148 -805 1121 260 495 577 439 476 466 END
START -16624 4908 2056 -770 -428 572 497 577 441 477 466 END
START -13968 5044 1896 -799 -486 609 496 578 440 476 466 END