START -496 10620 10792 -1688 -674 -1003 500 582 391 427 432 END
START -272 10580 10824 -1889 -998 -1116 501 583 393 426 434 END
START 124 10376 10168 -2207 -957 -1041 500 575 391 427 433 END
START -348 10176 10832 -2303 -135 -815 502 582 392 426 433 END
START -1636 10640 11920 -2218 380 -860 501 583 392 427 433 END
START -1920 10704 12176 -1966 215 -1079 500 583 392 427 433 END
START -2244 11416 12168 -1765 -92 -690 501 583 394 428 433 END
START -1188 10996 11268 -1696 -1904 -719 500 584 394 428 433 END
START -1360 10264 12232 -1175 -2321 205 500 583 396 427 433 END
START -1076 11356 13068 -638 -1596 586 500 584 394 428 433 END
START 16 12072 11620 -157 -411 312 500 583 396 428 434 END
START -224 13032 10940 100 25 226 500 584 394 428 434 END
START -172 12812 10168 129 -315 -56 499 584 395 427 433 END
START -924 12984 9776 -431 -2586 -620 497 585 394 428 433 END
START 1144 10392 9328 -441 -4467 -1957 496 585 394 427 433 END
START 2352 10816 9716 -233 -3305 -988 495 586 394 427 432 END
START 1944 11004 9848 -310 -1892 -1325 491 586 394 427 433 END
START 668 11896 9448 -786 -1890 -2092 489 586 392 426 431 END
START -856 11880 10140 -1358 -855 -2473 485 584 392 426 431 END
START -2936 11936 11628 -2035 -3201 -2829 478 587 392 425 430 END
START 912 10796 9776 -2536 -4786 -5252 475 589 391 425 429 END
START 2924 8988 11756 -1828 -1604 -5688 476 591 384 426 430 END
START 900 8492 15128 -305 5259 -5531 477 590 392 425 430 END
START -5864 7076 16808 1542 8323 -3434 473 588 392 426 431 END
START -7664 8132 13072 1349 2151 -4765 465 587 393 425 431 END
START -640 10568 9172 46 -44 -9091 462 585 391 425 431 END
START 3292 6500 4908 -3723 4494 -9699 464 587 389 425 432 END
START 1052 3204 10036 -3305 11625 -6350 464 586 388 425 432 END
START -7648 6384 12532 -2375 12927 -1580 464 585 388 425 432 END
START -13968 9632 14444 -2911 9427 -3645 464 581 385 423 432 END
START -7780 8816 11176 -4051 4828 -6699 465 577 383 423 432 END
START -4240 7092 9176 -5351 3536 -7268 465 573 381 421 431 END
START -2684 5576 8068 -6999 5636 -6852 467 567 381 420 431 END
START -3076 6584 8644 -6600 7462 -5391 471 555 380 419 431 END
START -6832 7540 10920 -7492 7479 -5943 470 534 377 419 431 END
START -7672 8228 11684 -7574 5361 -4412 472 526 376 419 432 END
START -7360 7308 12008 -7724 3999 -4269 474 514 375 419 432 END
START -5000 6932 10980 -6668 3567 -3997 474 509 375 418 432 END
START -5152 7604 12376 -6166 3504 -2772 476 506 375 420 432 END
START -4696 7372 12796 -5394 4582 -2629 477 502 374 417 432 END
START -4904 8016 12736 -4999 6576 -2284 476 499 375 421 432 END
START -4756 7632 12664 -4517 9202 -2058 478 497 375 422 432 END
START -5180 7648 12968 -4716 12321 -1955 478 495 375 421 432 END
START -5364 7676 11760 -4557 16193 -1565 479 494 377 424 432 END
START -7100 7336 11072 -4686 18900 -1180 479 493 375 422 431 END
START -9388 7876 11708 -4668 19693 -2 479 493 376 422 432 END
START -10740 8028 11712 -4078 20278 849 480 494 376 422 433 END
START -10104 9152 10288 -3824 21283 1839 481 496 377 422 433 END
START -10176 8200 9068 -3194 22457 2590 481 495 376 422 433 END
START -11488 9096 9284 -2277 22508 4571 482 496 378 424 434 END
START -12824 8196 7068 -1036 21885 5953 483 498 378 423 433 END
START -13300 8080 5932 256 21303 7206 483 499 377 421 433 END
START -13984 8780 5348 452 19750 7652 484 501 373 422 433 END
START -13840 8496 4344 42 17693 7878 484 503 381 422 434 END
START -15800 7976 5848 -364 15103 8641 484 507 380 420 432 END
START -16236 7036 4996 60 11815 8788 483 514 383 421 433 END
START -15344 5104 3720 107 8174 9419 482 527 380 422 432 END
START -15424 6724 4648 -3 4207 10378 480 543 381 422 432 END
START -15616 8500 6300 -637 -140 11324 476 555 381 421 431 END
START -15328 8352 6436 -1526 -3351 11816 476 563 380 421 429 END
START -11304 7916 4752 -1871 -3396 11426 475 570 381 422 429 END
START -13356 7388 5344 -1872 -5864 11168 476 577 382 421 429 END
START -11668 9284 4748 -1860 -12836 11777 477 582 382 421 430 END
START -15248 9632 8060 -699 -25245 12555 481 586 384 422 428 END
START -13224 9532 7528 905 -32768 13096 484 588 385 422 428 END
START -8092 9596 6992 2484 -32768 11614 488 587 386 422 429 END
START -1616 11572 6032 2654 -32768 10102 490 589 386 422 428 END
START 3200 12912 5076 2094 -32768 8725 494 588 387 423 430 END
START 6796 13336 5020 719 -31464 7203 496 588 387 423 431 END
START 4448 13376 7292 -162 -20690 4638 499 588 388 423 431 END