START 2060 10748 10488 -2533 -320 -553 515 635 418 445 460 END
START 2472 10664 10404 -2458 -38 -578 516 639 420 445 459 END
START 2260 10812 10944 -2148 815 -500 514 638 420 446 460 END
START 1892 10964 11400 -1697 992 -414 515 638 420 445 460 END
START 1352 11128 11404 -1318 -102 -292 515 638 420 445 460 END
START 1468 11484 10952 -1167 -1184 -71 515 638 420 445 460 END
START 2000 11724 11468 -1233 -1858 -140 515 638 420 446 460 END
START 4056 12716 10152 -1440 -1369 -321 517 638 420 445 460 END
START 5340 11808 9592 -1647 82 -1226 513 638 419 445 460 END
START 3300 10948 11080 -1511 -283 -951 513 638 420 446 460 END
START 1760 11012 12952 -1115 -2356 -741 513 640 420 446 460 END
START 1864 12040 13140 -668 -4347 -602 512 640 420 446 460 END
START 2784 12576 11940 -481 -4904 -920 510 639 419 445 459 END
START 4912 13180 10500 -856 -4008 -1792 509 641 417 445 459 END
START 3620 11860 12972 -606 -1394 -2883 509 641 418 445 458 END
START 1808 10264 13908 37 -264 -3360 506 642 416 444 456 END
START 2604 9988 10828 334 -1515 -3542 505 639 414 444 459 END
START 3964 10584 6636 -1028 -2302 -4281 505 637 412 445 455 END
START 3452 9412 8852 -1906 1549 -5368 506 636 411 444 455 END
START -328 7940 14216 -1777 5944 -3861 504 634 410 444 454 END
START 76 8860 12440 -1270 7635 -3934 502 628 408 443 454 END
START -2584 10976 11052 -1883 8079 -3609 502 623 406 442 453 END
START -2312 9536 8172 -3511 5680 -4723 501 621 406 441 454 END
START -1380 5440 7864 -4831 5864 -4817 501 623 405 441 454 END
START -2892 7332 12872 -4465 6002 -3109 501 622 403 440 454 END
START -4804 9604 13192 -4703 4151 -1991 500 617 400 438 454 END
START -2120 9880 12872 -4878 5014 -3191 500 611 397 437 455 END
START 996 10096 11312 -5631 8747 -4018 500 602 393 436 454 END
START 124 8724 10224 -6130 11858 -5326 503 595 391 437 454 END
START 124 8732 10064 -6584 12883 -5301 498 588 388 437 455 END
START -3228 9336 10716 -6297 11358 -4365 497 576 386 437 455 END
START -4256 9676 11280 -6307 9691 -4058 495 559 383 436 454 END
START -2896 10096 10712 -5480 8882 -3636 494 542 381 436 453 END
START -3368 10388 11608 -5346 8452 -3560 494 528 380 437 453 END
START -2808 9468 11320 -4782 9628 -3820 492 516 379 437 453 END
START -1908 8384 10308 -4616 11964 -4748 490 509 379 438 452 END
START -1392 8840 9700 -4619 13676 -4673 488 501 376 437 453 END
START -4288 7788 9688 -5190 14800 -4799 487 492 377 438 452 END
START -5768 7560 9336 -5026 15359 -4263 486 492 374 437 451 END
START -7296 7164 9496 -4900 14327 -3870 485 488 375 438 451 END
START -7988 7284 9256 -4403 12342 -3210 484 487 375 438 451 END
START -9460 7532 11372 -4122 10648 -3307 483 485 374 438 451 END
START -8228 7500 10724 -3839 10093 -3015 485 485 375 438 451 END
START -7048 6364 10208 -3501 11271 -2764 481 482 375 439 451 END
START -7432 6580 10020 -3597 13356 -2378 480 480 375 439 451 END
START -9892 5260 9652 -3018 15883 -2449 478 478 373 439 451 END
START -10220 5948 9520 -3074 17288 -1285 478 476 376 439 451 END
START -11836 6476 10576 -3018 18910 -128 478 475 377 440 451 END
START -9648 6928 9248 -2956 21047 1483 477 475 378 439 453 END
START -11564 7836 10116 -2781 23906 2857 477 475 380 440 453 END
START -12856 7880 8392 -2247 26141 3501 476 475 380 440 453 END
START -15340 7636 8320 -1154 26416 5089 476 476 381 439 453 END
START -15088 7576 6504 233 25219 6503 475 477 382 439 454 END
START -15940 10132 6548 1387 23033 7686 476 479 383 439 454 END
START -13928 11416 5556 1338 21317 8975 477 479 383 438 454 END
START -12528 11240 3356 194 19144 10110 476 480 383 437 456 END
START -12124 9636 1208 -58 16171 11078 478 484 384 436 455 END
START -12580 9660 580 317 13560 10966 480 488 385 435 455 END
START -12740 11220 1068 -473 8887 11087 482 493 387 435 456 END
START -10584 10608 -700 -1553 3822 11926 485 501 389 434 456 END
START -12064 9684 360 -669 398 11384 488 515 391 436 457 END
START -14956 11124 3544 -593 -7266 11698 488 537 392 437 455 END
START -17580 9688 3964 -1347 -21827 13357 491 567 395 438 459 END
START -11692 7248 1624 52 -32768 13736 494 587 399 438 461 END
START -9576 6844 3012 1331 -32768 12063 495 597 401 439 462 END
START -6304 8000 2800 2304 -32768 8784 500 604 403 439 463 END
START -2404 9684 4284 2975 -32768 6009 502 605 403 439 463 END
START -884 11492 5964 2191 -32768 4340 499 606 405 440 464 END
START 612 10260 5812 445 -32768 3262 505 608 405 440 465 END
START 168 11756 7588 -1027 -31165 2029 506 609 402 441 466 END