START -4968 8536 12296 -597 1490 -696 491 564 434 471 464 END
START -5124 8640 12112 -545 1111 -648 491 564 433 470 465 END
START -5404 8480 12644 -288 110 -462 487 562 432 467 462 END
START -5072 8668 12460 -144 -268 -294 486 566 431 465 460 END
START -4832 9160 13212 265 42 60 483 565 427 460 456 END
START -4280 9208 12740 468 393 61 481 567 426 457 453 END
START -3984 9016 12264 463 923 123 481 568 424 454 450 END
START -3740 9452 11492 535 1324 414 480 567 422 450 447 END
START -5324 8096 12020 698 -301 429 479 568 419 447 444 END
START -5148 8456 13308 719 -1402 550 476 569 416 445 443 END
START -3592 9312 13140 909 -1452 1012 476 570 416 443 439 END
START -3668 10000 13188 1284 -1447 1154 475 570 417 445 438 END
START -2920 10188 13048 1457 -1753 1053 476 571 414 441 436 END
START -3208 9944 12436 1644 -1508 585 476 572 415 440 434 END
START -344 10096 11052 1621 -1123 573 475 574 414 439 431 END
START -2568 10252 12092 1642 -310 -309 475 574 413 437 428 END
START -4720 10180 13580 1637 259 -925 473 574 414 436 425 END
START -3908 10456 13396 1530 1763 -1892 470 573 414 437 421 END
START -5200 10040 12532 1298 3766 -3040 472 575 412 435 419 END
START 1140 9344 8772 592 5151 -4757 473 579 416 435 418 END
START -412 9316 9188 145 6857 -5495 470 582 411 433 415 END
START -5804 8860 12808 -184 9471 -6124 470 583 411 434 413 END
START 620 7648 6900 -866 12546 -7778 469 588 410 434 409 END
START -2540 8268 8780 -1798 13916 -8499 469 591 411 433 407 END
START -584 6748 5464 -2637 14097 -9622 466 597 410 435 407 END
START -8368 7876 10992 -4185 14790 -10409 466 602 409 436 407 END
START 4460 2764 2460 -4540 20855 -10885 467 603 410 437 407 END
START -12408 4308 10284 -4890 21857 -9652 466 605 411 437 406 END
START -14664 4680 9664 -4948 17812 -10354 467 607 410 438 406 END
START -11852 5992 9540 -4597 13543 -11106 466 608 412 428 407 END
START -5656 5944 4540 -5409 15783 -10760 465 610 410 438 407 END
START -2320 5516 788 -6735 22290 -9960 469 611 410 438 407 END
START -9328 4040 5348 -7338 24359 -10142 472 612 413 440 408 END
START -20288 5348 10044 -7754 19535 -10350 468 609 412 439 409 END
START -16300 4232 6472 -8469 14518 -10997 471 609 410 438 408 END
START -17744 3940 7948 -9203 11944 -10615 473 608 409 437 409 END
START -13056 1888 1692 -11201 14966 -9978 478 608 411 436 410 END
START -18004 1276 2352 -12430 16672 -7933 483 601 409 436 411 END
START -18120 1120 2864 -12831 13855 -5936 484 596 408 434 411 END
START -19332 2540 5560 -13443 12104 -3542 487 593 405 434 412 END
START -17296 3008 5396 -14112 12758 -934 489 591 407 430 414 END
START -17572 2296 5028 -13907 15739 2900 489 588 386 428 415 END
START -18612 2260 2740 -11331 18589 6278 491 592 408 427 415 END
START -17468 1868 -1308 -7061 19547 9373 491 591 408 429 418 END
START -23576 4508 3296 -3274 16350 9677 490 589 411 422 419 END
START -22112 6604 488 -287 15001 9975 488 588 412 434 421 END
START -17224 8356 296 498 10465 9715 490 582 414 434 420 END
START -16240 7352 844 654 7499 9951 486 579 414 436 424 END
START -17336 7864 4108 369 5781 9693 487 578 417 436 425 END
START -14100 7632 -92 564 6835 10515 483 575 417 436 424 END
START -15364 7572 -1032 552 6166 9836 478 574 418 437 424 END
START -19120 5944 2360 957 3409 8984 482 571 421 438 415 END
START -15884 5688 2304 1051 -257 7278 480 567 419 440 424 END
START -15260 7916 3740 1359 -1590 6180 481 559 420 440 425 END
START -11552 6508 -368 1109 -2139 5805 481 568 420 441 425 END
START -11412 4204 -2868 986 -4951 4613 479 567 421 442 425 END
START -10612 4456 -3448 1035 -8946 2940 481 568 421 442 425 END
START -10852 4736 -1924 1175 -12373 790 480 568 409 443 426 END
START -8524 6036 -120 1242 -11076 -751 480 564 421 443 424 END
START -8980 5836 -112 983 -7006 -1659 481 565 421 444 427 END
START -13004 6212 900 522 -4090 -2757 480 564 422 444 427 END
START -12956 5412 -1736 89 -4579 -3714 481 567 423 445 427 END
START -18548 5680 1096 -440 -7898 -4225 481 571 423 444 427 END
START -15736 7716 -220 -530 -8295 -4738 480 572 424 445 427 END
START -11392 8084 -1516 -930 -6688 -5137 481 571 422 445 428 END
START -7864 7816 -3496 -1586 -3761 -5169 482 574 422 446 428 END
START -14420 7468 4640 -2186 -2322 -5610 483 579 422 444 430 END
START -16100 6460 4872 -2543 -2127 -5659 481 584 418 444 430 END
START -14740 5324 5272 -2442 -2345 -5846 479 594 422 448 432 END
START -17528 5180 7380 -1284 -2504 -1043 480 600 424 447 432 END