START -5432 9504 9752 -1079 -4822 786 509 592 408 450 465 END
START -5420 9644 9584 -1279 -4907 1026 508 593 408 451 465 END
START -6148 9552 9552 -1665 -6105 2328 509 595 409 450 465 END
START -8072 9316 9868 -1578 -10328 3788 509 595 409 450 465 END
START -8848 9220 10860 -912 -17623 4746 510 597 409 449 465 END
START -6152 10024 13116 280 -21569 5674 512 598 410 449 465 END
START -4004 11412 13776 1490 -20134 7192 514 594 410 448 465 END
START -1808 10592 12948 2706 -16870 6679 517 598 411 448 464 END
START -1828 10684 11864 2802 -15007 5665 519 598 410 448 464 END
START 1252 11216 12852 3659 -11136 4420 521 599 410 448 464 END
START 1612 12304 13476 4783 -6940 4525 523 600 410 447 463 END
START 72 12308 12204 4995 -6488 3253 523 600 410 447 464 END
START 1088 13388 10952 5039 -6921 1904 523 601 410 448 464 END
START 2056 13116 10772 4671 -7643 807 522 601 409 447 464 END
START 2516 13504 9956 4235 -6626 -57 521 602 410 449 464 END
START 2264 12480 7936 3446 -4298 -1327 520 606 411 449 464 END
START 3980 11712 7740 2535 -1352 -2511 517 608 409 451 465 END
START 2456 11904 9724 2079 1227 -3329 514 611 408 451 465 END
START 1724 11664 9820 1919 2779 -4367 512 614 408 451 465 END
START 1480 11040 8428 1212 2063 -5478 516 621 406 452 466 END
START 4112 11636 7548 390 6217 -6419 520 627 407 454 466 END
START 708 9164 6848 -288 12547 -4857 523 634 406 455 467 END
START -5244 9356 12472 138 14581 -4959 521 637 405 455 467 END
START -4872 11476 13120 154 10035 -5937 517 640 404 452 468 END
START -1676 10976 10040 -1215 8558 -6494 514 640 403 447 468 END
START -1564 6668 8824 -2380 10222 -6580 512 636 400 445 469 END
START -1480 5260 6688 -2961 12825 -7870 513 633 399 444 468 END
START -4132 8844 9616 -2703 13290 -9959 512 628 395 444 468 END
START -8304 11476 11196 -5203 10133 -8907 512 620 391 440 468 END
START -6552 7368 8048 -7824 7339 -9534 513 609 386 440 467 END
START -7320 6248 6836 -9292 6589 -11711 513 598 382 440 467 END
START -7688 4976 6472 -10216 5906 -10913 512 587 380 442 467 END
START -8984 5040 7828 -9684 5982 -6695 514 581 378 439 467 END
START -10436 5816 9636 -7916 6257 -4553 514 571 378 439 466 END
START -13300 8664 13384 -6745 6936 -2915 514 564 377 440 464 END
START -12172 9136 12216 -6375 6247 -1840 514 556 377 440 463 END
START -9072 8040 11064 -7098 8385 -1184 514 545 376 439 463 END
START -8884 8264 10940 -4709 11425 -724 514 548 375 440 463 END
START -7600 8728 10704 -4859 14899 574 515 547 377 440 462 END
START -5748 8408 9148 -4021 17123 903 516 545 376 441 464 END
START -8832 9172 10592 -3746 18368 1454 515 544 376 441 463 END
START -8584 10060 9424 -3464 19561 1478 517 546 378 441 464 END
START -9476 9172 8880 -3085 19821 1585 516 543 377 441 463 END
START -8816 9788 6920 -2467 19612 2458 517 545 378 441 463 END
START -10848 9316 6756 -1877 18681 3173 517 546 379 441 464 END
START -10948 9400 5528 -2190 17703 3613 518 547 380 440 463 END
START -13364 8784 5664 -1953 16041 4492 518 550 381 440 463 END
START -13968 8536 4960 -1794 14315 4819 519 552 381 441 462 END
START -15772 8616 5460 -2073 11729 5521 519 557 381 440 462 END
START -14520 7116 4288 -1445 8521 6409 519 562 383 440 460 END
START -16484 6436 5508 -876 5639 6871 520 567 385 439 459 END
START -15704 7280 5452 -901 2676 7688 522 569 385 441 459 END
START -16312 7844 7544 -1270 54 8220 520 573 386 440 458 END
START -13696 7988 6400 -1860 -2210 9323 520 577 388 440 458 END
START -12568 8676 5916 -2043 -4657 9622 520 581 388 442 459 END
START -10896 9308 6432 -929 -6434 9827 521 585 390 443 459 END
START -10064 10660 6976 -225 -7885 9990 520 587 391 444 458 END
START -9340 10356 6072 410 -11206 10589 520 589 392 444 458 END
START -10776 9956 6408 1282 -16442 10584 519 591 393 444 458 END
START -10200 10284 5976 1792 -24925 9985 520 592 392 444 459 END
START -10116 10452 5352 2695 -32768 10043 517 594 392 443 459 END
START -7300 11880 7144 3262 -32768 9031 515 593 393 442 459 END
START -2264 13428 4616 2630 -32768 7478 515 594 392 442 458 END
START 1796 13220 3792 2276 -32768 5435 515 593 392 443 457 END
START 4704 14896 3388 296 -32768 4167 514 592 392 442 459 END
START 7824 13132 3464 -1298 -21553 3220 514 591 391 441 460 END
START 5856 12292 4716 -2934 -8110 2133 513 590 392 442 460 END
START 152 12304 6840 -4402 -2249 -823 512 590 391 440 458 END
START -776 11088 8120 -5462 -2229 -2576 511 592 392 439 458 END
START 564 10148 8756 -5886 -2926 -4153 508 590 391 438 457 END