START 3096 9528 12316 -1881 -1588 -17 521 648 419 447 465 END
START 3460 9764 12492 -1717 -1417 -115 521 642 419 448 465 END
START 3612 9996 12152 -1419 -256 -198 522 648 419 448 465 END
START 3296 9832 10952 -1523 -49 -255 520 649 419 448 464 END
START 3456 9596 11768 -1320 317 -282 520 648 419 448 466 END
START 3080 9684 12100 -951 359 -229 521 648 419 448 465 END
START 2572 10008 12576 -684 -312 23 521 648 420 448 465 END
START 3060 9920 11676 -388 -955 -145 521 648 419 448 465 END
START 2708 9336 11368 -434 -1185 -133 521 648 416 448 465 END
START 3012 9936 11428 -484 -477 369 521 648 419 448 464 END
START 3668 11164 11476 -249 -146 551 521 648 420 448 465 END
START 4116 11548 11264 -167 -508 489 521 649 419 448 467 END
START 4976 12144 11256 109 -597 390 521 648 419 448 464 END
START 5328 12404 10700 565 -1901 407 521 649 419 448 464 END
START 6300 12756 10888 1333 -4372 107 521 648 419 448 464 END
START 7296 14720 12492 2722 -6037 -369 519 648 418 448 464 END
START 5040 16032 15112 4139 -6958 -1406 513 647 418 448 464 END
START 7848 15472 15044 6321 -4927 -1947 516 647 417 448 463 END
START 10364 14416 12608 8644 -2213 -2478 515 647 416 448 462 END
START 5176 14628 15404 10346 -2472 -2869 514 646 414 447 460 END
START 2444 13784 14840 10993 -1345 -3314 511 644 414 446 459 END
START 7012 12124 8624 10985 454 -3075 508 641 410 444 458 END
START 6968 11616 6744 10188 -1231 -2403 499 639 406 443 457 END
START 4672 11144 9300 9180 -2611 -2109 501 632 407 443 457 END
START 3892 12152 9080 7666 -1510 -1811 498 621 405 443 456 END
START 3784 13784 6596 4962 1699 -1617 494 611 406 443 457 END
START 6016 15292 2612 902 5950 -2414 490 598 404 440 457 END
START 6876 12512 2388 -3140 10639 -3266 489 584 401 440 458 END
START 6248 9368 4604 -6257 13636 -4922 487 574 399 439 459 END
START 3964 10396 6792 -7786 17015 -4697 487 556 395 436 458 END
START 76 11356 7132 -9802 18087 -4362 483 534 391 436 459 END
START 856 10636 6008 -12305 17295 -6347 482 516 388 436 459 END
START 3268 10704 5476 -13719 18831 -8338 480 506 385 436 459 END
START 3068 9996 6768 -15069 21041 -7961 477 499 381 436 459 END
START 140 9072 7508 -15586 23794 -7915 479 493 379 437 458 END
START -2508 8124 8220 -15242 24144 -8196 474 489 377 437 457 END
START -5472 7196 9388 -13677 23285 -8824 478 486 376 438 458 END
START -5396 8868 10260 -11969 20718 -8203 478 483 374 437 457 END
START -5860 8640 11908 -10425 18285 -6553 479 483 374 437 456 END
START -6680 9600 12356 -9246 16340 -6185 478 481 373 438 457 END
START -7144 8676 12012 -7561 15852 -6130 478 479 373 438 457 END
START -7604 9184 12272 -5696 15059 -5144 477 477 374 438 456 END
START -8384 9864 12460 -4667 14046 -4220 477 475 373 438 456 END
START -8460 9684 11404 -4224 14308 -3505 476 473 374 437 456 END
START -6888 9096 10436 -3779 14968 -2902 477 472 374 437 456 END
START -9076 9388 11780 -3372 15781 -1927 476 471 375 437 456 END
START -8176 8364 10220 -3209 17377 -1374 478 470 376 438 456 END
START -7464 9432 9280 -3715 18527 -426 479 470 377 438 456 END
START -8604 8608 8636 -3756 20270 358 479 472 379 438 456 END
START -9088 8284 7476 -2920 22922 1432 480 474 377 438 456 END
START -10588 8996 6952 -2718 25986 2164 480 476 381 438 456 END
START -11876 8684 6456 -2817 27735 2618 481 479 382 438 456 END
START -13828 8052 5516 -3551 27202 4026 481 483 383 439 455 END
START -16944 7720 5328 -4168 24745 5259 484 484 383 439 454 END
START -15168 6348 3400 -3610 21699 6069 489 487 384 439 454 END
START -15764 5464 2832 -3016 17944 7177 491 496 385 440 453 END
START -17280 5660 4204 -2759 14197 8071 494 511 388 439 453 END
START -17356 5708 4432 -2501 10791 8266 497 534 390 439 453 END
START -16976 5884 3884 -2317 7603 8543 500 560 392 439 453 END
START -17672 6212 5648 -1178 5791 8541 503 580 395 441 453 END
START -18632 7268 6420 -1201 2455 8947 506 596 398 443 454 END
START -17772 6596 5808 -936 -2673 9687 508 611 400 444 454 END
START -17564 7228 6056 -206 -9008 11005 511 623 402 446 455 END
START -15448 9564 6296 -224 -17254 11983 513 632 404 446 455 END
START -14364 10424 6444 -230 -25455 13696 514 639 405 447 456 END
START -13544 8376 6148 824 -32768 13014 514 644 406 449 456 END
START -12204 9148 6240 1692 -32768 12293 517 645 407 449 457 END
START -8032 9320 5840 2414 -32768 11709 518 647 408 449 457 END
START -4212 11604 6068 2543 -32768 9268 520 646 408 450 457 END
START 288 11800 3296 2107 -32768 7450 521 644 409 450 458 END