START -10580 11504 3464 -1367 4213 1314 546 514 495 513 534 END
START -10700 10300 3760 -1845 3365 846 546 514 494 513 533 END
START -10452 10444 5040 -1847 3507 413 546 514 495 513 533 END
START -9644 10876 4184 -1605 4200 -77 546 513 496 513 532 END
START -9788 12776 4432 -1494 5923 -51 546 514 495 513 533 END
START -8856 11880 3804 -1711 5548 -641 545 514 495 514 533 END
START -10508 12624 3148 -1688 3842 -917 544 514 496 514 533 END
START -11300 10604 4468 -2248 1012 -1521 544 513 496 515 534 END
START -14364 10304 6380 -3130 -3783 -2006 544 514 496 515 535 END
START -7656 9420 1508 -3022 1636 291 543 516 495 513 536 END
START -26636 12304 9740 -2325 -10937 -1496 543 517 491 507 533 END
START -8916 8536 -1244 -1507 -11541 65 543 519 471 489 528 END
START -9732 6784 928 -810 -12205 629 543 520 455 473 521 END
START -12824 7296 4008 -612 -17375 1718 544 521 440 458 512 END
START -13944 6712 3984 -274 -20419 2080 544 523 425 440 499 END
START -9912 6584 2592 -277 -20239 1584 544 524 411 424 482 END
START -10900 7580 5108 38 -18895 1045 544 523 401 412 468 END
START -7356 8104 4544 284 -17609 770 543 525 392 406 456 END
START -7232 11176 5596 509 -17513 636 542 530 384 404 445 END
START -6128 11680 4540 521 -17012 302 536 532 380 397 436 END
START -7336 11756 4380 715 -16876 -275 523 536 376 395 429 END
START -7872 13400 5204 725 -17989 -894 511 541 375 395 425 END
START -6892 13216 5052 403 -18312 -1224 506 547 374 395 425 END
START -5624 13032 5212 139 -16768 -1402 501 553 373 395 423 END
START -5288 13320 5460 -164 -13810 -1864 497 557 374 397 423 END
START -4908 13420 5036 -507 -9739 -1967 496 565 374 399 424 END
START -6440 11676 5012 -915 -6434 -1324 497 571 375 400 422 END
START -6956 10916 5708 -1066 -5176 -973 494 577 377 401 425 END
START -8808 10804 7644 -708 -5676 -864 499 583 379 403 427 END
START -9280 10656 9532 -631 -6326 -174 503 586 379 405 428 END
START -8312 10516 9556 -150 -6555 74 505 589 381 406 429 END
START -7060 9228 9088 -13 -5488 376 508 590 383 407 430 END
START -7484 10080 9844 289 -4387 790 510 591 383 408 430 END
START -7100 10240 9400 394 -4054 1059 511 591 382 408 431 END
START -6000 10676 9212 438 -3072 1019 511 590 384 410 431 END
START -5576 11792 9564 367 -2205 1030 511 591 384 409 432 END
START -4544 11456 8460 286 -1148 822 511 593 384 410 431 END
START -5932 12704 9444 170 -1123 860 511 592 384 410 430 END
START -4908 12356 8120 204 -769 552 510 593 383 410 429 END
START -4636 12300 7240 91 -985 131 504 592 383 410 426 END
START -5908 10532 7572 -257 -1434 -264 499 592 381 406 426 END
START -5932 10456 7156 -713 -1561 -53 495 593 378 409 423 END
START -7320 10716 9060 -963 -1712 -124 493 595 378 408 420 END
START -6540 10668 9640 -1085 -2004 -182 491 594 377 407 417 END
START -6252 9832 9332 -842 -1592 -372 487 594 376 405 417 END
START -6504 8576 8932 -743 -1080 -521 485 593 373 404 416 END
START -7736 9832 8824 -1002 -715 -297 482 593 371 403 416 END
START -8296 10004 9424 -1101 -845 194 480 594 374 402 415 END
START -6592 10932 9924 -886 -1003 710 477 592 370 401 413 END
START -7092 11800 10920 -545 -1157 840 476 592 369 401 412 END
START -4508 12032 8352 -414 -1102 738 473 591 369 401 412 END
START -5848 12344 8696 -183 -1667 1136 475 591 369 401 411 END
START -5896 13524 9368 -37 -2154 1357 475 592 371 400 411 END
START -4548 12228 7216 221 -2151 1229 476 594 372 401 411 END
START -5720 12532 8096 378 -2851 738 476 594 372 401 411 END
START -4352 12132 6868 386 -2251 1070 476 593 372 401 411 END
START -6608 10608 7972 286 -2500 867 476 596 373 402 411 END
START -6064 10244 7940 175 -2818 942 477 598 374 402 412 END
START -6180 10772 8964 -86 -3313 899 478 598 375 403 413 END
START -6624 8856 9096 27 -3813 793 478 598 374 403 412 END
START -7300 10432 9436 -273 -5084 927 480 600 376 403 413 END
START -8160 10688 9948 -368 -6195 1078 481 599 376 404 413 END
START -4176 11524 8828 -574 -6024 1477 482 602 377 404 414 END
START -5256 12348 10244 -780 -5721 1674 483 603 378 405 414 END
START -4164 12360 10128 -741 -5035 1887 484 603 379 406 414 END
START -2732 12432 9404 -695 -4719 1559 485 605 380 405 414 END
START -3616 12744 9656 -684 -4709 1494 486 605 381 405 413 END
START -3184 13812 9488 -575 -3957 1232 486 605 383 405 414 END
START -2424 12464 8068 -432 -2529 1337 486 606 382 406 412 END
START -3840 12192 8156 -496 -2805 946 489 607 383 406 413 END