START -2124 7972 12016 -137 -32768 8007 486 592 395 432 441 END
START 1256 8964 12580 638 -32768 8610 487 593 395 432 441 END
START 4368 10716 13500 3141 -28268 10736 489 591 395 431 441 END
START 1412 12092 15328 5288 -18524 9530 493 593 394 431 441 END
START -1172 12324 14440 6683 -15323 9439 496 593 397 432 441 END
START -336 11484 12016 7523 -15521 8123 499 593 397 430 440 END
START 1976 11288 11708 7659 -16304 7176 502 593 397 431 440 END
START 4528 12284 10596 7459 -15035 6026 503 594 398 431 441 END
START 5956 12416 8044 6745 -13996 4064 503 595 399 431 440 END
START 6628 11900 7428 5712 -11004 2443 504 596 399 432 440 END
START 5840 12112 8356 4693 -7623 1071 503 597 400 431 440 END
START 5648 12116 6840 3011 -4455 -1082 501 599 400 432 440 END
START 7440 11596 4804 1279 -887 -3475 499 603 400 432 441 END
START 4632 10520 5372 -6 703 -3706 497 604 400 433 441 END
START 1216 10688 11256 -85 -2095 -3465 497 609 400 432 441 END
START 1568 11108 11104 242 -5077 -3322 494 609 399 433 441 END
START 996 11224 12508 923 -5445 -3875 492 610 400 433 441 END
START 3732 10972 5640 -266 -3564 -4344 491 612 400 434 442 END
START 6600 11044 5604 -1472 158 -5141 490 613 400 435 442 END
START 3768 8880 8652 -1582 2757 -4100 491 615 399 435 443 END
START -364 10344 13016 -561 2101 -2574 490 618 398 437 442 END
START -348 11368 11428 177 688 -3429 491 617 398 436 442 END
START 1240 12080 11144 424 815 -3940 491 616 397 435 442 END
START 1964 11228 4880 -2343 1566 -4174 490 616 397 435 443 END
START 3768 8932 8532 -2700 3559 -5888 490 615 395 434 442 END
START 2920 10912 10404 -3119 4032 -4188 488 612 394 433 443 END
START 1552 10544 8608 -4548 5392 -5842 490 606 391 431 442 END
START 1176 8720 10004 -4663 7134 -6123 490 600 389 429 442 END
START -428 8420 9432 -5652 6613 -5921 489 591 387 428 441 END
START 1192 7644 8648 -7858 7159 -7789 489 579 384 423 440 END
START 2756 9276 8996 -8437 10465 -7217 490 563 381 428 440 END
START 656 8896 10008 -9218 14988 -6173 491 541 379 428 439 END
START -692 9476 10672 -9960 17572 -6176 493 524 377 428 439 END
START -4092 8552 11116 -9675 17437 -6246 493 512 376 428 439 END
START -5100 9324 10984 -8968 15121 -5066 492 503 376 429 438 END
START -5456 9044 12988 -8611 12640 -5096 493 496 376 429 438 END
START -4444 9180 12744 -8002 11380 -4885 493 492 374 429 437 END
START -4612 8620 13408 -7908 11551 -4716 494 488 373 430 438 END
START -3548 8384 12244 -7102 12530 -4185 494 487 373 430 437 END
START -5172 7604 12368 -6220 13926 -4032 495 484 374 429 437 END
START -5440 7768 12496 -5381 14609 -3692 495 483 375 430 437 END
START -6708 8868 13224 -4524 15523 -2868 495 484 375 431 437 END
START -5400 9968 12176 -3981 17245 -2154 495 482 377 432 439 END
START -5360 10852 12508 -3807 20172 -1048 497 483 377 431 437 END
START -4184 9612 10480 -3931 25294 -149 499 483 377 431 438 END
START -5372 7892 8588 -2947 32579 -821 499 484 378 432 438 END
START -7616 10916 7052 -2877 32767 -628 499 485 379 432 438 END
START -9768 8828 5624 -3198 32767 100 499 486 373 432 438 END
START -9772 9132 3588 -3010 32767 1005 501 487 381 432 439 END
START -12636 8128 3476 -2427 32767 1361 500 488 380 433 439 END
START -14800 8172 2032 -2034 32767 2438 501 492 381 432 439 END
START -17556 7152 700 -2241 32767 3808 501 495 381 432 439 END
START -19288 7872 -456 -3398 32767 5002 501 499 382 432 439 END
START -20432 7340 -2088 -3689 32767 7192 503 505 383 431 438 END
START -22560 6336 -1804 -3385 26784 8543 504 516 382 431 438 END
START -23704 7168 -816 -3377 16455 9544 504 537 384 432 437 END
START -22176 8332 1820 -3408 6242 10542 505 554 386 432 436 END
START -17656 8140 1820 -3721 1088 11437 505 563 386 431 435 END
START -15364 6212 36 -3593 -1952 11079 504 573 388 432 433 END
START -15456 5432 -1124 -3039 -5741 11051 506 578 389 433 434 END
START -17628 7644 1296 -2666 -13984 11425 508 587 390 435 435 END
START -17120 7388 1184 -2848 -26492 12879 509 593 392 435 437 END
START -16292 7464 2436 -1592 -32768 14257 509 601 394 434 438 END
START -15324 7296 3936 38 -32768 13966 509 600 395 435 438 END
START -10160 7820 1892 1337 -32768 11192 511 599 395 435 438 END
START -5344 9272 968 1458 -32768 8517 514 599 397 435 439 END
START -2716 11900 2224 564 -32768 7737 516 599 397 435 439 END
START -236 13332 4044 -1131 -32768 7533 517 599 397 434 440 END
START 1008 13828 6128 -2388 -32768 5556 518 597 397 435 440 END
START 1856 13576 5964 -3684 -32768 3266 518 596 397 435 440 END