START -4936 9624 12180 936 -4366 2304 494 581 430 470 470 END
START -4732 9600 11700 1161 -3866 2130 494 578 429 469 470 END
START -4528 10156 10744 895 -3167 1915 494 581 431 469 467 END
START -4576 9268 12848 1442 -3726 1816 494 581 429 467 465 END
START -2344 9220 12836 1933 -4452 1372 492 581 428 464 462 END
START -2056 9236 12904 2377 -4254 613 492 584 428 464 460 END
START -736 9752 11872 2733 -2583 -237 491 582 428 463 459 END
START -1276 9508 11176 2821 -697 -1561 492 582 427 462 455 END
START -1928 8992 10000 2365 1615 -2629 490 579 427 462 453 END
START -1828 9572 8740 1714 3722 -3205 481 581 426 459 450 END
START -3552 10280 9148 999 4129 -3818 489 579 427 456 447 END
START -3772 10804 8920 56 3168 -4695 489 582 424 455 445 END
START -5464 11552 9248 -1040 2238 -5374 489 583 423 453 442 END
START -4368 10900 7008 -2500 3189 -6674 488 569 423 453 440 END
START -4200 10920 8296 -3966 6243 -8130 486 587 425 452 439 END
START 2068 10072 5124 -5448 13593 -9445 486 590 423 451 437 END
START -1860 9536 6956 -7151 20545 -9780 481 591 424 450 435 END
START -14220 9252 13116 -8352 23011 -10013 480 596 422 450 435 END
START -6776 7924 6248 -9463 24564 -11654 479 602 422 451 436 END
START -17296 5508 10692 -10068 22332 -12081 478 584 421 452 436 END
START -7512 1692 1776 -10343 19158 -13149 476 604 419 460 438 END
START -20972 3228 8768 -10592 12240 -11736 477 603 420 444 437 END
START -16592 2624 4180 -11319 8082 -9971 479 601 422 451 437 END
START -19284 3976 6212 -12302 4163 -9342 482 598 415 449 437 END
START -12272 6292 940 -12927 6055 -7833 485 594 417 450 438 END
START -13140 5452 2864 -14576 4238 -6308 491 591 415 449 438 END
START -14008 4712 8160 -15795 2995 -4282 495 586 414 446 439 END
START -13556 3824 8436 -16044 2536 -1339 497 581 415 453 441 END
START -9120 3520 6284 -16383 4984 298 502 577 415 445 442 END
START -9800 4156 8728 -16168 6710 1933 504 575 417 444 442 END
START -8352 2068 7200 -15191 9450 3868 504 570 415 441 442 END
START -17104 2116 11524 -12716 13582 3934 504 565 414 443 443 END
START -7328 108 3272 -10231 17102 4726 506 560 417 443 443 END
START -14484 1164 7292 -7131 16364 5845 505 551 415 445 445 END
START -13440 828 6692 -3131 14104 7384 505 543 418 445 444 END
START -15824 2244 8788 -323 12736 8148 505 535 417 446 445 END
START -20852 3532 12332 1293 12010 9045 505 520 419 445 446 END
START -13552 2400 6160 3076 14288 9274 504 515 420 446 446 END
START -10960 3136 2168 3921 16022 9386 503 517 423 448 446 END
START -10672 4344 1744 4251 18087 9009 504 524 422 449 449 END
START -7392 5692 -480 2748 20229 7803 503 531 426 449 447 END
START -13668 5208 2248 1065 21830 6918 505 536 425 450 449 END
START -20500 3992 4104 698 20616 6304 503 542 425 450 448 END
START -17460 3500 176 1189 15628 5490 500 547 427 453 450 END
START -15676 5680 928 1691 10945 3717 500 553 426 454 450 END
START -13600 6412 2672 1182 6980 1910 499 558 429 453 451 END
START -16404 6464 4188 786 4380 762 501 557 428 455 451 END
START -14260 5188 2032 625 1414 -137 500 557 428 454 453 END
START -15920 5396 1520 790 -2350 -970 500 560 429 456 452 END
START -21148 6052 4492 961 -9165 -1490 500 561 430 457 451 END
START -16588 6388 2252 1230 -14585 -2438 500 562 431 458 452 END
START -9640 5640 -76 645 -15410 -3922 500 562 428 457 451 END
START -8672 5932 1432 -240 -10202 -4309 499 561 428 456 451 END
START -14092 6176 4340 -1283 -4614 -3917 499 561 428 456 449 END
START -16176 5664 4608 -1925 195 -4588 499 560 428 455 451 END
START -12916 4212 1504 -2493 1815 -5433 498 562 428 455 451 END
START -9896 1928 -2104 -1606 1877 -1284 498 569 429 456 452 END
START -19164 4572 3956 20 4885 -563 498 572 428 456 453 END
START -18892 6572 4632 23 4446 -1023 498 573 429 455 452 END
START -17948 5804 2932 -152 825 -40 498 575 428 454 452 END
START -14608 6588 -3684 137 -637 183 498 575 428 455 452 END
START -15160 5060 2244 105 -2501 98 500 578 428 455 451 END
START -11616 7068 -3080 190 -1844 32 499 575 428 455 453 END
START -11752 5604 -688 -91 18 27 498 574 418 455 452 END
START -14768 5572 812 -532 89 -530 498 574 436 454 452 END
START -13176 4072 -1240 -826 744 -781 499 575 429 455 454 END
START -15836 3664 536 -896 -56 -689 499 576 430 455 452 END
START -14224 2744 72 -796 -390 -535 500 576 430 456 453 END
START -13304 2904 -1104 -837 -780 -436 500 576 430 455 451 END
START -16636 3088 2296 -806 -1008 -135 499 579 430 457 453 END