START -7644 8496 11076 -796 -1574 -1424 472 586 419 446 392 END
START -7576 8532 11372 -970 -1811 -1472 473 586 419 445 388 END
START -5788 8200 10088 -954 -1936 -1831 471 587 419 446 389 END
START -5412 9060 9024 -1431 -946 -2175 472 588 419 445 387 END
START -5280 8536 8932 -1814 -44 -3256 474 589 418 447 388 END
START -5380 8152 9532 -2158 325 -4814 473 593 420 447 389 END
START -3996 7092 10432 -2466 1417 -6268 474 596 419 447 391 END
START -2580 7892 10544 -2587 3692 -7374 474 598 422 447 390 END
START -4520 6840 11684 -2967 6304 -8569 474 602 419 447 389 END
START -5220 5368 10956 -3236 7485 -9497 474 606 420 448 392 END
START -4848 5944 8888 -4025 9405 -9858 474 609 420 447 391 END
START -5592 4748 8952 -4083 10708 -9095 474 609 421 448 390 END
START -11980 5304 11520 -4024 8863 -8304 475 611 421 444 393 END
START -14204 5492 12844 -3913 3255 -8749 474 612 420 447 392 END
START -13492 6180 13428 -3990 -211 -8773 472 612 421 445 391 END
START -7272 5316 6744 -4921 14 -8987 475 613 419 445 391 END
START -5276 4524 5356 -6420 2219 -9301 475 615 420 447 394 END
START -5316 4004 5804 -7288 5869 -8784 474 615 418 446 397 END
START -9364 4956 9624 -7993 5357 -8329 475 615 417 444 393 END
START -6264 4208 7380 -8929 4258 -8068 475 612 413 442 394 END
START -12468 6108 9772 -11513 2573 -8416 480 609 414 440 394 END
START -17368 4772 12376 -14870 2794 -7749 484 606 412 439 394 END
START -4320 728 1936 -16923 7977 -4996 489 601 413 441 396 END
START -7508 -72 3668 -17558 11653 -2405 494 598 412 435 400 END
START -16452 -368 9800 -17344 13835 579 494 581 411 436 397 END
START -21080 -644 12820 -15973 15943 2118 496 580 411 436 397 END
START -19320 -1808 9820 -14256 20256 2401 496 574 410 439 399 END
START -17084 -960 7252 -11252 21342 2883 496 553 413 438 399 END
START -23840 -420 12192 -8233 18612 3942 498 549 411 439 400 END
START -21768 1008 11044 -5332 16922 5087 498 538 412 440 403 END
START -12496 1204 4804 -3129 15995 6484 498 532 414 441 400 END
START -13952 2552 3968 -184 15728 8018 499 529 416 444 403 END
START -17588 3496 6760 1762 13992 8650 497 526 418 444 404 END
START -17160 4432 6564 3496 13832 9217 502 527 420 447 404 END
START -17068 4292 5792 3963 14449 10238 498 528 421 447 408 END
START -12768 5416 -384 4805 17775 10924 498 528 423 447 405 END
START -8784 4772 -5096 5359 20115 11221 501 529 426 449 407 END
START -9536 4692 -3596 5119 19268 10964 497 535 427 448 407 END
START -15672 6240 -2156 4712 18331 10151 497 543 427 449 407 END
START -10280 5832 -1576 3975 18141 9356 497 552 430 450 409 END
START -12924 6248 -2920 3462 15280 8559 495 554 430 451 409 END
START -15376 7856 -2744 2847 10745 7492 493 556 430 451 408 END
START -11596 6088 -1656 2686 8497 6406 494 558 430 453 410 END
START -9144 6004 -3656 2356 6285 4801 492 558 429 448 412 END
START -8492 7596 -6092 2358 4875 3565 491 558 430 454 409 END
START -8456 7228 -6236 2074 3569 2369 492 560 432 456 409 END
START -12292 7132 -3504 1855 1574 1597 490 559 430 455 411 END
START -10704 7184 -6124 1494 -1250 798 491 560 430 455 410 END
START -9036 6320 -8320 1085 -4121 -49 492 559 430 455 411 END
START -11528 6540 -5712 799 -5686 -1443 491 560 431 456 410 END
START -8804 6596 -7628 293 -4416 -2189 492 560 431 456 410 END
START -8612 6324 -8288 -158 -2591 -2905 491 560 431 457 411 END
START -9724 5988 -5552 -714 -1605 -3210 491 561 430 456 410 END
START -12504 6580 -2440 -1031 -2760 -3587 491 562 429 456 410 END
START -16016 7020 1664 -1386 -4617 -3890 486 542 429 455 409 END
START -18496 6520 3688 -1743 -7473 -4629 491 562 428 454 411 END
START -13952 7060 816 -2965 -7686 -5021 490 564 428 455 412 END
START -15784 6112 1308 -3770 -6999 -5031 490 565 428 456 411 END
START -9424 1508 -2696 -3375 -5162 -3851 491 572 429 457 413 END
START -13048 2356 1852 -1465 716 -778 491 573 430 458 413 END
START -17428 6176 6300 -577 5478 -1604 491 559 431 458 412 END
START -23104 6784 8444 -609 5807 26 491 571 431 457 412 END
START -20184 6016 4436 -354 2507 958 491 573 430 458 413 END
START -21260 6028 5208 90 -689 977 494 574 430 456 412 END
START -11796 6336 -3548 388 -1941 848 492 575 432 457 413 END
START -13232 6772 -1704 -53 -1882 966 492 574 430 457 413 END
START -14168 5076 -160 -399 -810 444 493 574 430 457 413 END
START -17060 5180 1940 -628 133 -58 493 574 431 458 413 END
START -15396 4112 -12 -706 592 -465 493 575 430 441 414 END
START -17816 3496 1424 -734 -104 -576 493 572 432 457 414 END