START -7084 8496 9688 -250 -209 118 511 565 444 490 475 END
START -7096 8412 9828 -293 -114 171 510 565 445 490 475 END
START -8024 8460 10592 -251 2 293 511 566 444 490 474 END
START -7240 8688 10304 -174 107 303 509 565 445 490 474 END
START -7348 8476 10972 -20 -79 288 512 566 446 491 474 END
START -7332 8644 10040 29 -447 210 512 566 446 491 475 END
START -7772 8836 9776 -35 -680 323 512 566 445 491 475 END
START -7348 8400 9164 -39 -1136 -220 510 566 445 491 474 END
START -7300 8428 9712 -447 -968 -384 511 566 445 490 474 END
START -6436 9828 9752 -677 -464 -471 512 566 445 490 475 END
START -5452 9784 8908 -442 -48 -1200 512 567 445 490 473 END
START -4584 9028 8752 -490 584 -2279 511 568 445 491 475 END
START -4628 8624 7720 -820 1594 -3819 511 571 445 490 473 END
START -7928 7928 9836 -1509 3013 -4554 510 572 445 493 473 END
START -9240 7872 10560 -2129 3287 -5710 510 575 445 490 474 END
START -7812 7528 9824 -2584 3033 -7070 510 580 446 492 473 END
START -4336 7536 7980 -2988 2837 -7301 510 585 445 491 478 END
START -4104 8312 6272 -3074 2209 -7414 508 594 444 489 473 END
START -10492 9236 10068 -3096 1444 -6824 508 601 436 488 471 END
START -10512 8652 12308 -3340 -154 -6483 503 607 439 487 471 END
START -13028 8984 12624 -4020 -6741 -6889 501 612 437 486 472 END
START -14440 8896 14520 -5462 -12824 -7837 500 611 435 486 471 END
START -4260 6892 7404 -6909 -13089 -6753 501 618 438 484 472 END
START -12672 6716 12424 -9758 -12938 -4902 496 618 433 482 474 END
START -9892 4832 9272 -12623 -12454 -3831 506 616 432 479 473 END
START -6780 3672 7260 -13767 -9114 -5126 508 610 434 476 473 END
START -10560 2956 11032 -13674 -5659 -4734 510 610 430 474 473 END
START -5060 3460 10088 -13609 -1309 -3052 512 602 431 472 472 END
START -10320 3024 12940 -12874 -1914 -1276 513 593 429 469 473 END
START -9316 2032 13640 -11455 -289 669 517 585 429 468 472 END
START -8340 2696 13796 -9938 1925 1633 514 579 430 467 472 END
START -4896 2100 12560 -8678 5142 2562 516 568 428 465 472 END
START -7216 116 15316 -7224 8865 2750 515 540 426 465 471 END
START -7168 1456 13576 -7265 13155 2999 516 550 426 465 474 END
START -8676 1504 13220 -6649 15932 2987 517 548 427 462 471 END
START -7224 1420 11192 -5078 18012 3811 516 543 427 463 471 END
START -9424 2412 11928 -3466 18839 4345 523 537 427 465 472 END
START -8448 4192 9008 -1550 20453 5472 517 533 428 463 473 END
START -7252 3628 13664 -89 21827 6377 517 528 428 463 470 END
START -6752 3696 11588 950 24365 7113 519 522 429 463 470 END
START -15620 4900 13812 1991 26340 7990 517 521 431 464 471 END
START -12400 4752 7612 3542 27699 8778 517 522 434 466 471 END
START -15592 5680 8432 4837 28449 9583 517 524 438 468 472 END
START -7944 5200 700 6023 27513 10250 515 524 439 472 474 END
START -11584 6484 2388 6717 25655 9870 514 529 440 474 474 END
START -7272 6024 -596 6319 23117 9117 515 532 439 477 475 END
START -13428 7000 2996 5951 20944 8707 515 536 441 477 476 END
START -21928 7604 7564 5250 17802 8132 511 540 440 479 476 END
START -19416 6708 7248 3845 14828 6130 512 542 442 480 476 END
START -15588 8516 5636 3657 12476 5395 512 544 443 482 478 END
START -14352 8368 5032 2810 10301 3911 512 544 444 484 478 END
START -12060 7396 2576 2088 8885 2772 512 547 444 483 479 END
START -11132 6452 140 1449 6035 2154 513 546 443 484 478 END
START -12668 6376 192 1371 2189 1209 513 547 443 483 478 END
START -14808 7356 2908 1286 -2447 110 513 548 444 485 479 END
START -13860 7708 3156 1381 -5600 -921 512 548 443 485 480 END
START -14604 7724 4244 1065 -6979 -1944 513 547 443 485 480 END
START -14536 7428 3896 609 -5470 -2763 510 548 444 484 481 END
START -13412 7420 2924 48 -3542 -3767 508 548 442 484 480 END
START -13000 6928 2148 -225 -1442 -4016 507 549 443 484 479 END
START -11244 7060 388 -811 -342 -4155 507 549 442 481 479 END
START -17012 7752 5072 -1286 -307 -4383 503 547 441 481 478 END
START -15852 7212 2836 -1564 -599 -4776 505 545 439 479 460 END
START -14160 7228 840 -2193 -2363 -5547 503 543 437 479 477 END
START -10372 5532 -1824 -3005 -4287 -5381 503 547 437 477 477 END
START -14936 3796 2988 -2184 -3950 -323 504 559 438 478 476 END
START -17584 4480 4652 -633 3416 -393 503 561 440 478 477 END
START -16960 7700 5760 -277 7523 -1478 503 561 440 478 477 END
START -19668 6740 4908 -800 4208 -7 504 562 440 478 477 END
START -19196 6136 4200 -682 191 734 504 562 440 478 476 END