START -5540 9348 11080 -700 -685 162 508 566 440 484 477 END
START -5632 9200 11516 -622 -527 82 508 567 440 484 476 END
START -5888 9580 11012 -484 -235 -162 508 567 438 483 479 END
START -5684 9448 10444 -513 95 -274 508 567 441 484 477 END
START -5556 9152 10148 -582 354 -453 510 569 438 484 477 END
START -5560 9160 9900 -478 1319 -606 508 568 439 484 477 END
START -5848 9092 10320 -620 1919 -788 510 569 438 479 477 END
START -5708 9392 10124 -457 2477 -1309 509 569 439 483 477 END
START -6536 8616 10868 -532 2662 -1795 508 569 438 482 476 END
START -6844 8424 11072 -815 3009 -1939 508 569 439 482 477 END
START -7788 8448 11180 -1013 2830 -1714 507 569 438 482 478 END
START -4712 7876 8100 -996 3059 -1296 508 570 439 483 475 END
START -5744 7904 8972 -983 2392 -1010 508 571 441 483 476 END
START -5584 8452 9608 -1093 1314 -969 509 571 441 483 476 END
START -2612 7748 7612 -1055 1095 -887 509 572 439 482 477 END
START -5120 8352 9144 -1092 1443 -617 508 571 439 483 476 END
START -1152 7380 5612 -1169 1546 -750 507 573 438 480 474 END
START 544 7692 4768 -1379 1543 -1394 508 572 439 480 476 END
START -56 7772 5572 -1399 3198 -2166 507 572 438 481 476 END
START -1644 7564 6656 -1793 5917 -3016 504 578 439 481 475 END
START -10028 8436 13420 -2218 8961 -4286 506 572 436 477 473 END
START -5572 7548 10052 -2693 12880 -5950 501 572 437 473 470 END
START -7424 6880 11712 -2891 13962 -8300 499 574 435 474 467 END
START -2964 7164 8576 -3114 15126 -9743 495 577 433 472 467 END
START -7848 7252 8312 -3640 15379 -9750 494 577 433 473 467 END
START -4764 8328 1112 -4290 15976 -9548 492 576 431 474 468 END
START -6364 7168 4268 -5578 14815 -9179 494 573 432 472 469 END
START -16748 5920 9008 -6648 11237 -7571 495 564 430 472 468 END
START -14640 5688 8112 -7042 6023 -7184 497 554 430 471 466 END
START -16888 6256 10248 -8037 1313 -6856 499 543 430 468 465 END
START -19356 6556 11648 -9915 -1333 -5996 504 536 420 468 464 END
START -13928 3880 5728 -12312 -2986 -5266 509 533 428 469 466 END
START -15528 2096 6764 -13408 -4930 -3787 513 529 427 470 467 END
START -12976 1272 5136 -12853 -4301 -1341 518 526 427 468 467 END
START -15480 2180 8964 -10783 -1186 554 518 524 427 465 467 END
START -7632 2080 6092 -8591 4928 1630 521 520 426 463 467 END
START -9428 2484 7872 -6684 11126 2739 521 516 430 462 468 END
START -6124 2608 4780 -4554 15775 3588 521 508 426 462 467 END
START -12260 3980 7728 -2271 18802 5055 521 501 429 463 468 END
START -19672 6256 11244 122 19907 6236 522 497 428 462 469 END
START -12744 5944 4516 2321 20986 6292 522 494 429 464 469 END
START -22112 6472 10644 2981 21168 6634 520 498 430 463 470 END
START -13152 7040 896 5086 21440 7072 519 500 430 464 470 END
START -7860 7856 -420 4874 20557 6512 518 508 430 464 469 END
START -8612 9040 -924 4521 23748 6661 519 513 429 462 472 END
START -7844 8816 -4128 3225 28234 6664 516 519 431 464 471 END
START -9088 8152 -7920 2433 30630 7012 514 525 430 462 471 END
START -17644 8156 -3280 2180 27666 6996 512 530 431 463 470 END
START -17000 9188 -4988 2227 20229 6248 513 533 431 464 469 END
START -15056 8204 -1448 2282 13835 5077 510 536 432 466 470 END
START -12996 10184 -2884 1647 9028 4337 506 540 433 465 469 END
START -10256 8324 -232 1273 8220 3157 505 540 433 465 471 END
START -10656 9276 -4876 926 7058 2287 502 543 432 465 469 END
START -10252 8448 -5940 437 4337 762 500 550 432 466 467 END
START -17040 7076 -548 41 -1289 -693 498 544 434 464 467 END
START -17828 6372 -520 6 -6698 -1806 495 546 432 463 468 END
START -19880 5352 1660 -238 -12468 -3047 495 546 429 463 467 END
START -16416 6460 -844 -267 -15981 -4403 492 548 428 461 467 END
START -13080 6208 -2072 -398 -15742 -5931 491 549 426 460 466 END
START -11548 7056 -2828 -724 -13943 -6990 490 551 425 458 464 END
START -15092 6736 -116 -1781 -13453 -8384 492 556 424 459 466 END
START -8744 6108 -5780 -3158 -12110 -7779 492 559 424 459 466 END
START -8040 4940 -3832 -2770 -7324 -3128 495 568 425 458 465 END
START -6532 3644 -2080 -895 7219 -495 494 569 427 457 464 END
START -13492 9104 -740 -661 13682 -2403 493 573 426 454 461 END
START -20804 7832 748 -1190 7537 -227 493 576 424 453 464 END
START -18952 6176 -192 -510 668 162 493 578 424 453 462 END
START -15600 6776 -1580 -20 -4608 271 494 579 424 454 459 END
START -12392 7784 -1752 651 -4700 783 493 579 424 453 461 END
START -12652 7948 1288 292 -3081 449 494 580 427 456 461 END