START -10620 8576 8832 -1703 -25261 5988 503 599 406 446 466 END
START -8632 8268 8288 -1656 -26990 6275 503 600 406 446 467 END
START -2468 7904 9592 -1179 -25763 5395 506 603 409 446 467 END
START -320 8728 10824 -451 -18113 6274 508 604 408 446 467 END
START -2392 10088 13024 349 -10518 7318 510 604 407 446 467 END
START -4720 9192 12964 1021 -7544 6888 513 604 408 444 466 END
START -5524 10764 14232 1696 -8793 6429 515 606 407 442 466 END
START -4748 9864 12460 2185 -12835 6073 517 604 403 443 466 END
START -2656 9004 12264 2457 -16614 6011 520 603 408 443 466 END
START -2888 9160 11732 2192 -17882 6324 521 603 408 442 465 END
START -596 9960 12264 2003 -15678 6271 523 603 408 442 465 END
START 784 10028 11908 1803 -12608 5827 524 603 408 441 465 END
START 2052 10244 11424 1647 -9414 4910 524 603 409 442 465 END
START 1520 10772 11948 1245 -6772 4211 525 604 409 442 465 END
START 2648 11336 11988 866 -4505 3517 524 603 409 442 465 END
START 2240 11244 11988 728 -2709 2442 526 603 410 442 464 END
START 3940 11980 10892 324 -1089 1451 526 603 409 442 464 END
START 4376 12440 10324 -291 124 323 526 596 409 441 464 END
START 6608 13116 8960 -784 3195 -1522 525 604 408 442 463 END
START 5632 13196 9976 -1170 8531 -3415 524 605 407 442 461 END
START 4008 13644 11912 -1174 15270 -5667 519 606 406 443 461 END
START 4384 14048 11844 -827 21197 -8157 511 605 403 443 460 END
START 5644 13248 13056 919 27222 -9564 504 609 403 443 459 END
START -804 11244 12824 3500 27183 -7210 497 608 401 443 460 END
START -4680 11576 11840 4532 20984 -7777 490 607 400 443 459 END
START -1792 11564 7572 4252 18282 -8542 484 606 398 445 459 END
START -432 10092 8024 4053 23031 -9781 479 604 397 443 459 END
START -2896 8948 10232 4196 26265 -9974 482 603 398 442 459 END
START -5100 9408 6096 3400 27372 -10597 485 605 391 441 460 END
START -9632 8216 5356 2244 25442 -8770 486 606 398 443 460 END
START -12792 6892 5756 1142 18083 -9167 486 607 394 441 460 END
START -8732 7164 4228 -94 13055 -10724 488 607 394 441 460 END
START -11920 6444 5036 -893 9822 -8475 488 606 394 440 460 END
START -15308 5488 4320 -2301 1718 -8360 489 604 393 439 459 END
START -14216 5400 3844 -2536 -5090 -6666 490 599 391 438 459 END
START -13656 4148 3784 -3811 -8361 -7065 491 594 391 438 459 END
START -9420 4780 3944 -4747 -7333 -5767 492 590 388 437 459 END
START -11148 5876 6076 -5233 -4637 -4365 493 584 387 437 459 END
START -11572 6628 7672 -5576 -1722 -4153 493 573 386 437 459 END
START -11656 7280 8288 -5864 1769 -3527 494 559 384 436 459 END
START -8844 6796 7404 -6472 5163 -3636 495 546 384 436 458 END
START -8764 7916 7880 -5931 10004 -2441 495 535 383 436 458 END
START -11184 8644 9788 -4837 13544 -1857 496 528 382 436 458 END
START -9124 7972 7396 -4069 16332 -1434 497 520 381 436 459 END
START -9940 8932 6916 -3622 16863 -717 498 512 381 437 460 END
START -12456 9724 8468 -3567 17096 136 499 509 381 437 459 END
START -9680 9928 5840 -3712 18982 521 501 507 382 436 459 END
START -9788 9664 4484 -3764 22291 1031 502 506 381 436 458 END
START -10484 9856 1524 -4027 24523 1603 503 506 377 436 458 END
START -13828 9320 948 -3919 25046 2036 503 505 380 437 457 END
START -15896 8328 1532 -4410 22857 1878 504 506 382 436 457 END
START -16012 9128 376 -5028 19513 2700 505 508 380 436 456 END
START -16680 7316 68 -4694 15828 3736 506 508 382 435 455 END
START -18016 7368 816 -3894 11585 4797 505 510 383 435 455 END
START -19084 7064 1368 -3696 5908 7124 506 517 384 434 453 END
START -16148 6376 64 -3396 615 8154 507 524 384 436 446 END
START -16724 6532 2768 -3303 -2596 8713 508 534 385 435 449 END
START -14300 5612 1664 -3190 -3572 8928 509 547 387 436 448 END
START -14600 5724 2568 -2580 -4527 8273 511 556 390 438 449 END
START -17364 7260 3880 -2696 -10404 9302 511 565 390 439 448 END
START -18892 7176 3788 -3015 -22961 10933 511 574 393 440 450 END
START -15252 4728 3652 -1854 -32768 11663 514 582 395 443 450 END
START -11688 5812 6172 504 -32768 10400 515 585 396 443 449 END
START -9144 8800 7248 921 -32768 8482 516 588 397 444 449 END
START -6576 9520 6188 808 -32768 6992 520 589 399 440 450 END
START -4276 10248 5884 311 -32768 6078 520 589 400 444 451 END
START -2520 10596 6368 -185 -32768 3360 521 592 400 445 452 END
START 56 12016 6672 -913 -27132 1146 521 581 400 445 453 END
START 432 13164 7748 -2104 -16803 -428 520 589 401 444 454 END
START -1856 14716 8204 -4341 -10067 -2122 518 587 401 444 450 END