START -6328 9376 9564 -1019 -1035 44 497 599 399 446 464 END
START -6440 9520 9952 -1001 -999 17 491 599 400 446 465 END
START -7420 9764 10288 -1528 -861 146 497 599 399 446 465 END
START -8636 8648 9380 -2104 -2133 1159 497 599 400 446 465 END
START -11996 8284 8636 -1788 -6668 3872 497 595 398 446 465 END
START -14872 8764 9848 -891 -17513 6287 497 594 399 444 465 END
START -10708 9608 10872 -832 -29380 7394 498 593 399 445 465 END
START -3212 9508 12292 305 -31806 6927 499 593 401 444 465 END
START 528 11676 13660 2731 -22484 9191 500 592 399 443 464 END
START -496 12792 13064 4405 -13475 8723 501 592 398 442 464 END
START -1416 12632 13764 5584 -8785 6832 500 593 397 442 463 END
START 656 12048 11116 6304 -7607 5978 501 595 398 440 464 END
START 544 11100 11692 6630 -9168 4712 499 597 397 440 463 END
START 2544 10904 9584 6678 -10496 2513 499 597 396 440 463 END
START 3112 12164 10424 6654 -8117 533 497 598 395 440 463 END
START 5280 10388 7324 5513 -3950 -1096 495 600 394 440 463 END
START 3580 10204 6224 3979 721 -3038 493 602 393 441 463 END
START 3152 10176 6220 2247 2585 -4961 488 605 391 442 463 END
START 2840 10272 8624 1375 4397 -6599 486 607 392 442 464 END
START 1192 9676 9828 794 5018 -7304 483 608 391 440 464 END
START 1588 8056 9524 -89 6354 -9174 487 605 392 444 464 END
START -2384 10136 10872 147 14014 -7922 484 606 391 444 465 END
START -10680 11680 11564 -1258 10664 -6911 480 606 390 444 465 END
START -4956 9640 7676 -2958 4144 -10924 482 608 389 443 465 END
START -908 6592 6736 -4229 7557 -9954 485 611 389 443 465 END
START -6160 6640 10292 -3951 11214 -7641 487 612 388 441 465 END
START -9860 10536 11956 -3843 9796 -7598 488 610 386 440 465 END
START -9700 10876 11560 -4748 7069 -7548 489 604 383 438 464 END
START -9424 8836 9912 -6463 5434 -7918 490 595 381 437 463 END
START -6444 8196 8116 -8028 5995 -7774 492 584 380 435 463 END
START -7428 9204 8980 -7346 7390 -5066 494 569 379 438 462 END
START -8628 8732 10164 -6825 8605 -2944 496 555 377 439 462 END
START -10200 10664 11420 -5979 7867 -2169 496 543 377 438 461 END
START -9168 9336 10896 -6298 6872 -1382 496 534 376 439 461 END
START -9444 10048 11712 -6217 6736 -1435 498 529 376 438 460 END
START -7116 9060 11072 -5489 8604 -552 499 525 376 439 462 END
START -5580 9688 9188 -4136 11319 -108 500 523 376 440 461 END
START -6720 9376 9608 -3787 12974 293 501 521 377 439 461 END
START -8760 10056 10496 -3144 12757 905 501 521 377 440 460 END
START -9392 10764 9984 -2769 12387 1280 502 519 377 440 461 END
START -8476 11296 9580 -1937 12387 1535 503 518 376 440 461 END
START -8268 10616 9124 -2264 12526 1893 504 516 377 441 461 END
START -6436 10440 7956 -1840 13926 2637 505 518 381 441 462 END
START -6632 11040 6796 -1953 16260 3125 506 519 378 441 461 END
START -8900 9772 6328 -1832 18442 3445 502 521 379 440 462 END
START -9668 9312 4712 -1917 19724 3844 508 523 382 442 462 END
START -11912 8824 3956 -1764 19002 4833 511 524 382 440 461 END
START -15020 8752 5380 -1203 16708 5788 510 528 383 442 461 END
START -15632 8752 5648 -844 13425 5942 510 537 385 441 460 END
START -13616 8816 4724 -1102 9925 6514 510 547 386 440 460 END
START -16108 7856 5388 -1721 5819 7582 512 554 390 442 460 END
START -14820 6856 3800 -1293 1976 8148 513 567 389 442 459 END
START -14000 7728 5248 -870 -1436 7501 514 580 390 443 458 END
START -14936 8744 6888 -1034 -5369 8609 514 589 392 444 458 END
START -14100 9520 7760 -907 -11214 10024 514 597 395 446 457 END
START -11432 9496 6056 -1037 -18501 10776 514 604 396 447 456 END
START -12768 7064 5920 -171 -27682 11210 514 609 396 446 457 END
START -9936 7612 5372 1653 -32768 10121 517 610 396 446 458 END
START -6644 11020 7664 3258 -32768 8192 517 608 396 445 458 END
START -3948 14444 9984 3417 -32768 7622 517 604 397 445 458 END
START 1184 13916 5228 1845 -32768 6092 517 603 397 446 459 END
START 5056 13268 4088 476 -32768 3700 517 602 397 446 460 END
START 6160 14504 3224 -1366 -20914 2375 520 600 397 446 460 END
START 5316 14760 4904 -3231 -8407 576 519 600 397 446 461 END
START 596 14876 7580 -4487 892 -1163 518 599 397 446 461 END
START -2048 12448 7696 -5905 2927 -3318 517 598 398 445 460 END
START -1952 11416 7516 -6456 2189 -6441 514 598 397 445 459 END
START -700 12088 7808 -6995 297 -6552 510 597 397 446 459 END
START -3132 11860 9656 -7465 -2887 -7117 506 598 399 445 459 END
START -1340 11600 8952 -8189 -3168 -8058 504 602 399 446 460 END