START -7684 5712 10680 -7836 -9933 -7311 504 617 428 469 429 END
START -7552 5608 10836 -8146 -10270 -7576 503 620 427 469 431 END
START -5760 5000 9408 -8878 -10537 -7852 502 622 423 468 431 END
START -5640 4020 9828 -9439 -7880 -6447 500 628 423 468 432 END
START -8560 3804 12100 -9633 -6379 -5388 497 627 421 466 432 END
START -10900 4172 14332 -9808 -8010 -5177 496 624 422 464 432 END
START -12016 5464 16196 -10466 -10823 -4812 495 621 417 461 432 END
START -10700 7440 15456 -11954 -12614 -3720 497 618 417 459 432 END
START -8164 6876 13268 -15790 -12144 -3153 501 613 419 459 434 END
START -7236 3448 10000 -19876 -9242 -4060 505 608 416 458 434 END
START -4676 2188 7592 -21839 -5811 -2286 506 598 414 453 435 END
START -80 -1760 6300 -21807 2185 -1247 510 582 414 453 436 END
START -132 -3176 7752 -18687 10051 671 511 570 411 447 436 END
START -5852 -2400 10500 -15564 15238 2678 511 555 412 443 436 END
START -4056 -40 15108 -13291 19391 4744 514 537 410 441 434 END
START -11748 -428 17896 -13112 22516 6158 514 526 408 442 434 END
START -5840 -504 10812 -12202 26623 6647 514 519 407 437 432 END
START -16772 -384 16540 -11160 25527 7550 513 514 405 436 433 END
START -16280 -956 16236 -9291 25174 8295 513 513 403 435 432 END
START -11580 -1792 12768 -7188 25721 9220 518 508 404 435 431 END
START -10192 -1784 9520 -5928 27932 11111 515 504 403 436 431 END
START -16060 -264 11664 -4173 29710 12193 517 499 404 437 432 END
START -13692 -288 7072 -2221 31254 14396 516 496 405 437 431 END
START -13896 980 5796 107 32192 15240 516 494 408 438 432 END
START -18612 2724 7648 1993 31268 16850 517 498 413 442 432 END
START -12116 2048 1416 3395 30518 17719 517 500 411 440 427 END
START -10460 3236 -500 5313 29517 18402 516 503 413 441 433 END
START -16044 3964 1488 6850 26664 19174 514 505 417 448 434 END
START -9648 5940 -4208 7805 25945 17209 512 506 418 447 435 END
START -10460 7004 -5852 7691 24738 15814 509 509 418 448 435 END
START -13840 7256 -2760 6237 19443 14221 504 515 419 452 434 END
START -15688 5748 -1340 5923 13875 12505 503 524 419 448 434 END
START -13388 7756 -3316 5480 13255 11085 497 529 416 449 434 END
START -8976 6920 -3512 4591 11226 9082 493 533 416 450 434 END
START -10688 6584 -2972 4227 9702 7651 491 536 416 449 435 END
START -8520 8256 -6628 4005 7904 5617 489 536 417 452 434 END
START -10772 8196 -6120 3488 5654 4377 489 538 417 450 435 END
START -10344 7308 -6548 3143 2713 3130 483 541 416 451 436 END
START -12796 6384 -3404 3116 1106 1647 482 534 416 451 435 END
START -14364 5552 -4008 3044 -631 522 481 538 416 451 434 END
START -15928 5348 -3896 3002 -4391 -853 480 539 416 452 437 END
START -9744 6624 -4876 3021 -6398 -2478 480 540 416 451 436 END
START -11604 6456 -3852 2256 -3353 -2582 479 539 416 450 434 END
START -14740 5616 -2640 1882 164 -2834 477 542 413 447 440 END
START -17196 6052 -3032 1340 -864 -3156 476 546 416 450 436 END
START -20568 5932 -3452 1078 -5613 -3448 476 551 414 449 436 END
START -19272 6592 -4972 1177 -11658 -3435 476 554 409 447 424 END
START -13100 8676 -7428 884 -16359 -4125 476 559 413 450 435 END
START -10212 9648 -7400 275 -15901 -3796 475 562 412 449 435 END
START -10336 9340 -6196 -759 -13044 -3173 476 565 415 449 437 END
START -10240 8520 -4352 -2000 -8952 -3603 477 569 413 450 437 END
START -13808 8104 -824 -2764 -6083 -3852 479 579 412 449 437 END
START -17756 7844 1076 -3098 -6613 -4103 481 588 412 449 437 END
START -13928 7564 -2392 -3585 -7100 -4806 481 600 413 451 439 END
START -18864 6992 4428 -4069 -8512 -5143 482 597 411 450 440 END
START -12256 5380 1268 -4622 -7409 -4755 484 598 412 450 439 END
START -11320 3924 576 -3255 -6320 -1163 485 608 414 452 440 END
START -18176 3428 7456 -773 -2119 -1155 485 612 412 452 440 END
START -15384 6908 3352 337 2586 -254 488 614 414 453 440 END
START -11240 5980 2236 28 2990 -290 487 611 417 452 439 END
START -12664 6284 -2568 -431 1143 293 487 614 416 451 440 END
START -14636 5680 -920 -287 10 365 488 613 415 453 442 END
START -13908 4968 -756 -694 -515 142 488 614 415 453 442 END
START -16588 4568 1480 -839 -990 135 489 613 416 452 440 END
START -15876 3588 1212 -867 -1475 -130 490 613 417 453 440 END
START -14840 3180 956 -623 -936 -241 491 612 415 454 442 END
START -11296 3164 -1420 -607 -879 -451 490 610 416 454 441 END
START -14212 3300 1496 -991 -436 -642 489 609 416 455 442 END
START -11588 2340 -1308 -1216 420 -496 490 611 416 453 442 END
START -17052 2916 1572 -1022 605 -385 490 610 416 454 441 END