START -5508 8808 9780 -3217 -3902 -4744 509 587 436 484 473 END
START -5492 8532 10252 -3300 -4385 -4989 509 589 436 484 472 END
START -4076 8048 10576 -3097 -5384 -6144 509 595 435 484 473 END
START -3588 8260 9928 -3387 -4142 -6233 508 600 434 483 473 END
START -5044 8144 9652 -3945 -3903 -6539 507 602 433 482 476 END
START -6108 7960 9332 -4807 -5291 -8071 506 608 433 482 472 END
START -6300 7936 10480 -5608 -6747 -9353 506 612 431 481 473 END
START -3328 6432 10244 -6249 -5517 -10904 509 617 430 480 472 END
START -2484 6280 10632 -7246 15 -10453 504 621 429 479 472 END
START -3340 6496 9772 -7677 6321 -10070 505 624 428 479 472 END
START -6896 5684 9828 -7848 10016 -10602 504 628 426 478 471 END
START -10716 4428 11124 -8167 9581 -11395 501 631 423 475 472 END
START -10544 3816 10944 -8523 6641 -12673 500 634 411 474 470 END
START -9052 3104 10652 -8673 5641 -11985 499 636 420 472 469 END
START -10356 3724 10864 -8540 6209 -9810 496 636 417 476 470 END
START -16180 5060 15684 -8528 3160 -8814 496 637 416 467 469 END
START -16712 6704 14976 -8527 1433 -8230 496 634 415 465 469 END
START -3268 6404 2800 -10090 2533 -6537 500 635 415 465 467 END
START -14472 4796 12688 -12777 1798 -4991 503 633 415 464 466 END
START -24136 4420 19640 -15168 -600 -3490 504 629 413 462 467 END
START -5424 2260 7368 -18344 1173 -3533 509 625 413 461 465 END
START -17732 3032 14980 -20161 3588 -1856 512 604 412 459 465 END
START -19012 24 16268 -20601 12814 -202 513 612 412 457 466 END
START -5600 -2420 5836 -18336 21338 1282 517 601 411 453 465 END
START -20468 -1732 13476 -15983 22757 3320 518 585 411 451 464 END
START -11792 -2636 6544 -13406 24860 5133 520 565 411 451 463 END
START -18836 -3704 10396 -10452 23267 6026 519 550 411 450 463 END
START -12504 -2528 6684 -7537 23651 7408 519 542 410 451 463 END
START -13136 -976 6944 -4762 22401 8737 520 538 410 450 463 END
START -20184 1176 10888 -3320 22043 10050 521 529 410 450 463 END
START -11200 1540 968 -1379 23575 11218 519 526 411 449 463 END
START -14520 3188 2616 143 22811 12540 520 525 412 450 463 END
START -18632 2652 7496 2044 20713 13676 519 529 414 449 464 END
START -17296 2632 6440 3567 19350 14622 519 533 417 453 464 END
START -15136 3916 4044 4485 18485 14999 518 536 420 457 466 END
START -12908 4744 2820 4814 18681 14234 520 542 423 459 466 END
START -17648 4788 4604 4484 18287 13998 517 542 422 460 467 END
START -17900 4192 2692 4887 16116 14195 513 547 423 460 468 END
START -14324 4884 -568 5210 13150 12930 512 552 426 464 468 END
START -16036 5500 3020 5158 8924 11496 511 558 424 464 469 END
START -11984 5984 -184 4949 6845 10180 511 558 425 464 468 END
START -12660 6196 1412 4389 5367 9002 507 560 425 464 471 END
START -13292 5940 712 4055 4752 7849 508 561 432 464 472 END
START -11364 5868 -1204 4050 3499 6232 506 560 425 466 474 END
START -12692 7344 1700 3477 2008 4889 506 563 425 465 472 END
START -14848 7072 2644 3036 -513 3880 500 559 422 465 471 END
START -11432 6428 -740 2530 -2309 2621 500 561 424 465 472 END
START -13512 6980 640 2266 -2495 1161 499 557 406 464 471 END
START -10448 6024 -2820 1765 -1330 191 498 559 424 466 471 END
START -16036 6048 -16 1222 -973 -814 497 557 423 463 471 END
START -13432 6256 -1228 683 -362 -1256 495 556 422 463 469 END
START -14304 6704 -132 -40 728 -1950 492 555 421 461 468 END
START -10440 7312 -2188 -644 2870 -2410 492 555 420 461 469 END
START -12808 7048 -4820 -1309 2677 -2839 491 554 419 462 473 END
START -11916 6792 -6016 -1744 1867 -3356 491 555 421 461 467 END
START -14868 8264 -5852 -2018 12 -3708 489 554 420 461 466 END
START -15888 8316 -3276 -1976 -2122 -4199 488 555 420 458 467 END
START -12524 7188 -5316 -2093 -3733 -4449 487 554 417 458 467 END
START -15640 7912 -2636 -1968 -5316 -5039 486 557 417 457 464 END
START -9548 6668 -8436 -2201 -4112 -5802 487 558 416 455 464 END
START -13744 6892 -4432 -2403 -5007 -6462 492 563 415 454 465 END
START -12576 6396 -7588 -2549 -6042 -6850 487 565 414 454 465 END
START -12648 5460 -5944 -3285 -7352 -6604 488 566 414 455 465 END
START -10920 3572 -4332 -2711 -6279 -4354 491 573 416 456 464 END
START -8448 2564 -2132 -678 3102 -1689 491 571 417 457 466 END
START -15068 6180 1076 104 8433 -2228 491 572 418 457 469 END
START -19012 5996 168 -35 7309 -1252 492 573 418 456 465 END
START -16564 3912 -3928 -64 3336 -409 494 573 417 456 466 END
START -18884 4048 -1936 180 -308 -164 495 573 418 456 466 END
START -18116 3756 -272 -18 -2601 -37 493 571 418 455 466 END