START 9884 11108 10844 4505 -26267 10101 502 590 401 444 460 END
START 10076 11564 11016 5168 -19462 10026 502 590 401 444 461 END
START 3940 12084 13288 6264 -6127 8561 503 592 403 443 460 END
START 664 11580 13496 6684 -3709 7283 502 592 402 442 460 END
START 1808 11008 11368 6350 -7913 5830 502 594 403 441 460 END
START 4316 10512 10132 6242 -10061 4166 501 596 401 442 460 END
START 5212 10464 8628 5751 -8442 2800 499 597 400 441 459 END
START 5552 10424 9880 5033 -5844 1041 497 598 399 441 460 END
START 5660 11560 11428 4809 -1275 -310 494 598 396 440 460 END
START 7232 11172 7828 3370 1786 -3387 489 602 394 440 461 END
START 9248 9896 6948 2507 6386 -5456 486 605 392 440 460 END
START 7392 8892 7772 1501 9749 -6268 484 608 391 441 461 END
START 3772 9192 11300 1364 11531 -6925 481 613 391 442 461 END
START 448 8348 12476 2013 10950 -7513 481 614 390 443 461 END
START 2044 10052 10560 1537 12394 -8317 485 615 391 443 462 END
START -1492 9228 7576 468 17669 -8104 483 616 390 443 462 END
START -3352 7344 9784 177 16415 -8996 483 619 390 442 462 END
START -2784 8576 10152 -992 12487 -8610 484 623 389 441 463 END
START -2092 8216 8216 -1831 12854 -7011 487 621 391 440 463 END
START -4416 8104 9096 -2201 13974 -7297 487 618 389 440 463 END
START -7212 10664 10464 -2191 14207 -7307 489 614 388 438 464 END
START -7688 9824 8816 -3256 13178 -7406 489 613 386 439 464 END
START -7348 9264 8832 -3870 10917 -8093 490 612 385 439 464 END
START -7288 9784 8792 -4565 8969 -6971 491 610 383 437 464 END
START -6756 10180 8668 -5124 7528 -5557 492 607 382 437 464 END
START -7692 10220 8624 -4941 6321 -5552 492 601 381 437 464 END
START -8384 10660 9208 -5520 4705 -4594 493 596 372 437 463 END
START -8880 10140 10172 -5236 3287 -4528 494 591 378 437 463 END
START -8324 11200 10296 -4998 2725 -3107 495 585 377 438 463 END
START -6720 10084 9572 -5086 2718 -3329 496 581 377 438 463 END
START -5380 10312 9368 -4755 3548 -2673 498 576 376 438 464 END
START -4608 11144 9196 -3823 5064 -1909 500 570 377 438 463 END
START -4888 10532 9672 -4000 6662 -1964 500 561 376 438 463 END
START -6212 10064 10144 -3774 8873 -1452 502 558 376 439 464 END
START -5960 9476 9684 -3989 11024 -1884 502 553 375 439 464 END
START -7464 9388 9720 -3801 12706 -1069 503 551 376 439 463 END
START -9176 10048 10628 -2922 12875 -542 504 551 376 440 463 END
START -8768 10924 10196 -3001 12736 3 504 550 376 439 463 END
START -8088 11320 9840 -2904 13544 55 505 549 377 440 464 END
START -6200 10016 7584 -2830 15268 290 507 539 377 440 463 END
START -7960 10416 6932 -2864 17669 317 505 549 377 439 464 END
START -9492 9632 6912 -3036 19357 914 507 550 378 440 464 END
START -11868 10076 7120 -3245 20462 1366 508 551 377 440 463 END
START -12020 9460 5668 -3074 21101 2381 509 553 379 439 463 END
START -12576 8340 4404 -2882 20291 2937 509 556 380 440 464 END
START -14844 8300 4740 -2664 17406 4605 510 559 380 440 462 END
START -16008 6660 4248 -2210 13941 5760 510 562 382 439 461 END
START -16148 7188 4212 -2099 10409 6457 512 566 383 439 460 END
START -17248 7852 4816 -2074 6737 7663 513 570 383 438 460 END
START -16184 7364 5120 -1485 3116 8017 514 574 386 438 460 END
START -14060 9768 6096 -975 358 8018 515 579 388 439 459 END
START -14708 11208 6800 -1075 -3683 9335 515 584 389 440 459 END
START -12496 10876 5632 -1122 -8270 9841 513 589 390 441 459 END
START -12628 9944 6052 -1220 -13685 11071 516 592 392 442 458 END
START -9816 8760 5072 570 -17833 10087 516 595 389 442 459 END
START -7792 9932 5160 2220 -21563 9215 517 596 394 444 460 END
START -11024 10948 7044 3278 -27517 9993 515 593 393 444 460 END
START -11316 11680 7964 3136 -32768 9795 513 592 393 443 460 END
START -5088 10792 4636 2849 -32768 8590 512 591 393 444 460 END
START -2840 12264 5120 2471 -32768 5719 513 591 392 444 461 END
START 2408 13592 2528 999 -32768 4011 513 590 393 444 461 END
START 2632 13564 3712 -55 -27669 1821 512 588 393 443 462 END
START 2360 13996 4796 -1886 -19110 -152 512 587 393 442 462 END
START 540 12960 5452 -3808 -11074 -745 508 585 392 441 461 END
START 984 12916 6440 -5391 -7915 -3038 505 582 392 440 460 END
START 3840 11580 7688 -5451 -2639 -3590 501 582 390 440 458 END
START 64 14248 10644 -5486 579 -6058 497 581 390 440 459 END
START 432 11844 7936 -6620 1592 -7356 494 586 390 441 460 END
START 616 11224 7788 -7615 4505 -8811 494 587 391 441 461 END
START -1016 9916 8520 -9151 4648 -10790 489 591 392 442 461 END