START -8168 9004 10780 -1231 -15668 4019 497 598 406 441 455 END
START -7124 8940 9788 -1181 -17475 4326 498 600 407 442 449 END
START -3068 8664 10012 -594 -19263 4329 499 603 406 441 456 END
START -236 9300 12480 77 -17244 4922 502 606 406 440 456 END
START -852 9496 12988 508 -14953 5867 503 607 406 439 456 END
START -1308 9556 14304 1701 -13583 4982 506 608 406 439 457 END
START -1072 10168 13852 2378 -12142 4435 506 608 407 438 457 END
START 1072 11224 11708 2708 -10355 3703 508 610 407 438 457 END
START 1232 9880 10848 2719 -9152 3221 509 611 406 439 457 END
START 504 9260 10720 2485 -10043 3178 511 611 407 438 457 END
START 240 8544 10964 2086 -11261 3389 512 611 399 436 457 END
START 1028 8976 11216 1671 -11173 3369 513 611 407 438 457 END
START 1524 9280 10720 1282 -9654 2905 515 612 407 438 457 END
START 1364 8996 10688 639 -7354 2349 517 611 407 438 457 END
START 2676 9528 10116 60 -5215 2330 516 611 408 438 457 END
START 2960 9728 10916 -240 -4212 2341 518 611 408 437 457 END
START 1184 9820 11964 -514 -4121 2141 518 611 408 438 456 END
START 2076 10708 11532 -904 -3560 1641 519 611 408 439 456 END
START 2044 10524 11736 -1115 -1883 1283 519 611 409 439 456 END
START 2464 10532 10932 -1391 -602 807 520 611 410 438 457 END
START 4000 10936 10320 -1787 -543 484 520 612 407 438 457 END
START 4784 11168 11060 -1933 -103 200 520 611 410 440 457 END
START 4148 12136 11924 -1939 254 -45 519 611 409 438 456 END
START 4232 12188 11988 -2012 1649 -599 519 612 409 438 457 END
START 4748 12264 11612 -2115 4031 -1566 516 613 410 439 457 END
START 4636 12108 12744 -1756 6333 -1793 516 615 410 439 457 END
START 3632 12788 14124 -1018 4933 -1920 513 616 409 438 457 END
START 5356 13368 14212 -181 4525 -2750 511 618 407 439 458 END
START 3656 13252 14540 859 7051 -2577 510 619 408 439 457 END
START 6084 12808 11352 666 9957 -4143 508 619 409 440 458 END
START 7656 13004 11436 542 15830 -5765 508 618 410 440 458 END
START 2796 11408 10692 270 21318 -5401 511 619 410 441 458 END
START -1756 11680 13872 1397 19316 -4195 513 618 408 441 458 END
START -4364 12788 14740 2449 12791 -3727 511 609 409 442 458 END
START 1224 12308 8472 1543 12763 -4533 511 613 408 441 457 END
START 1192 12532 6708 179 18893 -4540 505 612 406 442 457 END
START -3732 10608 9588 -45 18606 -5425 504 612 404 441 456 END
START -1976 10236 7780 -330 15854 -6927 505 611 403 442 457 END
START -3500 9620 8288 -260 14980 -5869 504 610 402 441 456 END
START -7444 9780 8212 -89 11382 -5607 503 604 400 440 456 END
START -7484 8520 7568 -1890 6518 -7346 505 594 396 438 455 END
START -3900 7324 3924 -3710 5464 -8751 505 589 388 437 455 END
START -4040 5636 3996 -5273 5734 -6121 505 581 391 436 455 END
START -8136 7432 7672 -4709 4166 -4544 505 575 389 434 454 END
START -10480 8256 9476 -5010 666 -3970 505 566 386 435 453 END
START -10120 7104 10920 -5001 -2624 -3725 503 554 384 435 453 END
START -6808 5788 9568 -5459 -2223 -4003 506 539 381 434 451 END
START -3740 5656 9832 -5555 2608 -3948 506 526 379 435 452 END
START -4012 6360 9788 -5305 9473 -3994 507 517 376 435 452 END
START -7212 7704 11072 -4976 15350 -3736 506 514 376 436 451 END
START -8884 7232 10852 -4835 18348 -3260 507 505 378 436 451 END
START -9796 6804 9980 -4337 19660 -2953 506 498 378 437 452 END
START -9300 8056 9844 -3801 20196 -2317 507 494 378 436 451 END
START -8608 8484 9856 -3427 22265 -1781 508 490 378 436 451 END
START -8624 8432 8556 -3294 25589 -1215 509 490 379 437 451 END
START -8356 8164 6296 -3777 27984 -754 503 491 380 436 451 END
START -9388 8160 5388 -3709 29216 183 510 491 381 437 452 END
START -11416 9504 4364 -3279 29625 1037 511 492 382 438 452 END
START -10936 9556 2836 -3478 28964 1586 511 492 383 436 452 END
START -11572 10560 2804 -3591 27632 2175 512 494 384 436 452 END
START -13892 9072 1720 -3584 25653 2880 512 495 386 435 453 END
START -14892 9148 -300 -3800 22489 3817 514 498 387 433 454 END
START -15408 9580 -1268 -3265 18324 4490 514 502 387 434 453 END
START -18300 9152 -472 -3053 11914 5945 515 505 388 434 452 END
START -18420 9496 1292 -3272 5564 5760 515 514 386 433 451 END
START -18448 9592 1728 -3693 -67 7504 515 524 390 434 450 END
START -15552 6964 172 -2931 -3382 8387 516 535 391 435 449 END
START -14280 8468 1836 -1961 -5478 7467 517 549 392 438 450 END
START -14784 9796 3508 -2229 -11458 9080 515 557 393 439 450 END
START -15452 8528 3072 -1843 -20770 11322 517 566 394 440 451 END