START -8148 7808 9140 -1294 -32057 7466 489 624 406 428 437 END
START -7168 8268 10036 -845 -32768 7790 489 623 405 428 441 END
START -3452 9420 11624 769 -32768 9326 489 622 402 428 440 END
START -2936 10088 12844 2404 -32768 9518 491 622 400 427 440 END
START -1892 11424 12120 3256 -29413 8888 492 621 401 427 439 END
START -180 10516 11300 3813 -25481 7208 494 622 400 426 438 END
START 1416 11568 10472 4007 -20565 6400 497 621 401 427 438 END
START 1084 11364 11172 4579 -17291 5525 498 622 401 428 437 END
START 548 10504 10944 4338 -16226 4173 499 622 401 428 437 END
START 3732 10052 8380 3646 -14019 3417 500 622 402 427 436 END
START 3192 9716 8320 2803 -11292 2511 501 622 402 429 437 END
START 3216 9428 8972 2078 -7902 1764 502 622 402 427 437 END
START 2392 9728 9668 1651 -5345 1188 502 623 402 428 437 END
START 2660 9836 9244 1233 -4647 557 503 621 403 427 437 END
START 3272 10012 8268 755 -3849 20 503 622 403 428 436 END
START 2412 10008 8544 263 -2505 -84 502 622 402 427 436 END
START 1812 10100 8684 -226 -1376 -404 503 624 403 427 437 END
START 1244 10452 9876 -607 -625 -410 503 623 404 427 437 END
START 1072 10560 9572 -1011 -355 -675 504 623 403 428 437 END
START 2108 10936 9508 -1188 399 -640 503 623 403 427 437 END
START 1760 10868 9128 -1532 -221 -1290 503 623 402 428 437 END
START 4200 11080 8068 -1459 119 -1637 502 623 404 428 437 END
START 3724 11208 9460 -1067 372 -1432 502 624 404 428 437 END
START 1036 12632 12600 -556 100 -1424 501 624 404 428 437 END
START 1560 13464 11944 -285 -457 -2205 498 625 402 426 437 END
START 4784 13516 7844 -637 -142 -3638 496 627 402 426 436 END
START 6192 13484 8808 -823 936 -4619 496 629 401 428 436 END
START 4024 13316 13332 97 2114 -3912 494 630 400 427 436 END
START 1640 13420 15320 2049 353 -3774 493 631 400 427 437 END
START 2208 15208 12348 2481 -1839 -4260 492 629 402 427 435 END
START 3220 14868 2784 -760 -1437 -6569 492 630 401 428 436 END
START 6472 11776 9656 -1562 5437 -8641 495 630 401 427 437 END
START 2428 9612 15928 314 5962 -4768 496 626 399 426 436 END
START -5424 14640 16408 1399 3049 -4317 494 620 397 427 436 END
START -4328 16480 9040 -1595 -191 -4955 490 611 392 426 435 END
START 4572 5332 3676 -4583 1736 -10187 488 612 391 426 436 END
START 7916 7996 9400 -5440 9695 -7543 489 612 391 425 437 END
START -2692 9780 13656 -4608 15823 -3603 487 610 389 426 437 END
START -5852 12228 13004 -5149 14766 -5123 486 606 386 422 437 END
START -5888 9828 11204 -6157 13965 -5634 485 598 383 423 437 END
START -4572 8172 9536 -7767 13736 -6650 484 585 381 423 436 END
START -2660 7860 8564 -8841 14248 -7912 482 573 379 423 438 END
START -4100 7696 9388 -9258 15344 -5769 481 560 377 425 437 END
START -7484 8132 11216 -8786 15540 -4672 480 541 375 425 436 END
START -9660 7620 11308 -8941 14772 -5851 477 526 372 425 436 END
START -8396 7356 10172 -8761 13114 -5369 477 513 372 426 436 END
START -8576 6828 11208 -8334 11923 -4819 473 507 370 425 436 END
START -7968 7520 10936 -7232 11693 -3601 475 503 371 425 435 END
START -11068 7404 12644 -6959 10147 -3118 473 501 370 425 436 END
START -10268 6732 12028 -6312 8422 -3334 472 495 369 423 436 END
START -10364 6408 11988 -5872 8019 -2884 474 491 368 426 436 END
START -7668 6940 11324 -5191 10359 -2673 474 490 366 426 436 END
START -7848 7924 11536 -4910 14009 -2190 472 487 368 427 436 END
START -9116 7524 12040 -4887 17842 -1733 473 486 367 427 435 END
START -10216 8048 11132 -4537 20995 -1379 473 485 369 426 436 END
START -11036 7416 10004 -4408 22980 -667 473 484 370 427 437 END
START -12884 8112 9864 -4122 23908 228 473 483 370 429 434 END
START -11400 7636 8088 -3864 24557 1630 474 482 371 428 437 END
START -10528 9024 7532 -3392 26294 3187 474 482 372 427 437 END
START -11416 9044 6188 -3444 30267 4127 474 482 372 428 437 END
START -12156 10076 4116 -2950 32767 4155 474 483 373 428 438 END
START -12764 9448 2092 -3205 32623 4784 474 481 373 429 438 END
START -13560 9444 880 -3372 30359 5558 475 483 375 428 439 END
START -12492 9400 -928 -2768 29366 5505 476 485 374 427 438 END
START -13944 9540 -828 -2580 29252 5726 476 487 376 427 438 END
START -16036 9212 -1248 -2950 27890 6568 477 489 376 426 438 END
START -17828 9312 -1724 -4067 23218 7550 476 491 378 427 437 END
START -19360 8476 -2056 -4470 17205 8530 475 491 378 427 437 END
START -18960 9160 -2900 -4415 10344 9663 476 492 378 427 436 END
START -16592 9268 -2132 -4162 4413 10933 475 495 380 428 435 END