START -824 5288 16124 -652 -1590 -4335 511 573 411 456 471 END
START -1244 5844 16012 -723 -1646 -4565 511 569 410 455 468 END
START -2212 6832 16652 -690 -3776 -6266 512 575 410 456 470 END
START -6656 6492 15896 -1379 -10692 -6877 515 573 412 456 471 END
START 4004 3508 9436 -321 -9593 -5447 517 573 415 455 471 END
START 3988 -2348 9092 4093 -4617 -10213 521 568 420 458 472 END
START -2388 4096 11952 4802 -943 -11380 524 561 429 461 478 END
START -668 2756 8620 3996 -103 -13958 529 560 440 467 482 END
START -2044 3044 9600 3282 375 -16306 534 558 453 471 487 END
START 1568 4220 6628 2864 2252 -17890 536 553 464 476 492 END
START -244 4224 5420 2033 3794 -19803 537 545 472 481 497 END
START -2064 3796 5972 1125 1937 -22283 534 537 479 486 501 END
START -2524 3512 7056 132 -1187 -24251 534 527 487 493 506 END
START -4024 4440 9204 -662 157 -26165 537 517 495 499 512 END
START -4184 4772 10100 -986 4640 -27614 539 507 503 509 518 END
START -6384 4564 10800 -819 5781 -27810 542 502 515 524 528 END
START -7668 5532 10024 -1393 1136 -27478 549 499 530 547 540 END
START -7260 5648 8992 -2605 -1115 -27101 557 502 550 573 551 END
START -7796 4804 9328 -3265 -1404 -25943 563 507 571 592 558 END
START -8780 4516 9944 -3998 -4683 -24722 582 513 589 603 564 END
START -8500 3560 9376 -5159 -8089 -24173 604 515 598 612 570 END
START -7752 2696 9748 -6144 -7833 -23759 626 519 608 620 574 END
START -9792 1968 10628 -6731 -7341 -22202 637 523 618 626 578 END
START -8904 1168 11768 -7454 -9502 -20785 646 527 624 633 580 END
START -9764 460 14100 -8047 -11181 -19449 653 531 630 637 583 END
START -8208 -244 13892 -8127 -10326 -18156 656 536 633 640 583 END
START -8996 -584 13868 -8873 -10652 -16774 660 541 638 643 584 END
START -4752 -1592 11976 -9858 -9988 -15355 663 546 641 645 585 END
START -7692 -2336 15588 -9987 -7921 -13227 665 552 644 647 586 END
START -7368 -3924 16260 -9551 -5688 -11223 667 558 646 650 585 END
START -7740 -5020 15748 -8805 -4003 -9233 668 562 649 652 585 END
START -6728 -4580 14500 -8308 -3282 -7158 670 566 651 654 584 END
START -7136 -4948 15500 -7413 -3661 -5321 671 570 653 657 582 END
START -5876 -5464 15128 -6448 -4701 -4039 673 573 654 658 582 END
START -5168 -5460 15036 -5596 -4805 -2894 673 575 655 659 582 END
START -4044 -5840 13516 -4970 -2769 -1795 674 577 656 661 582 END
START -5904 -6180 14516 -4311 -2444 -491 674 580 658 662 583 END
START -6412 -6416 16072 -3540 -5900 269 675 581 659 664 584 END
START -4548 -6744 15528 -3029 -6416 488 676 583 659 666 585 END
START -2680 -7812 13844 -2559 -4361 819 676 582 660 668 586 END
START -4084 -7928 14408 -2408 -3136 1021 677 583 660 669 588 END
START -3192 -8200 14640 -2325 -3379 1395 677 584 660 671 588 END
START -5284 -7828 16208 -1942 -3874 1236 677 584 661 672 592 END
START -3544 -8852 14812 -1413 -3328 1445 678 583 661 675 593 END
START -3252 -10056 15020 -1102 -6461 1623 680 582 662 675 594 END
START -1056 -10404 13732 -712 -5619 1564 679 581 662 676 594 END
START -2092 -10892 14476 -580 -2882 1383 680 580 662 677 594 END
START -3476 -10568 14632 -408 -1726 990 680 577 662 678 596 END
START -1936 -9908 14556 -171 -515 286 680 579 662 676 596 END
START -4332 -7960 15916 355 509 1177 680 580 663 679 598 END
START -4184 -5828 16028 525 970 1071 683 580 662 680 600 END
START -3372 -5096 15432 694 1005 1408 683 580 663 680 599 END
START -3048 -4404 14456 873 1024 1450 684 580 662 680 599 END
START -1304 -4004 13544 745 703 1305 684 579 662 681 600 END
START -1860 -2588 13536 897 684 1248 685 576 662 681 600 END
START -1716 -3804 12684 518 495 405 684 578 661 681 601 END
START -3900 -3984 14384 330 599 -88 685 578 662 681 601 END
START -3392 -5604 14024 212 559 -688 685 576 662 681 601 END
START -3520 -5760 14392 40 606 -1012 684 576 661 681 602 END
START -4000 -6556 14400 -113 445 -1243 684 573 661 682 602 END
START -5052 -7752 14720 -174 -289 -1173 685 576 661 681 602 END
START -5208 -7072 15200 -387 -261 -974 685 576 661 680 602 END
START -4700 -6488 15024 -532 133 -611 685 576 661 682 603 END
START -3244 -5924 14112 -720 286 -174 685 577 661 681 603 END
START -2924 -5096 14640 -843 205 230 685 576 661 681 602 END
START -2236 -4896 14320 -775 423 544 684 576 661 682 603 END
START -1996 -4140 14100 -812 153 755 685 576 660 682 603 END
START -2540 -2540 14084 -768 338 764 685 577 659 682 603 END
START -2172 -3740 13432 -571 464 354 685 577 659 682 603 END
START -2264 -3624 13600 -603 -33 173 685 576 659 683 603 END