START -1764 8232 11408 429 6373 -2196 509 593 434 481 490 END
START -1804 8008 11416 558 6926 -2292 509 594 435 482 491 END
START -3364 7988 11236 445 8050 -2310 509 597 435 482 490 END
START -4316 8056 10772 -54 7603 -2510 508 600 435 482 490 END
START -5236 7912 11104 -638 5983 -2910 508 601 435 482 490 END
START -4320 7676 10796 -1043 4997 -3639 509 603 434 481 489 END
START -4196 8052 10052 -1832 5405 -4124 508 603 435 481 489 END
START -3700 7304 9200 -2481 5603 -5286 508 605 434 482 489 END
START -3616 7100 9620 -3328 6924 -5974 509 608 435 482 489 END
START -5056 7392 10660 -3675 8609 -6045 508 607 434 481 489 END
START -6088 7552 11148 -3933 9156 -6613 507 610 434 481 489 END
START -6272 8072 8584 -4004 8997 -7262 507 612 434 482 489 END
START -6556 8232 7544 -4201 8047 -8087 506 617 432 481 489 END
START -9532 6352 10152 -4537 6600 -9301 504 620 431 480 488 END
START -7996 5532 9316 -4208 6634 -9588 491 622 431 480 488 END
START -11928 6928 11248 -4619 6327 -8825 500 624 429 479 487 END
START 444 6224 5168 -4507 7173 -8181 498 627 426 479 488 END
START -5552 6684 8932 -4413 5693 -7346 494 628 424 475 487 END
START -3440 5696 8228 -4189 5266 -7062 492 627 423 472 486 END
START 80 6280 3264 -4917 4074 -8170 491 627 419 472 486 END
START -3548 6468 5752 -6345 4381 -8849 490 628 420 471 485 END
START -3420 5076 6060 -7397 5244 -9019 492 630 417 472 485 END
START -16936 5416 14392 -8734 3585 -7942 496 626 418 472 486 END
START -9708 4440 8724 -10549 3336 -7326 501 621 418 472 488 END
START -8528 3028 5536 -13061 1516 -6407 507 615 417 474 485 END
START -19696 2996 13188 -14906 1261 -5037 513 608 418 472 487 END
START -8284 0 4560 -15432 5724 -4730 518 606 418 472 489 END
START -10812 -3664 7052 -14323 5940 -2777 519 601 418 470 484 END
START -13456 1852 9400 -14071 3893 1421 521 599 417 467 483 END
START -11720 -784 10536 -13976 5229 2493 521 596 416 464 473 END
START -16164 -312 14372 -13491 9875 3756 523 592 418 460 481 END
START -8712 -2020 7952 -11620 19578 4018 523 586 415 459 482 END
START -17284 -1516 10764 -8746 24060 5220 523 582 417 459 482 END
START -14360 -632 7080 -5644 24314 7241 524 579 417 457 481 END
START -16940 268 7580 -3104 20792 8603 523 554 419 456 480 END
START -13444 816 4044 452 19295 9434 523 539 418 457 481 END
START -13676 2856 6376 2406 18217 11272 523 527 424 459 482 END
START -15636 2860 10352 4571 18930 12253 522 520 421 448 482 END
START -14700 3660 5924 5793 21076 12902 522 518 423 461 482 END
START -15396 5268 5228 6090 22308 12355 525 523 425 460 483 END
START -17956 6612 6500 4989 23704 12206 518 528 424 460 482 END
START -13580 5700 192 3624 26672 11622 519 539 423 461 484 END
START -13472 4432 -2064 2947 27073 11093 515 546 424 467 485 END
START -14236 4996 -3788 2713 23455 9869 513 555 426 467 489 END
START -20408 6356 1496 2244 15433 8539 509 556 428 469 486 END
START -14956 6444 328 1518 8868 6679 507 558 428 468 487 END
START -15596 6296 2264 1180 4099 5435 506 558 428 469 489 END
START -15832 6272 2272 464 318 4187 505 559 429 469 488 END
START -11252 5984 180 629 -828 2217 504 559 429 469 489 END
START -11452 6188 -408 256 -2516 1470 503 560 429 468 487 END
START -16224 5956 2616 493 -5793 -363 503 562 428 469 488 END
START -14788 6088 1636 585 -8942 -1378 502 560 428 461 488 END
START -11680 7080 -4876 723 -9412 -2683 501 560 427 468 488 END
START -8220 6532 -5884 409 -6585 -3588 500 560 428 468 490 END
START -9456 5724 -1204 -439 -5260 -3936 498 558 426 466 487 END
START -14304 6428 -1312 -646 -4244 -3996 498 557 427 465 486 END
START -11832 6536 -1364 -1123 -3511 -4077 497 553 425 465 486 END
START -18372 6276 2704 -2035 -5438 -4583 498 550 425 465 485 END
START -13944 4672 -1472 -1699 -8113 -5543 497 554 423 466 485 END
START -8768 3044 -2104 -2248 -8085 -3199 500 560 427 468 486 END
START -10280 2540 876 -599 2026 -1102 499 563 428 468 486 END
START -18700 5956 5912 -82 7528 -1980 499 565 428 467 486 END
START -21012 5380 4668 -62 5883 -212 500 565 428 468 485 END
START -21340 5480 3456 251 1644 770 499 568 428 455 485 END
START -19512 5272 3836 396 -1893 774 499 568 426 466 485 END
START -13104 6020 1204 288 -1934 852 499 566 427 458 485 END
START -9200 5452 -996 -89 -608 727 499 568 431 468 490 END
START -10868 5468 -2124 -366 521 109 500 568 428 468 486 END
START -11500 4516 -2600 -384 1730 164 499 568 429 467 485 END
START -16204 5304 348 -479 1511 -200 499 567 428 468 485 END