START -5188 7708 9664 1126 -5913 -2218 469 608 407 437 381 END
START -4904 8060 9156 795 -6139 -2292 471 608 409 437 382 END
START -4340 7412 10100 581 -5607 -2300 469 610 409 436 382 END
START -5288 7576 10312 49 -4780 -2549 470 611 409 438 383 END
START -4696 7696 10244 -428 -3168 -3024 470 611 409 436 383 END
START -4484 7488 9044 -914 -1335 -3384 471 613 410 437 382 END
START -6064 7480 9828 -1450 -1459 -3658 470 614 413 424 383 END
START -5816 7616 10508 -1777 -3194 -3960 470 616 411 437 384 END
START -6232 6668 11352 -2077 -4751 -4038 470 616 412 434 383 END
START -5604 8128 12044 -2482 -5217 -3759 471 615 411 435 383 END
START -5552 8696 12812 -2683 -5808 -4296 470 618 411 437 383 END
START -4716 8460 11064 -3179 -4740 -5597 470 620 415 437 383 END
START -1928 8212 10040 -3587 -2183 -5535 478 624 412 438 383 END
START -2700 7924 10992 -3750 206 -5030 472 625 412 438 384 END
START -1976 7704 12220 -3799 1065 -4694 472 626 411 438 384 END
START -4812 8996 14556 -3623 576 -4426 472 627 411 438 385 END
START -9144 8852 17236 -3714 -1847 -4093 472 627 411 436 384 END
START -12884 10480 19548 -4670 -4926 -4587 471 623 409 437 385 END
START -5536 11876 14048 -7965 -6864 -5594 470 620 408 434 386 END
START -5016 10260 10712 -12647 -7436 -4028 471 613 407 431 387 END
START -8796 3748 10120 -15908 -5524 -1544 472 609 408 429 386 END
START -5768 2104 8804 -16488 835 -3265 474 608 406 426 388 END
START -7604 3864 11760 -17039 2973 -2089 474 601 404 422 388 END
START -12204 4472 13316 -19496 278 -1413 477 587 403 420 386 END
START -7192 500 9000 -19830 -1439 -467 477 565 404 420 389 END
START -4136 -632 9264 -17795 543 3367 480 545 405 418 389 END
START -5408 -848 13808 -13508 5264 4047 481 533 404 418 390 END
START -3444 2644 14364 -12450 10616 5563 481 525 403 417 392 END
START -5076 2648 13208 -12552 14557 5405 482 518 403 417 390 END
START -7408 1696 16360 -12406 17220 6074 483 515 402 415 391 END
START -6856 1092 14476 -11149 18693 7800 484 512 402 414 389 END
START -6504 1320 13840 -8627 23230 9147 483 510 402 416 392 END
START -10784 1388 16072 -7297 26731 10280 484 508 403 415 391 END
START -9896 592 13308 -5786 30834 10831 484 508 405 417 391 END
START -11064 176 10896 -3973 32767 12012 484 505 404 417 391 END
START -10416 116 8088 -1281 32767 12635 483 506 404 417 392 END
START -19880 2152 12332 999 32767 13834 484 510 407 420 392 END
START -14468 1596 5816 3235 32767 14714 482 516 406 421 393 END
START -16596 1432 6228 6121 28966 14680 482 520 408 423 393 END
START -16532 3904 6732 8329 25913 13773 482 527 409 425 395 END
START -15040 6060 5916 8621 26947 13192 481 534 409 428 395 END
START -9492 5452 -708 8456 25958 13202 481 544 409 430 394 END
START -12696 6216 632 8587 23280 12255 479 554 412 432 394 END
START -17476 8332 3388 7964 21764 11145 480 562 411 435 390 END
START -17448 10320 3508 6629 19710 8462 479 567 412 437 393 END
START -12232 8984 -2812 5338 17176 7474 480 571 411 438 394 END
START -7736 7420 -8192 4620 11104 5606 479 572 413 437 395 END
START -8372 5896 -7960 4219 4715 3869 478 573 412 440 395 END
START -8472 6384 -6604 4416 1064 1928 478 571 414 439 397 END
START -4572 9884 -4408 3643 1515 -565 476 573 413 439 397 END
START -10204 8464 48 2546 4217 -842 476 571 410 439 396 END
START -14060 5396 -1952 1884 4313 -2141 476 572 410 439 396 END
START -10844 6108 -8268 2170 1834 -2928 476 574 411 440 395 END
START -9396 7052 -7992 1860 -1785 -4121 476 576 411 440 397 END
START -11436 7540 -2648 1374 -4165 -4482 479 585 412 441 398 END
START -12900 8172 -2388 723 -6413 -4938 475 581 410 438 397 END
START -11536 7544 108 -43 -5233 -5070 475 588 410 439 397 END
START -11548 8868 -4084 -370 -3207 -5693 475 593 410 442 398 END
START -13904 8296 572 -990 -2712 -5938 471 600 412 438 397 END
START -14552 8984 -3600 -1759 -4092 -6384 473 600 410 438 398 END
START -10736 5740 -6144 -2224 -4669 -6652 475 604 408 438 398 END
START -18208 6436 2700 -2165 -6594 -6085 473 609 406 438 399 END
START -12176 6468 604 -1523 -6459 -1916 473 617 408 438 399 END
START -13500 5312 3852 -789 -246 -2411 473 619 408 439 399 END
START -15072 6524 1908 93 5674 -1290 473 620 412 439 399 END
START -16788 7516 -2680 434 5164 -537 474 621 409 438 401 END
START -15784 6844 -2256 222 1713 -385 473 621 410 438 399 END
START -16192 5912 -1596 125 -1540 -155 475 622 415 437 400 END
START -17344 6648 1236 -286 -3025 -245 475 622 410 438 400 END
START -12912 5364 -676 -563 -1753 -428 474 623 411 438 400 END