START 2088 10848 12396 3210 -7431 1270 506 605 399 440 461 END
START 2100 11156 12372 3171 -7404 1031 503 606 399 441 462 END
START 2700 11104 10500 2701 -6096 341 503 608 399 442 463 END
START 3352 10296 7824 1536 -4005 -686 503 609 399 442 464 END
START 3568 10460 9224 747 -324 -1436 503 618 399 442 464 END
START 2396 10720 11208 575 1886 -1829 504 624 400 443 464 END
START 1476 10944 10548 234 1222 -2703 502 631 399 445 465 END
START 2500 11200 9680 -129 323 -3143 501 638 401 446 466 END
START 904 10672 11044 68 646 -3335 501 642 399 448 467 END
START -672 10716 8272 -1356 -346 -2404 501 646 402 449 467 END
START 1000 11748 8400 -2818 569 -3092 500 648 400 443 468 END
START 788 11632 11432 -2859 4238 -2754 500 650 402 450 469 END
START -396 11744 12104 -2409 6033 -3443 500 652 403 450 469 END
START 2032 12704 12160 -1575 7158 -4158 498 654 402 450 469 END
START 424 12532 9192 -2562 8718 -4332 498 655 401 450 469 END
START 1152 10804 9236 -2535 11312 -5393 500 654 401 448 469 END
START -748 11020 9232 -2926 12867 -4826 501 654 401 447 469 END
START -3496 11876 11216 -2803 13117 -4539 501 653 400 447 470 END
START -4132 12444 11428 -2972 11172 -4677 502 651 398 445 469 END
START -4400 12544 11120 -3691 9412 -5246 503 648 396 444 469 END
START -3244 10584 9696 -4641 9489 -5943 504 644 393 444 469 END
START -3468 9776 9732 -4754 9376 -7078 505 641 393 444 469 END
START -3348 10424 9300 -4791 9682 -5538 506 636 390 441 469 END
START -6076 9608 10040 -4278 8597 -4641 506 632 387 443 468 END
START -6448 9520 10012 -4337 7465 -4432 506 621 385 442 468 END
START -6012 9376 9316 -4230 6757 -4124 507 608 383 442 468 END
START -6952 8248 9400 -3747 5965 -4148 506 606 388 444 467 END
START -7764 7308 10292 -3033 4496 -2722 507 601 382 443 467 END
START -8364 7792 10840 -2243 3518 -1627 508 598 381 443 467 END
START -6864 8308 10652 -2332 3386 -1258 508 591 381 442 467 END
START -5624 8980 10276 -2412 4515 -848 508 584 380 443 467 END
START -5164 8560 9828 -2585 6515 -1144 508 575 379 444 463 END
START -6236 8164 10496 -2838 9057 -723 507 570 380 443 467 END
START -7048 7592 10612 -2315 10950 -393 510 565 380 444 467 END
START -7856 8644 9840 -1860 11395 345 510 559 379 444 466 END
START -9680 6348 10572 -1996 10869 787 510 554 379 444 466 END
START -9084 7172 9680 -1939 10812 1619 511 550 379 445 466 END
START -10528 7888 10128 -1637 11537 2409 511 546 380 444 466 END
START -9584 7380 9588 -2141 13117 2907 512 545 380 444 466 END
START -8012 7496 8868 -1579 14898 4390 513 547 381 444 466 END
START -8284 9252 9880 -1139 16785 5360 514 549 383 445 466 END
START -7588 9488 8564 -1411 18529 5517 514 550 383 444 466 END
START -8560 9876 8188 -1863 19166 6024 515 552 384 445 465 END
START -10520 10196 7556 -1856 18427 6737 516 554 385 445 464 END
START -10532 10804 6572 -1273 16676 7404 516 557 387 445 464 END
START -11328 10808 4960 -92 13917 8011 517 564 389 445 463 END
START -10464 10452 4292 1077 10803 7932 518 569 391 445 463 END
START -10424 11896 5236 1669 8126 7046 519 574 392 445 462 END
START -11164 11680 5656 1636 5058 6446 519 576 394 446 461 END
START -11236 11512 4920 715 846 6427 519 584 395 446 461 END
START -12848 9660 4680 -258 -4292 6846 520 587 396 447 461 END
START -11264 8356 2504 -699 -10899 8228 522 594 398 448 461 END
START -8920 7352 2220 -223 -17991 8616 522 599 400 450 462 END
START -10692 8592 8508 1996 -23077 8672 522 600 404 448 461 END
START -10568 10772 10004 2883 -26033 7042 522 599 399 449 460 END
START -6804 8880 6604 2579 -29361 6202 523 600 400 449 461 END
START -6916 7596 6232 2196 -32768 5937 525 600 402 450 461 END
START -5924 7584 6512 2193 -32768 4239 526 602 401 450 462 END
START -2232 11156 7712 2031 -32768 2523 528 601 401 450 463 END
START -1172 13224 9448 552 -26734 2017 528 601 402 451 464 END
START -220 12780 8732 -205 -19208 2004 526 599 400 452 464 END
START -2040 12524 8584 -1504 -15279 1538 526 599 400 450 464 END
START -3852 12640 9064 -3199 -15937 1159 526 599 401 448 463 END
START -2352 12020 10304 -4283 -15876 515 524 599 402 447 462 END
START 852 12268 11308 -4939 -11743 1572 522 598 400 446 461 END
START 2364 13692 9684 -4938 -7567 -585 520 597 402 445 461 END
START 1656 13008 9948 -6001 -2942 -1489 518 596 400 444 461 END
START 232 12164 11004 -6210 2009 -1837 515 595 400 443 460 END
START 612 12460 10664 -6469 3755 -3303 511 595 400 444 460 END
START 1380 12784 10392 -6951 5440 -5349 507 591 400 442 462 END