START -7484 7912 13048 -40 -268 -163 499 598 426 479 489 END
START -6780 7876 12956 8 -528 -199 501 597 428 479 489 END
START -5656 8036 13020 294 -692 -291 498 598 428 480 488 END
START -5040 8624 12588 672 -45 -374 499 598 428 479 489 END
START -4820 8596 12580 991 742 -715 497 599 428 479 489 END
START -4720 8248 12628 1676 1647 -1112 499 602 427 479 489 END
START -5528 8580 12052 1838 1873 -1218 497 598 430 480 489 END
START -6664 8204 11804 1944 580 -1784 499 600 428 479 490 END
START -5488 7740 11252 1797 -146 -2351 498 601 432 479 488 END
START -4328 8892 10752 1530 363 -2861 498 608 430 479 488 END
START -3212 9296 9096 1255 243 -4148 497 600 429 479 488 END
START -3340 7840 9332 729 445 -5769 496 602 431 478 487 END
START -5056 6948 10332 -16 1775 -6636 496 603 430 478 486 END
START -5792 6636 10228 -807 2346 -7274 494 606 428 475 484 END
START -4964 5392 7364 -2036 2004 -8065 495 609 429 476 484 END
START -6100 4720 7024 -2976 2711 -8756 494 614 430 475 483 END
START -5488 4120 6704 -3672 4877 -8198 495 618 428 474 481 END
START -9004 4124 10056 -4107 2997 -7996 493 622 429 473 478 END
START -16656 5788 15696 -4256 -949 -8209 498 627 424 472 476 END
START -9160 5320 10592 -4407 -673 -8422 490 629 423 468 477 END
START -1052 6536 976 -5764 424 -8285 491 633 422 469 475 END
START 1544 5188 -960 -6813 2820 -8755 490 634 423 470 476 END
START -5380 5668 7716 -7433 5264 -7333 488 635 420 469 475 END
START -14148 5968 15168 -7708 3323 -5550 488 631 417 467 473 END
START -16160 7148 16752 -7926 -2035 -4740 490 629 427 465 473 END
START -16704 8456 17104 -10303 -5578 -5490 493 622 418 464 472 END
START -11312 6052 12544 -13894 -5290 -5714 498 616 418 467 475 END
START -14284 1824 13120 -16085 -4152 -4604 504 608 417 467 477 END
START -10820 648 10152 -16365 -876 -3830 505 592 418 467 476 END
START -5696 -744 7640 -16041 3383 -2518 508 568 419 464 476 END
START -10628 -608 11868 -14682 7064 -1238 508 547 419 461 476 END
START -4900 -96 6988 -12580 14900 244 511 511 419 457 474 END
START -5280 -316 10516 -10935 19769 1706 510 522 419 456 475 END
START -10308 740 12408 -9708 22570 3170 512 514 421 457 475 END
START -12768 2208 13796 -7758 24445 4053 513 509 417 457 476 END
START -8484 1448 9392 -7104 26319 4962 513 507 421 456 475 END
START -13020 988 10828 -5786 26746 5839 512 502 420 456 475 END
START -14160 616 9400 -3618 28572 7433 513 497 420 455 474 END
START -14096 328 6868 -617 30328 8817 512 497 422 459 477 END
START -12068 972 3996 1862 30565 9778 514 498 425 460 478 END
START -15992 1968 4384 3989 30050 10378 515 503 428 462 479 END
START -22172 3800 7712 5179 28344 10619 514 509 427 465 478 END
START -25772 4524 8348 5177 25712 10251 513 512 428 466 481 END
START -22408 3760 4324 4602 22643 9809 511 511 428 471 481 END
START -12488 2472 -2324 4557 19881 8577 510 516 428 469 481 END
START -14700 2372 -1400 4685 17177 9088 506 526 432 471 482 END
START -15848 5232 956 4069 15852 8055 507 531 431 471 483 END
START -15140 6024 1212 2910 14051 6898 506 534 431 472 484 END
START -17396 5216 1944 2157 11968 5899 507 536 431 471 485 END
START -17856 5500 1448 1433 8871 5425 507 536 431 471 485 END
START -16516 4784 420 723 5380 4582 507 538 430 471 486 END
START -13056 5128 -1404 324 4160 3641 504 540 430 471 486 END
START -14044 5816 -1128 -59 2322 2637 503 541 430 471 486 END
START -16596 5612 664 -394 -637 1511 502 542 430 470 485 END
START -15464 5724 700 -384 -3787 509 501 541 431 470 485 END
START -16796 5732 2472 -707 -6090 -582 501 540 431 470 486 END
START -9640 4756 -1856 -772 -5427 -1765 500 543 431 470 485 END
START -12068 4880 -1040 -932 -5684 -2429 500 542 430 469 486 END
START -14728 5548 116 -1040 -6708 -3205 499 543 430 470 487 END
START -14220 6076 -4460 -1066 -6876 -3427 498 541 428 467 485 END
START -19376 5988 3192 -1324 -9759 -3709 498 537 426 466 485 END
START -16144 6376 -2180 -1338 -10391 -4480 498 534 425 466 485 END
START -16112 3024 2920 -1562 -13458 -6715 499 540 426 466 485 END
START -7796 2468 -444 -229 -6784 -487 500 546 429 468 485 END
START -14448 5808 3760 314 5379 -909 501 548 429 467 483 END
START -14816 8256 -2748 -97 10095 -1195 499 546 428 468 485 END
START -18892 7160 -2516 -464 6969 513 501 548 428 467 485 END
START -18576 6296 -3192 -442 1582 662 500 551 428 467 485 END
START -18776 5208 -100 -319 -2207 510 500 550 429 468 486 END
START -15784 5372 -308 -380 -2747 604 501 550 428 468 485 END