START -1148 11716 14096 3046 -5938 1191 512 608 401 445 466 END
START -440 11328 13204 2965 -6024 603 512 609 402 446 468 END
START 2368 10416 9860 2527 -4612 -941 511 610 403 447 468 END
START 3360 10040 11088 2758 -232 -1517 509 612 402 441 468 END
START 1440 10640 12740 3017 2876 -2034 507 619 402 447 469 END
START 776 10108 11400 2834 4697 -3511 504 625 401 447 469 END
START 96 11100 11040 2746 7145 -3906 500 626 400 448 471 END
START -848 9940 11072 2676 8559 -4895 497 628 400 449 469 END
START -2216 9156 10884 2463 8779 -5275 492 628 399 449 469 END
START -984 10900 12148 2722 9234 -6026 489 627 399 450 469 END
START -2472 13144 12996 2930 8507 -6040 489 624 399 450 469 END
START -1312 14260 8676 1513 10404 -6092 492 621 397 449 468 END
START -2108 11812 6716 184 13124 -6552 495 618 395 448 469 END
START -3188 10448 8056 -1815 11838 -9481 496 611 393 446 468 END
START -1892 11232 6524 -4734 10759 -7787 498 603 390 444 467 END
START -4636 7116 5416 -6895 11275 -6293 497 589 388 443 467 END
START -8532 8072 7832 -6731 10299 -5329 500 566 386 443 466 END
START -10128 9052 8784 -7086 7935 -3646 503 548 385 443 466 END
START -10032 8724 8936 -5574 5853 -2339 504 539 383 444 466 END
START -9020 10456 10652 -5275 4418 -1089 504 531 382 444 465 END
START -7600 9600 9816 -4494 5361 -864 505 527 382 443 465 END
START -7176 10808 9536 -3904 7594 -866 506 524 384 444 466 END
START -5528 10664 8944 -3398 9841 -263 508 521 382 444 465 END
START -6284 10192 8860 -2886 11263 40 508 519 382 445 465 END
START -5956 9860 7300 -2163 12017 -325 508 518 382 445 465 END
START -8576 9576 9020 -2166 11543 49 508 518 381 445 464 END
START -8760 9936 8500 -2131 10838 179 509 518 383 445 466 END
START -9348 10372 9212 -2201 10101 744 510 519 385 447 462 END
START -8224 8780 7940 -2245 10474 1064 511 520 384 445 465 END
START -9824 7432 8100 -2180 11034 1341 511 521 384 445 459 END
START -11664 8332 8512 -2612 11806 1933 513 522 385 447 465 END
START -12224 7520 8616 -3188 12148 2287 512 523 385 446 465 END
START -11692 8400 7880 -3102 11528 3223 513 523 385 446 466 END
START -12716 9368 9052 -2663 10352 4234 513 524 387 445 465 END
START -12648 8928 9316 -2032 8958 4452 514 525 388 446 465 END
START -10708 9096 7168 -1477 7832 4711 515 527 389 446 462 END
START -12152 10204 8064 -1489 5744 5389 516 528 390 446 464 END
START -11688 10700 7008 -892 4058 5793 515 530 389 447 464 END
START -10056 10780 5448 -553 1661 6609 516 536 392 446 463 END
START -9716 10560 5384 440 110 6764 517 544 393 447 464 END
START -8800 10424 4500 1392 -528 6126 518 553 395 448 462 END
START -9860 9732 5520 1142 -2216 6239 519 560 395 449 462 END
START -10592 8948 5532 895 -4643 6406 520 569 397 450 462 END
START -11036 9272 7120 1117 -7121 6363 521 575 399 452 462 END
START -12232 8880 6480 791 -10579 6817 523 583 400 452 463 END
START -11876 6228 4708 923 -18666 7523 523 590 402 454 464 END
START -11592 7648 6284 1458 -24252 7834 524 594 403 456 464 END
START -11064 9428 8308 2224 -32472 8193 525 597 404 455 465 END
START -8868 9244 8392 2072 -32768 8348 526 597 404 455 464 END
START -5360 9116 7844 2240 -32768 5945 526 598 404 455 463 END
START -1112 10872 7156 2534 -32768 3536 527 598 405 455 465 END
START 1632 13504 7752 1719 -32768 3403 527 598 404 456 465 END
START 3704 15324 8888 310 -29284 3064 524 597 403 454 465 END
START 6848 13920 7628 -759 -18729 3729 522 596 402 453 464 END
START 4060 14104 8008 -1479 -9805 1287 523 594 402 453 464 END
START 1328 13444 8020 -2732 -4179 230 522 595 403 452 464 END
START 460 13904 7284 -3836 -2318 -1468 523 594 405 451 463 END
START -572 13952 8456 -4623 -1697 -2166 519 595 403 450 463 END
START 40 13624 9936 -5209 -2274 -3478 516 594 404 450 463 END
START 2824 13320 10104 -5342 180 -5426 511 592 403 449 464 END
START 1932 12480 8640 -5717 2850 -5793 507 591 404 449 463 END
START 2024 10700 5780 -6730 3336 -8004 506 593 403 451 465 END
START 1452 7672 7968 -6864 5641 -7237 504 594 403 452 466 END
START -3076 5916 11908 -5122 8385 -4807 505 593 403 451 466 END
START -8304 10152 15312 -3110 7343 -2722 501 592 403 451 466 END
START -10348 12088 16284 -2113 2169 -2048 499 592 401 450 466 END
START -5240 11036 12960 -1138 1616 -1752 499 591 400 451 464 END
START -3628 10076 10812 -294 3700 -900 499 592 401 451 466 END
START -3796 9672 9920 -2 2185 -456 499 591 402 451 466 END
START -3416 9748 10496 -234 -426 -62 499 591 401 452 466 END