START 5768 10376 11432 1545 -30183 6470 492 625 405 433 443 END
START 4604 10760 12796 2182 -27528 6697 491 625 405 432 443 END
START 2992 11536 13984 3542 -22048 6633 497 626 406 433 443 END
START 800 12164 13876 4264 -18753 5512 497 627 406 433 443 END
START 1684 11856 11696 4157 -15720 4470 500 622 406 433 443 END
START 3192 11464 11116 4462 -11248 3783 503 626 406 432 443 END
START 3596 11636 11700 4353 -7254 3559 505 628 408 433 443 END
START 4600 12512 9952 4375 -4292 2578 506 628 407 433 443 END
START 3668 11584 8604 3606 -2542 1398 508 629 407 434 443 END
START 3472 10864 8380 3059 -1433 857 508 630 408 434 443 END
START 3532 10612 8404 2601 -2067 275 509 630 408 434 443 END
START 3684 10328 8304 2154 -2791 -297 509 631 407 435 443 END
START 3248 10560 8672 1836 -2191 -560 508 631 408 434 442 END
START 3424 11112 8784 1430 -1286 -925 509 631 409 434 443 END
START 516 11384 9488 637 -557 -1254 508 631 407 433 443 END
START -800 11484 11072 197 276 -1161 507 631 409 434 443 END
START -2328 11616 12448 -127 -108 -1225 505 632 408 434 442 END
START 2268 11176 8148 -631 -526 -2248 503 633 408 434 443 END
START 1568 10880 10136 -589 859 -2791 502 634 408 434 443 END
START 4956 10420 8204 -89 1180 -2436 501 635 408 435 444 END
START 1072 11076 11632 725 -40 -1895 499 636 408 435 443 END
START -2836 11760 12368 1143 -2233 -1478 497 636 407 435 443 END
START 1908 13264 8680 1007 -3838 -1764 496 636 406 436 443 END
START 7192 11944 2044 -522 -2995 -4505 495 639 405 432 444 END
START 6156 11536 9828 -580 2469 -5037 495 639 405 436 444 END
START 4392 11208 9724 201 2641 -3388 493 645 403 436 446 END
START 3076 12824 11464 1369 -143 -4411 493 644 404 437 444 END
START 4736 16192 9104 1621 2698 -5550 493 636 402 435 444 END
START 3088 15744 400 -2393 5193 -5783 491 632 400 435 444 END
START 2444 10600 8972 -2892 2325 -8881 489 632 398 434 445 END
START 2676 14384 8196 -4214 715 -4299 488 632 397 434 445 END
START 4592 13160 8736 -5191 2969 -7707 488 628 392 433 445 END
START 6512 12528 8584 -5535 8624 -7266 487 619 389 432 445 END
START 540 12784 10388 -5909 11199 -6877 486 602 385 431 444 END
START -2100 11432 10340 -7379 10703 -8866 484 570 383 430 444 END
START 648 11180 8616 -8667 10551 -6759 483 536 380 430 444 END
START 832 9820 8436 -9016 12368 -5706 482 516 379 431 443 END
START -896 11764 9660 -8595 15009 -4847 477 510 377 429 443 END
START -2732 12248 10920 -8748 15937 -3793 477 504 376 432 442 END
START -2856 12516 10720 -9671 16797 -3648 475 498 374 431 442 END
START -1096 10912 9260 -10093 19300 -4353 474 494 373 432 442 END
START -2832 10576 10112 -10281 21183 -4753 472 490 374 433 442 END
START -2828 10284 9612 -10168 22614 -4627 471 487 374 432 442 END
START -6312 10432 11300 -9623 22690 -4416 471 485 373 433 442 END
START -6720 9312 9900 -8935 22176 -4736 471 484 374 433 442 END
START -7752 10032 10400 -8478 20392 -4184 470 482 374 433 442 END
START -7916 9712 10860 -7497 20101 -3325 471 481 372 433 442 END
START -8228 9436 10912 -6557 21990 -2276 472 480 372 432 443 END
START -8160 9224 9640 -5869 24696 -1155 472 479 373 433 442 END
START -10060 9296 9096 -4410 27180 -1243 472 479 372 432 442 END
START -11152 9384 8032 -3717 26530 -231 471 479 372 432 443 END
START -11248 9772 6244 -2893 25040 1091 473 479 374 434 442 END
START -12108 9816 5780 -2273 22671 2701 473 479 374 433 443 END
START -12972 8460 5356 -1841 21770 3412 472 480 374 433 443 END
START -12508 8416 3480 -1073 22188 4223 474 482 374 435 443 END
START -16252 8612 4468 -721 20912 4943 473 483 375 434 442 END
START -17576 8244 4044 -378 17580 6083 472 483 376 434 442 END
START -17280 7500 3016 -523 13551 7682 473 485 376 433 442 END
START -17800 5840 3044 -199 9401 8181 472 488 378 434 442 END
START -16744 6396 2696 -383 5771 10175 472 490 379 435 442 END
START -15092 5372 2132 -91 2795 10785 473 499 381 435 442 END
START -15300 5892 3900 456 1360 11594 473 513 382 435 442 END
START -17076 6748 4304 334 -1733 12354 474 533 384 435 442 END
START -16216 7372 4048 121 -6344 13109 474 549 385 435 439 END
START -12528 9796 2740 32 -12237 14259 474 565 387 435 443 END
START -13736 9668 3224 823 -20603 15022 477 571 390 434 444 END
START -14236 10760 4172 1490 -32768 15330 479 594 393 435 445 END
START -12576 11572 5688 1913 -32768 15390 482 605 396 434 445 END
START -5168 11164 4484 2449 -32768 14859 484 610 399 435 445 END
START -1536 11252 3696 3173 -32768 13407 487 613 399 435 446 END