START -2956 9696 11208 660 -15736 3530 496 597 400 438 445 END
START -2100 9916 10836 652 -14096 3400 497 598 400 438 444 END
START -584 9768 10104 371 -7477 2741 498 598 401 438 445 END
START -1600 9332 9096 -20 -813 2026 498 599 401 438 445 END
START -3968 8564 9552 -53 2171 1335 498 601 400 438 445 END
START -7204 9248 10980 266 -614 2155 498 602 401 438 446 END
START -9096 10024 11728 209 -9055 4455 499 604 400 439 446 END
START -6588 9172 9820 -54 -18063 4460 499 604 401 437 446 END
START -2404 8336 9104 -335 -21521 4672 500 607 401 439 446 END
START -412 9256 11520 -135 -18550 5182 502 607 400 439 446 END
START 32 11544 13120 297 -13628 5615 503 607 400 438 446 END
START -708 12520 14840 1251 -10114 5501 505 607 400 437 445 END
START -824 12008 14484 1767 -11106 5069 508 607 399 437 445 END
START 256 12156 15484 2490 -12444 4387 509 606 399 435 446 END
START 868 12460 15032 3162 -11912 4226 511 606 400 435 445 END
START 2476 12572 14412 3597 -11374 3312 513 608 401 435 445 END
START 2640 12328 13648 4228 -9755 2114 513 608 401 435 446 END
START 5424 13196 12664 4594 -7141 2347 513 608 401 435 446 END
START 4472 12740 11636 4457 -5024 1609 513 609 402 435 446 END
START 4596 12932 11916 4522 -1846 1015 511 610 402 437 446 END
START 3800 12828 9152 3525 -143 1061 508 610 402 436 446 END
START 4336 11904 8608 2699 -1308 -940 507 612 401 436 447 END
START 5468 11612 11908 3246 -772 -968 505 613 400 436 446 END
START 1600 12440 13068 4060 -1177 -91 503 615 400 437 446 END
START 1868 12976 12988 4695 -797 -996 499 615 399 437 446 END
START 2832 14740 7624 3476 2605 -1986 496 614 400 436 446 END
START 5332 14032 6576 2211 6892 -4769 493 613 398 436 446 END
START 5888 12476 6840 853 11431 -5001 492 611 396 435 446 END
START 1992 13476 7636 288 13363 -4727 491 606 395 433 446 END
START -1752 13540 7756 -998 12079 -5817 491 600 392 430 445 END
START 464 11556 5096 -3047 10601 -7731 492 592 389 429 445 END
START 1584 10336 4020 -4957 10946 -10124 492 587 387 428 444 END
START 1168 8536 4480 -5867 10458 -10183 494 581 385 427 445 END
START -1232 9184 5356 -8744 9378 -9484 497 574 382 427 445 END
START -1552 8148 4568 -9818 9142 -7113 498 560 378 427 445 END
START -3908 8016 6916 -9681 7732 -6813 498 546 375 427 445 END
START -8004 7456 9556 -9796 5056 -6224 500 533 375 428 445 END
START -8608 7840 11188 -9441 2222 -6226 501 524 373 429 445 END
START -7228 6908 11296 -8786 1575 -5533 501 516 372 429 444 END
START -4576 6760 10776 -7696 3442 -4775 501 511 372 428 444 END
START -2928 5968 10724 -6656 7097 -4620 501 507 372 429 445 END
START -3580 7096 11444 -5839 11296 -4396 502 503 373 430 445 END
START -5836 5836 11492 -5424 14206 -4530 501 498 372 430 445 END
START -6492 6748 10088 -5335 15011 -4342 501 494 373 430 445 END
START -8268 7144 10600 -4799 14244 -3715 502 492 372 430 444 END
START -8120 6596 9880 -4046 13908 -3373 502 491 372 431 444 END
START -9164 7204 10432 -3146 13964 -3028 503 490 374 432 445 END
START -9108 7900 11312 -2848 14441 -2296 503 490 375 432 445 END
START -9532 8664 11572 -3017 14492 -1792 499 486 376 432 445 END
START -9648 8096 10496 -3000 14820 -1050 503 489 376 433 445 END
START -9336 7940 10372 -2857 15873 -643 504 487 377 433 446 END
START -6984 7468 8700 -2791 18074 6 505 490 377 433 446 END
START -7168 9480 9128 -2457 20433 287 505 489 378 433 446 END
START -8096 9640 8076 -2374 22730 762 506 491 379 433 446 END
START -9084 9440 5404 -2130 24497 1173 507 493 380 433 446 END
START -12904 8740 4980 -1531 24066 2024 508 496 382 433 446 END
START -15024 7780 4364 -762 21886 2802 504 500 382 433 447 END
START -14172 6668 2684 475 19329 3331 509 505 381 433 447 END
START -16608 7056 5092 1478 16009 4114 509 520 381 433 448 END
START -16680 7332 4756 1649 12009 5947 511 543 383 433 448 END
START -17188 7216 4040 1809 6539 7270 512 563 387 433 448 END
START -16996 6160 4120 1575 1588 8680 513 576 389 434 448 END
START -16344 7240 3928 1159 -2893 10150 514 586 390 434 448 END
START -15768 7776 3816 706 -7128 11416 514 593 391 435 448 END
START -15512 8508 4644 224 -11501 11717 515 602 395 434 448 END
START -16260 8392 4328 -561 -20474 14031 516 615 397 435 449 END
START -13984 8128 4496 -387 -29589 14164 519 618 399 437 449 END
START -11940 8128 6052 885 -32768 14281 520 617 397 436 449 END
START -10580 10856 8216 1919 -32768 14488 520 619 399 437 448 END
START -3460 10468 5412 1980 -32768 13657 524 618 399 438 448 END