START -5864 9640 9292 -694 -110 635 504 592 408 446 459 END
START -6260 9668 9628 -716 278 515 505 593 408 446 460 END
START -6556 9720 9472 -828 740 216 503 592 408 445 460 END
START -7012 9656 9660 -771 753 259 505 591 408 446 462 END
START -7272 9624 9700 -799 -42 201 504 592 408 445 460 END
START -6732 9560 9304 -855 -715 134 505 593 408 445 460 END
START -7396 9840 9296 -1242 -831 514 508 594 410 445 460 END
START -7408 9044 7572 -1493 -1294 234 505 595 408 445 460 END
START -12136 9060 8384 -2101 -5570 2410 505 595 407 445 463 END
START -14536 9672 8752 -2507 -16890 6275 506 598 400 446 461 END
START -12956 9588 10316 -1960 -31104 8220 507 598 408 446 461 END
START -4800 10340 11176 -993 -32768 8067 509 600 409 445 461 END
START 1716 13248 10424 843 -31848 10484 513 600 408 444 461 END
START 1860 14064 12028 2919 -23626 10808 516 601 408 443 461 END
START 524 13788 14060 4624 -20003 10136 521 601 409 442 461 END
START 852 13744 12680 5366 -18803 9625 524 600 404 442 462 END
START 2028 13856 11932 5991 -17808 8438 524 600 409 439 459 END
START 2416 13740 10280 5986 -16408 7140 526 600 409 441 460 END
START 4640 13312 9440 5496 -13899 5182 528 600 408 441 459 END
START 6272 13292 6388 4521 -10782 2817 529 602 408 441 460 END
START 6948 11976 5524 3161 -7999 766 528 604 408 441 459 END
START 5688 11552 8192 2112 -4773 -90 525 606 406 441 459 END
START 4020 11020 7224 719 -2708 -1947 521 608 403 440 457 END
START 6120 10084 7668 -204 -625 -3949 514 611 402 441 457 END
START 6216 9360 6272 -1343 2327 -5174 509 615 401 442 458 END
START 5876 9096 10272 -1487 6131 -6343 503 617 399 441 458 END
START 2080 9564 13816 -591 10369 -6183 498 618 398 442 458 END
START 328 11196 12900 -133 11279 -6411 494 617 399 442 457 END
START 776 9828 5572 -2512 10815 -7519 499 617 402 443 458 END
START 2204 6688 8224 -2393 17347 -8631 502 618 403 444 459 END
START -2468 6772 11812 -1869 18947 -7032 502 621 402 443 460 END
START -7060 9284 13360 -520 13521 -4745 502 621 402 441 461 END
START -6712 11936 12288 -927 6043 -4748 499 619 399 438 461 END
START -3592 11084 10304 -2416 4172 -5327 497 618 397 436 460 END
START -700 8176 7580 -3752 6383 -7669 500 620 396 436 460 END
START 664 9068 9124 -3642 9525 -9928 502 622 396 436 461 END
START -344 11464 9496 -3961 11580 -6919 502 623 394 436 461 END
START -3676 10604 9792 -4094 11671 -6091 503 622 393 437 460 END
START -5512 11440 10132 -4763 9036 -7472 503 616 389 436 459 END
START -5988 10732 9052 -6722 5872 -8671 503 614 387 437 460 END
START -3828 9644 7588 -6859 4250 -8672 504 614 387 436 459 END
START -4768 10904 8628 -6389 3960 -5560 505 614 387 437 460 END
START -5580 10788 9520 -5870 3570 -5064 505 611 386 437 458 END
START -6800 11672 10736 -5626 2987 -4821 505 604 384 437 458 END
START -7436 10076 10944 -6238 2472 -4615 506 599 382 437 458 END
START -4608 9560 9068 -6178 3545 -4584 506 593 381 436 459 END
START -4732 9268 9228 -6008 5076 -3993 506 586 379 437 459 END
START -5628 8324 9540 -6104 6634 -3640 508 580 379 437 458 END
START -6416 7464 10120 -5508 8641 -3138 506 572 378 437 458 END
START -6424 7220 9540 -5441 10499 -2985 508 564 377 437 459 END
START -7396 7784 10280 -5475 11530 -2950 508 555 375 437 458 END
START -9312 7888 10940 -5027 12265 -2550 508 545 376 437 458 END
START -8984 7816 10708 -4377 13192 -2179 508 537 375 438 458 END
START -9340 8500 11008 -4063 14765 -1606 509 533 378 438 458 END
START -7880 8892 9932 -4027 17128 -195 510 531 377 438 458 END
START -7092 7184 8756 -4391 20997 897 512 519 378 437 458 END
START -8720 5668 7188 -4759 25768 2063 514 528 379 438 458 END
START -12256 5068 6848 -4362 29549 3102 514 528 380 438 459 END
START -14380 4636 6020 -3184 31091 5087 515 532 383 438 458 END
START -16600 5300 4144 -1331 28847 7131 516 538 382 437 458 END
START -19208 8116 4592 -798 22339 8697 517 547 386 437 459 END
START -21016 8980 5164 -1152 13518 9452 517 557 387 437 459 END
START -19404 7908 3448 -1527 4698 10975 519 567 391 441 459 END
START -19616 8044 4288 -998 -6312 12357 519 575 393 440 460 END
START -18544 8208 5032 -797 -18394 15100 521 586 397 442 460 END
START -16184 7400 6556 770 -32768 17106 523 596 398 442 460 END
START -11888 8568 6948 3082 -32768 16926 525 599 401 442 461 END
START -10184 10180 10232 4599 -32768 15237 526 599 401 441 461 END
START -3436 10848 7016 4819 -32768 14418 527 598 402 442 462 END
START 1976 11788 5168 4485 -32768 12409 528 596 403 443 464 END