START -6236 1552 12104 -248 2055 -22 529 550 482 502 509 END
START -4348 1668 11688 221 3108 -108 529 550 483 503 509 END
START -7992 1540 13232 48 2524 -291 529 550 483 504 510 END
START -6524 2732 13856 -450 3594 -98 529 551 484 502 508 END
START -5760 3144 14084 -1206 4352 -43 529 551 483 503 508 END
START -6572 2564 14684 -1775 4278 -111 532 551 483 503 509 END
START -8116 2592 15860 -1975 2385 -281 528 550 482 503 510 END
START -8800 1900 16048 -1782 -1302 -115 529 553 484 503 508 END
START -7784 3684 15932 -1738 -4321 451 529 553 483 503 509 END
START -5800 3124 16536 -1515 -5543 798 527 554 483 502 509 END
START -6368 2132 17892 -913 -6295 567 529 555 483 503 508 END
START -4516 1444 19556 -1271 -5974 2083 528 556 483 505 508 END
START -5652 -1280 20340 352 -8627 2105 527 557 483 506 507 END
START -7416 3884 19996 5000 -320 3142 527 557 484 507 508 END
START -4728 -684 16780 5343 -2126 1862 527 562 486 511 507 END
START -7568 -172 19824 7722 -1951 2528 527 566 487 512 509 END
START -5164 708 17436 9057 -3106 3093 527 567 489 510 509 END
START -7988 1948 18356 10074 -4598 3237 527 573 488 516 509 END
START -4412 2984 14896 11258 -3147 3985 527 578 480 516 510 END
START -2208 3144 14760 11800 -1222 5054 526 584 472 517 510 END
START -4796 4536 15824 12365 -566 6264 528 594 464 517 511 END
START -7464 4408 15308 12548 -17 7198 526 599 450 514 510 END
START -7252 6100 14608 12319 -550 8039 525 602 440 509 511 END
START -6684 6736 12336 11637 -1220 8745 524 605 432 501 510 END
START -6784 6728 11568 10633 -2134 9127 523 607 422 490 507 END
START -3992 7224 9628 9556 -2639 9590 521 611 418 481 504 END
START -2892 8212 9648 8532 -2013 9829 518 611 412 473 500 END
START -72 8892 6768 7128 -1544 9732 515 611 408 465 496 END
START -824 9304 6156 5811 -1352 9476 511 613 406 460 490 END
START -1576 9532 6460 4222 -2137 8950 507 616 408 457 486 END
START -2568 9420 7920 3020 -5238 7373 502 619 408 455 483 END
START 1476 9504 6432 2039 -8513 5913 497 620 404 452 479 END
START 2648 9084 6844 829 -9656 4278 494 623 403 452 476 END
START 5156 9124 5388 -955 -8036 3329 490 623 403 449 472 END
START 4216 7932 6796 -3321 -7939 1427 485 624 400 446 468 END
START 4424 7800 7720 -6128 -9439 -699 484 621 399 443 463 END
START 1836 7052 9028 -8999 -9300 -2271 481 623 396 441 461 END
START 812 6752 10744 -11777 -8479 -3149 479 625 396 442 460 END
START 1832 6228 11512 -14101 -6886 -3330 478 623 395 442 459 END
START -80 6632 11784 -16679 -6906 -2321 478 618 396 442 462 END
START -3872 9128 12864 -20680 -8242 -1801 484 613 397 444 464 END
START 1368 9012 6884 -26807 -5929 -3294 493 605 400 446 465 END
START -852 2936 10124 -32768 -1291 -4863 503 595 396 446 471 END
START -476 -3176 10936 -32768 4225 864 512 574 406 446 475 END
START 4924 -7264 9104 -31143 14053 8382 517 552 405 448 476 END
START 808 -7268 12676 -25472 28713 12645 519 534 411 435 479 END
START -7348 -4164 17884 -20784 32767 15107 520 529 407 447 481 END
START -13504 -2240 19292 -19070 32767 16043 520 525 406 445 481 END
START -21064 -1676 22492 -17891 31005 14328 520 524 407 445 483 END
START -17332 -1284 21016 -15404 25882 13303 521 525 387 445 482 END
START -5808 392 19892 -12227 25344 15603 521 522 406 445 482 END
START -11364 -2000 21080 -8944 26018 16722 521 520 407 447 483 END
START -6456 -3152 15436 -4353 28966 18104 522 523 408 448 484 END
START -9428 -2924 16560 774 31513 18522 522 528 410 451 484 END
START -7344 -2100 12744 4516 32767 17949 522 534 412 452 485 END
START -14976 -116 15348 6622 32767 17812 520 542 414 454 484 END
START -16796 -148 12540 9042 29698 17761 517 546 412 455 484 END
START -12872 -48 6356 12909 24674 17955 513 557 405 454 484 END
START -15576 1632 11476 16986 19456 17934 510 562 413 457 474 END
START -16132 5096 14084 17886 15202 16065 506 567 413 460 483 END
START -76 6268 4656 16051 15878 13701 502 574 414 460 483 END
START -948 4936 3452 15324 17350 12442 496 580 412 459 482 END
START -5132 4516 2796 14424 17983 11728 492 582 411 458 480 END
START -8804 3148 1924 14310 14791 9937 490 582 413 453 482 END
START -14128 6120 8340 13465 11792 6650 485 585 413 456 468 END
START -2760 6384 204 12027 14049 4346 481 585 412 454 475 END
START -528 4824 -3164 10366 15318 2214 478 584 409 453 474 END
START -2812 3812 -4740 8744 12657 -70 476 583 408 452 472 END
START -16096 4368 708 7511 6423 -2620 475 584 408 451 472 END
START -15020 4804 664 6415 -38 -5252 473 586 408 452 472 END