START -5620 7152 11812 4179 2574 -365 657 627 659 657 632 END
START -1800 7736 8160 4118 1132 -305 651 652 622 658 606 END
START -14596 8308 15936 1338 -535 -390 653 626 660 658 629 END
START -3820 8500 11488 -1550 5074 -2237 652 626 660 658 627 END
START 1700 7868 6080 -2520 8862 442 680 631 661 691 657 END
START -13244 7684 15580 -3534 4554 838 651 627 661 658 629 END
START -7308 7308 12624 -4429 5489 1197 652 626 660 659 631 END
START -6152 6624 13796 -5049 3020 1479 619 626 660 658 627 END
START -4472 6872 14236 -4755 261 1681 653 627 661 658 627 END
START -2876 7884 11800 -4425 -227 1444 688 627 655 659 626 END
START -16464 4408 21232 -4672 -14170 848 655 628 661 658 632 END
START -15260 6436 20272 -2457 -9207 757 653 626 660 658 627 END
START -7452 6428 15312 -1595 -7557 221 654 627 660 658 627 END
START -1612 6304 11152 -345 -5917 -362 630 636 659 664 628 END
START -1092 7040 10332 415 -6087 -567 653 628 659 658 631 END
START -7684 7044 14840 1149 -6263 -707 650 628 659 656 624 END
START -7796 7300 13732 877 -7854 -471 670 625 658 655 612 END
START -4336 6620 9544 1778 -3069 -433 654 624 657 655 626 END
START -4600 6792 9972 2181 -448 -210 577 624 656 657 624 END
START -6176 6572 11484 2487 358 345 651 622 655 654 621 END
START -4820 6820 11128 2416 2515 614 653 622 653 652 621 END
START -4828 6712 12588 2492 3174 693 676 636 649 646 619 END
START -4868 7168 12308 2555 2784 975 653 617 648 648 613 END
START -5492 7480 12208 2344 3143 1134 652 618 646 646 621 END
START -5168 7660 11728 2134 2810 1309 649 620 644 644 616 END
START -4932 7708 11524 2158 1770 1317 652 617 636 641 617 END
START -4688 7228 11508 2190 1979 1262 648 616 635 621 618 END
START -5612 7472 12036 2620 1742 1385 654 616 630 631 616 END
START -5112 9148 11596 3260 1111 1253 651 616 623 623 616 END
START -3380 7508 11588 4721 -1808 2325 664 614 613 639 645 END
START -4484 9904 10296 1375 -1198 1405 649 616 608 607 611 END
START -5460 8476 12004 1820 -1242 1565 649 612 601 600 614 END
START -6136 8244 12004 2007 -1096 1768 648 671 594 583 611 END
START -5212 8488 11144 3403 -2163 2076 646 611 585 580 644 END
START -4104 8796 10532 3199 -2071 1939 647 610 579 572 608 END
START -2392 8444 9080 4368 -5032 1786 646 617 564 566 607 END
START -6404 9208 11596 2713 -1786 1203 643 611 569 561 609 END
START -3676 8756 9456 2687 -127 816 648 610 562 552 610 END
START -2620 8652 9176 3263 -725 636 642 616 558 544 614 END
START -5048 9032 10652 3422 -1641 581 641 612 551 537 614 END
START -2776 9328 8848 2564 -462 175 629 613 543 536 616 END
START -5756 9844 10596 1014 -930 -172 640 617 534 518 615 END
START -3856 9608 9556 -162 -215 -569 634 616 524 504 616 END
START -4076 9584 9764 -155 515 -828 630 615 521 521 618 END
START -3740 9660 10192 -58 725 -885 624 618 515 524 616 END
START -5892 9880 11492 -629 818 -747 626 617 514 490 616 END
START -4136 10080 12004 -1358 166 -922 613 613 510 491 615 END
START -4416 10272 10244 -2615 -434 -858 606 616 509 486 615 END
START -4144 9320 9096 -3529 239 -951 622 615 546 489 604 END
START -4068 8972 8996 -3044 272 -890 588 614 507 488 615 END
START -3456 8900 9528 -2584 1103 -900 585 614 508 491 616 END
START -5384 9272 11728 -2793 195 -776 584 653 508 532 614 END
START -5432 9184 12932 -2503 -807 -601 573 614 510 493 615 END
START -4996 9380 11020 -2997 -1289 -727 585 614 509 491 614 END
START -3592 8816 8620 -2696 -1295 -762 581 594 510 492 611 END
START -3408 8724 7320 -2907 -90 -951 579 610 512 494 619 END
START -3584 8204 8816 -3377 1809 -1193 578 615 511 494 615 END
START -6096 8700 12664 -3846 2386 -1045 583 614 512 521 619 END
START -7088 8964 15384 -2988 -595 -668 581 613 513 500 612 END
START -6804 9820 12668 -2660 -3535 -259 579 616 513 495 616 END
START -2344 8708 4936 -4095 -2546 -498 573 632 512 500 611 END
START -1904 7792 5024 -4470 48 -1155 577 615 514 513 616 END
START -4136 7496 10416 -6018 4286 -1783 577 607 513 496 616 END
START -9068 8004 18772 -5778 1220 -1139 569 617 511 497 656 END
START -7936 7536 16560 -4415 -3315 -144 577 617 513 496 622 END
START -6924 8656 13928 -4589 -5776 255 582 612 514 501 619 END
START -3364 7364 6072 -7442 -9473 -34 559 621 494 497 534 END
START 552 7500 2928 -8846 -7387 -1050 581 621 515 492 620 END
START -1944 4576 7780 -6823 5662 -2059 578 618 511 499 621 END
START -8500 6620 19628 -3949 4108 -1209 587 620 488 499 622 END
START -7000 7204 15824 -3496 -2210 -368 583 621 511 498 622 END
START -6088 7160 13204 -2770 -1921 43 584 622 514 499 622 END
START -5080 7592 12564 -1879 -1092 167 582 548 539 499 626 END
START -4884 7268 12592 -928 800 229 580 598 521 500 623 END
START -5292 7336 14904 -140 1166 448 584 624 512 499 629 END
START -5500 7288 15020 -150 -160 554 579 620 512 499 621 END
START -4380 7008 12752 -127 -1535 411 579 624 514 499 622 END
START -3620 6672 10732 -89 -1470 150 586 633 515 500 624 END
START -3784 6684 10388 97 -249 39 582 623 515 500 627 END
START -4516 6432 12048 163 501 -50 579 624 515 500 622 END
START -5024 6652 12820 23 -63 -54 577 625 519 500 624 END
START -4964 6684 12940 -140 -943 -123 583 624 514 500 624 END
START -4924 6684 11824 -533 -1332 -119 560 626 516 542 624 END
START -4588 6788 11164 -724 -1066 -56 588 622 518 501 623 END
START -4092 6740 10272 -780 54 -134 583 625 509 501 622 END
START -4960 7044 12136 -722 609 12 585 623 517 501 623 END
START -5304 7172 13108 -897 238 142 580 626 516 501 624 END
START -4880 7376 12628 -997 -406 210 584 629 518 478 623 END
START -4800 7244 11988 -1080 -826 252 585 625 517 532 625 END
START -4236 7256 11368 -889 -308 169 585 625 517 501 625 END
START -4604 7208 12004 -671 236 93 578 624 516 494 625 END
START -4828 7120 12424 -580 62 84 580 625 517 502 626 END
START -5108 7052 12880 -495 -62 145 587 627 517 465 646 END
START -5040 7148 12656 -536 -539 169 585 625 518 514 626 END
START -4628 7012 11928 -664 -612 230 580 617 523 500 625 END
START -4244 6912 11324 -660 -348 171 583 621 518 506 626 END
START -4428 6920 11324 -634 -84 110 580 624 518 503 625 END
START -5020 6956 12320 -665 -46 79 583 620 517 503 621 END
START -5212 7216 13016 -842 -423 171 585 625 519 502 625 END
START -4844 6936 12752 -1147 -1167 215 584 624 518 503 617 END
START -4184 6864 11280 -1336 -1111 182 584 592 517 502 627 END
START -4000 6828 10912 -1153 -166 76 584 626 517 502 624 END
START -4772 6944 12092 -904 470 37 584 652 519 534 625 END
START -5004 6992 12464 -670 271 70 585 610 519 502 625 END
START -4828 6856 12500 -310 -15 141 587 625 513 503 625 END
START -4920 7004 12668 58 -161 99 587 626 519 505 627 END
START -4868 6992 12404 298 -234 108 593 626 519 507 624 END
START -4748 7016 12212 629 -45 219 597 627 524 486 625 END
START -4752 7232 11908 532 129 203 606 618 520 510 626 END
START -4952 7280 12064 519 -366 129 603 619 524 511 632 END
START -4924 7164 12904 485 -272 128 620 629 531 532 628 END
START -4928 7484 12808 41 -1065 263 626 631 547 546 632 END
START -4812 7128 12144 -177 -1535 309 633 636 564 565 637 END
START -4588 7404 11112 -440 -2248 208 634 639 583 586 639 END
START -4540 7560 11444 -1137 -2385 180 636 643 606 597 644 END
START -4240 7280 10452 -1655 -2432 92 644 646 617 617 644 END
START -3516 7028 9328 -984 607 23 642 649 630 625 650 END
START -5272 7356 11184 699 3534 146 647 651 639 632 652 END
START -4672 7408 12572 -127 1078 -285 648 653 647 644 653 END
START -3840 7844 11980 -105 2234 -334 626 653 650 649 655 END
START -1132 5892 6032 1872 4112 -366 647 656 650 652 654 END
START -8028 7508 14184 2745 5192 -568 647 653 653 653 653 END
START -18504 9520 18940 1422 2771 -553 629 656 640 639 652 END
START -6244 8020 12140 -420 8548 -274 649 653 658 656 651 END
START -868 7784 9268 -1860 7181 -7 644 654 658 656 652 END
START -8660 7848 14088 -2213 4502 258 646 658 660 664 647 END
START -5468 7316 12424 -2121 4073 397 650 654 659 659 653 END
START -6984 7464 13148 -2227 1801 503 644 652 660 660 654 END
START -6928 7748 14036 -2670 -960 749 648 653 660 658 654 END
START -5764 7988 14444 -3487 -3055 773 647 654 661 660 654 END
START -6652 7416 13632 -4292 -5519 881 658 653 661 666 676 END
START 5072 6148 6336 -4103 -1309 623 653 653 662 662 652 END