START -6504 7564 13520 4472 2401 -267 642 624 637 630 619 END
START -7160 7216 12436 4228 1231 -277 642 565 641 633 656 END
START -5356 7488 13084 2591 4126 -261 641 622 640 633 619 END
START 2008 8496 5892 -398 13542 -900 645 621 640 634 622 END
START -7436 7640 12220 -1432 8040 -758 646 623 637 636 656 END
START -5356 7532 10680 -2350 9126 106 646 622 636 632 621 END
START -5896 7492 11660 -2949 6313 572 640 621 636 634 623 END
START -9532 7580 16012 -3537 1727 1144 643 623 637 635 623 END
START -8888 7600 16528 -3774 -2307 1599 645 620 637 634 623 END
START -7456 7512 15264 -3766 -5868 1894 649 625 638 634 621 END
START -6284 6732 14840 -2731 -10625 1934 644 627 637 629 614 END
START -9072 6680 17492 -961 -13265 1604 640 622 637 634 617 END
START -11540 6448 18368 65 -14354 1092 650 613 636 632 620 END
START -9340 7592 17468 548 -14219 600 678 616 620 627 641 END
START -2492 6772 9632 1998 -10618 290 642 610 632 631 612 END
START -6152 6480 7592 5463 -1731 162 644 608 629 627 604 END
START -14940 8388 22652 4900 10213 -517 643 604 625 625 607 END
START -4568 6808 10132 5550 3799 282 646 599 623 623 589 END
START -4424 7888 10200 5461 2774 577 645 612 619 617 595 END
START -9160 7940 12136 4710 1802 1238 644 590 615 602 598 END
START -7560 7928 11144 4563 2749 1857 641 587 612 614 587 END
START -4900 7860 10308 4199 1736 2288 619 584 606 610 589 END
START -7132 7416 15784 8785 -1622 3703 639 583 604 604 582 END
START -2296 11240 7484 5287 -1135 3074 645 581 590 593 581 END
START -2820 8996 7868 821 310 2643 670 575 591 582 602 END
START 14512 12044 2088 1268 7173 -2262 635 573 565 567 570 END
START -8748 5576 14616 1392 -4814 2839 642 573 556 560 574 END
START -5876 8560 14168 2357 -3588 2119 640 573 550 556 572 END
START 412 10052 7960 2542 35 1581 638 575 544 550 575 END
START -1980 9308 8912 2725 -481 1292 644 576 477 547 586 END
START -5220 8520 10452 3843 187 1113 626 578 533 542 579 END
START -2716 9480 8952 3813 -4 594 621 580 533 540 587 END
START -4152 10364 10672 1754 -146 96 613 583 515 539 584 END
START -4460 10428 10052 706 -324 19 608 587 530 537 586 END
START -4152 10036 9224 901 -212 58 610 589 523 563 585 END
START -4376 9660 9500 1278 167 -98 606 594 526 519 592 END
START -4464 10332 10772 263 1231 -455 596 597 524 527 597 END
START -5852 10320 11320 -404 -42 -328 598 604 524 524 605 END
START -6008 10096 10280 -379 -1443 68 596 604 521 520 605 END
START -4108 9612 9156 -251 -537 -37 572 638 520 510 604 END
START -3932 9560 9816 170 572 -103 588 611 505 512 612 END
START -5188 9652 10960 337 145 -166 582 613 518 511 613 END
START -4568 10012 10224 -323 353 -85 576 614 520 507 614 END
START -4868 10304 10448 -870 -189 -36 563 613 517 511 615 END
START -3652 9784 9556 -983 -179 -168 571 647 509 539 617 END
START -3928 9896 9728 -756 704 -150 568 638 517 514 618 END
START -4952 9604 9776 -417 341 -17 564 616 516 509 616 END
START -4716 9920 10160 -161 208 -79 560 616 515 509 620 END
START -5184 10328 10384 -899 -392 -208 560 616 515 507 616 END
START -3896 10416 9820 -1704 31 -395 537 615 518 520 615 END
START -4416 9896 9304 -1641 857 -275 556 619 515 509 620 END
START -4704 9504 9148 -1308 1154 -339 553 617 514 508 621 END
START -4840 9836 10064 -1146 1023 -408 540 615 490 510 670 END
START -5432 10336 10656 -1834 318 -643 551 621 514 506 617 END
START -4288 10360 9980 -2734 -467 -869 551 614 507 508 617 END
START -3216 10152 9624 -4144 -221 -1231 557 615 513 516 616 END
START -2884 10456 8412 -7059 -1816 -2274 526 614 517 508 619 END
START -4008 9640 12296 -6462 -523 -2638 551 616 514 507 615 END
START -5884 11396 15064 -6330 382 -2922 553 617 489 507 660 END
START -7580 11648 13080 -7287 -5480 -1839 552 615 510 506 616 END
START -4912 7228 10064 -10349 -14358 -885 556 618 500 506 619 END
START 3116 8104 -2600 -20122 -21485 -3168 559 618 507 503 618 END
START -68 2952 1760 -16903 2120 -4178 552 680 506 506 644 END
START -6132 792 14712 -9542 6811 -4047 560 624 507 500 627 END
START -9464 5696 18612 -5438 1694 -2984 560 624 508 505 625 END
START -10308 6772 19756 -4158 306 -1595 566 652 515 505 618 END
START -4848 7940 15964 -2324 -658 -622 563 621 495 508 625 END
START -7032 8812 17880 -2711 -4002 71 560 625 505 507 625 END
START -4928 7832 13556 -2534 -5909 397 557 631 503 531 623 END
START -3220 6316 10368 -870 -1132 414 567 625 505 506 624 END
START -4736 6788 13060 818 1902 491 563 627 507 506 625 END
START -5820 6752 16424 1353 -459 918 565 626 506 509 628 END
START -3392 6804 13452 659 -2581 757 559 626 507 507 626 END
START -2508 6896 10860 61 -2531 307 555 601 527 507 631 END
START -2540 6544 8384 -125 -875 -97 560 627 508 510 627 END
START -3400 6440 10032 164 2475 -254 564 626 507 509 627 END
START -4612 6384 12568 8 2391 -233 560 631 507 506 629 END
START -4952 6400 15200 -228 663 -111 560 627 507 508 627 END
START -4660 6312 12840 -770 -1062 -137 559 635 495 507 631 END
START -3984 6328 10268 -866 -1160 -99 567 627 508 508 627 END
START -4624 6736 11876 -600 385 33 563 628 510 508 632 END
START -4640 6940 12448 -710 519 150 564 626 509 509 631 END
START -4996 7016 13748 -916 -130 281 564 628 511 508 629 END
START -4700 7032 12440 -1099 -804 345 561 679 510 512 627 END
START -3908 6960 11416 -977 -584 264 565 627 510 535 627 END
START -4064 7004 12036 -697 525 135 565 631 509 509 628 END
START -3964 6852 11884 -504 653 88 565 627 529 509 628 END
START -4772 7076 13744 -325 651 130 561 629 513 509 630 END
START -4744 7016 13796 -439 -512 262 563 626 513 485 625 END
START -4216 6848 12604 -496 -875 225 569 628 512 509 628 END
START -4080 6804 11896 -619 -894 236 565 627 511 508 628 END
START -3916 6836 11396 -652 -333 130 567 630 514 509 622 END
START -4064 6720 11812 -508 239 -9 565 628 512 510 631 END
START -4548 6720 13140 -463 21 -8 567 580 531 510 624 END
START -4588 6704 13164 -632 -688 27 558 629 514 510 629 END
START -4372 6784 12284 -762 -1101 33 580 629 512 509 629 END
START -4152 6940 11728 -797 -794 -26 565 630 513 511 628 END
START -3712 6740 11204 -639 404 -118 565 629 512 512 628 END
START -4712 6716 12972 -538 493 38 548 627 486 523 628 END
START -4536 7096 13320 -648 -164 101 565 629 513 510 629 END
START -4564 6988 12612 -724 -490 153 568 629 511 511 629 END
START -4396 7060 11996 -779 -559 148 565 629 513 510 632 END
START -3948 6992 11580 -784 -291 102 567 628 506 511 629 END
START -4240 6944 11788 -686 259 62 565 626 513 512 630 END
START -4300 7000 12140 -690 56 49 567 629 514 511 633 END
START -4876 6904 13220 -566 22 112 569 629 504 510 627 END
START -4828 6980 13016 -655 -779 235 562 630 509 514 630 END
START -4312 6932 12256 -733 -855 274 561 629 513 511 629 END
START -3816 6820 11260 -707 -200 239 565 635 514 514 632 END
START -4252 6768 11764 -626 544 129 562 628 513 511 628 END
START -4664 6780 12660 -752 130 157 531 630 520 511 683 END
START -4640 6936 12868 -871 -53 179 566 628 513 510 595 END
START -4600 7008 12572 -900 -568 262 566 629 514 512 630 END
START -4136 6940 12028 -965 -429 291 567 628 513 520 619 END
START -3968 6936 12196 -918 -77 240 567 629 512 515 629 END
START -4468 6812 12672 -874 84 254 567 626 487 498 629 END
START -4344 6804 12452 -771 -11 269 563 629 515 511 631 END
START -4588 6820 12252 -630 -87 281 567 629 515 510 629 END
START -3900 6508 11304 -145 286 251 568 629 516 511 632 END
START -4152 6672 12208 329 1364 143 575 629 516 513 629 END
START -5280 6748 13964 867 1549 283 605 637 511 517 623 END
START -4976 7040 14036 889 -116 353 586 632 516 514 628 END
START -4976 7344 12292 487 -956 445 591 629 521 522 629 END
START -5008 7152 12132 209 -1118 531 602 629 526 529 629 END
START -4936 7360 11492 223 -2250 482 610 630 532 538 630 END
START -4616 7112 10876 140 -2141 386 617 611 548 549 656 END
START -4232 6900 10684 243 -2016 293 620 636 554 563 633 END
START -3548 7016 10164 489 -422 114 628 635 567 571 634 END
START -3352 7260 10408 49 1734 12 630 634 579 582 637 END
START -4084 7488 11488 -210 2613 -35 631 636 589 592 638 END
START -3644 7004 10708 416 5101 -103 626 636 595 604 652 END
START -4860 6992 13452 2418 5750 -548 633 636 603 605 636 END
START -5228 7092 10952 187 5287 -643 634 637 608 611 639 END
START -5840 7428 10168 426 5531 -562 631 627 613 615 640 END
START -4284 7696 13448 1141 5927 -755 631 637 617 618 639 END
START -9520 8992 16660 -551 6584 -438 635 637 611 617 671 END
START -6824 6504 13096 -735 7735 -461 633 635 625 622 637 END
START -9856 6940 15072 -791 7583 -190 636 637 628 625 638 END
START -6508 7116 13076 -1206 6490 103 633 640 632 632 638 END
START -5696 7528 12508 -1562 5105 296 666 639 633 629 640 END
START -7384 8492 12908 -2190 2527 408 635 638 635 630 638 END
START -7384 8660 13424 -2512 -452 730 637 653 635 630 635 END
START -7124 9000 13836 -3147 -3890 1090 634 636 637 631 642 END
START -6456 8604 13896 -3976 -7328 1298 640 634 637 632 637 END
START -5096 7884 12752 -4386 -10274 1236 619 655 636 634 634 END
START -6484 7228 13428 -4304 -9274 921 643 637 638 626 614 END
START -10608 6288 14892 -3458 -5935 596 647 635 639 634 636 END
START -8668 6336 15516 -2545 -2935 310 636 633 661 636 640 END