START 572 11340 8444 10244 8929 877 670 627 659 649 685 END
START -792 9708 12008 7111 7590 473 671 631 652 651 622 END
START -4208 8164 13608 2692 7528 586 676 626 652 667 626 END
START -4980 6688 10580 -291 6491 781 672 626 652 648 626 END
START -932 6880 13712 -2430 8269 973 672 627 652 649 625 END
START -3792 6820 14276 -3685 4385 1045 673 627 652 655 627 END
START -7156 6212 16016 -4161 3557 1214 672 626 652 649 627 END
START -6868 5600 14080 -4169 1298 1148 672 627 652 650 626 END
START -6296 6400 14472 -5092 173 1114 675 620 652 657 628 END
START 6908 4192 5324 -6772 -10051 493 674 630 652 649 627 END
START -16608 5120 20260 -5449 -6309 759 676 651 648 648 623 END
START -6440 5236 14412 -4296 -4226 408 673 628 651 649 630 END
START 272 5144 9156 -2272 -4505 -166 675 627 652 649 627 END
START -3828 5568 12452 -1111 -6047 -611 699 623 652 653 567 END
START -6876 5400 14168 -429 -6003 -1280 677 630 651 649 627 END
START -4584 5904 12212 -426 -4915 -1333 676 626 653 649 626 END
START -4512 5868 12148 -501 -5565 -1510 676 627 651 648 630 END
START -4096 5864 11888 -299 -6133 -1564 674 629 651 648 628 END
START -3484 5780 11884 -219 -5793 -1388 676 627 645 650 628 END
START -3188 5772 12316 -504 -4274 -1207 677 627 651 648 627 END
START -3400 5740 13028 -456 -2438 -1002 679 615 651 658 629 END
START -3868 5576 13684 -473 -1057 -731 674 632 651 647 629 END
START -4416 5440 14108 -528 -518 -564 676 627 652 649 625 END
START -4884 5332 13164 -353 -737 -321 674 625 676 648 609 END
START -4512 5368 13060 8 -609 -62 675 628 650 649 625 END
START -4180 5452 13464 296 -526 154 674 650 659 651 660 END
START -3352 5500 13488 594 -425 218 675 627 650 648 626 END
START -3168 5576 14008 441 -542 383 674 627 650 647 626 END
START -3684 5480 14140 770 -356 225 675 624 648 646 619 END
START 2812 5808 5468 2436 4243 748 674 623 645 646 623 END
START -6404 5848 14468 2201 968 450 674 565 652 660 620 END
START -3104 5868 12736 2806 2439 499 671 621 644 644 624 END
START -4676 5860 13596 3666 1129 626 673 618 644 642 618 END
START -4808 6088 13832 4466 771 614 673 617 640 639 618 END
START -4868 6632 14172 5132 1120 679 670 613 637 637 615 END
START -3340 6772 12540 5688 1579 706 646 602 635 641 611 END
START -4408 7188 12340 6107 3214 769 668 610 631 632 611 END
START -6388 7616 13444 6977 3803 1037 666 608 629 630 609 END
START -6816 7484 13796 6862 2306 1375 670 607 627 632 606 END
START -4612 7244 12520 6985 351 1680 665 604 625 625 607 END
START -2980 7660 9104 6932 751 1409 656 601 624 667 600 END
START -3620 8572 9584 6225 4017 1312 664 598 619 619 599 END
START -6204 8228 12468 5438 5442 1684 659 595 616 617 595 END
START -7164 8044 13012 5298 3269 2172 691 592 621 615 659 END
START -4636 8388 11336 4954 327 2615 660 594 612 613 591 END
START -4508 8368 9932 4208 794 2590 658 589 606 611 592 END
START -4424 8288 9676 4249 132 2637 657 589 601 608 598 END
START -5644 8796 12088 4202 484 2440 656 587 606 608 584 END
START -4708 7032 10528 6311 -4505 1823 642 582 605 606 565 END
START -2720 10696 9724 7519 -3769 1784 654 592 604 603 581 END
START -2784 10072 7480 2496 -2042 1673 654 582 601 600 584 END
START -2112 9920 7832 2696 -2441 1548 668 582 601 599 557 END
START -3660 10432 7812 633 -555 1234 651 584 600 589 586 END
START -4316 9996 11052 404 -1896 1123 651 588 592 594 587 END
START -3300 10736 10412 528 -2166 907 650 604 587 591 592 END
START -2304 10124 8540 563 -2566 905 647 593 584 586 592 END
START -3652 12048 11856 3107 4856 -109 552 595 580 575 593 END
START 556 9072 5440 2190 911 735 641 596 575 569 588 END
START -6672 9012 12328 3339 1099 136 638 604 569 564 602 END
START -2984 12344 10072 3622 1484 -628 632 644 559 552 606 END
START -2352 10324 8488 1067 1451 -90 631 607 550 544 605 END
START -4124 10808 9524 269 394 87 629 607 545 538 612 END
START -3484 10408 7728 578 947 464 625 609 540 534 592 END
START -4156 10756 9408 820 552 355 619 612 535 528 614 END
START -4136 11832 10432 -834 772 -161 614 614 536 528 614 END
START -2808 11296 9832 -3422 994 -881 610 613 528 521 614 END
START -2608 10404 8508 -3903 2308 -1002 596 619 523 509 616 END
START -4872 10000 8692 -2862 1484 -546 593 612 519 510 645 END
START -4548 10088 9776 -2483 1601 -360 588 614 523 512 613 END
START -4544 10456 10780 -2773 706 -627 591 614 521 510 615 END
START -3556 10664 9724 -3673 514 -830 580 615 520 510 618 END
START -3656 10656 8344 -4172 304 -822 578 614 522 510 612 END
START -3576 10156 8456 -4662 752 -1081 576 585 542 509 563 END
START -3632 10084 9452 -5478 1888 -1583 573 612 525 505 611 END
START -4152 9824 11604 -6182 1953 -1784 569 614 523 509 612 END
START -4952 9468 13888 -5315 1871 -1523 565 619 524 508 614 END
START -5612 10796 14048 -4783 1039 -1729 569 616 520 508 617 END
START -6336 11320 11364 -5573 -4641 -1276 565 617 521 504 618 END
START -2488 9108 7104 -7595 -5796 -997 569 619 520 506 618 END
START -4684 7520 15448 -9573 -1981 -1187 571 636 529 501 636 END
START -8448 10420 13432 -13651 -19092 -650 571 621 523 506 621 END
START 796 8364 92 -18305 -17562 7 578 622 514 507 623 END
START 6712 4680 -2128 -18649 -1632 -924 581 646 511 502 623 END
START -668 1536 8764 -14502 11650 -3109 580 629 510 506 624 END
START -9356 4560 19896 -6188 6828 -2533 585 624 513 504 622 END
START -10948 7200 21584 -4536 1102 -1630 582 622 476 496 628 END
START -8684 7824 18444 -3229 -3341 -644 580 625 515 503 626 END
START -4084 7604 14344 -2024 -3331 -239 582 625 513 497 627 END
START -2588 7296 13132 -777 652 -85 582 622 506 502 626 END
START -5128 6712 15836 654 2399 104 581 630 513 506 632 END
START -6084 6608 15992 1337 1506 521 582 627 513 508 627 END
START -5528 6520 13592 1528 -521 786 579 625 516 518 627 END
START -4328 6248 11944 1912 -2288 664 582 628 514 502 630 END
START -1144 6620 8860 1572 -1115 278 582 631 514 504 629 END
START -2512 6540 10764 1010 853 -145 588 629 514 508 628 END
START -4184 6488 11976 621 1324 -324 582 629 517 504 629 END
START -4876 6160 12548 183 457 -350 581 635 527 505 633 END
START -4836 6164 12620 -226 -775 -277 584 630 518 504 629 END
START -4488 6436 11244 -551 -876 -223 582 630 515 504 624 END
START -4052 6844 11084 -727 -763 -200 583 636 518 504 628 END
START -4020 6904 11696 -674 476 -138 582 629 515 503 630 END
START -4892 6836 12620 -699 275 16 592 630 520 507 630 END
START -5176 7076 13840 -996 -465 251 581 630 518 506 629 END
START -4720 7164 12864 -1263 -1050 361 581 630 515 507 630 END
START -3364 6836 10448 -1241 -809 251 580 600 514 521 619 END
START -4192 7088 12840 -939 -118 125 578 630 516 503 628 END
START -4104 7016 13124 -719 206 9 582 630 516 504 631 END
START -4764 6952 14192 -645 -126 60 585 632 517 503 629 END
START -4340 6892 13216 -829 -538 155 582 630 518 507 629 END
START -4408 6992 11628 -871 -723 132 581 633 512 505 635 END
START -3868 6872 11680 -383 -113 27 587 635 512 504 635 END
START -3928 6848 12540 -149 -206 -85 632 630 517 507 631 END
START -4500 6860 13836 90 -235 -40 583 629 522 507 631 END
START -4564 6900 14256 -271 -1146 133 583 630 520 505 631 END
START -4072 6784 11700 -711 -1083 175 586 629 533 508 617 END
START -3496 6864 10724 -698 -452 106 586 635 519 509 630 END
START -3536 6788 10708 -502 641 -26 582 630 519 508 631 END
START -4888 6912 12744 -514 386 2 582 631 519 510 631 END
START -4836 6872 13052 -381 -417 113 586 632 519 510 631 END
START -4240 6848 12292 -278 -829 196 587 625 572 510 632 END
START -4536 6896 11812 -72 -809 189 580 632 522 509 636 END
START -4596 6992 12228 670 -1207 191 591 630 524 511 631 END
START -4460 7176 12636 1108 -1247 237 591 630 526 516 633 END
START -4360 7132 13224 1440 -1352 277 596 633 528 519 633 END
START -4416 7252 13660 889 -1438 405 591 605 528 515 632 END
START -4832 7388 13404 645 -3167 406 608 634 538 534 633 END
START 624 8148 7544 3750 7109 1053 614 633 551 549 636 END
START -3240 7820 11452 -995 -3424 -220 620 637 563 563 635 END
START -3408 7180 12692 -127 104 -166 628 634 576 575 634 END
START -3708 7128 11316 -533 86 -126 633 656 586 592 634 END
START -3400 6976 11768 -201 1922 -176 636 633 592 596 635 END
START -3888 7056 12008 -424 20 -266 639 630 604 604 622 END
START -3336 6968 11660 -214 424 -244 638 597 607 605 639 END
START -4380 7312 11992 -791 1592 -334 643 615 606 613 614 END
START -4740 7428 11592 -1288 1385 -177 643 611 613 615 611 END
START -4736 7412 11728 -1708 1044 -114 642 607 614 617 604 END
START -5064 7488 11548 -1675 592 -3 643 605 619 620 605 END
START -5032 7848 11984 -1758 1092 149 638 613 620 633 603 END
START -4656 7500 12748 -1839 1291 360 647 599 622 623 623 END
START -4236 6976 12896 -1532 667 195 646 593 623 625 591 END
START -5276 7704 12468 -1125 -171 82 656 591 624 628 583 END
START -3920 7204 11828 -1520 -16 18 643 589 624 625 592 END
START -4584 7172 12332 -1368 203 39 646 588 624 627 588 END
START -5420 7428 12484 -1409 -308 119 646 588 623 626 588 END
START -5224 7264 12136 -1251 -687 256 647 586 624 626 586 END
START -4208 6932 11136 -624 -674 362 647 562 622 627 595 END
START -4456 7040 12164 -551 -1268 160 647 576 621 625 577 END
START -4588 7112 12608 -745 -1047 64 647 573 617 625 573 END
START -4280 6980 11776 -593 -785 107 658 570 612 626 571 END
START -3868 7180 11832 -797 930 222 647 571 621 624 572 END
START -4720 7424 12368 -1246 958 252 681 606 619 623 571 END
START -4496 6916 11420 -1192 1182 253 650 573 620 622 574 END
START -4228 6164 10664 1503 4323 147 650 574 621 624 575 END
START -6080 6980 13392 3612 6400 -3 624 552 621 629 599 END
START -4844 8212 11928 1937 2836 198 648 575 621 624 578 END
START -5240 7516 11816 440 1187 126 647 575 621 626 577 END
START -5036 6704 10400 1764 2013 -43 649 580 618 622 578 END
START -4840 7024 10448 5777 4263 -87 649 578 621 628 578 END
START -4492 9660 7772 1630 1372 -160 659 489 622 571 559 END
START -5168 8240 10048 -466 4231 -282 646 601 622 624 582 END
START -8540 8428 13204 -675 3380 -5 647 587 621 625 584 END
START -5040 7936 11564 -1157 2824 426 651 585 622 624 588 END
START -6864 8236 12796 -1369 1576 667 649 589 622 623 588 END
START -6628 7696 12488 -1851 277 853 647 608 622 620 590 END
START -5088 7932 12040 -2035 -250 936 647 591 623 624 590 END
START -4924 8336 12396 -2472 -1064 850 645 592 621 625 593 END
START -4004 8272 13016 -3222 -1196 668 672 594 620 608 586 END
START -3908 8236 13516 -3856 -817 408 654 598 623 626 592 END
START -1908 6380 9432 -4157 -205 448 650 595 622 624 595 END
START 3352 6664 8032 -4292 -3771 443 651 641 622 627 581 END