START -13604 8640 16460 3384 -986 -1073 646 627 652 649 629 END
START -12864 8820 12844 2879 -51 -783 643 628 652 649 630 END
START -2992 8964 8760 -277 4903 -313 645 629 652 649 628 END
START -14944 7104 16556 -931 2550 71 643 642 652 654 629 END
START -7228 6840 12164 -609 10554 892 641 626 651 650 632 END
START -916 6852 8048 65 9122 998 641 629 652 649 628 END
START -5380 7816 11280 -859 8985 636 644 629 651 650 627 END
START -4896 7464 12288 -1705 7378 586 641 630 651 651 629 END
START -6676 7248 14460 -2003 4793 605 640 630 651 636 628 END
START -7996 7860 16092 -2786 1060 838 645 627 653 653 629 END
START -6572 7624 15952 -3278 -3328 1189 640 629 651 649 628 END
START -6280 7900 14732 -4706 -8505 1265 650 629 651 634 630 END
START -1368 7420 13016 -3388 -7256 1266 646 617 652 650 630 END
START 1712 4692 2940 -1637 -5955 870 648 628 652 651 629 END
START -5112 6848 13104 -2062 -6712 22 646 658 652 647 603 END
START -2296 6220 11252 -2025 -8915 -442 646 628 651 650 628 END
START 3396 5808 4624 -1955 -22866 -42 649 627 650 648 626 END
START -904 5976 10104 4010 -1251 -1261 649 626 650 647 662 END
START -7616 7384 15732 2266 -1340 -1372 652 623 646 646 623 END
START -6992 7616 14344 2822 758 -1109 641 621 645 646 621 END
START -4644 7412 10792 3636 4035 -913 648 616 644 645 620 END
START -5552 7708 10636 2662 3633 -431 652 615 644 644 618 END
START -6756 7076 11728 2786 3710 181 649 615 644 644 618 END
START -7064 7460 12816 3049 3026 902 647 618 643 643 621 END
START -5348 7324 12768 3238 2244 1514 651 618 641 642 615 END
START -5652 7872 12116 3317 3146 1771 615 616 626 644 616 END
START -5532 7620 11064 2994 3478 2077 647 615 637 638 619 END
START -4348 7832 10168 2738 3424 2241 648 613 635 637 613 END
START -5248 7920 10868 3359 4274 2242 633 644 632 624 609 END
START -7452 9316 13272 3665 2137 2535 648 611 629 629 616 END
START -11664 8332 18480 5552 -3101 4180 646 606 623 625 609 END
START -4260 10232 9964 2907 -2820 3246 650 605 619 625 645 END
START -1636 9084 9164 1377 -1497 2956 645 604 614 613 603 END
START -2676 8860 10280 2004 662 2535 644 606 596 602 604 END
START -6344 7020 14936 4271 -1919 2815 638 601 575 581 602 END
START -7176 8728 12996 4566 -1691 2399 635 600 561 565 601 END
START -2708 8468 10396 4695 -2449 2372 631 599 553 557 597 END
START -1500 9580 8952 4237 -2335 1926 627 597 552 553 600 END
START -1508 9968 7820 4047 -1207 1618 621 601 547 551 600 END
START -4440 9312 10252 5695 246 1398 623 601 532 540 585 END
START -4764 9064 10744 6260 -995 932 605 600 531 531 598 END
START -3520 10316 9652 5391 -1357 1040 600 600 527 526 601 END
START -4528 10760 9944 4688 -622 1108 599 581 538 508 603 END
START -4576 10648 9436 5136 -1063 1213 594 603 519 515 601 END
START -3336 11616 9228 4570 -222 993 588 611 515 511 603 END
START -3588 10968 9080 3675 -483 918 625 603 514 554 606 END
START -3520 11456 7856 3060 1644 771 575 604 513 505 607 END
START -3876 11148 8668 2506 165 794 537 606 502 479 624 END
START -3436 11432 8040 1530 1109 373 566 604 508 501 607 END
START -3540 11424 8352 470 1349 257 561 607 508 501 607 END
START -3856 11384 8904 -196 490 264 544 624 508 506 663 END
START -2956 11060 7528 -289 -481 409 559 606 508 501 603 END
START -3920 11176 8788 -201 -191 369 557 619 508 501 633 END
START -3056 10992 8208 -600 266 16 556 609 501 499 606 END
START -3820 11080 8592 -861 580 -223 555 605 506 499 611 END
START -3956 11108 8796 -1360 640 -423 551 609 506 485 605 END
START -4232 10872 8512 -1230 333 -264 553 607 507 497 607 END
START -4028 11096 8624 -1332 -91 -293 551 606 510 500 608 END
START -3812 11512 8848 -2178 121 -745 549 606 508 499 604 END
START -3024 11288 7792 -3746 1112 -1393 548 607 507 499 606 END
START -4672 11232 9168 -5078 919 -1778 545 616 505 503 607 END
START -5352 11956 10420 -7280 378 -2540 547 605 507 502 603 END
START -2212 12248 9416 -12690 -8 -3818 549 610 506 503 607 END
START -4244 11620 14472 -8370 2479 -4150 550 615 506 501 606 END
START -5244 13956 13492 -7847 -85 -3300 557 610 505 506 645 END
START -7604 10984 15792 -10763 -10074 -601 554 614 504 503 612 END
START 14020 7892 -25748 -23839 -32768 -2842 559 619 503 506 617 END
START -128 -1564 -5720 -13437 23444 -6418 545 614 503 510 616 END
START -27292 8072 32767 -9494 31636 -6051 558 619 477 506 616 END
START -16628 8932 17188 -2686 -15318 -695 559 621 505 506 618 END
START -1712 9340 12756 -2605 -16069 -16 558 619 503 506 618 END
START 4272 9804 608 -3061 -2402 -1325 583 619 504 516 617 END
START -7300 9004 15976 -2580 13845 -1629 561 623 505 507 618 END
START -14744 8276 23704 -721 1672 118 560 619 504 500 619 END
START -6340 8308 15268 757 -6615 1422 590 619 552 507 631 END
START -2008 7788 9932 443 -3884 1228 561 624 506 507 621 END
START -1160 7724 7352 470 1459 606 560 622 506 507 620 END
START -5120 7388 11552 782 2161 231 556 619 506 504 622 END
START -4632 7552 11872 913 944 81 561 625 507 507 620 END
START -4340 7704 12200 517 -1149 -84 561 610 504 483 618 END
START -3392 7920 9412 -344 51 -274 559 621 507 506 620 END
START -5124 7712 10288 -552 460 -439 562 555 459 508 619 END
START -4680 7712 9532 -898 427 -403 562 621 504 510 622 END
START -5720 7684 11768 -987 330 -354 561 621 507 508 621 END
START -5388 7740 12136 -964 -395 -159 559 616 501 507 639 END
START -5152 7928 12332 -942 -469 -23 564 620 509 509 621 END
START -5332 8244 11664 -1019 -450 67 560 621 498 509 620 END
START -5064 8248 11376 -942 -557 208 562 623 506 508 620 END
START -4488 8448 10400 -1043 -482 156 561 622 508 509 623 END
START -5036 8240 11344 -983 377 53 576 621 506 548 622 END
START -5064 8300 11912 -791 238 6 563 624 512 510 632 END
START -5020 8084 12104 -628 -355 46 562 632 508 510 622 END
START -5168 8188 12464 -463 -655 96 561 622 508 515 621 END
START -4808 8216 11248 -438 -667 124 562 616 507 510 622 END
START -4452 8232 10084 -545 -49 91 562 633 508 544 611 END
START -4996 8104 11480 -656 74 113 561 621 509 511 621 END
START -5004 8068 10876 -900 -19 122 588 616 529 510 618 END
START -4908 7796 11036 -809 -124 127 563 619 509 508 610 END
START -5388 7824 12140 -769 -168 135 566 620 510 511 619 END
START -5148 7848 11856 -711 -544 148 563 620 507 509 653 END
START -4656 8212 11188 -744 -410 59 561 621 510 511 621 END
START -4860 8092 11328 -923 -574 -1 575 620 510 515 606 END
START -4868 8160 11312 -1043 -498 -7 560 620 509 509 616 END
START -4872 7900 11284 -963 -944 -18 560 620 511 512 619 END
START -4844 7812 11168 -804 -1338 2 561 615 526 513 673 END
START -4828 7796 10912 -609 -1192 -48 566 615 513 510 619 END
START -5276 8020 11852 -327 -1427 37 567 604 519 513 618 END
START -5608 8384 12788 -209 -2259 238 569 620 511 485 618 END
START -4812 8488 11744 -264 -2743 390 581 617 514 516 616 END
START -3212 8368 11164 -29 2529 269 586 617 512 524 618 END
START -4484 8304 10400 -778 -1323 85 594 620 534 525 620 END
START -4996 8064 11744 -687 -155 50 604 620 526 533 620 END
START -8208 8500 14216 -1289 -3133 -101 611 624 533 540 624 END
START -5072 7996 11468 -1014 -310 111 616 628 544 550 627 END
START -4952 7992 11232 -834 -1607 223 618 620 557 558 626 END
START -4740 8180 10976 -1010 -2527 254 624 624 564 566 640 END
START -4032 8332 10420 -1424 -2133 183 627 626 571 575 627 END
START -3848 8168 10528 -1796 -1015 -66 620 603 579 578 631 END
START -4096 8012 10836 -2013 118 -197 629 631 584 590 629 END
START -4588 7748 11056 -1839 94 -195 630 629 590 592 628 END
START -4500 7824 10936 -1571 -246 -108 630 606 596 595 633 END
START -3992 8052 10652 -1733 429 -182 633 631 599 601 642 END
START -4768 8308 11036 -2053 1005 -424 632 630 603 608 630 END
START -4468 8208 11020 -2391 337 -548 633 606 608 607 617 END
START -5260 7924 11828 -2664 -930 -491 632 627 609 608 631 END
START -4996 7656 12176 -3093 -1363 -320 634 630 612 611 631 END
START -4388 7324 12076 -3011 -203 -248 635 654 615 605 631 END
START -4736 7628 12436 -3223 491 -267 634 630 617 604 632 END
START -5596 8756 16388 -3498 708 -271 636 630 620 619 630 END
START -5788 7788 11860 -2840 -110 -22 637 640 623 616 640 END
START -7216 7060 13884 -2396 260 -67 636 629 623 623 631 END
START -8184 7620 15064 -2058 298 -54 639 634 626 625 631 END
START -3644 7232 11948 -1873 2055 -24 636 628 640 624 632 END
START -2424 7164 10792 -1614 2177 28 637 633 628 630 633 END
START -5768 7180 12732 -1288 -562 116 638 631 643 627 626 END
START -6152 7348 12688 -1125 175 187 637 633 631 627 634 END
START 12 7280 9088 -1337 3417 79 636 633 631 628 633 END
START -11096 7412 16332 -1499 402 -80 638 635 631 627 634 END
START -6168 7368 12652 -1286 1468 -58 640 634 632 628 634 END
START -3792 6656 9116 -827 2635 -29 669 634 636 629 628 END
START -6120 5348 5864 1450 7019 -50 635 633 632 628 638 END
START -6452 8080 14340 156 4874 -605 638 633 632 629 633 END
START -21464 7828 22192 -616 -1330 -541 637 630 632 630 632 END
START -11696 6536 16628 -918 5379 -610 637 634 633 630 633 END
START -3876 6040 9772 -435 7625 55 636 633 633 629 632 END
START -7808 7380 12048 -510 4922 454 641 631 633 624 637 END
START -6204 8192 9896 -38 6596 511 633 633 635 630 632 END
START -7044 7184 11672 -880 4825 774 649 665 634 645 634 END
START -8352 7944 11856 -2126 3762 1106 636 635 632 631 634 END
START -6564 7788 11440 -2605 2938 1166 637 632 634 630 631 END
START -6872 7716 12408 -3302 453 1121 637 689 632 633 641 END
START -7968 7768 14400 -4268 -4093 1262 634 633 638 627 633 END
START -7492 7936 15624 -5089 -8459 1453 638 631 635 629 632 END
START 4064 5836 7376 -4080 -7453 1395 639 608 636 617 643 END
START 2484 6596 7892 -2942 -5687 961 638 633 641 635 618 END