START -12032 7744 13608 1946 -522 -439 650 621 643 644 621 END
START -3480 7808 8348 1996 1014 -160 603 646 639 656 619 END
START -6848 7716 11428 -181 2851 -19 651 620 643 643 620 END
START 1720 7676 7080 -1330 7765 535 650 624 642 644 621 END
START -8976 8428 13312 -1811 4627 859 649 620 642 646 621 END
START -6956 7508 11620 -2216 4787 1293 648 620 642 645 621 END
START -6136 7440 11280 -2115 4092 1457 638 622 643 663 621 END
START -6664 7520 12184 -1989 2178 1556 649 620 643 645 607 END
START -5644 7556 12700 -2130 1000 1522 649 621 643 644 621 END
START -4992 7748 12804 -2679 -32 1164 650 620 651 660 621 END
START -5620 7532 13176 -3113 -2040 802 650 620 643 646 626 END
START -736 8176 10120 -2679 -1632 704 650 627 643 644 622 END
START 356 11056 21484 -3945 -1948 568 624 621 649 645 616 END
START 3724 7272 6960 -3391 -8128 122 651 622 645 630 621 END
START -9572 6864 14792 -3778 -10290 -170 651 623 643 643 622 END
START -7308 7060 12528 -3794 -9863 -436 652 586 643 640 596 END
START -4252 6676 11024 -3571 -9297 -534 654 623 643 646 625 END
START -2884 6396 10500 -1857 -6202 -712 653 624 643 646 624 END
START -3172 6772 11144 -1660 -3752 -804 675 626 657 644 623 END
START 2092 7228 9240 33 7192 -809 653 627 641 645 628 END
START -8692 6720 13760 -1189 -1998 -569 653 628 648 646 630 END
START -9436 6552 15788 -1053 -959 -227 659 631 646 647 641 END
START -5440 6452 12680 -1020 -1030 274 654 633 650 648 632 END
START -2620 6580 10432 -1427 -183 320 653 635 653 649 631 END
START -3696 5792 10848 -1091 348 275 654 677 659 650 652 END
START -6612 7444 16328 -2257 -1155 -3 658 638 660 653 638 END
START -4192 6064 13480 -1242 139 349 651 641 661 655 641 END
START -4460 6548 13300 -952 -922 326 653 645 663 657 641 END
START -3660 6172 13368 -653 -459 148 652 642 665 659 642 END
START -4024 6412 13732 -623 -848 -65 589 645 665 660 636 END
START -4268 6388 12864 -745 -1788 -137 654 626 667 661 644 END
START -3472 5992 11056 -497 -1785 -169 655 644 666 661 644 END
START -3892 6188 11088 492 743 -207 650 644 667 661 609 END
START -5856 6396 12704 1405 2484 71 654 647 665 663 643 END
START -5704 6732 13536 1827 1577 424 638 627 665 660 643 END
START -5356 7008 13148 2241 840 738 653 621 664 661 643 END
START -4500 7112 11728 2670 2301 849 654 641 663 661 641 END
START -6056 7328 14148 4367 4373 1278 654 637 660 655 645 END
START -7264 8048 16016 4902 3307 1730 654 639 660 656 639 END
START -6176 7836 14792 5025 609 2289 656 636 651 655 635 END
START -4580 7720 12396 5045 -255 2320 664 636 652 652 636 END
START -3800 7624 10376 4633 -207 2086 652 633 650 651 633 END
START -3772 7516 10664 4490 1186 1875 653 638 649 652 634 END
START -4300 7016 11992 5020 481 1716 656 636 646 647 635 END
START -4200 5964 13868 6251 -2181 2274 653 634 645 644 634 END
START -4984 8740 12512 5625 -5251 1688 655 651 645 650 634 END
START -2848 8568 9032 4016 -4704 795 635 634 645 639 636 END
START -8544 7520 11472 2499 -4182 518 657 636 645 638 637 END
START -5228 8280 10332 2522 -1547 300 652 658 643 664 637 END
START -1020 8796 7884 1621 -298 31 652 635 640 633 638 END
START -4448 8688 11792 1757 -1176 -210 653 635 638 627 643 END
START -4856 9192 10948 1644 -968 -421 644 637 624 613 633 END
START -3632 9696 9352 1611 -781 -132 651 634 614 600 635 END
START -3960 9508 10316 40 -66 -19 651 642 602 591 655 END
START -3604 9848 10096 357 -80 -298 654 633 593 581 633 END
START -3972 9120 10204 -60 -502 -399 650 632 580 563 631 END
START -5420 10112 11076 -173 178 -694 642 626 570 550 640 END
START -2792 8972 8060 163 1395 -380 650 627 563 540 625 END
START -4764 9188 11960 -417 2489 -454 649 540 573 532 634 END
START -4476 10112 10504 -1435 2232 -563 646 618 545 522 620 END
START -5268 9372 11180 -1555 1781 -763 640 616 529 504 611 END
START -4052 8824 9820 -1374 394 -424 633 592 511 497 522 END
START -3732 9564 10676 -2209 1436 -347 634 612 520 496 609 END
START -14616 13028 17800 -2998 -3459 2048 632 608 515 494 611 END
START -4800 9320 11408 -928 600 198 607 599 507 491 674 END
START -1944 9604 9436 -2244 -1132 -136 625 608 512 490 608 END
START -6212 9204 10412 -2149 -917 -210 619 610 511 492 607 END
START -5372 8836 11776 -1497 1042 -116 620 608 501 481 608 END
START -4500 8976 11368 -1467 691 -244 600 607 512 493 610 END
START -4108 8876 12200 -1182 -418 -180 591 607 512 493 611 END
START -4704 9172 10856 -1231 -1280 -158 601 607 515 477 607 END
START -4664 8788 9776 -1429 -918 -45 582 607 510 493 608 END
START -4212 8584 10448 -1694 685 -302 580 606 511 494 609 END
START -5088 8876 11928 -1474 550 -178 576 607 518 492 604 END
START -5048 8900 11748 -1287 -1072 49 575 606 514 494 604 END
START -4900 9312 11872 -1472 -1673 6 573 619 515 493 606 END
START -3808 9580 9440 -2057 -2500 -118 574 606 516 494 606 END
START -1968 8928 5516 -3014 -1772 -500 573 613 517 495 608 END
START -3660 8576 9436 -3693 1179 -663 570 623 496 507 606 END
START -5044 8552 12892 -4014 1407 -942 572 609 522 495 608 END
START -6484 8716 14412 -4844 -1872 -860 574 610 519 497 609 END
START -2540 8408 9016 -5120 -7448 -1090 521 586 522 498 618 END
START 1784 7164 -2960 -8695 -2673 -2382 577 614 521 502 613 END
START -3664 4880 9308 -5964 10934 -2894 581 614 520 500 612 END
START -10348 7244 20884 -4909 5925 -1689 576 613 520 497 612 END
START -8140 8008 16192 -3551 -1805 -753 515 613 444 500 612 END
START -6308 8028 13048 -2903 -1104 -356 575 612 521 500 612 END
START -5812 8208 12336 -2409 -307 -64 577 603 523 498 613 END
START -6288 7880 13892 -1896 910 282 503 611 497 499 615 END
START -5944 7708 13628 -1354 635 526 574 614 520 503 612 END
START -5772 7552 14276 -874 -294 691 576 610 522 500 614 END
START -4908 7616 12652 -650 -1690 625 577 613 523 496 612 END
START -3524 7228 10864 -488 -1655 290 577 614 523 499 614 END
START -3348 6976 9792 -432 -513 9 569 641 494 499 615 END
START -4852 7096 12100 -163 221 -83 577 612 521 470 613 END
START -5256 7152 12520 -368 -1045 -180 574 614 523 500 612 END
START -5072 7056 11988 -419 -1694 -152 572 630 525 501 613 END
START -4828 7236 11368 -662 -1325 -267 578 613 523 501 615 END
START -4504 7388 10456 -745 -1286 -255 580 614 523 507 614 END
START -4620 7264 10876 -835 -104 -213 577 584 526 499 615 END
START -5088 7532 11592 -752 183 -126 579 615 524 501 614 END
START -5468 7472 11852 -534 -6 17 579 615 544 501 618 END
START -5476 7356 12068 -28 -642 157 581 615 525 504 614 END
START -5104 7560 12508 253 -611 312 585 614 524 505 613 END
START -5528 7772 13332 128 -980 487 590 616 521 508 614 END
START -4816 7776 12404 355 -1222 435 595 617 523 510 618 END
START -4632 8168 12396 735 -1185 357 605 619 547 476 615 END
START -4720 8040 11916 725 -1224 220 614 618 537 528 618 END
START -4776 7820 11064 197 -1726 235 617 620 546 540 620 END
START -4696 7472 11532 -82 -1157 363 620 623 560 555 624 END
START -4392 7816 11152 -228 -1592 312 626 630 574 573 628 END
START -4632 7524 11064 -393 -1703 208 657 624 588 585 649 END
START -4048 7352 10920 -581 -1186 -4 634 631 601 604 631 END
START -4144 7548 11800 -1210 -625 -152 639 635 616 616 636 END
START -5104 7608 12268 -1407 -1211 -234 638 613 626 614 639 END
START -4940 7720 10748 -976 -1929 -100 642 642 629 632 636 END
START -4232 7816 11188 6 -443 -43 644 644 638 639 641 END
START -3876 8116 11632 -927 -307 -27 647 643 651 642 683 END
START -3756 7660 10808 -1321 599 -269 646 642 644 650 642 END
START -4880 7084 10360 -232 1041 -612 645 639 648 633 641 END
START -5616 7612 11568 640 2518 -556 648 639 650 651 638 END
START -5508 8444 10964 -303 2814 -287 646 638 653 652 640 END
START -5740 8268 12024 -1472 3454 -40 647 639 656 656 638 END
START -5436 7388 11164 -652 3799 -38 649 637 655 656 629 END
START -8052 7360 12628 2601 4157 -326 647 635 657 658 636 END
START -7652 5792 2284 1226 1457 16 651 639 658 657 624 END
START -4564 8164 10280 -493 3318 42 646 634 657 658 634 END
START -5732 8316 12012 -1781 2014 197 644 627 659 655 609 END
START -5052 7864 12528 -1939 2396 305 648 633 663 660 631 END
START -5340 7780 13048 -1664 1949 522 645 634 660 661 634 END
START -4756 7948 12752 -1792 1381 600 643 635 670 660 609 END
START -5352 8048 12628 -1707 600 461 645 637 661 662 630 END
START -5220 7836 12564 -1664 -201 448 648 636 663 663 634 END
START -5052 7796 12456 -1648 -555 326 649 632 673 661 633 END
START -4588 8288 12900 -2069 -778 317 649 636 663 676 634 END
START -3900 8868 12536 -3392 -1063 261 651 635 662 662 635 END
START -1436 9384 13848 -4421 1016 277 653 635 664 662 631 END
START -8268 8024 13536 -4711 -1007 403 642 634 663 661 634 END