START -2296 7544 10308 5014 8032 851 671 623 642 642 619 END
START -8172 7980 17480 4094 8134 656 701 624 640 647 603 END
START -9420 6444 12452 4020 934 304 671 623 642 642 623 END
START -9332 7752 16696 1394 3252 -6 639 626 653 654 615 END
START -6272 8296 14748 1423 2163 860 668 623 644 642 619 END
START -5684 7404 14448 -1813 3974 883 667 622 642 642 622 END
START -2464 6704 14076 -3389 3644 1258 644 622 641 642 617 END
START -2744 7268 15016 -4506 5115 1023 670 623 642 642 622 END
START -5656 6852 16800 -5742 2530 979 669 624 642 644 624 END
START -6608 6244 15244 -6099 1326 1037 670 621 633 645 624 END
START 14728 5388 448 -7290 -2712 733 670 621 642 645 623 END
START 1248 4876 10996 -5648 -12266 -40 733 620 645 641 623 END
START -3400 4768 8736 -3299 -30483 -792 656 622 642 642 624 END
START 6716 6132 9296 714 -1836 -1296 673 623 642 642 624 END
START 2876 5644 9316 -338 -3873 -1751 680 621 642 641 592 END
START -4796 6172 14832 246 -6256 -2306 673 623 643 644 624 END
START -4448 6352 14304 156 -3897 -2595 673 624 643 643 623 END
START -5184 6296 13852 -201 -2638 -2556 666 621 643 655 623 END
START -3264 6288 12656 -267 -3204 -2155 673 623 642 643 623 END
START -3468 5976 12028 -163 -2479 -1764 675 621 642 642 623 END
START -3156 5916 12472 -102 -2248 -1254 675 624 664 642 625 END
START -4824 6344 13432 -190 -1472 -742 671 625 642 641 623 END
START 3484 1440 -2360 5627 6367 264 675 622 643 642 623 END
START -6188 5680 14408 -1998 -7308 -662 675 621 657 642 621 END
START -3156 6000 13312 -106 1936 105 672 623 656 643 617 END
START -2988 6196 13168 -889 1365 261 673 623 642 642 624 END
START -2652 5896 12720 -910 1955 364 707 623 631 642 628 END
START -3200 5832 13028 -1066 2138 444 668 623 642 643 619 END
START -3380 5788 12752 -1074 1972 551 673 623 642 643 623 END
START -3368 5936 12944 -1083 1356 512 677 633 642 639 623 END
START -3496 5924 13096 -1117 993 530 673 625 642 641 626 END
START -3132 6020 13036 -1067 832 509 674 627 643 644 623 END
START -2920 5988 13164 -1057 734 436 674 625 645 642 631 END
START -2924 6104 13028 -1047 819 377 674 615 642 642 623 END
START -3408 5980 13228 -993 730 363 691 624 630 641 570 END
START -3656 5900 13236 -935 439 421 679 623 643 645 624 END
START -3744 5996 13104 -849 463 451 674 625 643 641 623 END
START -3576 5840 13060 -760 409 545 674 624 643 644 627 END
START -3128 5784 13236 -663 488 523 673 623 642 643 623 END
START -2624 6004 12744 -423 934 561 671 600 642 642 651 END
START -4072 5832 14172 -586 1017 480 675 623 643 642 621 END
START -9824 6336 18132 -57 631 694 687 621 640 652 621 END
START -1124 5888 10940 674 5302 858 671 618 640 641 618 END
START -4328 5604 13184 1941 6508 1094 669 616 638 639 607 END
START -5208 5840 14948 2390 5362 1092 604 613 636 634 635 END
START -6752 6424 17296 3302 4550 1325 670 609 631 633 609 END
START -4984 6820 15452 4076 3709 1718 667 608 628 629 606 END
START -4764 6544 14180 4278 3166 1688 662 604 626 629 604 END
START -3044 6688 13076 4717 3860 1674 670 592 622 623 602 END
START -3816 6936 12992 4989 2471 1613 664 597 619 644 600 END
START -4716 6356 13688 4777 1505 1403 664 593 617 620 594 END
START -5800 7340 13500 5152 1206 1433 664 593 617 617 593 END
START -4756 7396 13456 4546 -1337 1614 661 590 612 634 588 END
START -3644 7488 11608 4811 -3099 1549 667 590 612 614 593 END
START -3432 7436 10488 4542 -2019 1254 661 591 612 612 589 END
START -3816 7680 11168 3868 -1926 1198 660 491 610 604 566 END
START -3400 7668 11524 3575 -2749 897 660 589 609 610 588 END
START -4432 8124 12232 3430 -4196 1117 659 590 610 608 590 END
START -3624 8420 11764 3008 -5381 1064 659 589 606 632 590 END
START -1728 8212 8864 3018 -4811 644 658 592 607 607 590 END
START -2944 7328 10156 4400 -3506 994 658 591 607 606 590 END
START -1572 7288 8804 8836 -1533 652 657 517 599 601 563 END
START -4776 11580 12232 5777 -1881 725 658 590 602 602 587 END
START -2636 9316 9620 2644 -1013 996 658 590 604 595 590 END
START -2308 10324 9800 2231 726 837 657 592 604 604 592 END
START -3564 10856 8704 -76 1933 881 656 593 606 604 593 END
START -5292 9096 11308 -1264 1432 949 703 595 597 605 623 END
START -5384 9476 13972 960 -998 1125 656 599 596 602 600 END
START -10892 9424 13676 3174 3541 1949 656 601 591 595 601 END
START 2764 9576 6732 2794 3422 1530 654 598 583 586 612 END
START -2076 9476 8728 2726 -1460 1502 654 604 578 582 604 END
START -7724 9308 12820 4030 2201 1525 613 621 572 565 605 END
START -2780 10424 10628 5372 5113 1733 652 615 560 558 614 END
START -168 10908 9112 4921 1443 1646 651 614 549 548 614 END
START -4600 10524 10576 3593 -505 1769 636 615 540 542 615 END
START -4252 10124 9220 3663 1549 2105 645 614 540 534 617 END
START -4052 8504 8612 7414 207 1496 640 620 536 531 615 END
START -4048 11972 11088 5293 -39 2142 635 626 521 525 615 END
START -3008 11536 9244 3198 191 1975 635 618 521 522 617 END
START -2568 11052 8008 1631 1311 1832 628 621 526 519 621 END
START -1924 10904 7344 1577 2242 1570 620 620 524 488 616 END
START -1792 10784 7560 1449 1935 1316 614 611 523 514 614 END
START -2388 10948 8080 800 1606 1039 608 619 509 510 590 END
START -3152 11716 8920 -669 660 632 603 615 523 510 616 END
START -2204 12004 9228 -2946 -401 31 600 615 522 510 618 END
START -1360 10560 7008 -3712 -335 -518 592 619 521 506 643 END
START -1468 10584 6328 -3033 461 -916 584 614 510 509 615 END
START -1832 10436 8428 -3110 2614 -1520 578 620 516 506 618 END
START -2004 11672 9220 -4763 3001 -2413 574 617 469 496 620 END
START -3352 11628 9880 -7014 1937 -2843 570 619 518 503 617 END
START -2304 10068 9636 -7925 66 -3402 566 617 517 505 616 END
START -3096 10304 5564 -8033 691 -3732 565 616 514 503 607 END
START -2944 9664 8644 -7213 1453 -3813 565 614 513 501 614 END
START -4908 9732 13056 -7411 1294 -4193 563 616 517 503 615 END
START -5680 10860 16636 -7517 1177 -4253 531 607 517 514 617 END
START -8340 12028 17108 -8477 -2671 -3021 569 619 518 498 617 END
START -9956 7268 12424 -10964 -14158 -2159 570 620 515 504 620 END
START -3176 11448 1736 -14957 -17328 -1024 580 624 513 505 620 END
START 7624 6368 -2644 -18483 -10527 -2008 568 679 509 402 629 END
START 4024 -552 4596 -16842 12361 -4863 575 624 509 503 623 END
START -10028 3056 22936 -5362 10615 -4245 574 625 509 498 625 END
START -12020 7932 19048 -4828 -1929 -2902 601 650 507 543 628 END
START -7012 7128 15572 -2302 -2528 -1910 576 627 511 499 628 END
START -5376 8280 16440 -691 -1723 -1136 578 630 508 500 628 END
START -5704 8660 15808 177 -14 -653 578 627 510 501 627 END
START -6632 7940 16252 873 -815 -265 582 629 510 503 627 END
START -5880 7996 14032 1139 -1068 148 581 628 509 501 627 END
START -4540 7608 11604 1233 -1622 331 617 630 509 518 626 END
START -4212 6956 10064 1703 -429 290 580 649 515 502 629 END
START -3644 7184 10476 1809 -246 272 579 628 511 503 630 END
START -3888 6824 10776 1381 340 231 576 628 561 501 626 END
START -4448 6972 11704 823 184 310 579 629 511 501 628 END
START -4616 7072 10968 18 -393 401 588 665 508 491 628 END
START -3760 7032 9892 -494 -757 397 581 629 495 502 629 END
START -3588 7184 9356 -1017 246 252 580 629 513 503 629 END
START -4300 7140 10660 -1258 1001 114 578 632 511 505 631 END
START -5016 6944 12124 -1521 788 166 580 629 513 504 630 END
START -4776 7184 12900 -1584 -394 325 579 641 515 554 630 END
START -4600 7424 13300 -1772 -382 476 579 629 513 503 626 END
START -4120 7388 12008 -1763 -330 529 580 630 512 504 630 END
START -3996 7520 10888 -1509 197 498 578 673 510 495 631 END
START -4632 7616 12324 -1008 311 362 581 631 512 502 630 END
START -4640 7712 12900 -631 87 269 578 629 513 504 630 END
START -4872 7476 14128 -628 -563 396 583 629 515 506 630 END
START -4032 7476 13300 -370 -721 496 581 630 513 504 626 END
START -3904 7504 12008 -350 -257 397 582 630 514 501 638 END
START -4764 7548 12020 -275 -702 298 585 629 516 503 633 END
START -4680 7408 11716 -65 -1773 270 581 627 517 504 630 END
START -3628 7304 11296 -35 -1427 183 583 631 517 463 627 END
START -3340 7352 12684 -322 -182 200 581 628 516 506 629 END
START -6032 11752 29288 -5126 17687 -970 643 631 525 506 605 END
START -10036 4440 8596 -1384 -2328 155 582 631 516 503 628 END
START -12428 7848 15712 -1208 -3915 314 582 629 517 506 629 END
START -5748 7160 12364 -1169 -2984 183 578 629 518 506 629 END
START -3872 7724 10716 -1479 -2786 -134 585 630 519 506 640 END
START -4316 7412 12292 -1426 -2575 199 584 629 518 508 630 END
START -3504 7560 11296 -1320 -1710 390 585 629 521 508 631 END
START -4152 7308 11356 -865 681 352 587 632 520 507 618 END
START -4472 7832 11684 -1249 584 70 587 629 518 510 628 END
START -4976 7228 13584 -1180 -1527 -84 583 629 543 511 640 END
START -5480 7028 14464 -474 -1443 197 595 628 523 513 630 END
START -3384 8372 13376 316 777 585 604 631 525 519 631 END
START -6108 7404 13628 -216 -1535 467 606 631 526 516 631 END
START -4384 7532 12752 309 -2964 502 610 632 534 532 634 END
START -4532 7236 12588 391 -3592 438 612 631 550 539 635 END
START -3260 7140 11492 756 -2745 513 617 632 552 558 635 END
START -1984 7232 9580 823 289 322 620 633 559 554 635 END
START -2844 7520 11116 1093 1836 76 622 635 561 548 638 END
START -4072 7980 12944 -661 -126 -119 621 635 565 562 634 END
START -4888 7744 14308 -1105 -2728 -191 619 637 557 584 633 END
START -3864 7984 12800 -1523 -4710 -129 623 632 573 563 636 END
START -3504 7864 11652 -1884 -4742 -192 627 629 575 566 635 END
START -1716 8604 8292 -1633 -2613 -191 631 634 578 570 637 END
START -3624 7568 11524 -1351 -664 -405 625 637 579 570 638 END
START -10260 7856 16352 -1114 -364 -559 624 635 580 571 636 END
START -8232 7764 15432 -473 -1567 -650 624 635 582 567 636 END
START -3636 7840 12500 -700 -1291 -433 625 633 583 573 633 END
START -1168 7200 10272 -323 -1628 -164 625 635 582 572 638 END
START -4200 7732 11508 119 433 -162 632 636 583 572 634 END
START -3496 7440 10332 583 3084 -145 625 638 583 572 636 END
START -3968 7848 11808 353 4138 -111 625 635 585 573 635 END
START -4328 7676 12088 31 2758 6 570 636 593 573 630 END
START -4468 7472 12072 64 3101 44 627 635 586 575 622 END
START -5496 7140 10920 778 2850 27 605 627 580 598 637 END
START -4128 6940 10336 2215 4356 267 624 636 589 580 634 END
START -5116 8400 12756 1665 4259 360 627 633 588 579 634 END
START -5516 7560 12108 2119 3287 26 632 659 590 582 633 END
START -8236 7504 14044 4936 4181 -536 632 634 591 582 632 END
START -4968 8772 12676 5528 2424 -722 631 627 594 584 633 END
START -7324 10216 12584 2522 487 -60 630 630 590 582 629 END
START -6748 8908 13476 169 5247 705 635 632 591 582 630 END
START -4508 8748 10532 48 4019 788 636 632 592 570 631 END
START -7548 9100 12952 328 2555 1180 630 635 592 583 633 END
START -4044 8400 11644 -549 1608 1279 605 630 588 595 632 END
START -4988 8576 12420 -942 224 1123 631 632 591 582 630 END
START -4704 8852 12864 -1542 -1204 949 632 633 591 583 632 END
START -3936 9744 13660 -2773 -3822 787 587 648 592 593 609 END
START -4800 8720 14016 -3938 -7495 524 632 633 593 583 631 END
START -6996 8988 17788 -3415 -8431 387 631 634 593 582 636 END
START -1444 7056 8120 -3964 -6028 -309 624 618 593 566 633 END
START 1880 6936 7100 -3430 -1557 -836 632 634 592 584 630 END