START -8164 7528 11672 2177 847 -386 606 665 641 625 620 END
START -2408 8524 9268 1977 1721 -319 656 607 625 626 607 END
START -9160 8036 12448 -395 1508 147 655 607 625 626 602 END
START -1460 7984 9724 -2382 4873 350 654 608 624 626 606 END
START 1768 8008 7112 -2548 6121 465 654 583 570 619 609 END
START -6944 8076 12996 -3168 3434 512 652 607 626 629 610 END
START -7588 7236 14048 -3325 3442 644 654 605 624 626 607 END
START -4744 7112 12752 -3246 4055 803 683 608 626 627 609 END
START -5732 7080 13504 -3035 2421 904 655 610 625 627 604 END
START -6784 7092 15004 -3330 609 838 655 611 625 627 608 END
START -5268 6524 12496 -3985 1851 674 635 609 624 627 590 END
START -15100 5908 17656 -3130 -6784 146 655 607 625 626 606 END
START -11840 6700 16972 -2452 -9374 -270 657 607 625 626 610 END
START -6464 6596 12768 -1924 -10844 -529 660 609 625 628 604 END
START -6272 6368 12716 -1371 -11487 -699 656 610 625 624 610 END
START -3372 6960 11240 -1552 -10653 -703 657 606 625 627 608 END
START -2384 6336 11216 -697 -8269 -834 670 606 625 626 603 END
START -3468 6624 10832 -1156 -5608 -819 657 605 624 626 604 END
START -4704 6556 11052 -143 -2202 -526 661 607 625 630 608 END
START -5076 6620 11236 56 -992 -97 716 608 611 626 611 END
START -4348 6684 10992 141 80 162 659 611 625 627 599 END
START -4068 6936 11756 141 1195 336 657 623 626 627 608 END
START -3644 6784 11872 11 1803 417 655 572 626 628 607 END
START -3484 6976 10724 -397 2123 536 657 609 626 626 607 END
START -4312 6532 10468 -556 4094 475 656 612 627 601 608 END
START -5164 6500 12052 677 5693 761 656 608 628 628 608 END
START -5624 7024 14468 1311 5806 847 627 613 629 667 610 END
START -5548 7124 15344 2056 3260 917 657 611 629 628 612 END
START -3728 7256 12920 1900 1043 897 654 611 625 629 612 END
START -5220 7264 13136 2644 610 821 672 610 632 629 626 END
START -4016 7120 10816 2846 227 723 652 610 628 629 609 END
START -3676 7124 10304 2618 1151 791 660 609 625 625 611 END
START -6600 7152 12628 2869 3006 778 656 605 623 622 596 END
START -6068 7212 13740 3442 3109 1583 650 602 615 618 602 END
START -6220 7600 14644 3775 1022 1811 666 597 623 609 597 END
START -5292 7344 13640 4905 -1481 1896 651 592 606 604 582 END
START -4980 8132 11864 4381 -962 1717 650 585 601 601 589 END
START -4032 7824 11048 4003 -1376 1701 629 624 595 613 582 END
START -3124 7908 9880 3603 -1172 1859 651 580 593 593 569 END
START -6484 7796 11948 3694 -1532 1914 649 580 591 589 577 END
START -4048 8512 10260 4154 -1806 1822 649 570 589 587 583 END
START -4164 9248 10360 7431 -1679 2136 650 578 586 586 583 END
START -2496 9164 9196 9181 -1597 1797 648 579 587 584 581 END
START -5124 7400 10456 11247 -5123 680 645 580 589 586 582 END
START -6584 10236 11740 5203 -91 1130 644 585 587 586 581 END
START -2364 10524 8344 4280 690 578 644 586 588 586 585 END
START -3680 10304 8564 3976 309 486 640 586 588 585 578 END
START -4644 10308 9276 3704 -187 574 641 590 588 585 590 END
START -3856 10676 8456 2193 -393 393 639 611 569 584 651 END
START -4028 11404 8992 -273 -371 -190 639 599 584 578 601 END
START -4200 11444 9036 -3066 -733 -920 638 599 579 574 599 END
START -3236 10144 7856 -4364 -1000 -1188 638 603 577 571 592 END
START -3192 9048 7900 -3663 336 -1245 639 606 574 590 606 END
START -4988 9088 9768 -2732 1258 -890 632 611 569 559 611 END
START -5712 9556 11484 -2322 490 -602 627 602 556 553 625 END
START -5408 10484 11624 -3231 -855 -449 619 615 558 547 620 END
START -4044 10412 10612 -4496 -40 -1187 616 617 550 542 618 END
START -3740 9804 9216 -4533 599 -1392 612 620 546 535 644 END
START -4116 9780 8800 -3886 271 -1135 604 616 539 529 619 END
START -4044 9248 9948 -3650 1365 -920 597 618 542 527 617 END
START -6100 8896 12712 -2633 264 -299 594 624 539 520 618 END
START -6140 9828 12080 -2514 -698 105 589 610 535 519 620 END
START -4856 9644 11344 -2454 -1585 -47 583 618 531 516 619 END
START -4312 9392 9628 -2368 -1429 -448 583 621 541 515 619 END
START -4220 8940 9536 -2599 -37 -309 578 620 532 514 620 END
START -3472 8588 9592 -3215 2001 -931 577 611 532 541 620 END
START -5424 8752 12744 -3107 1628 -867 575 621 533 511 620 END
START -5544 9064 13620 -2813 -363 -828 568 621 531 510 621 END
START -5236 9432 10072 -3100 -2491 -624 569 630 535 511 661 END
START -4744 9384 9348 -3735 -959 -595 566 620 524 507 620 END
START -5032 9000 9784 -4021 -2042 -605 565 621 532 510 621 END
START -3436 8964 11864 -4988 731 -1197 558 619 533 515 603 END
START -6808 8836 15912 -5790 -122 -1233 562 621 528 506 619 END
START -7232 8772 11752 -7002 -8743 -151 564 620 527 509 620 END
START -4884 8732 10472 -8714 -8664 105 556 626 524 518 620 END
START 664 6704 3760 -12852 -6614 -662 559 619 526 510 620 END
START -4016 6012 9372 -12252 183 -70 572 623 524 508 623 END
START -5548 5564 13512 -10226 552 0 567 613 523 504 646 END
START -4968 4992 13404 -9690 2940 -562 566 626 522 507 627 END
START -6516 6392 14880 -5591 -860 -364 566 625 521 509 625 END
START -4396 6948 13780 -4190 -1500 -392 570 626 531 507 640 END
START -4552 6528 14552 -2419 -218 -381 570 632 522 509 626 END
START -6356 6872 15688 -826 330 21 571 628 522 508 625 END
START -6068 7072 16120 -55 -804 534 570 631 522 507 624 END
START -3968 6696 13824 152 -1346 236 571 627 524 507 624 END
START -4424 6744 13456 527 -842 226 528 626 520 507 623 END
START -3536 6656 11600 544 -884 46 573 609 521 508 629 END
START -3860 6476 12044 701 160 28 569 627 522 509 628 END
START -4080 6424 12636 538 -180 -8 572 627 523 506 626 END
START -4288 5920 12444 80 -684 -13 572 626 526 506 627 END
START -4264 5884 12436 -225 -709 -26 570 627 523 506 626 END
START -4156 5860 11424 -325 -542 -163 572 628 522 508 628 END
START -4160 6120 11272 -371 -332 -216 568 627 525 536 629 END
START -4284 6468 12196 -436 35 -172 572 628 520 509 627 END
START -4388 6728 12452 -706 -237 -110 572 629 521 508 628 END
START -4700 6700 12612 -929 -435 -8 570 628 503 506 604 END
START -4612 6864 12876 -1042 -642 140 574 630 523 507 628 END
START -3708 6732 11276 -1217 -545 34 570 629 523 511 628 END
START -4588 6964 12328 -706 608 123 574 627 521 506 632 END
START -4496 6972 13140 -436 821 180 573 634 523 509 630 END
START -4684 7032 13604 -575 50 285 531 628 563 509 604 END
START -4488 6932 12980 -571 -335 256 574 629 522 509 627 END
START -4220 6680 12328 -457 -464 212 571 630 523 522 635 END
START -4268 6628 11916 -288 -212 221 574 631 523 511 626 END
START -3964 6520 11792 -58 209 129 573 630 524 510 628 END
START -4336 6532 12384 171 376 126 572 623 546 509 618 END
START -4520 6532 12324 341 378 139 580 628 525 511 627 END
START -4588 6564 13416 685 165 179 576 613 527 506 628 END
START -4392 6700 12876 530 -563 138 577 629 527 512 634 END
START -4392 6632 12272 762 -666 158 578 631 526 513 629 END
START -4436 6568 12096 1255 -432 62 582 629 527 522 642 END
START -4624 6768 12112 1647 -798 -50 584 630 526 515 628 END
START -4304 6928 12088 1842 -642 -119 587 634 527 516 630 END
START -4508 7204 13092 1769 143 -86 593 630 529 520 634 END
START -4492 7464 13296 1075 -311 50 596 631 534 524 633 END
START -4336 7384 12184 576 -855 -2 600 631 540 547 631 END
START -4240 7052 11208 334 -665 -3 605 634 552 543 632 END
START -4216 7092 11044 421 -277 -121 608 634 551 551 658 END
START -3912 7644 11372 41 -48 -134 616 635 568 564 634 END
START -4440 7564 11916 -186 -231 -135 622 631 589 573 669 END
START -4416 7588 11988 -281 -510 3 628 637 587 587 637 END
START -3832 7256 11716 -322 -161 -36 631 638 594 596 636 END
START -4340 7264 11532 -607 5 -94 635 637 601 605 637 END
START -4700 7024 11788 -751 -1 -199 635 635 609 612 639 END
START -4096 7316 11080 -159 215 -175 664 599 617 611 636 END
START -3592 7660 10472 598 4773 -137 639 625 623 628 640 END
START -4648 7656 11520 576 4765 -66 638 640 629 628 637 END
START -5728 7636 11776 203 2381 -202 640 635 632 639 633 END
START -5856 7640 11516 1494 1472 -257 636 631 636 638 630 END
START -6416 8064 11356 1433 5318 -189 642 653 636 628 629 END
START -2864 7716 9672 215 5451 -245 641 623 649 646 654 END
START -1856 6648 7472 294 4867 -268 643 623 639 642 623 END
START -6920 7412 12140 -480 5765 21 643 619 639 641 648 END
START -5708 7736 11712 -1203 4869 361 643 623 642 644 622 END
START -5172 7704 11744 -1601 5510 518 623 611 643 630 636 END
START -5952 7496 12896 -1277 5337 474 644 624 643 646 623 END
START -5800 7652 12352 -1882 3459 611 644 620 641 646 623 END
START -6420 8196 12944 -2001 1980 704 642 626 649 647 624 END
START -6304 8048 13628 -2457 947 729 645 621 645 649 624 END
START -6092 8116 13680 -2712 -433 670 645 614 644 646 622 END
START -5768 7728 13064 -3283 -2240 653 639 653 645 586 593 END
START -5344 8176 11776 -3587 -2953 774 644 623 646 648 623 END
START -448 8044 11520 -3127 -3109 771 647 621 645 648 622 END