START -8860 5572 19080 3039 -643 127 674 618 658 654 616 END
START -5940 4992 15864 3190 -722 189 669 672 667 655 556 END
START -2556 5608 13796 2187 -3764 133 673 618 658 654 613 END
START 21052 3912 -2544 2663 16126 496 674 641 657 651 642 END
START -10612 4676 19628 1500 11477 -1035 673 615 657 655 615 END
START 3276 5136 9452 -1847 11534 -1746 672 614 658 654 614 END
START -9968 4440 18820 -3668 5195 -1316 666 653 671 654 640 END
START -9956 5412 21792 -6330 -5568 -151 672 616 658 646 616 END
START -11972 3916 24208 -6789 -21221 1898 674 621 658 655 617 END
START 4304 5568 15952 -5145 -25773 3606 677 616 659 655 618 END
START 5288 2388 6768 -1125 -32768 5060 676 638 658 649 617 END
START 6560 3776 11760 -1771 4488 1729 676 615 658 654 619 END
START 232 2604 18436 1011 9961 4604 675 614 656 655 616 END
START -12124 3168 23272 -206 3473 5882 675 614 657 654 614 END
START -4668 3004 18032 -183 -1357 7832 676 616 658 653 616 END
START -5080 3584 16000 -260 -3839 9888 677 528 655 656 617 END
START -1504 2800 14188 -420 -8642 10999 675 616 656 654 616 END
START -332 2456 14964 248 -4609 11586 676 612 657 651 613 END
START -2176 2828 18172 1175 -4768 11644 674 606 652 654 609 END
START 1808 3328 17680 2898 -1354 11327 677 610 651 648 604 END
START 1112 3900 18268 5055 -1239 10641 672 606 650 646 608 END
START 3944 5212 15616 7039 2695 9385 672 669 648 661 597 END
START 2880 5324 16340 8764 6791 8295 672 599 645 643 601 END
START 3324 6148 16280 11419 10885 6919 671 596 643 640 597 END
START 1468 7096 16408 14176 13058 5743 704 598 642 639 596 END
START 2276 8580 13788 17190 13618 4769 678 592 640 654 594 END
START 6204 10072 11064 19686 18230 3269 683 591 640 637 593 END
START 4268 11392 9104 21462 25271 1892 688 598 639 638 616 END
START 1668 11372 8248 23356 28361 1985 695 593 640 636 591 END
START -1116 11896 7020 24574 26413 2635 705 593 639 637 594 END
START 1436 11068 4780 26479 26051 3228 661 580 638 631 646 END
START 784 11508 4368 27220 25998 3492 728 582 635 640 582 END
START 1396 12400 -108 27968 26653 4143 719 565 629 630 569 END
START 1756 12624 -2480 27159 28252 4309 754 548 611 603 507 END
START 2024 12332 -2984 25730 32218 3972 717 533 600 604 534 END
START 356 14404 -4648 23633 32767 3359 717 525 590 591 524 END
START 396 12388 -5728 17151 32767 830 715 514 581 586 553 END
START -3892 13824 1624 13704 30334 -1782 715 508 575 582 507 END
START -3980 15336 3220 8761 19430 -2903 711 501 568 577 502 END
START -6008 15456 -908 6265 13962 -4763 709 495 560 574 491 END
START -4372 14324 -2888 2764 6774 -6821 706 488 554 563 487 END
START 1592 13028 -3140 1034 5187 -9837 704 480 542 553 479 END
START 5172 13944 -4148 507 7264 -13533 701 475 527 537 471 END
START 14708 12528 -9184 -1207 12179 -19027 701 461 511 520 462 END
START 23432 8532 -11708 -4221 20176 -29729 691 462 503 506 456 END
START 15676 3376 9080 -7781 9896 -32768 690 457 500 499 456 END
START -9556 -13300 -13484 -5105 3905 -32768 681 469 494 478 399 END
START -32768 -8744 27796 -21161 -3949 -32768 685 459 466 501 475 END
START -32768 -24860 15496 -7475 -29253 -13940 679 463 505 505 463 END
START -21788 76 -10288 -2230 3338 -4912 684 467 507 506 461 END
START -32768 6528 20128 -8619 23490 -2615 686 464 508 510 464 END
START -19948 7516 15044 3633 -26118 3063 707 461 507 508 384 END
START -1468 11852 -3308 3329 -23983 903 686 464 510 520 467 END
START 7144 6740 -10588 735 9533 -3848 685 467 510 510 467 END
START -18728 8128 7804 1930 22641 -5276 682 537 509 526 462 END
START -26868 5776 9696 2139 -312 -1994 686 473 509 509 465 END
START -21760 7556 4116 1964 -11361 506 685 472 513 508 465 END
START -8744 8056 -2336 680 -8461 841 683 472 516 507 440 END
START -8344 9352 -3232 -605 6219 -665 689 470 510 512 502 END
START -16524 9044 3036 -1622 3868 -615 685 470 514 513 472 END
START -16604 8184 4176 -2064 -1879 175 666 474 512 487 472 END
START -15788 7708 3704 -1699 -5484 961 687 470 513 511 473 END
START -9824 7516 1552 -1185 -4101 767 685 470 515 512 470 END
START -8336 7912 388 -561 4803 -715 689 477 524 507 491 END
START -14508 7720 3420 179 4171 -1165 687 473 516 513 473 END
START -17552 7556 4180 169 -2430 -449 679 472 562 516 473 END
START -14356 6820 1736 -11 -6661 216 682 480 515 514 472 END
START -11176 6656 300 -433 -3439 31 688 472 516 517 472 END
START -11880 7196 800 -667 676 -392 721 473 494 502 473 END
START -12796 7336 2048 -1054 427 -682 690 474 518 515 469 END
START -13792 6896 2008 -1452 305 -741 687 455 517 515 475 END
START -14748 6228 3088 -1332 -1138 -346 683 463 518 516 475 END
START -14012 6104 3264 -1050 -1571 12 690 472 517 516 480 END
START -12256 6428 1900 -552 149 -137 693 478 517 515 473 END
START -12432 6908 1928 -351 1726 -581 689 472 520 516 473 END
START -14172 7124 2612 -548 1322 -687 688 474 516 516 477 END
START -15416 6628 2876 -687 -1122 -152 658 475 496 515 471 END
START -15136 6592 3280 -845 -2787 479 687 472 520 516 473 END
START -11256 7128 488 -931 -693 362 689 475 518 517 476 END
START -12440 7432 2020 -1092 3273 -238 704 475 519 497 479 END
START -14428 7396 3176 -898 2094 -323 690 479 519 517 473 END
START -14936 7280 3300 -775 -278 -15 690 476 519 522 475 END
START -13684 7192 2216 -884 -1199 168 684 475 517 515 495 END
START -13324 7328 2464 -1024 -525 123 689 476 522 517 476 END
START -12496 7312 2200 -832 353 -131 709 475 520 515 479 END
START -13444 7348 2460 -642 560 -328 689 479 512 539 482 END
START -14740 7204 2244 -431 -592 -230 690 477 520 518 477 END
START -14620 7208 2316 -329 -1847 -22 699 477 541 521 511 END
START -12612 7108 692 -149 -2773 -85 691 477 516 519 477 END
START -11992 6880 672 -191 -77 -479 692 476 522 518 477 END
START -14500 6928 1576 -203 1088 -488 691 479 523 517 477 END
START -8180 3180 -10120 4172 7512 -158 688 475 520 519 479 END
START -15428 8496 -536 -106 1604 89 671 473 519 520 475 END
START -11508 7048 -1484 -364 2662 -15 688 483 524 519 480 END
START -14284 7084 1068 -894 1011 -337 690 476 521 519 479 END
START -15292 7164 1744 -1498 -2008 -657 676 477 522 550 477 END
START -14244 6596 1424 -1439 -3547 -504 691 502 522 519 479 END
START -15288 6940 3476 -1606 -6364 -250 690 480 522 519 478 END
START -13328 7112 2964 -1623 -7935 -112 692 442 550 511 474 END
START -12932 6012 -956 -769 -1016 -779 689 481 520 520 479 END
START -12240 7152 920 -1011 4140 -979 690 479 521 520 477 END
START -17004 6832 3856 -628 -1044 -623 692 475 520 530 480 END
START -12108 6308 -2020 418 1504 -250 692 484 525 519 478 END
START -17448 7840 3036 -84 4410 -865 686 479 522 517 481 END
START -14160 8036 2320 -193 4491 -652 687 480 544 520 448 END
START -14372 6768 -36 -672 5078 -723 686 476 523 515 479 END
START -12052 6460 -4656 -263 7471 -684 678 479 523 522 478 END
START -20684 6104 7344 -637 10474 -1260 692 481 521 521 479 END
START -24504 7064 9356 -2622 2126 -1342 690 480 521 520 474 END
START -10004 6684 -2128 -923 3320 -2053 692 479 522 520 481 END
START -14260 5108 -524 402 13135 -1438 688 483 530 519 478 END
START -20552 6660 3996 298 6437 -1691 689 481 523 519 481 END
START -14128 6296 -864 -273 3220 -1142 688 484 523 520 480 END
START -13904 7324 224 -2771 3770 -1445 695 486 524 524 481 END
START -18284 6840 2084 -4379 -2085 -442 693 479 523 527 480 END
START -17828 6780 2500 -4803 -10316 948 688 477 523 521 480 END
START -14636 6800 3284 -4902 -15138 2055 654 482 520 556 479 END
START -9604 6676 3684 -4623 -13566 1829 690 482 525 522 481 END
START -10284 2172 -3028 -5428 -27292 3171 695 481 525 522 481 END
START -1960 5308 -7748 735 -17975 2280 695 446 523 534 497 END