START -10036 3320 21472 13118 -6132 956 665 634 665 668 635 END
START -17368 4132 23668 12596 -10125 1158 660 632 666 669 634 END
START -18280 11420 32767 9250 3571 2606 660 636 665 667 636 END
START 5712 5176 10996 2927 11338 3192 680 634 678 668 639 END
START -8860 4716 19672 -242 2567 2438 659 640 665 668 634 END
START -8476 4856 20176 1503 -1582 3490 659 633 665 668 637 END
START -5760 6300 20728 1765 -2796 4494 658 635 663 668 632 END
START -6516 6528 26552 -8 -6232 5852 661 637 667 670 635 END
START -17800 6764 31796 -5216 -18152 5386 661 635 665 668 633 END
START 9636 7972 19808 -12420 -20133 8456 653 612 663 668 647 END
START -9248 -5276 18720 14976 7554 5472 665 632 662 666 629 END
START 11112 7172 11428 20959 16462 8639 662 627 659 661 626 END
START -12872 4972 23668 18223 6193 8261 663 626 656 658 617 END
START 7424 7524 9156 18689 12961 9554 663 627 654 656 624 END
START -5816 8196 14260 18231 13934 9831 663 621 652 652 621 END
START -96 10720 10804 17372 12816 9068 661 618 649 648 618 END
START -2012 9956 9236 15720 13472 10482 665 616 646 646 618 END
START -860 10608 7224 15500 13249 10556 664 613 646 641 615 END
START -436 11428 4908 15587 14576 10571 663 609 640 638 609 END
START -268 11696 3732 14735 17424 10490 657 660 634 637 633 END
START -1264 12844 5632 14783 18616 10492 662 583 632 624 603 END
START 972 12600 1556 14591 18115 10164 661 597 629 627 597 END
START 360 13092 440 14612 21674 9293 661 578 625 621 578 END
START -120 13548 2396 13769 26098 8735 664 577 620 621 578 END
START -652 13652 2776 13149 26735 8252 661 566 614 615 558 END
START -176 13540 580 12289 25661 7707 629 554 559 609 568 END
START -740 12880 -2788 11181 24559 6661 659 543 606 603 544 END
START -1720 13160 -2776 10036 23796 5499 665 531 592 594 529 END
START -1056 13608 -716 8685 20927 4153 644 517 575 582 516 END
START 1364 12704 -1908 6763 18043 1989 672 507 565 576 507 END
START 4724 13792 -6244 4962 20202 -1796 672 492 562 572 499 END
START 6688 13640 -6624 2600 19460 -5572 693 490 565 562 467 END
START 13184 14044 -10048 2115 19378 -10486 675 480 537 547 476 END
START 29868 13356 -24324 -2282 32767 -20127 679 467 523 528 466 END
START 28920 5800 -6520 -9853 32767 -32768 675 457 510 512 461 END
START 7040 -996 15580 -11393 24006 -32768 598 473 505 514 452 END
START -19984 -1992 10752 -20610 -21002 -32768 679 451 503 502 452 END
START -32768 -23964 -24668 -32768 -32768 -32768 680 446 503 500 452 END
START -32652 -32768 2808 -26776 32767 -32760 680 455 503 501 455 END
START -32768 -11084 9712 -4249 32767 -5099 671 458 505 502 455 END
START -32768 7324 19732 2775 -30480 6294 679 476 504 528 461 END
START -10968 15636 4340 11095 -32768 8431 681 457 507 504 462 END
START 20836 13352 -20256 964 -10006 2923 684 458 509 509 451 END
START -9576 10188 2084 5225 32767 -1698 683 459 509 506 458 END
START -31608 10824 30632 1275 6419 -362 687 469 504 509 381 END
START -12176 7536 3932 3465 -14474 328 689 462 511 518 462 END
START -9920 7776 372 -494 -7209 -386 685 462 517 507 462 END
START -10648 6660 2624 -1030 1283 -334 677 462 516 517 467 END
START -15124 7280 5304 -1210 3344 -494 681 457 512 512 462 END
START -15536 7532 4940 -20 -2360 -255 686 465 513 509 463 END
START -13952 7660 3424 89 -6318 -275 689 470 512 506 542 END
START -12320 7768 680 358 -5847 -177 676 466 513 510 465 END
START -11908 7260 1052 449 -2793 -341 684 477 514 490 465 END
START -12736 7440 712 519 -330 -422 680 468 514 510 468 END
START -14196 7148 1744 508 -1654 -157 682 466 515 509 468 END
START -14984 7040 1984 489 -3380 175 681 502 516 502 462 END
START -15396 7056 3380 116 -6229 676 685 469 515 513 469 END
START -12120 6812 2484 98 -8674 767 686 469 517 512 468 END
START -10160 7012 868 290 -4904 394 680 467 517 512 469 END
START -11552 7564 2816 -239 -3552 -48 685 469 518 512 468 END
START -12052 7596 2924 -185 -4801 -403 723 466 512 527 469 END
START -12988 8468 3232 -250 -5978 -722 690 470 519 516 459 END
START -13552 7420 4996 -687 -10639 -989 684 471 518 505 472 END
START -9716 7452 2356 -617 -9865 -1301 679 491 519 522 495 END
START -12468 7392 3736 -1180 -5475 -1445 679 474 518 513 467 END
START -15756 6816 5124 -1317 -6521 -1133 683 473 522 515 471 END
START -18976 6488 7092 -825 -12202 -20 684 475 521 524 471 END
START -18496 6308 8392 82 -21039 1083 679 473 521 513 477 END
START -15076 6512 7916 1405 -25949 1511 685 479 523 522 477 END
START -11016 7636 6300 2359 -24649 1505 693 453 525 557 482 END
START -10556 8032 6668 1837 -22049 1370 683 491 533 537 484 END
START -11752 8248 6680 772 -20732 1604 685 492 541 547 496 END
START -14544 8188 8600 90 -24495 2314 687 510 552 560 510 END
START -12688 7676 9808 1465 -30224 2930 687 539 570 576 503 END
START -7824 8464 8888 3218 -30918 2907 688 541 588 592 538 END
START -4320 9736 8056 2104 -25846 2618 686 557 604 605 559 END
START -4056 10224 6864 482 -19588 2499 682 572 615 618 573 END
START -6164 9772 6800 -805 -14204 2801 678 583 625 625 583 END
START -8956 8916 10472 -1163 -16448 3297 673 594 631 630 591 END
START -8164 8740 10332 225 -22402 3261 667 610 637 634 597 END
START -3352 9044 8732 1504 -24842 3337 673 597 640 638 596 END
START -8 9408 8700 1503 -20585 3215 673 598 642 638 595 END
START 364 9156 9700 717 -15896 2787 672 602 644 642 605 END
START -1988 9172 10604 144 -13348 2358 672 604 645 643 602 END
START -3352 9148 9892 81 -14051 2298 654 602 650 661 601 END
START -1288 8540 11156 345 -15918 1973 671 604 647 646 603 END
START 2336 8652 9436 950 -13050 1536 673 604 647 647 604 END
START 3328 9248 9956 1046 -7017 863 658 607 610 648 607 END
START 1652 9516 10452 951 -2331 276 671 605 649 649 607 END
START -152 9660 11072 724 -361 -62 672 599 659 668 607 END
START -1404 9640 11764 575 -528 -93 672 605 650 649 607 END
START -1444 9644 11344 577 -1742 104 673 608 651 649 607 END
START 1464 9780 9452 4189 5941 -44 672 607 653 652 609 END
START -108 10812 10456 442 -2537 -63 670 606 649 649 607 END
START -2120 10564 12776 -1025 -951 -141 669 608 652 667 609 END
START -1964 10076 10944 -1117 -3265 283 672 608 650 649 605 END
START -2336 9964 11984 -1455 -1079 861 671 607 651 651 608 END
START 488 10056 9536 -1700 1607 1370 661 602 651 649 610 END
START 440 9300 11112 -1530 2259 846 670 615 651 650 607 END
START 364 9644 10356 -1559 1950 433 671 608 651 649 608 END
START -980 9416 11588 -1674 2716 73 670 608 651 652 608 END
START -1940 9436 12440 -1783 1864 -88 671 608 651 650 609 END
START -2360 9460 12392 -1807 -161 -87 646 607 666 650 611 END
START -1472 9532 11584 -1608 -891 -61 672 607 650 651 607 END
START -388 9532 11148 -1642 -372 -111 672 608 651 650 608 END
START -664 9308 11560 -1572 913 -237 672 613 640 650 612 END
START -1896 9352 12376 -1486 1191 -343 674 608 650 650 609 END
START -2288 9288 12808 -1434 141 -264 678 608 651 650 608 END
START -1828 9308 12260 -1207 -728 -45 673 605 659 650 605 END
START -1252 9248 11776 -1104 -642 82 672 609 651 650 607 END
START -1660 9224 11364 -1051 -172 19 674 596 651 650 608 END
START -2160 9144 12284 -102 -355 23 673 607 651 645 607 END
START -1128 9976 12448 565 5178 -44 673 608 650 650 607 END
START -968 9456 10904 -288 3686 -140 664 608 653 656 611 END
START -2324 9380 11996 -901 2239 -77 673 606 632 650 592 END
START -2828 9156 12280 -1297 1339 18 674 607 651 650 607 END
START -2020 8464 11044 -954 412 152 672 608 648 649 608 END
START -2212 8996 11628 -222 -1058 165 672 608 651 650 608 END
START -1460 9816 11524 -2055 -2922 -22 668 609 649 650 610 END
START -520 9392 11252 -3542 -3146 -262 671 609 651 650 609 END
START -444 9320 11180 -2660 325 -307 672 608 651 650 607 END
START -800 9064 9844 -1892 -840 -107 674 607 655 635 601 END
START -708 9284 10752 -1460 1032 27 673 607 651 650 609 END
START 260 8060 8320 -380 4721 168 669 607 652 650 607 END
START -3632 9080 14376 3691 11481 391 671 607 650 650 576 END
START -3496 8744 10616 4067 3022 -518 672 610 650 653 607 END
START -4140 7228 8316 5337 -1309 -763 670 607 650 647 607 END
START -2780 8528 7236 4304 -5476 -1079 685 609 651 650 608 END
START 856 10084 12372 838 7063 -720 675 607 651 651 607 END
START -9276 8752 16644 -548 6305 -1961 670 608 652 650 605 END
START 1320 9300 7196 -1159 7622 -2187 669 608 651 650 607 END
START -3060 10552 9000 -2854 8673 -2090 667 606 651 651 608 END
START -6684 10268 12380 -5081 4456 -1701 670 608 652 652 607 END
START -7624 9820 13920 -6751 -2229 -666 673 608 651 651 608 END
START -5104 9704 14128 -7514 -5630 95 671 609 651 650 608 END
START -4484 8988 14808 -7931 -8470 666 675 606 652 651 654 END
START -908 7708 11748 -5818 -8421 806 670 611 649 651 608 END
START -6368 10492 14508 -6868 -7471 391 677 608 650 650 607 END
START 124 8924 11268 -9873 -2478 216 672 612 652 688 607 END