START 15628 6068 -4060 7078 13665 1162 684 627 662 661 627 END
START 7576 7200 5864 4601 10318 328 686 625 665 664 627 END
START 2244 5012 9304 -1689 8207 100 684 627 661 661 627 END
START -5976 4064 15880 -1755 3047 840 669 626 664 660 628 END
START -6076 4108 18140 -3670 1171 1652 684 627 665 661 627 END
START -7404 3580 18488 -4424 -2305 3010 682 629 664 662 627 END
START -4524 5144 21308 -8153 -8672 4580 687 628 665 662 627 END
START 14316 3524 8508 -11431 -19172 5968 685 628 665 661 626 END
START 11068 1364 6596 -1376 -27752 5916 686 627 664 660 627 END
START 1576 2844 17380 1512 2878 5588 683 619 664 660 613 END
START 928 1684 18732 2564 308 5801 685 627 665 664 626 END
START 4588 2316 18176 3696 2653 6221 686 617 664 663 640 END
START 860 3724 19496 4623 3406 6479 686 627 663 660 629 END
START -48 4916 17792 5209 2654 6897 685 625 660 659 625 END
START 796 5172 15632 5943 2918 7558 684 624 663 655 628 END
START -1164 5432 17752 6797 2077 8203 687 622 661 657 623 END
START 1796 6028 16576 7849 774 8258 686 616 669 656 627 END
START 6160 6676 13292 8879 3771 7500 683 619 659 657 618 END
START 5508 7448 13536 9808 9694 6220 685 620 658 655 620 END
START 4248 7968 13032 11055 13425 5197 692 621 647 654 610 END
START 2496 8884 13468 11879 16995 4715 685 619 656 653 619 END
START 2376 9100 12424 13424 16842 4083 693 617 656 653 618 END
START 3772 9844 9236 14876 17011 2989 693 615 650 652 619 END
START 3244 10760 7864 15915 19741 1734 699 619 655 652 611 END
START 2120 11024 8600 16669 21953 918 701 617 655 652 615 END
START 120 11340 8904 17585 21780 883 709 630 656 652 619 END
START 1792 11260 6200 18406 20311 468 712 616 657 655 618 END
START -148 11668 4552 19040 21385 266 711 621 650 655 678 END
START -232 12860 2596 19473 21528 457 718 624 661 658 624 END
START -932 13488 1700 19193 22146 549 717 627 661 659 627 END
START -1160 13956 592 18104 21791 1018 712 628 669 661 640 END
START -316 13940 648 17344 21594 1040 720 630 666 665 632 END
START -236 14524 -24 16870 22533 348 717 633 667 665 634 END
START -384 14900 -1800 15352 23429 -552 724 635 670 697 636 END
START -1216 14600 -3676 12705 26576 -2026 718 637 671 669 632 END
START -4852 14264 -628 10256 27904 -3178 719 638 672 668 638 END
START -6944 14560 1644 8935 23049 -3608 693 640 683 670 651 END
START -5912 14568 -880 8153 17472 -4147 724 641 672 670 639 END
START -5000 14168 -2416 7542 15360 -5388 719 638 671 669 638 END
START -2216 12252 -4428 7304 15194 -7594 720 633 669 666 632 END
START -2652 11832 -2060 6879 20475 -9916 720 626 669 660 622 END
START -3612 11768 -2244 7548 23630 -12149 723 612 654 654 607 END
START -8560 12940 736 7515 20356 -13305 715 572 626 635 575 END
START -5744 12260 364 8040 8680 -15524 722 489 564 593 424 END
START -1400 15080 -9996 8413 4905 -18907 725 475 527 574 478 END
START 4168 10052 -15852 595 1451 -22782 714 452 507 511 454 END
START 18640 -6428 6776 -4178 -15376 -32768 712 444 496 478 444 END
START -8624 10944 20524 -3457 -21961 -32768 707 449 494 492 455 END
START -18772 -12468 -22348 -6464 -31597 -32768 696 457 498 496 454 END
START -32768 -25508 10428 -21786 2983 -32768 696 459 503 499 444 END
START -32768 -28840 11560 -6107 -3852 -12492 691 461 502 502 459 END
START -32768 -4680 5704 -6538 -7827 1751 695 461 503 502 462 END
START -25680 3652 7084 1996 -18106 6769 693 456 508 505 462 END
START -5040 11180 -476 573 -26170 4668 696 462 507 511 464 END
START 3836 8972 -5020 -704 -3329 -452 697 463 507 511 460 END
START -9008 9100 1696 -2474 7073 -3740 701 462 505 509 460 END
START -16264 6572 4724 -3828 5434 -3980 699 463 509 517 465 END
START -22264 6632 6944 -3278 -5261 -2133 700 465 509 511 467 END
START -16972 6656 4960 -3936 -13547 -633 701 435 500 511 483 END
START -10396 5872 1744 -4604 -9787 -454 701 466 542 514 469 END
START -12712 5472 4900 -4843 -2717 -944 701 465 511 514 467 END
START -14320 5324 5100 -4031 -2337 -611 701 456 510 535 384 END
START -15152 4900 4972 -3033 -3604 -710 697 467 508 514 468 END
START -13076 5212 3260 -2040 -6137 -742 703 458 511 514 467 END
START -11480 4932 2052 -1812 -919 -1317 703 468 473 516 466 END
START -15360 4320 4608 -1244 1401 -1378 701 468 523 514 466 END
START -17480 4144 5560 -739 933 -800 703 467 516 516 466 END
START -16616 4352 3384 -19 -1570 65 726 501 516 519 509 END
START -15040 4852 4120 -133 -2544 654 701 455 514 514 471 END
START -11876 4852 1168 -193 578 507 701 469 515 517 469 END
START -14412 5232 4568 -319 1470 358 700 463 514 534 466 END
START -14020 5320 2696 -250 66 311 700 472 515 517 470 END
START -14292 5528 3580 -540 -1438 195 701 460 516 449 486 END
START -13928 5620 2308 -965 -1388 89 702 470 516 517 470 END
START -13384 5268 3212 -1519 -2205 215 704 473 515 518 472 END
START -12504 4984 3296 -1618 -157 6 643 471 515 509 491 END
START -13496 4756 3904 -1415 754 -241 703 477 517 518 499 END
START -14196 4636 4468 -1055 238 -379 701 458 517 519 472 END
START -14336 4488 4264 -701 109 -366 702 467 517 519 473 END
START -13780 4456 4184 -443 460 -279 702 471 517 518 471 END
START -13948 4732 3828 -354 1268 -359 690 465 536 519 509 END
START -14376 4748 4220 -103 547 -409 701 472 517 524 471 END
START -13900 4552 3700 -135 622 -515 701 473 518 520 472 END
START -14636 4524 3288 -150 830 -477 697 437 513 519 473 END
START -15028 4520 3752 -187 695 -281 703 469 517 523 473 END
START -14664 4828 3992 -230 239 -179 701 476 521 521 478 END
START -13908 5068 3204 -247 207 -344 704 474 530 520 447 END
START -14268 4940 4076 -432 -19 -513 703 474 519 521 473 END
START -15196 4588 4184 -476 -1104 -362 700 497 517 519 475 END
START -14136 4328 3480 -498 -1687 -205 698 474 520 521 478 END
START -13588 4608 3140 -720 835 -394 703 474 519 521 476 END
START -14968 4732 4064 -772 531 -318 702 489 520 485 475 END
START -13284 4692 796 -480 4195 -360 702 475 520 523 474 END
START -14480 4344 3512 -1108 -1267 27 701 479 520 521 475 END
START -14356 4812 2408 -1017 1323 -255 702 475 521 522 474 END
START -12928 4292 2552 -1038 -549 -227 701 477 520 522 473 END
START -12916 4980 2060 -1420 927 -869 702 492 522 523 477 END
START -15244 4852 3296 -1573 -1210 -771 701 491 515 522 480 END
START -16160 4256 3068 -1079 -3502 -385 701 475 521 523 474 END
START -14964 4448 2324 -899 -3682 -258 702 472 521 521 474 END
START -13544 4472 1604 -637 -2132 -490 703 476 521 514 477 END
START -14432 4792 3424 -907 -1597 -641 699 471 516 523 476 END
START -16484 5228 4976 -1069 -838 -473 703 477 518 526 476 END
START -19920 2948 5088 -1377 1261 -764 698 467 523 523 474 END
START -13140 4688 1220 -464 -425 348 701 474 523 522 477 END
START -17372 4832 5180 -868 84 161 703 474 524 521 456 END
START -13172 4616 2140 -784 1297 286 699 475 521 528 479 END
START -13580 4624 3008 -1156 3475 331 700 472 521 524 473 END
START -18024 3420 5768 -842 539 -137 702 477 524 519 474 END
START -15060 4144 4004 -725 -1839 430 707 478 522 523 474 END
START -15472 3980 2340 564 7004 234 703 478 523 524 475 END
START -15328 3160 3464 -956 -1148 541 700 475 522 526 469 END
START -12468 4352 2716 -1035 1045 444 704 477 523 525 478 END
START -16976 3552 6500 -571 -1939 523 703 468 523 517 514 END
START -13820 5020 3880 -530 -2828 798 702 483 521 522 480 END
START -13676 3884 4444 -1232 -2849 652 703 477 523 516 480 END
START -13848 4148 3916 -574 -2587 569 704 474 565 522 471 END
START -14808 4288 4064 -421 -1290 375 709 493 521 525 482 END
START -13736 3868 2440 396 -214 401 711 487 525 527 487 END
START -13840 4612 2512 373 772 203 709 490 529 548 491 END
START -15564 4720 2716 986 -2262 -67 709 500 534 544 497 END
START -13152 5156 2156 -94 -3036 10 742 501 532 553 504 END
START -14116 4752 3436 -1326 -1662 125 709 507 546 561 508 END
START -14072 3904 3852 -1598 -1696 601 710 512 551 565 512 END
START -14152 4044 3696 -1870 -1438 745 712 517 557 566 511 END
START -13164 4700 2940 -1817 -1151 550 712 521 556 573 520 END
START -11520 4832 1452 -2017 1009 30 697 524 563 575 525 END
START -13260 4624 2864 -2432 5881 -571 716 524 567 578 528 END
START -19480 4764 9736 -2217 1677 -1277 712 532 569 579 529 END
START -23320 3320 10456 -839 -1019 -1304 711 531 568 580 529 END
START -15648 4064 1776 889 4042 -619 711 533 571 579 551 END
START -16552 4244 3548 1400 6090 -1335 714 533 572 580 533 END
START -14920 5024 1880 -47 8347 -1482 714 534 573 580 534 END
START -19720 3748 4236 944 4554 -1387 709 533 570 582 534 END
START -14828 4896 1212 -812 2090 302 712 534 574 580 533 END
START -17268 4560 3156 -2941 -17 1145 782 534 573 575 536 END
START -14524 4464 4004 -4392 -4195 1368 711 541 572 582 534 END
START -13744 4896 4328 -5322 -2821 1638 713 535 571 581 534 END
START -14632 3760 6708 -4425 -7677 2224 764 536 583 584 487 END
START -13432 6844 8256 -3207 -13512 2166 710 540 574 584 541 END
START -17736 2904 5492 -2900 -16935 2342 713 545 580 587 538 END
START 1012 5508 -6084 -4794 -9461 3587 716 542 581 594 542 END