START 2840 10252 9296 9256 10670 470 683 624 665 663 624 END
START -1308 8560 11300 8262 6879 -398 712 626 630 675 618 END
START -19340 13436 30064 6650 16591 -782 676 626 665 663 624 END
START 8124 10672 1420 -1192 14263 -1786 681 625 665 662 623 END
START -13268 10376 16480 -4189 7126 -766 682 647 665 650 640 END
START -6624 10152 13880 -6144 4159 857 680 657 664 660 625 END
START -11724 9828 18228 -8317 -3172 2445 681 625 663 661 624 END
START -7584 10772 18880 -14033 -13598 3705 681 632 664 655 622 END
START -32356 6880 32767 -20307 -32768 4101 681 627 664 662 624 END
START -4972 5180 19272 -20332 -26566 7281 681 621 664 661 622 END
START 6912 -788 10428 -2871 -9070 8664 678 622 663 662 622 END
START 6848 5476 13472 -267 3731 9780 661 622 684 661 611 END
START -7500 2884 20908 -2998 2605 10067 676 623 664 662 625 END
START 256 2572 14564 -1972 3992 12055 680 622 663 661 624 END
START -8536 2704 18868 -1704 -2094 13543 680 622 664 661 661 END
START -1404 4108 15024 -2100 -6204 14452 683 622 662 660 620 END
START -3144 4328 17268 -1645 -8865 14487 681 623 662 660 622 END
START 716 5192 18552 416 -8217 13216 691 623 663 664 625 END
START 6508 5064 13980 -2045 -4094 13040 674 620 660 671 608 END
START 4256 6436 18280 1276 4515 11511 679 620 660 658 620 END
START 3868 7868 17228 3936 8036 10342 676 616 664 602 608 END
START 5000 8524 15556 5941 10598 8831 678 618 655 657 620 END
START 5384 9924 13348 7966 14893 7575 678 622 658 656 617 END
START 3924 10540 12580 10231 16196 6365 676 613 654 655 626 END
START 4208 11220 11536 11055 17810 5300 679 610 657 654 618 END
START 3244 10064 11700 14028 18864 4510 677 614 653 654 614 END
START 1980 9512 11372 16875 17839 3781 676 604 664 655 658 END
START 1672 10380 9276 20173 15482 3504 685 619 655 654 613 END
START 3828 10668 6408 22007 13779 2842 681 609 655 653 611 END
START 5264 10920 3580 23266 15244 2287 686 557 654 659 610 END
START 4672 11508 1644 23750 19022 2195 688 609 654 652 605 END
START 1952 12044 2172 24078 20451 2492 688 611 653 651 610 END
START 1000 12748 1276 23974 18779 3019 689 611 651 650 613 END
START 1308 13232 -792 23651 18311 3311 689 610 651 652 610 END
START 2572 14608 -1504 22109 18957 3184 692 608 650 648 608 END
START 2876 15304 -3644 20682 20089 2785 714 604 654 645 618 END
START 2344 15996 -4760 19365 22922 2531 681 591 644 643 590 END
START 1716 15420 -3860 18237 22985 1614 692 565 632 637 564 END
START 2952 16212 -4200 16261 22948 181 691 564 619 623 548 END
START 3956 14696 -4000 15032 23268 -2432 697 521 608 618 531 END
START 3724 15664 -3156 13056 23625 -4726 692 518 599 608 516 END
START 6048 13504 -3336 12208 20472 -8129 693 501 578 588 500 END
START 18156 13076 -8340 11402 11654 -14283 693 499 549 548 482 END
START 32767 13424 -26540 6940 18149 -26460 691 465 526 533 462 END
START 32767 1088 -7664 -5224 32767 -32768 684 450 506 510 449 END
START 15192 -21096 9940 4140 32767 -32768 681 446 491 498 446 END
START -30060 -12624 7348 1619 -6142 -32768 676 451 501 495 399 END
START -32768 -18016 5224 -14403 -32768 -32768 674 454 496 499 446 END
START -32768 -32768 -12084 -16918 6245 -32768 674 457 499 498 451 END
START -32768 -17296 -8388 -11003 32767 -15249 681 458 497 498 454 END
START -32768 11408 23472 -2676 -8465 7051 679 456 499 502 457 END
START -11528 15560 5172 8525 -32768 11874 706 457 499 502 463 END
START 21388 14796 -21324 1169 -25541 4924 688 459 505 506 430 END
START -4268 11324 -348 3391 29025 -2201 684 462 506 508 459 END
START -25716 9396 17580 -251 5387 -2276 683 460 507 505 466 END
START -21188 6656 4816 -789 -13532 -871 686 458 501 508 464 END
START -19788 6616 6248 -2844 -23879 839 685 457 502 508 462 END
START -4656 5276 -2892 -3706 -20516 254 685 461 508 508 464 END
START -8188 4160 -3260 -3062 7536 -1589 687 483 510 474 495 END
START -21732 5396 6664 -1140 4178 -1129 685 462 510 488 461 END
START -15820 6392 1888 933 -7998 -436 685 464 509 513 452 END
START -11568 7292 -1312 1105 -5497 -693 672 462 507 510 460 END
START -13108 6600 -188 1162 -2319 -929 690 462 513 497 462 END
START -14684 6164 28 340 5 -615 686 464 509 511 464 END
START -15652 5932 828 -33 -1331 -91 686 501 513 510 467 END
START -16064 5860 280 -117 -3085 225 685 465 511 513 466 END
START -12740 6624 1584 -145 -6374 216 702 471 524 509 533 END
START -9664 7220 -2352 -303 -3055 -595 682 462 511 513 465 END
START -13492 7132 548 -921 -20 -1243 691 466 512 512 467 END
START -15664 6444 652 -1427 -2991 -873 682 468 550 510 375 END
START -16380 5916 328 -1679 -5315 -218 685 467 514 513 443 END
START -14616 6036 8 -1910 -6199 235 691 470 514 513 468 END
START -11984 6368 -1752 -1931 -2373 8 685 475 513 512 468 END
START -13084 6856 1564 -2333 76 -258 676 469 514 511 468 END
START -16632 6496 2392 -1998 1233 -70 685 496 514 535 471 END
START -19424 5792 4596 -1441 -4540 1051 666 473 516 512 470 END
START -17320 5964 2812 -958 -9726 2067 693 471 516 512 471 END
START -13700 6256 3904 -750 -11961 2502 661 468 503 508 479 END
START -13096 7016 4692 -629 -10609 2576 690 474 515 516 474 END
START -14136 7108 4336 -625 -10623 2653 696 477 520 525 475 END
START -13684 6576 3816 -551 -11658 2750 685 488 523 539 482 END
START -13720 7620 3316 -532 -10786 2832 706 493 535 547 492 END
START -15544 7704 3532 -1090 -11558 3298 688 502 550 562 504 END
START -15580 7296 5472 -1590 -14922 4045 679 522 570 579 520 END
START -11928 6788 5292 -1545 -17582 4195 683 521 588 579 541 END
START -11476 7504 4480 -1294 -16135 4205 683 561 605 608 561 END
START -9572 8612 2096 -1680 -13643 3911 688 577 618 619 577 END
START -11688 8748 4948 -2395 -11159 3755 691 591 630 631 614 END
START -13308 7536 6728 -2445 -14208 4214 688 593 636 634 594 END
START -13636 7520 6820 -2300 -18250 4837 686 599 641 638 599 END
START -13484 7572 7988 -1896 -23238 5577 687 605 645 642 600 END
START -9496 7588 7368 -1562 -26308 5871 687 598 646 645 582 END
START -8692 7768 7312 -1417 -25748 5816 683 607 649 647 604 END
START -8232 7912 7124 -1602 -26097 5924 682 601 649 648 608 END
START -5908 7504 8128 -1423 -25503 5677 705 608 652 648 609 END
START -4848 7412 9012 -1379 -22239 5317 683 609 654 650 610 END
START -3020 7652 8816 -1516 -18820 4468 678 614 654 652 609 END
START -3024 7716 9768 -1524 -14514 3723 676 610 646 658 608 END
START -6212 8072 11664 -1473 -12418 3776 675 614 654 652 611 END
START -5740 7880 12216 -1271 -15530 3885 678 611 655 653 610 END
START -4808 7928 11604 -242 -16336 3984 676 612 654 653 610 END
START -1488 8028 10724 -94 -16680 3480 679 610 654 655 607 END
START 912 8352 10016 -218 -11802 2411 681 613 654 664 610 END
START -5628 9220 11744 -999 -10809 2146 676 610 655 653 610 END
START -6336 8568 12556 -1395 -17504 2818 680 611 657 651 572 END
START -1864 8408 10668 -1091 -21399 3431 676 611 640 654 609 END
START -5188 10788 27792 -1846 685 1618 675 609 657 653 610 END
START 3156 9508 6928 -3227 -5273 564 690 609 667 655 610 END
START -912 7704 11716 -4089 -4491 -93 672 606 662 654 610 END
START -2408 7984 12944 -3470 -8069 210 675 611 656 654 613 END
START 216 8376 12072 -4182 -9064 469 618 655 656 648 612 END
START 320 7924 12784 -4403 -10730 274 676 611 656 649 611 END
START 4064 7068 9996 -2288 -7744 -214 665 610 658 654 610 END
START 820 8964 11664 -1903 -1714 -812 676 613 658 654 611 END
START 132 8220 13028 -2869 -1973 -804 670 612 657 655 612 END
START -912 9784 15444 -1894 78 -743 666 611 677 654 606 END
START -124 8816 12856 -3377 -6006 -571 674 611 657 654 612 END
START 428 8376 12496 -3198 -4344 -412 681 610 657 655 610 END
START 676 8120 9968 -1217 -77 -116 709 612 645 654 609 END
START -352 8632 11740 1043 1927 280 678 611 657 655 611 END
START 1500 9616 12016 -122 -197 667 678 604 657 640 609 END
START 1504 9900 13100 -3531 -1503 813 675 612 657 657 611 END
START 1736 8876 14340 -5905 -3993 692 673 611 657 654 611 END
START 936 7692 12316 -5362 -4643 326 678 593 657 670 605 END
START -628 7756 15368 -1351 9675 -143 679 609 657 654 613 END
START -1544 8648 14320 -3210 -2251 83 673 611 656 655 613 END
START 2200 8112 13016 -2206 -873 14 679 596 657 655 611 END
START 1584 7840 13020 -2249 1747 -474 677 611 657 655 612 END
START -584 5576 8000 598 -1400 -1032 610 609 645 655 609 END
START -360 6028 9644 5522 10406 -1536 678 614 657 654 626 END
START 372 7192 12344 5632 -1796 -255 674 612 658 654 612 END
START 4772 8736 7092 484 3927 -148 650 613 685 655 620 END
START 116 8656 11584 -192 2469 -31 674 614 658 654 611 END
START -8304 6568 11456 -1168 1221 -811 673 613 649 671 614 END
START -396 7780 11180 -3225 3849 -561 660 612 659 655 591 END
START -2232 8136 9800 -2846 5817 -177 678 612 658 657 609 END
START -4496 8436 15092 -4949 2984 -207 677 597 657 655 579 END
START -3728 7104 17268 -5398 -1119 500 684 612 657 656 613 END
START 208 6516 15484 -5041 -3465 933 682 611 657 651 611 END
START 1576 6444 15236 -5181 -2211 1127 674 609 658 653 611 END
START 320 6836 15920 -4709 -1832 785 683 613 658 653 612 END
START 1084 6380 16080 -4788 -3402 480 675 612 657 654 611 END
START 3128 6292 12840 -3043 -4269 -5 677 609 657 657 618 END
START 5980 6776 11020 -3430 -4061 -177 679 612 657 654 611 END
START -1888 6912 16544 -3263 -1548 -381 650 615 657 655 611 END