START -10052 9924 20756 7637 7670 -254 669 627 651 645 609 END
START 2580 9800 12072 6147 4161 -495 671 609 649 648 609 END
START -9796 15292 21640 4490 18668 690 669 635 650 626 641 END
START -19112 6848 21856 1439 -3469 -620 663 608 650 648 601 END
START 8488 8220 3408 443 11046 -47 663 614 651 650 610 END
START -1488 8776 9124 -3341 9572 -721 691 608 649 651 606 END
START -4380 7624 15760 -6314 5401 -790 673 608 650 652 606 END
START -4780 7992 20752 -9102 2803 53 672 608 650 650 608 END
START -10240 8968 25732 -12977 -9932 1620 617 586 650 650 589 END
START -26368 16888 32767 -19607 -30778 1973 673 611 651 648 597 END
START 32248 384 -19624 -7560 -10204 1925 672 612 650 650 609 END
START -2400 3848 19828 4371 6120 -725 670 610 650 650 613 END
START 7120 7472 9724 2253 2959 -865 673 606 652 650 610 END
START -1668 5628 15992 2049 3927 -550 672 608 650 650 609 END
START -4004 6668 15348 2451 -1582 -29 726 610 659 650 629 END
START -700 6920 11876 1306 -3943 1114 672 609 650 656 609 END
START -3120 6128 12900 780 -6605 1840 672 608 646 648 609 END
START 1484 5996 9920 663 -3222 2550 650 606 649 655 608 END
START -1724 5304 13928 921 172 3440 678 605 650 646 604 END
START -5832 5296 18748 1629 -810 4728 673 605 646 647 578 END
START -3356 5480 17772 2723 -3204 6070 675 605 647 646 600 END
START -3140 6020 18072 4188 -4104 7029 671 604 649 645 602 END
START -840 6868 16100 5978 -3745 7730 691 602 650 645 603 END
START -1268 7552 15892 7311 -1389 8330 669 598 645 645 600 END
START -1744 7720 16996 9142 -668 8898 675 598 642 642 599 END
START -952 8364 17076 11177 -324 9353 673 599 643 642 610 END
START 1092 9352 13996 11972 -116 8836 669 598 640 641 597 END
START 3496 9888 10860 12610 7066 8321 668 598 640 639 597 END
START 1408 10732 12348 13651 11403 7909 668 593 651 639 610 END
START 2432 11600 10168 15510 14770 7539 666 596 639 629 594 END
START 1632 11644 9132 16286 17408 7055 667 587 638 636 595 END
START 1748 11644 8128 17474 19369 6623 664 626 637 664 594 END
START 2656 12188 6248 18216 22386 5887 665 593 637 632 595 END
START 4500 12168 4212 19935 25582 4886 666 581 633 632 581 END
START 4780 12984 1708 20605 30922 3635 661 551 635 626 538 END
START 2628 13696 876 20668 32767 2734 665 544 614 616 543 END
START 1152 13168 -376 19513 32767 2658 657 531 604 608 532 END
START -1016 13560 -1396 18761 32767 3085 636 523 594 604 530 END
START -2928 14252 -2880 16748 32767 3680 654 516 589 594 518 END
START -1472 13648 -3632 12258 30292 2518 648 509 582 588 509 END
START -1184 15756 520 8663 25994 855 639 499 574 587 502 END
START -1040 14056 -4 4895 21196 -1264 648 499 570 577 498 END
START -1192 13436 -384 2256 16026 -3687 656 496 567 580 494 END
START 1840 13288 -2292 -242 8643 -6336 642 492 575 572 492 END
START 11448 12832 -8500 -1705 4846 -10500 674 485 555 565 486 END
START 32767 14936 -19856 -5772 8787 -18962 675 476 538 550 476 END
START 32767 9548 -16800 -11586 30485 -32768 680 464 522 530 465 END
START 32767 -5992 8828 -21704 18849 -32768 686 457 538 514 517 END
START 716 -20068 872 -17983 21077 -32768 676 455 500 508 457 END
START -32768 -32768 -27364 -16364 32767 -32768 679 456 498 508 455 END
START -32768 -32768 22628 -18515 -19604 -32058 680 455 498 501 455 END
START -32768 -9260 -16260 2528 32767 -7681 681 454 502 502 455 END
START -32768 7232 20024 -9109 -10076 5504 683 444 502 495 503 END
START -19208 10888 5896 9121 -32768 9109 674 457 503 504 481 END
START 13828 14908 -11988 -1266 -32768 2968 685 456 505 506 460 END
START -1984 5584 -1708 3804 32767 -3538 685 459 507 507 459 END
START -31196 8052 18984 2849 29876 -1678 681 506 504 508 458 END
START -25444 5032 11316 1350 -24588 1035 681 466 507 510 459 END
START -5800 5956 -1860 -752 -21942 813 689 455 508 510 460 END
START -2956 5532 -4068 -1246 7529 -1153 687 476 507 518 462 END
START -17536 7516 5868 -133 15154 -1886 688 458 510 512 465 END
START -22320 6868 8848 90 -8234 -634 686 464 507 510 465 END
START -14748 6460 -332 100 -13029 -11 704 462 490 510 505 END
START -8404 6480 -4852 -608 -2109 -421 690 450 512 508 462 END
START -14204 6468 556 -744 6970 -833 688 464 509 511 466 END
START -20208 6412 2084 -621 2222 -39 722 444 509 509 481 END
START -18388 5824 2672 -631 -6038 1074 691 462 511 509 466 END
START -12884 5748 520 -1195 -7236 1454 686 466 512 513 467 END
START -7972 5372 240 -1166 -2005 579 682 442 437 513 463 END
START -11728 5472 2064 -564 5047 -302 687 469 512 513 465 END
START -16112 5644 6072 156 31 -271 688 465 515 509 468 END
START -14180 5832 2816 197 -5151 -50 689 467 505 513 468 END
START -10912 5884 676 -268 -3516 -384 685 468 514 516 467 END
START -10464 5712 -1124 -1032 3743 -987 704 462 541 466 468 END
START -15700 5920 1828 -853 5644 -1042 683 466 513 514 466 END
START -17884 6220 2164 -1114 975 -600 689 468 516 515 468 END
START -15968 6036 1340 -1316 -3094 -85 688 460 530 510 470 END
START -15124 6136 456 -1673 -2949 195 688 465 516 516 450 END
START -13564 5660 1304 -2115 -3208 316 689 480 516 516 471 END
START -12708 6208 1168 -2166 1264 -49 690 465 537 517 478 END
START -16620 5768 3784 -2246 418 -70 692 472 511 518 475 END
START -17932 5652 2972 -2026 -2799 468 688 474 517 516 472 END
START -18312 5304 4108 -1590 -6810 1086 689 473 519 522 473 END
START -17640 5580 4152 -999 -11991 1747 685 478 523 526 462 END
START -13940 5908 4652 -630 -15917 1823 687 481 527 535 482 END
START -12216 5828 2472 -494 -13899 1018 684 420 549 541 489 END
START -15952 6084 4788 -1399 -14440 1303 685 500 542 549 502 END
START -15816 5100 5392 -1172 -17585 1445 687 507 556 564 506 END
START -16076 5076 6476 -692 -20843 1801 687 441 574 574 523 END
START -17416 5968 6744 -594 -27375 2553 687 545 594 595 543 END
START -13260 6292 5108 -717 -32768 2692 686 568 614 612 567 END
START -8216 7084 2228 -805 -31315 2410 714 585 624 625 590 END
START -8904 7252 5656 -1832 -27294 2272 690 596 638 634 596 END
START -8848 6176 7740 -2263 -26527 2103 688 603 642 639 603 END
START -8828 5756 8184 -1501 -25810 1985 715 608 649 643 610 END
START -10656 6024 9584 -1039 -28096 2190 686 612 650 653 609 END
START -8748 6400 9400 -388 -31527 2203 683 614 654 651 615 END
START -5384 6640 9632 -492 -31179 1912 683 618 658 653 617 END
START -2176 6888 9840 -634 -27270 1642 680 619 657 655 606 END
START 36 6824 9936 -688 -20685 1064 682 619 658 656 620 END
START -1428 6600 10176 -801 -13962 635 717 620 657 655 620 END
START -3080 6980 11160 -1049 -11746 305 682 623 659 646 620 END
START -5384 7576 12128 -672 -12194 391 680 621 659 656 623 END
START -6008 8028 13972 -564 -17984 513 681 621 660 657 623 END
START -1168 7596 12288 14 -19911 375 680 621 660 659 622 END
START 2256 7584 11104 208 -16138 -30 681 621 659 657 621 END
START 4696 7560 10620 210 -8425 -562 652 626 655 657 630 END
START 2328 7816 11380 233 -888 -924 682 621 660 657 620 END
START -944 7620 13100 -313 1857 -913 682 620 660 658 622 END
START -2920 7364 14676 -251 544 -601 683 620 661 659 621 END
START -2576 7328 14632 17 -2481 -23 681 620 660 658 625 END
START -312 7688 13036 76 -2529 493 705 655 660 660 621 END
START 2048 8068 11368 -179 869 721 679 619 659 652 619 END
START 1144 8164 11692 -687 5391 681 681 619 660 660 620 END
START -1348 7788 12964 -845 7130 654 682 621 661 659 622 END
START -4448 7792 14004 -879 4342 829 680 623 659 659 619 END
START -3760 7548 13516 -585 -120 1018 723 620 649 659 621 END
START -2232 7800 12448 -454 -2389 1002 682 620 660 659 618 END
START -260 8004 11412 -730 -1894 680 682 620 660 660 620 END
START 188 7760 11624 -925 547 287 738 620 673 659 616 END
START -588 7600 12064 -1075 2772 -35 682 620 660 659 620 END
START -1284 3680 5824 977 5285 -828 673 597 660 646 614 END
START -7052 8220 18732 2080 9807 8 681 619 660 666 619 END
START -6552 7640 12540 2621 6200 69 682 621 661 659 622 END
START -4844 8400 13008 1626 -1835 -74 683 618 660 660 620 END
START -1624 8108 11224 -168 -704 -308 681 616 659 659 621 END
START 1388 6732 7480 1210 3161 -394 656 622 671 659 621 END
START -9584 7076 19508 3761 8801 15 683 619 659 659 621 END
START -4524 6144 3540 2540 -279 -366 681 620 660 659 618 END
START -4228 7960 9616 2474 2759 -258 681 590 666 659 622 END
START -9428 7788 15572 1322 -6807 459 683 620 660 659 620 END
START 1528 7004 10668 1681 -1855 947 673 619 683 659 620 END
START -732 7444 11948 422 1118 133 684 619 660 659 620 END
START -1480 7372 12236 -805 1738 -629 680 620 659 659 620 END
START -4484 7876 14752 -1996 -199 -719 688 619 646 679 619 END
START -4372 7672 15872 -2461 -3160 -165 680 619 661 659 619 END
START -4392 8340 17320 -3005 -5892 334 681 617 660 658 619 END
START -704 8620 13436 -5248 -5890 251 681 673 660 657 642 END
START -7924 8192 17280 -5923 -3872 -168 681 619 661 659 618 END
START 288 6980 10552 -5187 4133 -76 682 618 656 659 619 END